"","stock","species","broodyear","recruits","spawners","r1","r2","r3","r4","r5","r6","r7","r8","r0.1","r0.2","r0.3","r0.4","r0.5","r1.1","r1.2","r1.3","r1.4","r1.5","r2.1","r2.2","r2.3","r2.4","r2.5","r3.1","r3.2","r3.3","r3.4","r4.1","r4.2","r4.3","r4.4","logRS","stock.id"
"1","Ayakulik-Chinook","Chinook",1977,16470,4958,NA,NA,407,5063,1698,8647,655,NA,NA,NA,NA,NA,NA,NA,NA,NA,NA,NA,NA,NA,NA,NA,NA,NA,NA,NA,NA,NA,NA,NA,NA,1.20053811057655,242
"2","Ayakulik-Chinook","Chinook",1978,10526,4551,NA,NA,1173,833,4314,3480,726,NA,NA,NA,NA,NA,NA,NA,NA,NA,NA,NA,NA,NA,NA,NA,NA,NA,NA,NA,NA,NA,NA,NA,NA,0.838501397897082,242
"3","Ayakulik-Chinook","Chinook",1979,10499,4641,NA,NA,282,2539,2434,4752,492,NA,NA,NA,NA,NA,NA,NA,NA,NA,NA,NA,NA,NA,NA,NA,NA,NA,NA,NA,NA,NA,NA,NA,NA,0.816350154273765,242
"4","Ayakulik-Chinook","Chinook",1980,4767,935,NA,NA,367,745,1562,1799,294,NA,NA,NA,NA,NA,NA,NA,NA,NA,NA,NA,NA,NA,NA,NA,NA,NA,NA,NA,NA,NA,NA,NA,NA,1.62892592591614,242
"5","Ayakulik-Chinook","Chinook",1981,14769,7699,NA,NA,644,3137,3258,6547,1183,NA,NA,NA,NA,NA,NA,NA,NA,NA,NA,NA,NA,NA,NA,NA,NA,NA,NA,NA,NA,NA,NA,NA,NA,0.651439939148261,242
"6","Ayakulik-Chinook","Chinook",1982,15274,3230,NA,NA,999,1810,4327,7462,676,NA,NA,NA,NA,NA,NA,NA,NA,NA,NA,NA,NA,NA,NA,NA,NA,NA,NA,NA,NA,NA,NA,NA,NA,1.55366989923163,242
"7","Ayakulik-Chinook","Chinook",1983,22503,15366,NA,NA,848,4084,9142,7189,1240,NA,NA,NA,NA,NA,NA,NA,NA,NA,NA,NA,NA,NA,NA,NA,NA,NA,NA,NA,NA,NA,NA,NA,NA,0.381491357210166,242
"8","Ayakulik-Chinook","Chinook",1984,17032,6065,NA,NA,1096,4009,4165,6676,1086,NA,NA,NA,NA,NA,NA,NA,NA,NA,NA,NA,NA,NA,NA,NA,NA,NA,NA,NA,NA,NA,NA,NA,NA,1.03255938519516,242
"9","Ayakulik-Chinook","Chinook",1985,19011,8075,NA,NA,1595,2694,5288,8351,1083,NA,NA,NA,NA,NA,NA,NA,NA,NA,NA,NA,NA,NA,NA,NA,NA,NA,NA,NA,NA,NA,NA,NA,NA,0.856244889900769,242
"10","Ayakulik-Chinook","Chinook",1986,16738,6295,NA,NA,801,2705,5175,6430,1627,NA,NA,NA,NA,NA,NA,NA,NA,NA,NA,NA,NA,NA,NA,NA,NA,NA,NA,NA,NA,NA,NA,NA,NA,0.977925916114372,242
"11","Ayakulik-Chinook","Chinook",1987,10899,15510,NA,NA,712,2285,3577,4115,210,NA,NA,NA,NA,NA,NA,NA,NA,NA,NA,NA,NA,NA,NA,NA,NA,NA,NA,NA,NA,NA,NA,NA,NA,-0.352813935281273,242
"12","Ayakulik-Chinook","Chinook",1988,10821,20770,NA,NA,752,2008,1893,4697,1471,NA,NA,NA,NA,NA,NA,NA,NA,NA,NA,NA,NA,NA,NA,NA,NA,NA,NA,NA,NA,NA,NA,NA,NA,-0.652020947298509,242
"13","Ayakulik-Chinook","Chinook",1989,18484,15042,NA,NA,977,2823,2346,11744,594,NA,NA,NA,NA,NA,NA,NA,NA,NA,NA,NA,NA,NA,NA,NA,NA,NA,NA,NA,NA,NA,NA,NA,NA,0.206059204603809,242
"14","Ayakulik-Chinook","Chinook",1990,10726,10999,NA,NA,97,1016,2813,5964,836,NA,NA,NA,NA,NA,NA,NA,NA,NA,NA,NA,NA,NA,NA,NA,NA,NA,NA,NA,NA,NA,NA,NA,NA,-0.0251336590142461,242
"15","Ayakulik-Chinook","Chinook",1991,16314,12425,NA,NA,987,2804,3465,8500,558,NA,NA,NA,NA,NA,NA,NA,NA,NA,NA,NA,NA,NA,NA,NA,NA,NA,NA,NA,NA,NA,NA,NA,NA,0.272313062895696,242
"16","Ayakulik-Chinook","Chinook",1992,17620,8359,NA,NA,996,3465,3104,9788,267,NA,NA,NA,NA,NA,NA,NA,NA,NA,NA,NA,NA,NA,NA,NA,NA,NA,NA,NA,NA,NA,NA,NA,NA,0.745695817791014,242
"17","Ayakulik-Chinook","Chinook",1993,9635,6815,NA,NA,573,1578,2551,4754,179,NA,NA,NA,NA,NA,NA,NA,NA,NA,NA,NA,NA,NA,NA,NA,NA,NA,NA,NA,NA,NA,NA,NA,NA,0.346276236717834,242
"18","Ayakulik-Chinook","Chinook",1994,23550,8190,NA,NA,1150,2771,8324,10716,589,NA,NA,NA,NA,NA,NA,NA,NA,NA,NA,NA,NA,NA,NA,NA,NA,NA,NA,NA,NA,NA,NA,NA,NA,1.05621192259745,242
"19","Ayakulik-Chinook","Chinook",1995,30626,17501,NA,NA,1603,3289,12010,12981,743,NA,NA,NA,NA,NA,NA,NA,NA,NA,NA,NA,NA,NA,NA,NA,NA,NA,NA,NA,NA,NA,NA,NA,NA,0.559591299238996,242
"20","Ayakulik-Chinook","Chinook",1996,8816,9925,NA,NA,464,888,3711,3626,127,NA,NA,NA,NA,NA,NA,NA,NA,NA,NA,NA,NA,NA,NA,NA,NA,NA,NA,NA,NA,NA,NA,NA,NA,-0.118488574162695,242
"21","Ayakulik-Chinook","Chinook",1997,10506,13167,NA,NA,178,1664,4188,3766,710,NA,NA,NA,NA,NA,NA,NA,NA,NA,NA,NA,NA,NA,NA,NA,NA,NA,NA,NA,NA,NA,NA,NA,NA,-0.225767176842437,242
"22","Ayakulik-Chinook","Chinook",1998,31883,13779,NA,NA,1698,3452,10207,16276,250,NA,NA,NA,NA,NA,NA,NA,NA,NA,NA,NA,NA,NA,NA,NA,NA,NA,NA,NA,NA,NA,NA,NA,NA,0.838927258368671,242
"23","Ayakulik-Chinook","Chinook",1999,14125,12894,NA,NA,714,3417,6568,3239,187,NA,NA,NA,NA,NA,NA,NA,NA,NA,NA,NA,NA,NA,NA,NA,NA,NA,NA,NA,NA,NA,NA,NA,NA,0.0911841901440762,242
"24","Ayakulik-Chinook","Chinook",2000,6729,19724,NA,NA,122,732,3471,1077,1327,NA,NA,NA,NA,NA,NA,NA,NA,NA,NA,NA,NA,NA,NA,NA,NA,NA,NA,NA,NA,NA,NA,NA,NA,-1.0754096241557,242
"25","Ayakulik-Chinook","Chinook",2001,6699,13361,NA,NA,356,1046,1457,3314,526,NA,NA,NA,NA,NA,NA,NA,NA,NA,NA,NA,NA,NA,NA,NA,NA,NA,NA,NA,NA,NA,NA,NA,NA,-0.690381754080627,242
"26","Ayakulik-Chinook","Chinook",2002,3467,12190,NA,NA,336,416,1335,1229,151,NA,NA,NA,NA,NA,NA,NA,NA,NA,NA,NA,NA,NA,NA,NA,NA,NA,NA,NA,NA,NA,NA,NA,NA,-1.25732627679029,242
"27","Ayakulik-Chinook","Chinook",2003,2461,17106,NA,NA,98,380,829,804,350,NA,NA,NA,NA,NA,NA,NA,NA,NA,NA,NA,NA,NA,NA,NA,NA,NA,NA,NA,NA,NA,NA,NA,NA,-1.93886150774967,242
"28","Ayakulik-Chinook","Chinook",2004,3032,24425,NA,NA,110,397,768,1585,172,NA,NA,NA,NA,NA,NA,NA,NA,NA,NA,NA,NA,NA,NA,NA,NA,NA,NA,NA,NA,NA,NA,NA,NA,-2.08638473014872,242
"29","Ayakulik-Chinook","Chinook",2005,4314,8175,NA,NA,113,691,1525,1900,85,NA,NA,NA,NA,NA,NA,NA,NA,NA,NA,NA,NA,NA,NA,NA,NA,NA,NA,NA,NA,NA,NA,NA,NA,-0.639215168816352,242
"30","Ayakulik-Chinook","Chinook",2006,6401,2937,NA,NA,217,1637,1473,2905,169,NA,NA,NA,NA,NA,NA,NA,NA,NA,NA,NA,NA,NA,NA,NA,NA,NA,NA,NA,NA,NA,NA,NA,NA,0.779065575943383,242
"31","Ayakulik-Chinook","Chinook",2007,3997,6232,NA,NA,134,730,1172,1880,81,NA,NA,NA,NA,NA,NA,NA,NA,NA,NA,NA,NA,NA,NA,NA,NA,NA,NA,NA,NA,NA,NA,NA,NA,-0.444153228839261,242
"32","Ayakulik-Chinook","Chinook",2008,1970,3071,NA,NA,120,633,649,428,140,NA,NA,NA,NA,NA,NA,NA,NA,NA,NA,NA,NA,NA,NA,NA,NA,NA,NA,NA,NA,NA,NA,NA,NA,-0.443969698708788,242
"33","Ayakulik-Chinook","Chinook",2009,2141,2615,NA,NA,48,178,228,617,1070,NA,NA,NA,NA,NA,NA,NA,NA,NA,NA,NA,NA,NA,NA,NA,NA,NA,NA,NA,NA,NA,NA,NA,NA,-0.199991087909341,242
"34","Karluk-Chinook","Chinook",1976,7143,6436,NA,NA,418,625,2297,3082,721,NA,NA,NA,NA,NA,NA,NA,NA,NA,NA,NA,NA,NA,NA,NA,NA,NA,NA,NA,NA,NA,NA,NA,NA,0.104225627042699,243
"35","Karluk-Chinook","Chinook",1977,10769,7973,NA,NA,275,1169,2639,5946,740,NA,NA,NA,NA,NA,NA,NA,NA,NA,NA,NA,NA,NA,NA,NA,NA,NA,NA,NA,NA,NA,NA,NA,NA,0.300610802826385,243
"36","Karluk-Chinook","Chinook",1978,9778,9334,NA,NA,409,1018,3685,4115,551,NA,NA,NA,NA,NA,NA,NA,NA,NA,NA,NA,NA,NA,NA,NA,NA,NA,NA,NA,NA,NA,NA,NA,NA,0.0464713166288299,243
"37","Karluk-Chinook","Chinook",1979,6356,9094,NA,NA,286,1011,2040,2610,409,NA,NA,NA,NA,NA,NA,NA,NA,NA,NA,NA,NA,NA,NA,NA,NA,NA,NA,NA,NA,NA,NA,NA,NA,-0.358215606728349,243
"38","Karluk-Chinook","Chinook",1980,4127,4349,NA,NA,237,563,1236,1746,345,NA,NA,NA,NA,NA,NA,NA,NA,NA,NA,NA,NA,NA,NA,NA,NA,NA,NA,NA,NA,NA,NA,NA,NA,-0.0523951828450566,243
"39","Karluk-Chinook","Chinook",1981,6146,7114,NA,NA,306,668,1615,2999,558,NA,NA,NA,NA,NA,NA,NA,NA,NA,NA,NA,NA,NA,NA,NA,NA,NA,NA,NA,NA,NA,NA,NA,NA,-0.146263209817971,243
"40","Karluk-Chinook","Chinook",1982,9612,6693,NA,NA,335,837,2782,5037,621,NA,NA,NA,NA,NA,NA,NA,NA,NA,NA,NA,NA,NA,NA,NA,NA,NA,NA,NA,NA,NA,NA,NA,NA,0.361950113755717,243
"41","Karluk-Chinook","Chinook",1983,12118,11442,NA,NA,384,1471,4578,4662,1023,NA,NA,NA,NA,NA,NA,NA,NA,NA,NA,NA,NA,NA,NA,NA,NA,NA,NA,NA,NA,NA,NA,NA,NA,0.0574011546764603,243
"42","Karluk-Chinook","Chinook",1984,14756,7572,NA,NA,646,2270,3590,7025,1225,NA,NA,NA,NA,NA,NA,NA,NA,NA,NA,NA,NA,NA,NA,NA,NA,NA,NA,NA,NA,NA,NA,NA,NA,0.667192546387353,243
"43","Karluk-Chinook","Chinook",1985,12722,4890,NA,NA,732,1278,4046,5966,700,NA,NA,NA,NA,NA,NA,NA,NA,NA,NA,NA,NA,NA,NA,NA,NA,NA,NA,NA,NA,NA,NA,NA,NA,0.956140474769832,243
"44","Karluk-Chinook","Chinook",1986,8984,4307,NA,NA,415,1353,3419,3673,124,NA,NA,NA,NA,NA,NA,NA,NA,NA,NA,NA,NA,NA,NA,NA,NA,NA,NA,NA,NA,NA,NA,NA,NA,0.735203611364169,243
"45","Karluk-Chinook","Chinook",1987,18306,7731,NA,NA,945,2364,3622,10288,1087,NA,NA,NA,NA,NA,NA,NA,NA,NA,NA,NA,NA,NA,NA,NA,NA,NA,NA,NA,NA,NA,NA,NA,NA,0.86199065462425,243
"46","Karluk-Chinook","Chinook",1988,19443,12518,NA,NA,977,1519,5205,10254,1488,NA,NA,NA,NA,NA,NA,NA,NA,NA,NA,NA,NA,NA,NA,NA,NA,NA,NA,NA,NA,NA,NA,NA,NA,0.440319499611179,243
"47","Karluk-Chinook","Chinook",1989,14799,9925,NA,NA,481,1376,3487,8521,934,NA,NA,NA,NA,NA,NA,NA,NA,NA,NA,NA,NA,NA,NA,NA,NA,NA,NA,NA,NA,NA,NA,NA,NA,0.399502784346457,243
"48","Karluk-Chinook","Chinook",1990,10577,13742,NA,NA,97,1643,2147,5811,879,NA,NA,NA,NA,NA,NA,NA,NA,NA,NA,NA,NA,NA,NA,NA,NA,NA,NA,NA,NA,NA,NA,NA,NA,-0.261775004262968,243
"49","Karluk-Chinook","Chinook",1991,12433,12423,NA,NA,661,1847,2899,6865,161,NA,NA,NA,NA,NA,NA,NA,NA,NA,NA,NA,NA,NA,NA,NA,NA,NA,NA,NA,NA,NA,NA,NA,NA,0.000804634739260686,243
"50","Karluk-Chinook","Chinook",1992,16374,8745,NA,NA,454,1915,5248,7907,850,NA,NA,NA,NA,NA,NA,NA,NA,NA,NA,NA,NA,NA,NA,NA,NA,NA,NA,NA,NA,NA,NA,NA,NA,0.627212602483691,243
"51","Karluk-Chinook","Chinook",1993,9169,12310,NA,NA,176,1259,1686,5898,150,NA,NA,NA,NA,NA,NA,NA,NA,NA,NA,NA,NA,NA,NA,NA,NA,NA,NA,NA,NA,NA,NA,NA,NA,-0.294583711128598,243
"52","Karluk-Chinook","Chinook",1994,15352,10566,NA,NA,589,1437,5846,6777,703,NA,NA,NA,NA,NA,NA,NA,NA,NA,NA,NA,NA,NA,NA,NA,NA,NA,NA,NA,NA,NA,NA,NA,NA,0.373604459963275,243
"53","Karluk-Chinook","Chinook",1995,9934,11373,NA,NA,203,1270,3531,4554,376,NA,NA,NA,NA,NA,NA,NA,NA,NA,NA,NA,NA,NA,NA,NA,NA,NA,NA,NA,NA,NA,NA,NA,NA,-0.135278908517149,243
"54","Karluk-Chinook","Chinook",1996,5584,8356,NA,NA,166,472,1543,3248,155,NA,NA,NA,NA,NA,NA,NA,NA,NA,NA,NA,NA,NA,NA,NA,NA,NA,NA,NA,NA,NA,NA,NA,NA,-0.403074478234248,243
"55","Karluk-Chinook","Chinook",1997,5827,11869,NA,NA,245,173,2848,2012,549,NA,NA,NA,NA,NA,NA,NA,NA,NA,NA,NA,NA,NA,NA,NA,NA,NA,NA,NA,NA,NA,NA,NA,NA,-0.711427670913431,243
"56","Karluk-Chinook","Chinook",1998,13249,9066,NA,NA,151,2242,5013,5603,240,NA,NA,NA,NA,NA,NA,NA,NA,NA,NA,NA,NA,NA,NA,NA,NA,NA,NA,NA,NA,NA,NA,NA,NA,0.379390925367329,243
"57","Karluk-Chinook","Chinook",1999,8806,11297,NA,NA,289,1583,3422,2377,1135,NA,NA,NA,NA,NA,NA,NA,NA,NA,NA,NA,NA,NA,NA,NA,NA,NA,NA,NA,NA,NA,NA,NA,NA,-0.24910389641123,243
"58","Karluk-Chinook","Chinook",2000,6095,7879,NA,NA,121,459,2111,2905,499,NA,NA,NA,NA,NA,NA,NA,NA,NA,NA,NA,NA,NA,NA,NA,NA,NA,NA,NA,NA,NA,NA,NA,NA,-0.256732229330316,243
"59","Karluk-Chinook","Chinook",2001,2850,3149,NA,NA,133,521,912,1179,105,NA,NA,NA,NA,NA,NA,NA,NA,NA,NA,NA,NA,NA,NA,NA,NA,NA,NA,NA,NA,NA,NA,NA,NA,-0.0997659478383285,243
"60","Karluk-Chinook","Chinook",2002,1396,6574,NA,NA,162,225,368,533,108,NA,NA,NA,NA,NA,NA,NA,NA,NA,NA,NA,NA,NA,NA,NA,NA,NA,NA,NA,NA,NA,NA,NA,NA,-1.54951147090185,243
"61","Karluk-Chinook","Chinook",2003,1099,6965,NA,NA,88,107,160,410,334,NA,NA,NA,NA,NA,NA,NA,NA,NA,NA,NA,NA,NA,NA,NA,NA,NA,NA,NA,NA,NA,NA,NA,NA,-1.84649693181028,243
"62","Karluk-Chinook","Chinook",2004,2327,6805,NA,NA,70,52,497,1332,376,NA,NA,NA,NA,NA,NA,NA,NA,NA,NA,NA,NA,NA,NA,NA,NA,NA,NA,NA,NA,NA,NA,NA,NA,-1.07307775178327,243
"63","Karluk-Chinook","Chinook",2005,2542,4611,NA,NA,20,256,862,1249,155,NA,NA,NA,NA,NA,NA,NA,NA,NA,NA,NA,NA,NA,NA,NA,NA,NA,NA,NA,NA,NA,NA,NA,NA,-0.595493580457306,243
"64","Karluk-Chinook","Chinook",2006,4310,3351,NA,NA,53,325,1449,1865,618,NA,NA,NA,NA,NA,NA,NA,NA,NA,NA,NA,NA,NA,NA,NA,NA,NA,NA,NA,NA,NA,NA,NA,NA,0.251679095360483,243
"65","Karluk-Chinook","Chinook",2007,2153,1609,NA,NA,34,260,1072,655,132,NA,NA,NA,NA,NA,NA,NA,NA,NA,NA,NA,NA,NA,NA,NA,NA,NA,NA,NA,NA,NA,NA,NA,NA,0.29124935037198,243
"66","Karluk-Chinook","Chinook",2008,1780,752,NA,NA,65,209,792,599,115,NA,NA,NA,NA,NA,NA,NA,NA,NA,NA,NA,NA,NA,NA,NA,NA,NA,NA,NA,NA,NA,NA,NA,NA,0.861632319336291,243
"67","Karluk-Chinook","Chinook",2009,4340,1306,NA,NA,50,496,548,1076,2170,NA,NA,NA,NA,NA,NA,NA,NA,NA,NA,NA,NA,NA,NA,NA,NA,NA,NA,NA,NA,NA,NA,NA,NA,1.20090531725807,243
"68","Chignik-Chinook","Chinook",1980,5955.2,669,NA,NA,129,1430,1692,2695,9.2,NA,NA,NA,NA,NA,NA,NA,NA,NA,NA,NA,NA,NA,NA,NA,NA,NA,NA,NA,NA,NA,NA,NA,NA,2.1862360063197,244
"69","Chignik-Chinook","Chinook",1981,5087.9,1396,NA,NA,217,765,2120,1982,3.9,NA,NA,NA,NA,NA,NA,NA,NA,NA,NA,NA,NA,NA,NA,NA,NA,NA,NA,NA,NA,NA,NA,NA,NA,1.29325416741645,244
"70","Chignik-Chinook","Chinook",1982,6634.2,2205,NA,NA,116,958,1559,3998,3.2,NA,NA,NA,NA,NA,NA,NA,NA,NA,NA,NA,NA,NA,NA,NA,NA,NA,NA,NA,NA,NA,NA,NA,NA,1.10151057889546,244
"71","Chignik-Chinook","Chinook",1983,6981.2,1736,NA,NA,145,704,3145,2983,4.2,NA,NA,NA,NA,NA,NA,NA,NA,NA,NA,NA,NA,NA,NA,NA,NA,NA,NA,NA,NA,NA,NA,NA,NA,1.39163720553039,244
"72","Chignik-Chinook","Chinook",1984,7430.4,5341,NA,NA,107,1421,2347,3554,1.4,NA,NA,NA,NA,NA,NA,NA,NA,NA,NA,NA,NA,NA,NA,NA,NA,NA,NA,NA,NA,NA,NA,NA,NA,0.330166791723747,244
"73","Chignik-Chinook","Chinook",1985,6930.5,2937,NA,NA,215,1060,2796,2857,2.5,NA,NA,NA,NA,NA,NA,NA,NA,NA,NA,NA,NA,NA,NA,NA,NA,NA,NA,NA,NA,NA,NA,NA,NA,0.858543308454788,244
"74","Chignik-Chinook","Chinook",1986,6729.1,3405,NA,NA,161,1263,2247,3056,2.1,NA,NA,NA,NA,NA,NA,NA,NA,NA,NA,NA,NA,NA,NA,NA,NA,NA,NA,NA,NA,NA,NA,NA,NA,0.681196465543471,244
"75","Chignik-Chinook","Chinook",1987,7483.2,2417,NA,NA,191,1015,2405,3869,3.2,NA,NA,NA,NA,NA,NA,NA,NA,NA,NA,NA,NA,NA,NA,NA,NA,NA,NA,NA,NA,NA,NA,NA,NA,1.13013340626814,244
"76","Chignik-Chinook","Chinook",1988,5195.2,4635,NA,NA,154,1086,2054,1900,1.2,NA,NA,NA,NA,NA,NA,NA,NA,NA,NA,NA,NA,NA,NA,NA,NA,NA,NA,NA,NA,NA,NA,NA,NA,0.114098923348626,244
"77","Chignik-Chinook","Chinook",1989,8326.9,3135,NA,NA,165,1007,2475,4677,2.9,NA,NA,NA,NA,NA,NA,NA,NA,NA,NA,NA,NA,NA,NA,NA,NA,NA,NA,NA,NA,NA,NA,NA,NA,0.976862063969752,244
"78","Chignik-Chinook","Chinook",1990,4208,4157,NA,NA,89,322,1070,2726,1,NA,NA,NA,NA,NA,NA,NA,NA,NA,NA,NA,NA,NA,NA,NA,NA,NA,NA,NA,NA,NA,NA,NA,NA,0.0121938151649084,244
"79","Chignik-Chinook","Chinook",1991,4497,4338,NA,NA,144,890,1266,2196,1,NA,NA,NA,NA,NA,NA,NA,NA,NA,NA,NA,NA,NA,NA,NA,NA,NA,NA,NA,NA,NA,NA,NA,NA,0.0359970953838878,244
"80","Chignik-Chinook","Chinook",1992,3862.1,3599,NA,NA,178,438,1797,1448,1.1,NA,NA,NA,NA,NA,NA,NA,NA,NA,NA,NA,NA,NA,NA,NA,NA,NA,NA,NA,NA,NA,NA,NA,NA,0.0705550478937264,244
"81","Chignik-Chinook","Chinook",1993,5116.1,1739,NA,NA,0,1098,2224,1791,3.1,NA,NA,NA,NA,NA,NA,NA,NA,NA,NA,NA,NA,NA,NA,NA,NA,NA,NA,NA,NA,NA,NA,NA,NA,1.07908219467414,244
"82","Chignik-Chinook","Chinook",1994,4986.8,2809,NA,NA,50,955,2040,1940,1.8,NA,NA,NA,NA,NA,NA,NA,NA,NA,NA,NA,NA,NA,NA,NA,NA,NA,NA,NA,NA,NA,NA,NA,NA,0.573965873366576,244
"83","Chignik-Chinook","Chinook",1995,5570.4,4081,NA,NA,239,1822,2083,1425,1.4,NA,NA,NA,NA,NA,NA,NA,NA,NA,NA,NA,NA,NA,NA,NA,NA,NA,NA,NA,NA,NA,NA,NA,NA,0.311124808222531,244
"84","Chignik-Chinook","Chinook",1996,3156.2,3278,NA,NA,206,575,1033,1341,1.2,NA,NA,NA,NA,NA,NA,NA,NA,NA,NA,NA,NA,NA,NA,NA,NA,NA,NA,NA,NA,NA,NA,NA,NA,-0.0378647079897428,244
"85","Chignik-Chinook","Chinook",1997,1977.7,3617,NA,NA,144,784,192,856,1.7,NA,NA,NA,NA,NA,NA,NA,NA,NA,NA,NA,NA,NA,NA,NA,NA,NA,NA,NA,NA,NA,NA,NA,NA,-0.603710399624119,244
"86","Chignik-Chinook","Chinook",1998,9365.3,2868,NA,NA,891,1532,4965,1974,3.3,NA,NA,NA,NA,NA,NA,NA,NA,NA,NA,NA,NA,NA,NA,NA,NA,NA,NA,NA,NA,NA,NA,NA,NA,1.18339644681538,244
"87","Chignik-Chinook","Chinook",1999,10764.1,3521,NA,NA,958,2055,5133,2615,3.1,NA,NA,NA,NA,NA,NA,NA,NA,NA,NA,NA,NA,NA,NA,NA,NA,NA,NA,NA,NA,NA,NA,NA,NA,1.11747148287527,244
"88","Chignik-Chinook","Chinook",2000,12008,4078,NA,NA,1199,2764,6101,1941,3,NA,NA,NA,NA,NA,NA,NA,NA,NA,NA,NA,NA,NA,NA,NA,NA,NA,NA,NA,NA,NA,NA,NA,NA,1.0799664221789,244
"89","Chignik-Chinook","Chinook",2001,3837.4,2785,NA,NA,395,291,2227,923,1.4,NA,NA,NA,NA,NA,NA,NA,NA,NA,NA,NA,NA,NA,NA,NA,NA,NA,NA,NA,NA,NA,NA,NA,NA,0.320547180562614,244
"90","Chignik-Chinook","Chinook",2002,2749,2821,NA,NA,0,1020,1058,670,1,NA,NA,NA,NA,NA,NA,NA,NA,NA,NA,NA,NA,NA,NA,NA,NA,NA,NA,NA,NA,NA,NA,NA,NA,-0.0258542228367506,244
"91","Chignik-Chinook","Chinook",2003,2376.4,6205,NA,NA,367,485,769,755,0.4,NA,NA,NA,NA,NA,NA,NA,NA,NA,NA,NA,NA,NA,NA,NA,NA,NA,NA,NA,NA,NA,NA,NA,NA,-0.959768681157121,244
"92","Chignik-Chinook","Chinook",2004,3162.4,7633,NA,NA,174,352,866,1770,0.4,NA,NA,NA,NA,NA,NA,NA,NA,NA,NA,NA,NA,NA,NA,NA,NA,NA,NA,NA,NA,NA,NA,NA,NA,-0.881149719815995,244
"93","Chignik-Chinook","Chinook",2005,3953.7,6037,NA,NA,127,397,2030,1399,0.7,NA,NA,NA,NA,NA,NA,NA,NA,NA,NA,NA,NA,NA,NA,NA,NA,NA,NA,NA,NA,NA,NA,NA,NA,-0.423255350478473,244
"94","Chignik-Chinook","Chinook",2006,3285,3175,NA,NA,143,930,1605,606,1,NA,NA,NA,NA,NA,NA,NA,NA,NA,NA,NA,NA,NA,NA,NA,NA,NA,NA,NA,NA,NA,NA,NA,NA,0.0340590195919189,244
"95","Chignik-Chinook","Chinook",2007,2085.3,1675,NA,NA,334,735,695,320,1.3,NA,NA,NA,NA,NA,NA,NA,NA,NA,NA,NA,NA,NA,NA,NA,NA,NA,NA,NA,NA,NA,NA,NA,NA,0.219099564515383,244
"96","Chignik-Chinook","Chinook",2008,2119,1620,NA,NA,264,318,931,606,NA,NA,NA,NA,NA,NA,NA,NA,NA,NA,NA,NA,NA,NA,NA,NA,NA,NA,NA,NA,NA,NA,NA,NA,NA,0.268518130041869,244
"97","Nelson-Chinook","Chinook",1981,8636,5046,NA,NA,39,893,1380,5439,885,0,NA,NA,NA,NA,NA,NA,NA,NA,NA,NA,NA,NA,NA,NA,NA,NA,NA,NA,NA,NA,NA,NA,NA,0.537343662433695,245
"98","Nelson-Chinook","Chinook",1982,7665,6503,NA,NA,0,1823,1242,4065,535,0,NA,NA,NA,NA,NA,NA,NA,NA,NA,NA,NA,NA,NA,NA,NA,NA,NA,NA,NA,NA,NA,NA,NA,0.164400903436763,245
"99","Nelson-Chinook","Chinook",1983,5730,12561,NA,NA,20,1406,830,2987,487,0,NA,NA,NA,NA,NA,NA,NA,NA,NA,NA,NA,NA,NA,NA,NA,NA,NA,NA,NA,NA,NA,NA,NA,-0.784881244978468,245
"100","Nelson-Chinook","Chinook",1984,6668,5412,NA,NA,31,1410,1002,3098,1127,0,NA,NA,NA,NA,NA,NA,NA,NA,NA,NA,NA,NA,NA,NA,NA,NA,NA,NA,NA,NA,NA,NA,NA,0.208701254580006,245
"101","Nelson-Chinook","Chinook",1985,4956,4500,NA,NA,13,1389,749,2547,258,0,NA,NA,NA,NA,NA,NA,NA,NA,NA,NA,NA,NA,NA,NA,NA,NA,NA,NA,NA,NA,NA,NA,NA,0.0965215669906219,245
"102","Nelson-Chinook","Chinook",1986,4607,4757,NA,NA,0,380,2326,1589,312,0,NA,NA,NA,NA,NA,NA,NA,NA,NA,NA,NA,NA,NA,NA,NA,NA,NA,NA,NA,NA,NA,NA,NA,-0.0320403314963645,245
"103","Nelson-Chinook","Chinook",1987,11131,3854,NA,NA,10,1608,1589,7109,815,0,NA,NA,NA,NA,NA,NA,NA,NA,NA,NA,NA,NA,NA,NA,NA,NA,NA,NA,NA,NA,NA,NA,NA,1.06062243851891,245
"104","Nelson-Chinook","Chinook",1988,7643,1873,NA,NA,111,1006,1560,4571,384,11,NA,NA,NA,NA,NA,NA,NA,NA,NA,NA,NA,NA,NA,NA,NA,NA,NA,NA,NA,NA,NA,NA,NA,1.4062487727988,245
"105","Nelson-Chinook","Chinook",1989,6028,2500,NA,NA,19,434,1063,3319,1193,0,NA,NA,NA,NA,NA,NA,NA,NA,NA,NA,NA,NA,NA,NA,NA,NA,NA,NA,NA,NA,NA,NA,NA,0.880124548890094,245
"106","Nelson-Chinook","Chinook",1990,4448,1800,NA,NA,0,1194,394,2398,462,0,NA,NA,NA,NA,NA,NA,NA,NA,NA,NA,NA,NA,NA,NA,NA,NA,NA,NA,NA,NA,NA,NA,NA,0.904667892046162,245
"107","Nelson-Chinook","Chinook",1991,9451,4981,NA,NA,102,1406,1655,6000,288,0,NA,NA,NA,NA,NA,NA,NA,NA,NA,NA,NA,NA,NA,NA,NA,NA,NA,NA,NA,NA,NA,NA,NA,0.640489881921773,245
"108","Nelson-Chinook","Chinook",1992,4852,2320,NA,NA,0,889,1509,2116,313,25,NA,NA,NA,NA,NA,NA,NA,NA,NA,NA,NA,NA,NA,NA,NA,NA,NA,NA,NA,NA,NA,NA,NA,0.737823805403585,245
"109","Nelson-Chinook","Chinook",1993,5724,5160,NA,NA,45,1900,1223,1911,498,147,NA,NA,NA,NA,NA,NA,NA,NA,NA,NA,NA,NA,NA,NA,NA,NA,NA,NA,NA,NA,NA,NA,NA,0.103731282200733,245
"110","Nelson-Chinook","Chinook",1994,7768,4552,NA,NA,107,3319,1081,2111,1130,20,NA,NA,NA,NA,NA,NA,NA,NA,NA,NA,NA,NA,NA,NA,NA,NA,NA,NA,NA,NA,NA,NA,NA,0.534446034164994,245
"111","Nelson-Chinook","Chinook",1995,7489,2127,NA,NA,211,2197,929,3436,716,0,NA,NA,NA,NA,NA,NA,NA,NA,NA,NA,NA,NA,NA,NA,NA,NA,NA,NA,NA,NA,NA,NA,NA,1.25872274104913,245
"112","Nelson-Chinook","Chinook",1996,7592,3967,NA,NA,152,1538,2057,3435,410,0,NA,NA,NA,NA,NA,NA,NA,NA,NA,NA,NA,NA,NA,NA,NA,NA,NA,NA,NA,NA,NA,NA,NA,0.649084919775434,245
"113","Goodnews-Chinook","Chinook",1981,6176,3688,NA,0,7,1232,1968,2370,599,0,NA,NA,NA,NA,NA,NA,NA,NA,NA,NA,NA,NA,NA,NA,NA,NA,NA,NA,NA,NA,NA,NA,NA,0.515586507028128,246
"114","Goodnews-Chinook","Chinook",1982,4607,1395,NA,0,30,489,1306,2554,228,0,NA,NA,NA,NA,NA,NA,NA,NA,NA,NA,NA,NA,NA,NA,NA,NA,NA,NA,NA,NA,NA,NA,NA,1.19468247068045,246
"115","Goodnews-Chinook","Chinook",1983,4128,6027,NA,0,15,495,1209,2136,264,9,NA,NA,NA,NA,NA,NA,NA,NA,NA,NA,NA,NA,NA,NA,NA,NA,NA,NA,NA,NA,NA,NA,NA,-0.378456346321645,246
"116","Goodnews-Chinook","Chinook",1984,4969,3260,NA,0,16,681,1615,2386,271,0,NA,NA,NA,NA,NA,NA,NA,NA,NA,NA,NA,NA,NA,NA,NA,NA,NA,NA,NA,NA,NA,NA,NA,0.421491417241567,246
"117","Goodnews-Chinook","Chinook",1985,2221,2831,NA,0,0,242,899,971,109,0,NA,NA,NA,NA,NA,NA,NA,NA,NA,NA,NA,NA,NA,NA,NA,NA,NA,NA,NA,NA,NA,NA,NA,-0.242672461217472,246
"118","Goodnews-Chinook","Chinook",1986,4763,2080,NA,0,14,1846,984,1712,207,0,NA,NA,NA,NA,NA,NA,NA,NA,NA,NA,NA,NA,NA,NA,NA,NA,NA,NA,NA,NA,NA,NA,NA,0.828509828105497,246
"119","Goodnews-Chinook","Chinook",1987,4000,2272,NA,0,26,578,1231,1561,604,0,NA,NA,NA,NA,NA,NA,NA,NA,NA,NA,NA,NA,NA,NA,NA,NA,NA,NA,NA,NA,NA,NA,NA,0.565633860260986,246
"120","Goodnews-Chinook","Chinook",1988,4256,2712,NA,0,0,628,964,2614,49,1,NA,NA,NA,NA,NA,NA,NA,NA,NA,NA,NA,NA,NA,NA,NA,NA,NA,NA,NA,NA,NA,NA,NA,0.450643381961194,246
"121","Goodnews-Chinook","Chinook",1989,6818,1915,NA,0,41,949,1781,3846,201,0,NA,NA,NA,NA,NA,NA,NA,NA,NA,NA,NA,NA,NA,NA,NA,NA,NA,NA,NA,NA,NA,NA,NA,1.2698485510831,246
"122","Goodnews-Chinook","Chinook",1990,3256,3636,NA,0,17,427,1080,1722,10,0,NA,NA,NA,NA,NA,NA,NA,NA,NA,NA,NA,NA,NA,NA,NA,NA,NA,NA,NA,NA,NA,NA,NA,-0.110384728174938,246
"123","Goodnews-Chinook","Chinook",1991,4250,1952,NA,0,65,1643,1100,1167,275,0,NA,NA,NA,NA,NA,NA,NA,NA,NA,NA,NA,NA,NA,NA,NA,NA,NA,NA,NA,NA,NA,NA,NA,0.778064494945425,246
"124","Goodnews-Chinook","Chinook",1992,3266,1905,NA,0,0,781,358,2034,93,0,NA,NA,NA,NA,NA,NA,NA,NA,NA,NA,NA,NA,NA,NA,NA,NA,NA,NA,NA,NA,NA,NA,NA,0.539083985969609,246
"125","Goodnews-Chinook","Chinook",1993,8996,2349,NA,0,30,2114,4044,2743,65,0,NA,NA,NA,NA,NA,NA,NA,NA,NA,NA,NA,NA,NA,NA,NA,NA,NA,NA,NA,NA,NA,NA,NA,1.34279032842029,246
"126","Goodnews-Chinook","Chinook",1994,2698,3856,NA,0,24,786,606,1048,234,0,NA,NA,NA,NA,NA,NA,NA,NA,NA,NA,NA,NA,NA,NA,NA,NA,NA,NA,NA,NA,NA,NA,NA,-0.357119618962735,246
"127","Goodnews-Chinook","Chinook",1995,9084,4836,NA,0,142,1156,3073,4568,145,0,NA,NA,NA,NA,NA,NA,NA,NA,NA,NA,NA,NA,NA,NA,NA,NA,NA,NA,NA,NA,NA,NA,NA,0.630426691490766,246
"128","Goodnews-Chinook","Chinook",1996,3778,2931,NA,0,23,813,1278,1526,138,0,NA,NA,NA,NA,NA,NA,NA,NA,NA,NA,NA,NA,NA,NA,NA,NA,NA,NA,NA,NA,NA,NA,NA,0.253851107350562,246
"129","Goodnews-Chinook","Chinook",1997,2571,2937,NA,0,28,351,1021,1129,42,0,NA,NA,NA,NA,NA,NA,NA,NA,NA,NA,NA,NA,NA,NA,NA,NA,NA,NA,NA,NA,NA,NA,NA,-0.133093723932731,246
"130","Goodnews-Chinook","Chinook",1998,3665,4584,NA,0,51,1309,1272,1024,9,0,NA,NA,NA,NA,NA,NA,NA,NA,NA,NA,NA,NA,NA,NA,NA,NA,NA,NA,NA,NA,NA,NA,NA,-0.223743644073824,246
"131","Goodnews-Chinook","Chinook",1999,3176,3221,NA,0,7,526,1251,1285,107,0,NA,NA,NA,NA,NA,NA,NA,NA,NA,NA,NA,NA,NA,NA,NA,NA,NA,NA,NA,NA,NA,NA,NA,-0.0140693269641724,246
"132","Goodnews-Chinook","Chinook",2000,8338,2500,NA,0,81,2886,3366,1853,152,0,NA,NA,NA,NA,NA,NA,NA,NA,NA,NA,NA,NA,NA,NA,NA,NA,NA,NA,NA,NA,NA,NA,NA,1.20453264758445,246
"133","Goodnews-Chinook","Chinook",2001,4967,5351,NA,0,124,1084,1559,2019,181,NA,NA,NA,NA,NA,NA,NA,NA,NA,NA,NA,NA,NA,NA,NA,NA,NA,NA,NA,NA,NA,NA,NA,NA,-0.0744674232039541,246
"134","Andrew Creek-Chinook","Chinook",1979,404,327,NA,NA,NA,74,186,133,11,NA,NA,NA,NA,NA,NA,NA,NA,NA,NA,NA,NA,NA,NA,NA,NA,NA,NA,NA,NA,NA,NA,NA,NA,0.211454707063897,247
"135","Andrew Creek-Chinook","Chinook",1980,465,282,NA,NA,NA,183,146,136,0,NA,NA,NA,NA,NA,NA,NA,NA,NA,NA,NA,NA,NA,NA,NA,NA,NA,NA,NA,NA,NA,NA,NA,NA,0.500130334649243,247
"136","Andrew Creek-Chinook","Chinook",1981,607,536,NA,NA,NA,69,314,220,4,NA,NA,NA,NA,NA,NA,NA,NA,NA,NA,NA,NA,NA,NA,NA,NA,NA,NA,NA,NA,NA,NA,NA,NA,0.124394629988696,247
"137","Andrew Creek-Chinook","Chinook",1982,719,672,NA,NA,NA,49,102,550,18,NA,NA,NA,NA,NA,NA,NA,NA,NA,NA,NA,NA,NA,NA,NA,NA,NA,NA,NA,NA,NA,NA,NA,NA,0.0676030171978972,247
"138","Andrew Creek-Chinook","Chinook",1983,473,366,NA,NA,NA,110,279,81,3,NA,NA,NA,NA,NA,NA,NA,NA,NA,NA,NA,NA,NA,NA,NA,NA,NA,NA,NA,NA,NA,NA,NA,NA,0.256462055090567,247
"139","Andrew Creek-Chinook","Chinook",1984,1348,389,NA,NA,NA,985,242,104,17,NA,NA,NA,NA,NA,NA,NA,NA,NA,NA,NA,NA,NA,NA,NA,NA,NA,NA,NA,NA,NA,NA,NA,NA,1.24279794785381,247
"140","Andrew Creek-Chinook","Chinook",1997,674,586,NA,NA,NA,59,248,363,4,NA,NA,NA,NA,NA,NA,NA,NA,NA,NA,NA,NA,NA,NA,NA,NA,NA,NA,NA,NA,NA,NA,NA,NA,0.139910321335294,247
"141","Andrew Creek-Chinook","Chinook",1998,1338,974,NA,NA,NA,330,272,714,22,NA,NA,NA,NA,NA,NA,NA,NA,NA,NA,NA,NA,NA,NA,NA,NA,NA,NA,NA,NA,NA,NA,NA,NA,0.317519937045639,247
"142","Andrew Creek-Chinook","Chinook",1999,1707,1210,NA,NA,NA,578,504,545,80,NA,NA,NA,NA,NA,NA,NA,NA,NA,NA,NA,NA,NA,NA,NA,NA,NA,NA,NA,NA,NA,NA,NA,NA,0.344117084203654,247
"143","Andrew Creek-Chinook","Chinook",2000,1553,1380,NA,NA,NA,193,891,457,12,NA,NA,NA,NA,NA,NA,NA,NA,NA,NA,NA,NA,NA,NA,NA,NA,NA,NA,NA,NA,NA,NA,NA,NA,0.118105044997437,247
"144","Andrew Creek-Chinook","Chinook",2001,2179,2108,NA,NA,NA,56,917,1194,12,NA,NA,NA,NA,NA,NA,NA,NA,NA,NA,NA,NA,NA,NA,NA,NA,NA,NA,NA,NA,NA,NA,NA,NA,0.0331264252833669,247
"145","Andrew Creek-Chinook","Chinook",2002,1874,1752,NA,NA,NA,161,475,1203,35,NA,NA,NA,NA,NA,NA,NA,NA,NA,NA,NA,NA,NA,NA,NA,NA,NA,NA,NA,NA,NA,NA,NA,NA,0.0673171913020308,247
"146","Andrew Creek-Chinook","Chinook",2003,1344,1190,NA,NA,NA,203,648,450,43,NA,NA,NA,NA,NA,NA,NA,NA,NA,NA,NA,NA,NA,NA,NA,NA,NA,NA,NA,NA,NA,NA,NA,NA,0.12169693497752,247
"147","Andrew Creek-Chinook","Chinook",2004,3612,3068,NA,NA,NA,689,1540,1330,53,NA,NA,NA,NA,NA,NA,NA,NA,NA,NA,NA,NA,NA,NA,NA,NA,NA,NA,NA,NA,NA,NA,NA,NA,0.163235752049729,247
"148","Chickamin-Chinook","Chinook",1985,5273,4436,NA,NA,NA,1143,2906,1224,0,NA,NA,NA,NA,NA,NA,NA,NA,NA,NA,NA,NA,NA,NA,NA,NA,NA,NA,NA,NA,NA,NA,NA,NA,0.172846391060212,248
"149","Chickamin-Chinook","Chinook",1986,9337,8097,NA,NA,NA,1204,5736,2397,0,NA,NA,NA,NA,NA,NA,NA,NA,NA,NA,NA,NA,NA,NA,NA,NA,NA,NA,NA,NA,NA,NA,NA,NA,0.142491378797811,248
"150","Chickamin-Chinook","Chinook",1987,6216,4524,NA,NA,NA,1893,2778,1490,55,NA,NA,NA,NA,NA,NA,NA,NA,NA,NA,NA,NA,NA,NA,NA,NA,NA,NA,NA,NA,NA,NA,NA,NA,0.317730054811472,248
"151","Chickamin-Chinook","Chinook",1988,4313,3647,NA,NA,NA,539,2183,1547,44,NA,NA,NA,NA,NA,NA,NA,NA,NA,NA,NA,NA,NA,NA,NA,NA,NA,NA,NA,NA,NA,NA,NA,NA,0.167728805839163,248
"152","Chickamin-Chinook","Chinook",1989,4653,4334,NA,NA,NA,300,1663,2441,249,NA,NA,NA,NA,NA,NA,NA,NA,NA,NA,NA,NA,NA,NA,NA,NA,NA,NA,NA,NA,NA,NA,NA,NA,0.0710212697483442,248
"153","Chickamin-Chinook","Chinook",1990,3121,2617,NA,NA,NA,688,593,1738,102,NA,NA,NA,NA,NA,NA,NA,NA,NA,NA,NA,NA,NA,NA,NA,NA,NA,NA,NA,NA,NA,NA,NA,NA,0.176124839740634,248
"154","Chickamin-Chinook","Chinook",1991,3333,2260,NA,NA,NA,784,2279,253,17,NA,NA,NA,NA,NA,NA,NA,NA,NA,NA,NA,NA,NA,NA,NA,NA,NA,NA,NA,NA,NA,NA,NA,NA,0.388507986041408,248
"155","Chickamin-Chinook","Chinook",1992,2019,1605,NA,NA,NA,555,905,551,8,NA,NA,NA,NA,NA,NA,NA,NA,NA,NA,NA,NA,NA,NA,NA,NA,NA,NA,NA,NA,NA,NA,NA,NA,0.229478582748721,248
"156","Chickamin-Chinook","Chinook",1993,2228,1805,NA,NA,NA,302,1242,665,19,NA,NA,NA,NA,NA,NA,NA,NA,NA,NA,NA,NA,NA,NA,NA,NA,NA,NA,NA,NA,NA,NA,NA,NA,0.210543730280193,248
"157","Chickamin-Chinook","Chinook",1994,2088,1800,NA,NA,NA,277,902,873,36,NA,NA,NA,NA,NA,NA,NA,NA,NA,NA,NA,NA,NA,NA,NA,NA,NA,NA,NA,NA,NA,NA,NA,NA,0.148420005118273,248
"158","Chickamin-Chinook","Chinook",1995,1966,2309,NA,NA,NA,274,416,1219,57,NA,NA,NA,NA,NA,NA,NA,NA,NA,NA,NA,NA,NA,NA,NA,NA,NA,NA,NA,NA,NA,NA,NA,NA,-0.160813508647384,248
"159","Chickamin-Chinook","Chinook",1996,1779,1587,NA,NA,NA,214,992,527,46,NA,NA,NA,NA,NA,NA,NA,NA,NA,NA,NA,NA,NA,NA,NA,NA,NA,NA,NA,NA,NA,NA,NA,NA,0.114205967139426,248
"160","Chickamin-Chinook","Chinook",1997,1403,1262,NA,NA,NA,269,652,454,28,NA,NA,NA,NA,NA,NA,NA,NA,NA,NA,NA,NA,NA,NA,NA,NA,NA,NA,NA,NA,NA,NA,NA,NA,0.105915037001302,248
"161","Chickamin-Chinook","Chinook",1998,2348,1814,NA,NA,NA,534,1601,213,0,NA,NA,NA,NA,NA,NA,NA,NA,NA,NA,NA,NA,NA,NA,NA,NA,NA,NA,NA,NA,NA,NA,NA,NA,0.258029550272905,248
"162","Chickamin-Chinook","Chinook",1999,2487,2283,NA,NA,NA,600,1094,779,14,NA,NA,NA,NA,NA,NA,NA,NA,NA,NA,NA,NA,NA,NA,NA,NA,NA,NA,NA,NA,NA,NA,NA,NA,0.0855867972736092,248
"163","Chickamin-Chinook","Chinook",2000,4152,3717,NA,NA,NA,972,2146,1034,0,NA,NA,NA,NA,NA,NA,NA,NA,NA,NA,NA,NA,NA,NA,NA,NA,NA,NA,NA,NA,NA,NA,NA,NA,0.110673254548472,248
"164","Chickamin-Chinook","Chinook",2001,6080,5177,NA,NA,NA,1080,3778,1190,32,NA,NA,NA,NA,NA,NA,NA,NA,NA,NA,NA,NA,NA,NA,NA,NA,NA,NA,NA,NA,NA,NA,NA,NA,0.160778958058311,248
"165","Chickamin-Chinook","Chinook",2002,5609,5007,NA,NA,NA,1648,2214,1722,25,NA,NA,NA,NA,NA,NA,NA,NA,NA,NA,NA,NA,NA,NA,NA,NA,NA,NA,NA,NA,NA,NA,NA,NA,0.113535517178392,248
"166","Chickamin-Chinook","Chinook",2003,5092,4579,NA,NA,NA,555,3371,1145,21,NA,NA,NA,NA,NA,NA,NA,NA,NA,NA,NA,NA,NA,NA,NA,NA,NA,NA,NA,NA,NA,NA,NA,NA,0.106190047020202,248
"167","Chickamin-Chinook","Chinook",2004,4458,3275,NA,NA,NA,2077,969,1396,16,NA,NA,NA,NA,NA,NA,NA,NA,NA,NA,NA,NA,NA,NA,NA,NA,NA,NA,NA,NA,NA,NA,NA,NA,0.308382365876462,248
"175","King Salmon River-Chinook","Chinook",1982,409,389,NA,NA,NA,16,49,344,0,NA,NA,NA,NA,NA,NA,NA,NA,NA,NA,NA,NA,NA,NA,NA,NA,NA,NA,NA,NA,NA,NA,NA,NA,0.0501358124243555,249
"176","King Salmon River-Chinook","Chinook",1983,284,245,NA,NA,NA,39,64,142,39,NA,NA,NA,NA,NA,NA,NA,NA,NA,NA,NA,NA,NA,NA,NA,NA,NA,NA,NA,NA,NA,NA,NA,NA,0.147716027616479,249
"177","King Salmon River-Chinook","Chinook",1984,359,265,NA,NA,NA,94,47,200,18,NA,NA,NA,NA,NA,NA,NA,NA,NA,NA,NA,NA,NA,NA,NA,NA,NA,NA,NA,NA,NA,NA,NA,NA,0.303592562502057,249
"178","King Salmon River-Chinook","Chinook",1985,207,175,NA,NA,NA,32,97,78,0,NA,NA,NA,NA,NA,NA,NA,NA,NA,NA,NA,NA,NA,NA,NA,NA,NA,NA,NA,NA,NA,NA,NA,NA,0.167932819341855,249
"179","King Salmon River-Chinook","Chinook",1986,350,255,NA,NA,NA,95,51,204,0,NA,NA,NA,NA,NA,NA,NA,NA,NA,NA,NA,NA,NA,NA,NA,NA,NA,NA,NA,NA,NA,NA,NA,NA,0.316669609325033,249
"180","King Salmon River-Chinook","Chinook",1987,212,196,NA,NA,NA,16,78,110,8,NA,NA,NA,NA,NA,NA,NA,NA,NA,NA,NA,NA,NA,NA,NA,NA,NA,NA,NA,NA,NA,NA,NA,NA,0.0784716154414953,249
"181","King Salmon River-Chinook","Chinook",1988,216,208,NA,NA,NA,14,21,174,7,NA,NA,NA,NA,NA,NA,NA,NA,NA,NA,NA,NA,NA,NA,NA,NA,NA,NA,NA,NA,NA,NA,NA,NA,0.0377403279828471,249
"182","King Salmon River-Chinook","Chinook",1989,252,240,NA,NA,NA,14,67,156,15,NA,NA,NA,NA,NA,NA,NA,NA,NA,NA,NA,NA,NA,NA,NA,NA,NA,NA,NA,NA,NA,NA,NA,NA,0.048790164169432,249
"183","King Salmon River-Chinook","Chinook",1990,192,179,NA,NA,NA,12,87,87,6,NA,NA,NA,NA,NA,NA,NA,NA,NA,NA,NA,NA,NA,NA,NA,NA,NA,NA,NA,NA,NA,NA,NA,NA,0.0701095661870265,249
"184","King Salmon River-Chinook","Chinook",1991,134,134,NA,NA,NA,0,10,124,0,NA,NA,NA,NA,NA,NA,NA,NA,NA,NA,NA,NA,NA,NA,NA,NA,NA,NA,NA,NA,NA,NA,NA,NA,0,249
"185","King Salmon River-Chinook","Chinook",1992,124,99,NA,NA,NA,25,72,27,0,NA,NA,NA,NA,NA,NA,NA,NA,NA,NA,NA,NA,NA,NA,NA,NA,NA,NA,NA,NA,NA,NA,NA,NA,0.225161715470447,249
"186","King Salmon River-Chinook","Chinook",1999,344,300,NA,NA,NA,47,125,172,0,NA,NA,NA,NA,NA,NA,NA,NA,NA,NA,NA,NA,NA,NA,NA,NA,NA,NA,NA,NA,NA,NA,NA,NA,0.136859182717197,249
"187","King Salmon River-Chinook","Chinook",2000,162,137,NA,NA,NA,36,65,57,4,NA,NA,NA,NA,NA,NA,NA,NA,NA,NA,NA,NA,NA,NA,NA,NA,NA,NA,NA,NA,NA,NA,NA,NA,0.167615409404259,249
"188","King Salmon River-Chinook","Chinook",2001,172,147,NA,NA,NA,51,56,65,0,NA,NA,NA,NA,NA,NA,NA,NA,NA,NA,NA,NA,NA,NA,NA,NA,NA,NA,NA,NA,NA,NA,NA,NA,0.157061890034717,249
"189","King Salmon River-Chinook","Chinook",2002,166,153,NA,NA,NA,14,96,56,0,NA,NA,NA,NA,NA,NA,NA,NA,NA,NA,NA,NA,NA,NA,NA,NA,NA,NA,NA,NA,NA,NA,NA,NA,0.0815498669641077,249
"190","King Salmon River-Chinook","Chinook",2003,170,117,NA,NA,NA,62,34,74,0,NA,NA,NA,NA,NA,NA,NA,NA,NA,NA,NA,NA,NA,NA,NA,NA,NA,NA,NA,NA,NA,NA,NA,NA,0.373624502252506,249
"191","King Salmon River-Chinook","Chinook",2004,139,134,NA,NA,NA,10,111,12,6,NA,NA,NA,NA,NA,NA,NA,NA,NA,NA,NA,NA,NA,NA,NA,NA,NA,NA,NA,NA,NA,NA,NA,NA,0.0366341331797804,249
"192","Stikine-Chinook","Chinook",1977,15054,11445,NA,NA,NA,869,8217,5814,154,NA,NA,NA,NA,NA,NA,NA,NA,NA,NA,NA,NA,NA,NA,NA,NA,NA,NA,NA,NA,NA,NA,NA,NA,0.27409078320781,250
"193","Stikine-Chinook","Chinook",1978,7620,6835,NA,NA,NA,1364,3909,2196,151,NA,NA,NA,NA,NA,NA,NA,NA,NA,NA,NA,NA,NA,NA,NA,NA,NA,NA,NA,NA,NA,NA,NA,NA,0.108719899522642,250
"194","Stikine-Chinook","Chinook",1979,34911,12610,NA,NA,NA,4296,14394,15908,313,NA,NA,NA,NA,NA,NA,NA,NA,NA,NA,NA,NA,NA,NA,NA,NA,NA,NA,NA,NA,NA,NA,NA,NA,1.01831181581722,250
"195","Stikine-Chinook","Chinook",1980,19922,30573,NA,NA,NA,1728,4063,13078,1053,NA,NA,NA,NA,NA,NA,NA,NA,NA,NA,NA,NA,NA,NA,NA,NA,NA,NA,NA,NA,NA,NA,NA,NA,-0.428292617791692,250
"196","Stikine-Chinook","Chinook",1981,30589,36057,NA,NA,NA,1148,6408,22261,772,NA,NA,NA,NA,NA,NA,NA,NA,NA,NA,NA,NA,NA,NA,NA,NA,NA,NA,NA,NA,NA,NA,NA,NA,-0.164460552431999,250
"197","Stikine-Chinook","Chinook",1982,52425,40488,NA,NA,NA,1798,6594,38133,5900,NA,NA,NA,NA,NA,NA,NA,NA,NA,NA,NA,NA,NA,NA,NA,NA,NA,NA,NA,NA,NA,NA,NA,NA,0.258377942876207,250
"198","Stikine-Chinook","Chinook",1983,20912,6424,NA,NA,NA,1830,3949,13538,1595,NA,NA,NA,NA,NA,NA,NA,NA,NA,NA,NA,NA,NA,NA,NA,NA,NA,NA,NA,NA,NA,NA,NA,NA,1.18028218023741,250
"199","Stikine-Chinook","Chinook",1984,38739,13995,NA,NA,NA,1174,10838,25748,979,NA,NA,NA,NA,NA,NA,NA,NA,NA,NA,NA,NA,NA,NA,NA,NA,NA,NA,NA,NA,NA,NA,NA,NA,1.01814672156521,250
"200","Stikine-Chinook","Chinook",1985,20423,16037,NA,NA,NA,845,2286,17213,79,NA,NA,NA,NA,NA,NA,NA,NA,NA,NA,NA,NA,NA,NA,NA,NA,NA,NA,NA,NA,NA,NA,NA,NA,0.241763164208349,250
"201","Stikine-Chinook","Chinook",1986,48254,14889,NA,NA,NA,3175,11437,31968,1674,NA,NA,NA,NA,NA,NA,NA,NA,NA,NA,NA,NA,NA,NA,NA,NA,NA,NA,NA,NA,NA,NA,NA,NA,1.17585604062984,250
"202","Stikine-Chinook","Chinook",1987,73339,24632,NA,NA,NA,2854,8712,58592,3181,NA,NA,NA,NA,NA,NA,NA,NA,NA,NA,NA,NA,NA,NA,NA,NA,NA,NA,NA,NA,NA,NA,NA,NA,1.09104611680394,250
"203","Stikine-Chinook","Chinook",1988,40754,37554,NA,NA,NA,812,6323,31269,2350,NA,NA,NA,NA,NA,NA,NA,NA,NA,NA,NA,NA,NA,NA,NA,NA,NA,NA,NA,NA,NA,NA,NA,NA,0.0817740972081254,250
"204","Stikine-Chinook","Chinook",1989,18554,24282,NA,NA,NA,848,4386,13185,135,NA,NA,NA,NA,NA,NA,NA,NA,NA,NA,NA,NA,NA,NA,NA,NA,NA,NA,NA,NA,NA,NA,NA,NA,-0.269049935890704,250
"205","Stikine-Chinook","Chinook",1990,16218,22619,NA,NA,NA,1223,5045,9783,167,NA,NA,NA,NA,NA,NA,NA,NA,NA,NA,NA,NA,NA,NA,NA,NA,NA,NA,NA,NA,NA,NA,NA,NA,-0.332668524523479,250
"206","Stikine-Chinook","Chinook",1991,60686,23206,NA,NA,NA,5101,26685,28208,692,NA,NA,NA,NA,NA,NA,NA,NA,NA,NA,NA,NA,NA,NA,NA,NA,NA,NA,NA,NA,NA,NA,NA,NA,0.961302163033907,250
"207","Stikine-Chinook","Chinook",1992,34311,34129,NA,NA,NA,1927,9116,22283,985,NA,NA,NA,NA,NA,NA,NA,NA,NA,NA,NA,NA,NA,NA,NA,NA,NA,NA,NA,NA,NA,NA,NA,NA,0.00531853971412175,250
"208","Stikine-Chinook","Chinook",1993,24145,58962,NA,NA,NA,1329,7197,15075,544,NA,NA,NA,NA,NA,NA,NA,NA,NA,NA,NA,NA,NA,NA,NA,NA,NA,NA,NA,NA,NA,NA,NA,NA,-0.89281584928284,250
"209","Stikine-Chinook","Chinook",1994,27561,33094,NA,NA,NA,2437,11116,13801,207,NA,NA,NA,NA,NA,NA,NA,NA,NA,NA,NA,NA,NA,NA,NA,NA,NA,NA,NA,NA,NA,NA,NA,NA,-0.182950267112213,250
"210","Stikine-Chinook","Chinook",1995,42179,16784,NA,NA,NA,6670,18980,16061,468,NA,NA,NA,NA,NA,NA,NA,NA,NA,NA,NA,NA,NA,NA,NA,NA,NA,NA,NA,NA,NA,NA,NA,NA,0.921496415197205,250
"211","Stikine-Chinook","Chinook",1996,110134,28949,NA,NA,NA,14470,52738,42750,176,NA,NA,NA,NA,NA,NA,NA,NA,NA,NA,NA,NA,NA,NA,NA,NA,NA,NA,NA,NA,NA,NA,NA,NA,1.33616214512109,250
"212","Stikine-Chinook","Chinook",1997,31254,26996,NA,NA,NA,772,14686,15663,133,NA,NA,NA,NA,NA,NA,NA,NA,NA,NA,NA,NA,NA,NA,NA,NA,NA,NA,NA,NA,NA,NA,NA,NA,0.146458661109949,250
"213","Unuk-Chinook","Chinook",1982,6753,6528,NA,NA,NA,225,1031,5497,0,NA,NA,NA,NA,NA,NA,NA,NA,NA,NA,NA,NA,NA,NA,NA,NA,NA,NA,NA,NA,NA,NA,NA,NA,0.033886232930899,251
"214","Unuk-Chinook","Chinook",1984,9985,8876,NA,NA,NA,1041,6026,2918,0,NA,NA,NA,NA,NA,NA,NA,NA,NA,NA,NA,NA,NA,NA,NA,NA,NA,NA,NA,NA,NA,NA,NA,NA,0.117732961797431,251
"215","Unuk-Chinook","Chinook",1985,8582,5721,NA,NA,NA,3103,4819,660,0,NA,NA,NA,NA,NA,NA,NA,NA,NA,NA,NA,NA,NA,NA,NA,NA,NA,NA,NA,NA,NA,NA,NA,NA,0.405523371282941,251
"216","Unuk-Chinook","Chinook",1986,17147,10273,NA,NA,NA,7132,5123,4800,92,NA,NA,NA,NA,NA,NA,NA,NA,NA,NA,NA,NA,NA,NA,NA,NA,NA,NA,NA,NA,NA,NA,NA,NA,0.512304136962588,251
"217","Unuk-Chinook","Chinook",1987,10900,9533,NA,NA,NA,2011,4578,4261,50,NA,NA,NA,NA,NA,NA,NA,NA,NA,NA,NA,NA,NA,NA,NA,NA,NA,NA,NA,NA,NA,NA,NA,NA,0.134003325723657,251
"218","Unuk-Chinook","Chinook",1988,9148,8437,NA,NA,NA,1293,3358,4433,64,NA,NA,NA,NA,NA,NA,NA,NA,NA,NA,NA,NA,NA,NA,NA,NA,NA,NA,NA,NA,NA,NA,NA,NA,0.0809084809770451,251
"219","Unuk-Chinook","Chinook",1989,5682,5552,NA,NA,NA,337,2544,2721,80,NA,NA,NA,NA,NA,NA,NA,NA,NA,NA,NA,NA,NA,NA,NA,NA,NA,NA,NA,NA,NA,NA,NA,NA,0.0231450602274929,251
"220","Unuk-Chinook","Chinook",1990,3887,2856,NA,NA,NA,1509,707,1526,145,NA,NA,NA,NA,NA,NA,NA,NA,NA,NA,NA,NA,NA,NA,NA,NA,NA,NA,NA,NA,NA,NA,NA,NA,0.308215607392748,251
"221","Unuk-Chinook","Chinook",1991,3789,3165,NA,NA,NA,786,2414,551,38,NA,NA,NA,NA,NA,NA,NA,NA,NA,NA,NA,NA,NA,NA,NA,NA,NA,NA,NA,NA,NA,NA,NA,NA,0.179949076440324,251
"222","Unuk-Chinook","Chinook",1992,5495,4233,NA,NA,NA,1319,1914,2232,30,NA,NA,NA,NA,NA,NA,NA,NA,NA,NA,NA,NA,NA,NA,NA,NA,NA,NA,NA,NA,NA,NA,NA,NA,0.260927626316798,251
"223","Unuk-Chinook","Chinook",1993,5705,5160,NA,NA,NA,568,2241,2797,99,NA,NA,NA,NA,NA,NA,NA,NA,NA,NA,NA,NA,NA,NA,NA,NA,NA,NA,NA,NA,NA,NA,NA,NA,0.100406403820568,251
"224","Unuk-Chinook","Chinook",1995,4973,3730,NA,NA,NA,1616,995,2362,0,NA,NA,NA,NA,NA,NA,NA,NA,NA,NA,NA,NA,NA,NA,NA,NA,NA,NA,NA,NA,NA,NA,NA,NA,0.287615046076877,251
"225","Unuk-Chinook","Chinook",1996,6303,5639,NA,NA,NA,736,3061,2319,187,NA,NA,NA,NA,NA,NA,NA,NA,NA,NA,NA,NA,NA,NA,NA,NA,NA,NA,NA,NA,NA,NA,NA,NA,0.111318965705928,251
"226","Unuk-Chinook","Chinook",1997,3623,2970,NA,NA,NA,916,1240,1408,59,NA,NA,NA,NA,NA,NA,NA,NA,NA,NA,NA,NA,NA,NA,NA,NA,NA,NA,NA,NA,NA,NA,NA,NA,0.198740459098332,251
"227","Unuk-Chinook","Chinook",1998,5106,4132,NA,NA,NA,1269,2595,1207,35,NA,NA,NA,NA,NA,NA,NA,NA,NA,NA,NA,NA,NA,NA,NA,NA,NA,NA,NA,NA,NA,NA,NA,NA,0.2116547675619,251
"228","Unuk-Chinook","Chinook",1999,5942,3914,NA,NA,NA,2427,1918,1581,16,NA,NA,NA,NA,NA,NA,NA,NA,NA,NA,NA,NA,NA,NA,NA,NA,NA,NA,NA,NA,NA,NA,NA,NA,0.417485908066531,251
"229","Unuk-Chinook","Chinook",2000,8136,5872,NA,NA,NA,3140,3499,1447,50,NA,NA,NA,NA,NA,NA,NA,NA,NA,NA,NA,NA,NA,NA,NA,NA,NA,NA,NA,NA,NA,NA,NA,NA,0.326103367434044,251
"230","Unuk-Chinook","Chinook",2001,11227,10541,NA,NA,NA,946,6923,3337,21,NA,NA,NA,NA,NA,NA,NA,NA,NA,NA,NA,NA,NA,NA,NA,NA,NA,NA,NA,NA,NA,NA,NA,NA,0.0630491762035902,251
"231","Unuk-Chinook","Chinook",2002,8626,6988,NA,NA,NA,2485,2887,3188,66,NA,NA,NA,NA,NA,NA,NA,NA,NA,NA,NA,NA,NA,NA,NA,NA,NA,NA,NA,NA,NA,NA,NA,NA,0.210586505953841,251
"232","Unuk-Chinook","Chinook",2003,6054,5546,NA,NA,NA,592,3942,1474,46,NA,NA,NA,NA,NA,NA,NA,NA,NA,NA,NA,NA,NA,NA,NA,NA,NA,NA,NA,NA,NA,NA,NA,NA,0.0876422634059406,251
"233","Unuk-Chinook","Chinook",2004,6000,3963,NA,NA,NA,2936,1289,1756,19,NA,NA,NA,NA,NA,NA,NA,NA,NA,NA,NA,NA,NA,NA,NA,NA,NA,NA,NA,NA,NA,NA,NA,NA,0.414758155019757,251
"234","Alsek-Klukshu-Chinook","Chinook",1976,2005,1064,NA,NA,0,67,813,1125,0,NA,NA,NA,NA,NA,NA,NA,NA,NA,NA,NA,NA,NA,NA,NA,NA,NA,NA,NA,NA,NA,NA,NA,NA,0.63360866983908,252
"235","Alsek-Klukshu-Chinook","Chinook",1977,2156,2698,NA,NA,0,276,1156,696,28,NA,NA,NA,NA,NA,NA,NA,NA,NA,NA,NA,NA,NA,NA,NA,NA,NA,NA,NA,NA,NA,NA,NA,NA,-0.224256104738813,252
"236","Alsek-Klukshu-Chinook","Chinook",1978,3303,2530,NA,NA,0,371,1941,991,0,NA,NA,NA,NA,NA,NA,NA,NA,NA,NA,NA,NA,NA,NA,NA,NA,NA,NA,NA,NA,NA,NA,NA,NA,0.266611843669224,252
"237","Alsek-Klukshu-Chinook","Chinook",1979,1506,3104,NA,NA,29,77,739,661,0,NA,NA,NA,NA,NA,NA,NA,NA,NA,NA,NA,NA,NA,NA,NA,NA,NA,NA,NA,NA,NA,NA,NA,NA,-0.72323447294327,252
"238","Alsek-Klukshu-Chinook","Chinook",1980,1433,2487,NA,NA,1,91,812,513,16,NA,NA,NA,NA,NA,NA,NA,NA,NA,NA,NA,NA,NA,NA,NA,NA,NA,NA,NA,NA,NA,NA,NA,NA,-0.551307015975233,252
"239","Alsek-Klukshu-Chinook","Chinook",1981,3237,1963,NA,NA,30,156,1955,1086,10,NA,NA,NA,NA,NA,NA,NA,NA,NA,NA,NA,NA,NA,NA,NA,NA,NA,NA,NA,NA,NA,NA,NA,NA,0.500173059649783,252
"240","Alsek-Klukshu-Chinook","Chinook",1982,3450,1969,NA,NA,16,479,1656,1293,6,NA,NA,NA,NA,NA,NA,NA,NA,NA,NA,NA,NA,NA,NA,NA,NA,NA,NA,NA,NA,NA,NA,NA,NA,0.56084843138628,252
"241","Alsek-Klukshu-Chinook","Chinook",1983,2209,2237,NA,NA,1,196,674,1329,9,NA,NA,NA,NA,NA,NA,NA,NA,NA,NA,NA,NA,NA,NA,NA,NA,NA,NA,NA,NA,NA,NA,NA,NA,-0.0125957580700125,252
"242","Alsek-Klukshu-Chinook","Chinook",1984,2005,1572,NA,NA,2,295,853,768,87,NA,NA,NA,NA,NA,NA,NA,NA,NA,NA,NA,NA,NA,NA,NA,NA,NA,NA,NA,NA,NA,NA,NA,NA,0.243295366751518,252
"243","Alsek-Klukshu-Chinook","Chinook",1985,3415,1283,NA,NA,10,493,1265,1645,2,NA,NA,NA,NA,NA,NA,NA,NA,NA,NA,NA,NA,NA,NA,NA,NA,NA,NA,NA,NA,NA,NA,NA,NA,0.978976407389254,252
"244","Alsek-Klukshu-Chinook","Chinook",1986,2376,2607,NA,NA,0,246,1242,871,17,NA,NA,NA,NA,NA,NA,NA,NA,NA,NA,NA,NA,NA,NA,NA,NA,NA,NA,NA,NA,NA,NA,NA,NA,-0.0927817334509662,252
"245","Alsek-Klukshu-Chinook","Chinook",1987,1994,2491,NA,NA,4,73,456,1412,49,NA,NA,NA,NA,NA,NA,NA,NA,NA,NA,NA,NA,NA,NA,NA,NA,NA,NA,NA,NA,NA,NA,NA,NA,-0.222541564740397,252
"246","Alsek-Klukshu-Chinook","Chinook",1988,3301,1994,NA,NA,7,197,1635,1461,1,NA,NA,NA,NA,NA,NA,NA,NA,NA,NA,NA,NA,NA,NA,NA,NA,NA,NA,NA,NA,NA,NA,NA,NA,0.504082781331409,252
"247","Alsek-Klukshu-Chinook","Chinook",1989,2945,2202,NA,NA,47,387,1514,992,5,NA,NA,NA,NA,NA,NA,NA,NA,NA,NA,NA,NA,NA,NA,NA,NA,NA,NA,NA,NA,NA,NA,NA,NA,0.290742778803062,252
"248","Alsek-Klukshu-Chinook","Chinook",1990,8320,1698,NA,NA,155,1279,5095,1791,NA,NA,NA,NA,NA,NA,NA,NA,NA,NA,NA,NA,NA,NA,NA,NA,NA,NA,NA,NA,NA,NA,NA,NA,NA,1.58921116694396,252
"249","Situk-Chinook","Chinook",1977,1406,1732,NA,NA,399,802,199,6,0,NA,NA,NA,NA,NA,NA,NA,NA,NA,NA,NA,NA,NA,NA,NA,NA,NA,NA,NA,NA,NA,NA,NA,NA,-0.20852801675177,253
"250","Situk-Chinook","Chinook",1978,1110,808,NA,NA,150,438,313,180,29,NA,NA,NA,NA,NA,NA,NA,NA,NA,NA,NA,NA,NA,NA,NA,NA,NA,NA,NA,NA,NA,NA,NA,NA,0.317553235785284,253
"251","Situk-Chinook","Chinook",1979,2755,1284,NA,NA,156,704,1289,606,0,NA,NA,NA,NA,NA,NA,NA,NA,NA,NA,NA,NA,NA,NA,NA,NA,NA,NA,NA,NA,NA,NA,NA,NA,0.763437237337108,253
"252","Situk-Chinook","Chinook",1980,2837,905,NA,NA,268,1118,895,556,0,NA,NA,NA,NA,NA,NA,NA,NA,NA,NA,NA,NA,NA,NA,NA,NA,NA,NA,NA,NA,NA,NA,NA,NA,1.14256749110893,253
"253","Situk-Chinook","Chinook",1981,2539,702,NA,NA,137,1068,1019,315,0,NA,NA,NA,NA,NA,NA,NA,NA,NA,NA,NA,NA,NA,NA,NA,NA,NA,NA,NA,NA,NA,NA,NA,NA,1.28559217767887,253
"254","Situk-Chinook","Chinook",1982,3029,434,NA,NA,318,973,1299,439,0,NA,NA,NA,NA,NA,NA,NA,NA,NA,NA,NA,NA,NA,NA,NA,NA,NA,NA,NA,NA,NA,NA,NA,NA,1.94294327692683,253
"255","Situk-Chinook","Chinook",1983,2433,592,NA,NA,324,1181,835,93,0,NA,NA,NA,NA,NA,NA,NA,NA,NA,NA,NA,NA,NA,NA,NA,NA,NA,NA,NA,NA,NA,NA,NA,NA,1.41337370789952,253
"256","Situk-Chinook","Chinook",1984,1035,1726,NA,NA,79,290,441,222,3,NA,NA,NA,NA,NA,NA,NA,NA,NA,NA,NA,NA,NA,NA,NA,NA,NA,NA,NA,NA,NA,NA,NA,NA,-0.511405165943904,253
"257","Situk-Chinook","Chinook",1985,1209,1521,NA,NA,35,618,488,68,0,NA,NA,NA,NA,NA,NA,NA,NA,NA,NA,NA,NA,NA,NA,NA,NA,NA,NA,NA,NA,NA,NA,NA,NA,-0.2295744416445,253
"258","Situk-Chinook","Chinook",1986,1189,2067,NA,NA,225,396,259,305,4,NA,NA,NA,NA,NA,NA,NA,NA,NA,NA,NA,NA,NA,NA,NA,NA,NA,NA,NA,NA,NA,NA,NA,NA,-0.552985662990986,253
"259","Situk-Chinook","Chinook",1987,4085,1379,NA,NA,540,1267,1964,314,0,NA,NA,NA,NA,NA,NA,NA,NA,NA,NA,NA,NA,NA,NA,NA,NA,NA,NA,NA,NA,NA,NA,NA,NA,1.0859631295008,253
"260","Situk-Chinook","Chinook",1988,2672,868,NA,NA,491,988,904,289,0,NA,NA,NA,NA,NA,NA,NA,NA,NA,NA,NA,NA,NA,NA,NA,NA,NA,NA,NA,NA,NA,NA,NA,NA,1.12439081999619,253
"261","Situk-Chinook","Chinook",1989,2758,637,NA,NA,544,821,1314,79,0,NA,NA,NA,NA,NA,NA,NA,NA,NA,NA,NA,NA,NA,NA,NA,NA,NA,NA,NA,NA,NA,NA,NA,NA,1.46549140278108,253
"262","Situk-Chinook","Chinook",1990,6182,628,NA,NA,497,2366,2849,461,9,NA,NA,NA,NA,NA,NA,NA,NA,NA,NA,NA,NA,NA,NA,NA,NA,NA,NA,NA,NA,NA,NA,NA,NA,2.28685695622386,253
"263","Situk-Chinook","Chinook",1991,16420,889,NA,NA,2103,11104,3089,124,0,NA,NA,NA,NA,NA,NA,NA,NA,NA,NA,NA,NA,NA,NA,NA,NA,NA,NA,NA,NA,NA,NA,NA,NA,2.91615814749251,253
"264","Situk-Chinook","Chinook",1992,6507,1595,NA,NA,934,3468,2076,29,0,NA,NA,NA,NA,NA,NA,NA,NA,NA,NA,NA,NA,NA,NA,NA,NA,NA,NA,NA,NA,NA,NA,NA,NA,1.40600478427604,253
"265","Situk-Chinook","Chinook",1993,5038,952,NA,NA,1071,3014,893,60,0,NA,NA,NA,NA,NA,NA,NA,NA,NA,NA,NA,NA,NA,NA,NA,NA,NA,NA,NA,NA,NA,NA,NA,NA,1.66619942212119,253
"266","Situk-Chinook","Chinook",1994,5174,1271,NA,NA,1346,2744,1034,50,0,NA,NA,NA,NA,NA,NA,NA,NA,NA,NA,NA,NA,NA,NA,NA,NA,NA,NA,NA,NA,NA,NA,NA,NA,1.40384209155652,253
"267","Situk-Chinook","Chinook",1995,7215,4330,NA,NA,1674,4570,902,69,0,NA,NA,NA,NA,NA,NA,NA,NA,NA,NA,NA,NA,NA,NA,NA,NA,NA,NA,NA,NA,NA,NA,NA,NA,0.510594650211436,253
"268","Situk-Chinook","Chinook",1996,6527,1800,NA,NA,1496,3704,1301,26,0,NA,NA,NA,NA,NA,NA,NA,NA,NA,NA,NA,NA,NA,NA,NA,NA,NA,NA,NA,NA,NA,NA,NA,NA,1.28816075475096,253
"269","Situk-Chinook","Chinook",1997,1103,1878,NA,NA,284,570,207,42,0,NA,NA,NA,NA,NA,NA,NA,NA,NA,NA,NA,NA,NA,NA,NA,NA,NA,NA,NA,NA,NA,NA,NA,NA,-0.532173640514706,253
"270","Situk-Chinook","Chinook",1998,2478,924,NA,NA,406,1204,678,190,NA,NA,NA,NA,NA,NA,NA,NA,NA,NA,NA,NA,NA,NA,NA,NA,NA,NA,NA,NA,NA,NA,NA,NA,NA,0.986494990547404,253
"286","Kuskokwim-Chinook","Chinook",1985,282230,94365,NA,NA,86,38015,126348,111446,6237,98,NA,NA,NA,NA,NA,NA,NA,NA,NA,NA,NA,NA,NA,NA,NA,NA,NA,NA,NA,NA,NA,NA,NA,1.09555209966163,254
"287","Kuskokwim-Chinook","Chinook",1986,241063,58556,NA,NA,99,55236,74281,100293,11144,10,NA,NA,NA,NA,NA,NA,NA,NA,NA,NA,NA,NA,NA,NA,NA,NA,NA,NA,NA,NA,NA,NA,NA,1.41507474880802,254
"288","Kuskokwim-Chinook","Chinook",1987,231998,89222,NA,NA,3016,26034,95057,100538,7344,9,NA,NA,NA,NA,NA,NA,NA,NA,NA,NA,NA,NA,NA,NA,NA,NA,NA,NA,NA,NA,NA,NA,NA,0.955601104992081,254
"289","Kuskokwim-Chinook","Chinook",1988,283295,80055,NA,NA,155,76148,80987,121227,4768,10,NA,NA,NA,NA,NA,NA,NA,NA,NA,NA,NA,NA,NA,NA,NA,NA,NA,NA,NA,NA,NA,NA,NA,1.26377485909151,254
"290","Kuskokwim-Chinook","Chinook",1989,502455,115704,NA,NA,7088,76113,196566,189574,33107,7,NA,NA,NA,NA,NA,NA,NA,NA,NA,NA,NA,NA,NA,NA,NA,NA,NA,NA,NA,NA,NA,NA,NA,1.46847087791295,254
"291","Kuskokwim-Chinook","Chinook",1990,258635,100614,NA,NA,409,39337,104000,111179,3702,8,NA,NA,NA,NA,NA,NA,NA,NA,NA,NA,NA,NA,NA,NA,NA,NA,NA,NA,NA,NA,NA,NA,NA,0.944126388347401,254
"292","Kuskokwim-Chinook","Chinook",1991,342483,105589,NA,NA,743,61980,128820,144792,6141,7,NA,NA,NA,NA,NA,NA,NA,NA,NA,NA,NA,NA,NA,NA,NA,NA,NA,NA,NA,NA,NA,NA,NA,1.17666782225415,254
"293","Kuskokwim-Chinook","Chinook",1992,189842,153573,NA,NA,163,29341,70614,85859,3859,6,NA,NA,NA,NA,NA,NA,NA,NA,NA,NA,NA,NA,NA,NA,NA,NA,NA,NA,NA,NA,NA,NA,NA,0.212016123247303,254
"294","Kuskokwim-Chinook","Chinook",1993,312128,169816,NA,NA,127,83961,105494,117283,5263,0,NA,NA,NA,NA,NA,NA,NA,NA,NA,NA,NA,NA,NA,NA,NA,NA,NA,NA,NA,NA,NA,NA,NA,0.608697862145445,254
"295","Kuskokwim-Chinook","Chinook",1994,137303,242616,NA,NA,97,16062,53567,56055,11522,0,NA,NA,NA,NA,NA,NA,NA,NA,NA,NA,NA,NA,NA,NA,NA,NA,NA,NA,NA,NA,NA,NA,NA,-0.569289784021064,254
"296","Kuskokwim-Chinook","Chinook",1995,199670,225595,NA,NA,293,14894,55987,120178,8318,0,NA,NA,NA,NA,NA,NA,NA,NA,NA,NA,NA,NA,NA,NA,NA,NA,NA,NA,NA,NA,NA,NA,NA,-0.122075352458925,254
"297","Kuskokwim-Chinook","Chinook",1996,193813,197092,NA,NA,317,19163,67457,97481,9395,0,NA,NA,NA,NA,NA,NA,NA,NA,NA,NA,NA,NA,NA,NA,NA,NA,NA,NA,NA,NA,NA,NA,NA,-0.0167768481308949,254
"298","Kuskokwim-Chinook","Chinook",1997,198526,211247,NA,NA,131,24550,88067,80879,4899,0,NA,NA,NA,NA,NA,NA,NA,NA,NA,NA,NA,NA,NA,NA,NA,NA,NA,NA,NA,NA,NA,NA,NA,-0.0621079910354516,254
"299","Kuskokwim-Chinook","Chinook",1998,277123,113627,NA,NA,0,52214,107444,112376,5089,0,NA,NA,NA,NA,NA,NA,NA,NA,NA,NA,NA,NA,NA,NA,NA,NA,NA,NA,NA,NA,NA,NA,NA,0.891540296847668,254
"300","Kuskokwim-Chinook","Chinook",1999,307270,112082,NA,NA,215,50637,118857,123043,14518,0,NA,NA,NA,NA,NA,NA,NA,NA,NA,NA,NA,NA,NA,NA,NA,NA,NA,NA,NA,NA,NA,NA,NA,1.00849609363326,254
"301","Kuskokwim-Chinook","Chinook",2000,450012,65180,NA,NA,434,150604,170014,121942,7018,0,NA,NA,NA,NA,NA,NA,NA,NA,NA,NA,NA,NA,NA,NA,NA,NA,NA,NA,NA,NA,NA,NA,NA,1.93212157566607,254
"302","Kuskokwim-Chinook","Chinook",2001,265278,145232,NA,NA,1398,67655,92805,98032,5388,0,NA,NA,NA,NA,NA,NA,NA,NA,NA,NA,NA,NA,NA,NA,NA,NA,NA,NA,NA,NA,NA,NA,NA,0.602445868930379,254
"303","Kuskokwim-Chinook","Chinook",2003,284038,180687,NA,NA,996,76950,115585,87135,3311,61,NA,NA,NA,NA,NA,NA,NA,NA,NA,NA,NA,NA,NA,NA,NA,NA,NA,NA,NA,NA,NA,NA,NA,0.452341779463151,254
"304","Nushagak-Chinook","Chinook",1966,134612,81462,NA,NA,123,29152,42741,52165,8122,2309,NA,NA,NA,NA,NA,NA,NA,NA,NA,NA,NA,NA,NA,NA,NA,NA,NA,NA,NA,NA,NA,NA,NA,0.502259912436594,255
"305","Nushagak-Chinook","Chinook",1967,149545,133477,NA,NA,0,13407,24276,69883,41498,481,NA,NA,NA,NA,NA,NA,NA,NA,NA,NA,NA,NA,NA,NA,NA,NA,NA,NA,NA,NA,NA,NA,NA,0.113668172529399,255
"306","Nushagak-Chinook","Chinook",1968,175766,142951,NA,NA,0,19269,27973,112961,15563,0,NA,NA,NA,NA,NA,NA,NA,NA,NA,NA,NA,NA,NA,NA,NA,NA,NA,NA,NA,NA,NA,NA,NA,0.20665165075705,255
"307","Nushagak-Chinook","Chinook",1969,83614,69970,NA,NA,161,2021,24211,52815,4406,0,NA,NA,NA,NA,NA,NA,NA,NA,NA,NA,NA,NA,NA,NA,NA,NA,NA,NA,NA,NA,NA,NA,NA,0.178144391427133,255
"308","Nushagak-Chinook","Chinook",1970,231916,101435,NA,NA,0,2308,99035,122212,7057,1304,NA,NA,NA,NA,NA,NA,NA,NA,NA,NA,NA,NA,NA,NA,NA,NA,NA,NA,NA,NA,NA,NA,NA,0.826957037884706,255
"309","Nushagak-Chinook","Chinook",1971,264749,81237,NA,NA,0,4251,92497,137871,30130,0,NA,NA,NA,NA,NA,NA,NA,NA,NA,NA,NA,NA,NA,NA,NA,NA,NA,NA,NA,NA,NA,NA,NA,1.18141139891765,255
"310","Nushagak-Chinook","Chinook",1972,348613,50156,NA,NA,0,54542,76015,197634,20422,0,NA,NA,NA,NA,NA,NA,NA,NA,NA,NA,NA,NA,NA,NA,NA,NA,NA,NA,NA,NA,NA,NA,NA,1.93882427608754,255
"311","Nushagak-Chinook","Chinook",1973,297988,70130,NA,NA,0,3161,126571,146299,21957,0,NA,NA,NA,NA,NA,NA,NA,NA,NA,NA,NA,NA,NA,NA,NA,NA,NA,NA,NA,NA,NA,NA,NA,1.44670255468941,255
"312","Nushagak-Chinook","Chinook",1974,191584,142535,NA,NA,0,37375,61174,85994,7041,0,NA,NA,NA,NA,NA,NA,NA,NA,NA,NA,NA,NA,NA,NA,NA,NA,NA,NA,NA,NA,NA,NA,NA,0.295738771157338,255
"313","Nushagak-Chinook","Chinook",1975,608763,142791,NA,NA,622,132128,245809,206923,23281,0,NA,NA,NA,NA,NA,NA,NA,NA,NA,NA,NA,NA,NA,NA,NA,NA,NA,NA,NA,NA,NA,NA,NA,1.45004700669569,255
"314","Nushagak-Chinook","Chinook",1976,406882,205273,NA,NA,1187,12794,162995,219891,9779,236,NA,NA,NA,NA,NA,NA,NA,NA,NA,NA,NA,NA,NA,NA,NA,NA,NA,NA,NA,NA,NA,NA,NA,0.684182416596174,255
"315","Nushagak-Chinook","Chinook",1977,711779,132907,NA,NA,0,133157,224311,330577,23654,80,NA,NA,NA,NA,NA,NA,NA,NA,NA,NA,NA,NA,NA,NA,NA,NA,NA,NA,NA,NA,NA,NA,NA,1.67811783445813,255
"316","Nushagak-Chinook","Chinook",1978,239702,268046,NA,NA,3591,38275,73840,87853,36075,68,NA,NA,NA,NA,NA,NA,NA,NA,NA,NA,NA,NA,NA,NA,NA,NA,NA,NA,NA,NA,NA,NA,NA,-0.111762122404568,255
"317","Nushagak-Chinook","Chinook",1979,339512,194335,NA,NA,4110,67999,107081,150580,9742,0,NA,NA,NA,NA,NA,NA,NA,NA,NA,NA,NA,NA,NA,NA,NA,NA,NA,NA,NA,NA,NA,NA,NA,0.557925818496357,255
"318","Nushagak-Chinook","Chinook",1980,194006,289040,NA,NA,0,16843,82043,88008,7112,0,NA,NA,NA,NA,NA,NA,NA,NA,NA,NA,NA,NA,NA,NA,NA,NA,NA,NA,NA,NA,NA,NA,NA,-0.398676000419261,255
"319","Nushagak-Chinook","Chinook",1981,262576,307527,NA,NA,1437,43485,65724,139122,12808,0,NA,NA,NA,NA,NA,NA,NA,NA,NA,NA,NA,NA,NA,NA,NA,NA,NA,NA,NA,NA,NA,NA,NA,-0.158022324332727,255
"320","Nushagak-Chinook","Chinook",1982,137337,300656,NA,NA,2171,2336,66498,55822,10510,0,NA,NA,NA,NA,NA,NA,NA,NA,NA,NA,NA,NA,NA,NA,NA,NA,NA,NA,NA,NA,NA,NA,NA,-0.783528994692667,255
"321","Nushagak-Chinook","Chinook",1983,153904,331270,NA,NA,73,18385,38221,95090,2135,0,NA,NA,NA,NA,NA,NA,NA,NA,NA,NA,NA,NA,NA,NA,NA,NA,NA,NA,NA,NA,NA,NA,NA,-0.766604721426023,255
"322","Nushagak-Chinook","Chinook",1984,123105,163544,NA,NA,336,28503,49848,40766,3652,0,NA,NA,NA,NA,NA,NA,NA,NA,NA,NA,NA,NA,NA,NA,NA,NA,NA,NA,NA,NA,NA,NA,NA,-0.284044417532922,255
"323","Nushagak-Chinook","Chinook",1985,188257,236899,NA,NA,6553,32196,64645,81772,3091,0,NA,NA,NA,NA,NA,NA,NA,NA,NA,NA,NA,NA,NA,NA,NA,NA,NA,NA,NA,NA,NA,NA,NA,-0.229825839381828,255
"324","Nushagak-Chinook","Chinook",1986,219178,82777,NA,NA,0,48212,91683,75683,3600,0,NA,NA,NA,NA,NA,NA,NA,NA,NA,NA,NA,NA,NA,NA,NA,NA,NA,NA,NA,NA,NA,NA,NA,0.973733940047414,255
"325","Nushagak-Chinook","Chinook",1987,283447,169562,NA,NA,906,68525,87799,117710,8507,0,NA,NA,NA,NA,NA,NA,NA,NA,NA,NA,NA,NA,NA,NA,NA,NA,NA,NA,NA,NA,NA,NA,NA,0.513806515187478,255
"326","Nushagak-Chinook","Chinook",1988,315140,113006,NA,NA,1085,61287,100816,148698,3254,0,NA,NA,NA,NA,NA,NA,NA,NA,NA,NA,NA,NA,NA,NA,NA,NA,NA,NA,NA,NA,NA,NA,NA,1.02557606988604,255
"327","Nushagak-Chinook","Chinook",1989,315783,158551,NA,NA,4243,60024,122311,124899,4306,0,NA,NA,NA,NA,NA,NA,NA,NA,NA,NA,NA,NA,NA,NA,NA,NA,NA,NA,NA,NA,NA,NA,NA,0.688978960710532,255
"328","Nushagak-Chinook","Chinook",1990,145129,126747,NA,NA,1235,52337,49636,40939,982,0,NA,NA,NA,NA,NA,NA,NA,NA,NA,NA,NA,NA,NA,NA,NA,NA,NA,NA,NA,NA,NA,NA,NA,0.135430028532253,255
"329","Nushagak-Chinook","Chinook",1991,282025,210346,NA,NA,2751,91425,97826,84588,5435,0,NA,NA,NA,NA,NA,NA,NA,NA,NA,NA,NA,NA,NA,NA,NA,NA,NA,NA,NA,NA,NA,NA,NA,0.293241925561097,255
"330","Nushagak-Chinook","Chinook",1992,251831,166965,NA,NA,1912,45459,76219,126924,1317,0,NA,NA,NA,NA,NA,NA,NA,NA,NA,NA,NA,NA,NA,NA,NA,NA,NA,NA,NA,NA,NA,NA,NA,0.410974018001301,255
"331","Nushagak-Chinook","Chinook",1993,367573,197098,NA,NA,4499,83442,198974,76767,3891,0,NA,NA,NA,NA,NA,NA,NA,NA,NA,NA,NA,NA,NA,NA,NA,NA,NA,NA,NA,NA,NA,NA,NA,0.623220871408712,255
"332","Nushagak-Chinook","Chinook",1994,151388,190121,NA,NA,1867,37359,47034,59399,5729,0,NA,NA,NA,NA,NA,NA,NA,NA,NA,NA,NA,NA,NA,NA,NA,NA,NA,NA,NA,NA,NA,NA,NA,-0.22781463394356,255
"333","Nushagak-Chinook","Chinook",1995,166960,173014,NA,NA,2190,22871,42788,94165,4710,236,NA,NA,NA,NA,NA,NA,NA,NA,NA,NA,NA,NA,NA,NA,NA,NA,NA,NA,NA,NA,NA,NA,NA,-0.0356182533100855,255
"334","Nushagak-Chinook","Chinook",1996,178580,102348,NA,NA,974,31377,60853,82265,3111,0,NA,NA,NA,NA,NA,NA,NA,NA,NA,NA,NA,NA,NA,NA,NA,NA,NA,NA,NA,NA,NA,NA,NA,0.556657908964098,255
"335","Nushagak-Chinook","Chinook",1997,184538,165062,NA,NA,523,51344,70337,59862,2472,0,NA,NA,NA,NA,NA,NA,NA,NA,NA,NA,NA,NA,NA,NA,NA,NA,NA,NA,NA,NA,NA,NA,NA,0.111534243435789,255
"336","Nushagak-Chinook","Chinook",1998,283223,235845,NA,NA,1037,70092,101055,108292,2747,0,NA,NA,NA,NA,NA,NA,NA,NA,NA,NA,NA,NA,NA,NA,NA,NA,NA,NA,NA,NA,NA,NA,NA,0.183059763620747,255
"337","Nushagak-Chinook","Chinook",1999,330931,123906,NA,NA,1515,59814,154724,113227,1651,0,NA,NA,NA,NA,NA,NA,NA,NA,NA,NA,NA,NA,NA,NA,NA,NA,NA,NA,NA,NA,NA,NA,NA,0.98238668081921,255
"338","Nushagak-Chinook","Chinook",2000,311708,110682,NA,NA,648,86335,139908,84305,512,0,NA,NA,NA,NA,NA,NA,NA,NA,NA,NA,NA,NA,NA,NA,NA,NA,NA,NA,NA,NA,NA,NA,NA,1.03540562728064,255
"339","Nushagak-Chinook","Chinook",2001,157215,184317,NA,NA,107,51126,75272,30367,343,0,NA,NA,NA,NA,NA,NA,NA,NA,NA,NA,NA,NA,NA,NA,NA,NA,NA,NA,NA,NA,NA,NA,NA,-0.159042806043153,255
"340","Nushagak-Chinook","Chinook",2002,119881,174704,NA,NA,236,56007,36759,26678,201,0,NA,NA,NA,NA,NA,NA,NA,NA,NA,NA,NA,NA,NA,NA,NA,NA,NA,NA,NA,NA,NA,NA,NA,-0.376593529183031,255
"341","Nushagak-Chinook","Chinook",2003,178879,158307,NA,NA,797,56171,79856,41394,661,0,NA,NA,NA,NA,NA,NA,NA,NA,NA,NA,NA,NA,NA,NA,NA,NA,NA,NA,NA,NA,NA,NA,NA,0.122173413866162,255
"342","Nushagak-Chinook","Chinook",2004,78549,233475,NA,NA,1269,20537,38378,18145,220,0,NA,NA,NA,NA,NA,NA,NA,NA,NA,NA,NA,NA,NA,NA,NA,NA,NA,NA,NA,NA,NA,NA,NA,-1.08935237111994,255
"343","Nushagak-Chinook","Chinook",2005,110296,223950,NA,NA,1032,37065,41043,30818,338,NA,NA,NA,NA,NA,NA,NA,NA,NA,NA,NA,NA,NA,NA,NA,NA,NA,NA,NA,NA,NA,NA,NA,NA,-0.708255151783981,255
"353","Kenai (late)-Chinook","Chinook",1986,47473,47375,NA,NA,150,5742,7485,30275,3806,15,NA,NA,NA,NA,NA,NA,NA,NA,NA,NA,NA,NA,NA,NA,NA,NA,NA,NA,NA,NA,NA,NA,NA,0.00206646497288151,256
"354","Kenai (late)-Chinook","Chinook",1987,65178,34900,NA,NA,66,4058,8429,48736,3880,9,NA,NA,NA,NA,NA,NA,NA,NA,NA,NA,NA,NA,NA,NA,NA,NA,NA,NA,NA,NA,NA,NA,NA,0.624635159471287,256
"355","Kenai (late)-Chinook","Chinook",1988,71742,32137,NA,NA,50,3840,10579,53638,3635,0,NA,NA,NA,NA,NA,NA,NA,NA,NA,NA,NA,NA,NA,NA,NA,NA,NA,NA,NA,NA,NA,NA,NA,0.8030683358431,256
"356","Kenai (late)-Chinook","Chinook",1989,44110,19256,NA,NA,300,6148,8617,28431,614,0,NA,NA,NA,NA,NA,NA,NA,NA,NA,NA,NA,NA,NA,NA,NA,NA,NA,NA,NA,NA,NA,NA,NA,0.828863813636078,256
"357","Kenai (late)-Chinook","Chinook",1990,49078,26508,NA,NA,439,5224,13835,28635,945,0,NA,NA,NA,NA,NA,NA,NA,NA,NA,NA,NA,NA,NA,NA,NA,NA,NA,NA,NA,NA,NA,NA,NA,0.615964294990184,256
"358","Kenai (late)-Chinook","Chinook",1991,69694,26695,NA,NA,718,13296,18303,36065,1312,NA,NA,NA,NA,NA,NA,NA,NA,NA,NA,NA,NA,NA,NA,NA,NA,NA,NA,NA,NA,NA,NA,NA,NA,0.959637948895183,256
"359","Kenai (late)-Chinook","Chinook",1992,48786,22524,NA,NA,436,5447,13140,27138,2625,NA,NA,NA,NA,NA,NA,NA,NA,NA,NA,NA,NA,NA,NA,NA,NA,NA,NA,NA,NA,NA,NA,NA,NA,0.772861979061383,256
"360","Kenai (late)-Chinook","Chinook",1993,47170,33738,NA,NA,621,3513,6399,35414,1223,NA,NA,NA,NA,NA,NA,NA,NA,NA,NA,NA,NA,NA,NA,NA,NA,NA,NA,NA,NA,NA,NA,NA,NA,0.335133298758051,256
"361","Kenai (late)-Chinook","Chinook",1994,52719,35065,NA,NA,1025,6749,13393,30500,1052,NA,NA,NA,NA,NA,NA,NA,NA,NA,NA,NA,NA,NA,NA,NA,NA,NA,NA,NA,NA,NA,NA,NA,NA,0.407772439891945,256
"362","Kenai (late)-Chinook","Chinook",1995,53783,31255,NA,NA,708,8967,16240,26363,1505,NA,NA,NA,NA,NA,NA,NA,NA,NA,NA,NA,NA,NA,NA,NA,NA,NA,NA,NA,NA,NA,NA,NA,NA,0.542778068720031,256
"363","Kenai (late)-Chinook","Chinook",1996,39288,30907,NA,NA,375,2373,7868,28171,501,NA,NA,NA,NA,NA,NA,NA,NA,NA,NA,NA,NA,NA,NA,NA,NA,NA,NA,NA,NA,NA,NA,NA,NA,0.239936433272096,256
"364","Kenai (late)-Chinook","Chinook",1997,45000,26297,NA,NA,435,7262,12037,24218,1048,NA,NA,NA,NA,NA,NA,NA,NA,NA,NA,NA,NA,NA,NA,NA,NA,NA,NA,NA,NA,NA,NA,NA,NA,0.537207625533965,256
"365","Kenai (late)-Chinook","Chinook",1998,68447,26768,NA,NA,901,10862,12538,41812,2334,NA,NA,NA,NA,NA,NA,NA,NA,NA,NA,NA,NA,NA,NA,NA,NA,NA,NA,NA,NA,NA,NA,NA,NA,0.938852578918137,256
"366","Kenai (late)-Chinook","Chinook",1999,97397,34962,NA,NA,2092,21293,25354,44452,4206,NA,NA,NA,NA,NA,NA,NA,NA,NA,NA,NA,NA,NA,NA,NA,NA,NA,NA,NA,NA,NA,NA,NA,NA,1.02453365196379,256
"367","Kenai (late)-Chinook","Chinook",2000,56160,29627,NA,NA,1210,14088,13551,24041,3270,NA,NA,NA,NA,NA,NA,NA,NA,NA,NA,NA,NA,NA,NA,NA,NA,NA,NA,NA,NA,NA,NA,NA,NA,0.639518651992472,256
"371","Cowichan-Chinook","Chinook",1989,5695,7000,NA,1762,1356,2447,130,NA,NA,NA,NA,NA,NA,NA,NA,NA,NA,NA,NA,NA,NA,NA,NA,NA,NA,NA,NA,NA,NA,NA,NA,NA,NA,-0.206321552156168,257
"372","Cowichan-Chinook","Chinook",1990,5789,22300,NA,2191,2146,1414,38,NA,NA,NA,NA,NA,NA,NA,NA,NA,NA,NA,NA,NA,NA,NA,NA,NA,NA,NA,NA,NA,NA,NA,NA,NA,NA,-1.34862711336921,257
"373","Cowichan-Chinook","Chinook",1991,5412,6762,NA,526,1699,3122,65,NA,NA,NA,NA,NA,NA,NA,NA,NA,NA,NA,NA,NA,NA,NA,NA,NA,NA,NA,NA,NA,NA,NA,NA,NA,NA,-0.222699993977153,257
"374","Cowichan-Chinook","Chinook",1992,23737,9278,NA,10701,6948,5885,203,NA,NA,NA,NA,NA,NA,NA,NA,NA,NA,NA,NA,NA,NA,NA,NA,NA,NA,NA,NA,NA,NA,NA,NA,NA,NA,0.939389005869263,257
"375","Cowichan-Chinook","Chinook",1993,12607,5376,NA,4975,4470,3136,25,NA,NA,NA,NA,NA,NA,NA,NA,NA,NA,NA,NA,NA,NA,NA,NA,NA,NA,NA,NA,NA,NA,NA,NA,NA,NA,0.852307612028284,257
"376","Cowichan-Chinook","Chinook",1994,11505,13944,NA,3966,5474,1922,144,NA,NA,NA,NA,NA,NA,NA,NA,NA,NA,NA,NA,NA,NA,NA,NA,NA,NA,NA,NA,NA,NA,NA,NA,NA,NA,-0.192267584730391,257
"377","Cowichan-Chinook","Chinook",1995,3760,15082,NA,1126,1195,1322,117,NA,NA,NA,NA,NA,NA,NA,NA,NA,NA,NA,NA,NA,NA,NA,NA,NA,NA,NA,NA,NA,NA,NA,NA,NA,NA,-1.38908302237865,257
"378","Cowichan-Chinook","Chinook",1996,6899,14386,NA,2548,2173,2125,53,NA,NA,NA,NA,NA,NA,NA,NA,NA,NA,NA,NA,NA,NA,NA,NA,NA,NA,NA,NA,NA,NA,NA,NA,NA,NA,-0.734879037881193,257
"379","Cowichan-Chinook","Chinook",1997,3368,9940,NA,779,1289,1214,85,NA,NA,NA,NA,NA,NA,NA,NA,NA,NA,NA,NA,NA,NA,NA,NA,NA,NA,NA,NA,NA,NA,NA,NA,NA,NA,-1.0822479242884,257
"380","Cowichan-Chinook","Chinook",1998,3780,5690,NA,1187,1473,1062,58,NA,NA,NA,NA,NA,NA,NA,NA,NA,NA,NA,NA,NA,NA,NA,NA,NA,NA,NA,NA,NA,NA,NA,NA,NA,NA,-0.408986238506743,257
"381","Cowichan-Chinook","Chinook",1999,2807,4418,NA,820,675,1165,147,NA,NA,NA,NA,NA,NA,NA,NA,NA,NA,NA,NA,NA,NA,NA,NA,NA,NA,NA,NA,NA,NA,NA,NA,NA,NA,-0.45357080761818,257
"382","Cowichan-Chinook","Chinook",2000,2763,4718,NA,1117,732,846,68,NA,NA,NA,NA,NA,NA,NA,NA,NA,NA,NA,NA,NA,NA,NA,NA,NA,NA,NA,NA,NA,NA,NA,NA,NA,NA,-0.535067935044204,257
"383","Cowichan-Chinook","Chinook",2001,2638,3561,NA,946,800,843,48,NA,NA,NA,NA,NA,NA,NA,NA,NA,NA,NA,NA,NA,NA,NA,NA,NA,NA,NA,NA,NA,NA,NA,NA,NA,NA,-0.300020350000518,257
"384","Cowichan-Chinook","Chinook",2002,1016,2939,NA,523,291,202,0,NA,NA,NA,NA,NA,NA,NA,NA,NA,NA,NA,NA,NA,NA,NA,NA,NA,NA,NA,NA,NA,NA,NA,NA,NA,NA,-1.06219603828049,257
"385","Cowichan-Chinook","Chinook",2003,1804,2901,NA,691,553,539,20,NA,NA,NA,NA,NA,NA,NA,NA,NA,NA,NA,NA,NA,NA,NA,NA,NA,NA,NA,NA,NA,NA,NA,NA,NA,NA,-0.475049083498835,257
"386","Cowichan-Chinook","Chinook",2004,2068,2317,NA,669,875,512,11,NA,NA,NA,NA,NA,NA,NA,NA,NA,NA,NA,NA,NA,NA,NA,NA,NA,NA,NA,NA,NA,NA,NA,NA,NA,NA,-0.113691288804056,257
"387","Cowichan-Chinook","Chinook",2005,1656,1893,NA,1007,365,265,19,NA,NA,NA,NA,NA,NA,NA,NA,NA,NA,NA,NA,NA,NA,NA,NA,NA,NA,NA,NA,NA,NA,NA,NA,NA,NA,-0.133757816264118,257
"388","Cowichan-Chinook","Chinook",2006,817,1473,NA,211,148,418,40,NA,NA,NA,NA,NA,NA,NA,NA,NA,NA,NA,NA,NA,NA,NA,NA,NA,NA,NA,NA,NA,NA,NA,NA,NA,NA,-0.589417321602627,257
"389","Cowichan-Chinook","Chinook",2007,2086,2422,NA,156,1230,650,50,NA,NA,NA,NA,NA,NA,NA,NA,NA,NA,NA,NA,NA,NA,NA,NA,NA,NA,NA,NA,NA,NA,NA,NA,NA,NA,-0.14934528855232,257
"390","Cowichan-Chinook","Chinook",2008,4006,1108,NA,1068,1458,1364,117,NA,NA,NA,NA,NA,NA,NA,NA,NA,NA,NA,NA,NA,NA,NA,NA,NA,NA,NA,NA,NA,NA,NA,NA,NA,NA,1.28523664891853,257
"391","Cowichan-Chinook","Chinook",2009,3204,580,NA,675,852,1647,30,NA,NA,NA,NA,NA,NA,NA,NA,NA,NA,NA,NA,NA,NA,NA,NA,NA,NA,NA,NA,NA,NA,NA,NA,NA,NA,1.70912720464778,257
"392","Cowichan-Chinook","Chinook",2010,4187,2734,NA,452,2642,917,175,NA,NA,NA,NA,NA,NA,NA,NA,NA,NA,NA,NA,NA,NA,NA,NA,NA,NA,NA,NA,NA,NA,NA,NA,NA,NA,0.426218748735249,257
"393","Cowichan-Chinook","Chinook",2011,10143,2824,NA,2274,3238,4195,436,NA,NA,NA,NA,NA,NA,NA,NA,NA,NA,NA,NA,NA,NA,NA,NA,NA,NA,NA,NA,NA,NA,NA,NA,NA,NA,1.27862949276286,257
"394","Cowichan-Chinook","Chinook",2012,5627,2718,NA,583,1614,3310,121,NA,NA,NA,NA,NA,NA,NA,NA,NA,NA,NA,NA,NA,NA,NA,NA,NA,NA,NA,NA,NA,NA,NA,NA,NA,NA,0.72768012472219,257
"395","Cowichan-Chinook","Chinook",2013,8545,6680,NA,816,3926,3675,128,NA,NA,NA,NA,NA,NA,NA,NA,NA,NA,NA,NA,NA,NA,NA,NA,NA,NA,NA,NA,NA,NA,NA,NA,NA,NA,0.246228329019,257
"396","Cowichan-Chinook","Chinook",2014,15828,4768,NA,2111,8777,4844,96,NA,NA,NA,NA,NA,NA,NA,NA,NA,NA,NA,NA,NA,NA,NA,NA,NA,NA,NA,NA,NA,NA,NA,NA,NA,NA,1.19985359376013,257
"397","Cowichan-Chinook","Chinook",2015,29349,6800,NA,10251,9381,9567,149,NA,NA,NA,NA,NA,NA,NA,NA,NA,NA,NA,NA,NA,NA,NA,NA,NA,NA,NA,NA,NA,NA,NA,NA,NA,NA,1.46233586196134,257
"398","Cowichan-Chinook","Chinook",2016,16681,9782,NA,5895,5440,5227,119,NA,NA,NA,NA,NA,NA,NA,NA,NA,NA,NA,NA,NA,NA,NA,NA,NA,NA,NA,NA,NA,NA,NA,NA,NA,NA,0.533726385054753,257
"399","Harrison-Chinook","Chinook",1984,211645,119511,NA,NA,NA,NA,NA,NA,NA,NA,NA,NA,NA,NA,NA,NA,NA,NA,NA,NA,NA,NA,NA,NA,NA,NA,NA,NA,NA,NA,NA,NA,NA,0.57150192543608,258
"400","Harrison-Chinook","Chinook",1985,82480,173992,NA,NA,NA,NA,NA,NA,NA,NA,NA,NA,NA,NA,NA,NA,NA,NA,NA,NA,NA,NA,NA,NA,NA,NA,NA,NA,NA,NA,NA,NA,NA,-0.746453481437355,258
"401","Harrison-Chinook","Chinook",1986,620514,162077,NA,NA,NA,NA,NA,NA,NA,NA,NA,NA,NA,NA,NA,NA,NA,NA,NA,NA,NA,NA,NA,NA,NA,NA,NA,NA,NA,NA,NA,NA,NA,1.34247663588878,258
"402","Harrison-Chinook","Chinook",1987,245022,78760,NA,NA,NA,NA,NA,NA,NA,NA,NA,NA,NA,NA,NA,NA,NA,NA,NA,NA,NA,NA,NA,NA,NA,NA,NA,NA,NA,NA,NA,NA,NA,1.13494274866076,258
"403","Harrison-Chinook","Chinook",1988,398430,34800,NA,NA,NA,NA,NA,NA,NA,NA,NA,NA,NA,NA,NA,NA,NA,NA,NA,NA,NA,NA,NA,NA,NA,NA,NA,NA,NA,NA,NA,NA,NA,2.43791443729984,258
"404","Harrison-Chinook","Chinook",1989,311483,74145,NA,NA,NA,NA,NA,NA,NA,NA,NA,NA,NA,NA,NA,NA,NA,NA,NA,NA,NA,NA,NA,NA,NA,NA,NA,NA,NA,NA,NA,NA,NA,1.43532212667238,258
"405","Harrison-Chinook","Chinook",1990,479719,176780,NA,NA,NA,NA,NA,NA,NA,NA,NA,NA,NA,NA,NA,NA,NA,NA,NA,NA,NA,NA,NA,NA,NA,NA,NA,NA,NA,NA,NA,NA,NA,0.998294494179225,258
"406","Harrison-Chinook","Chinook",1991,75985,90254,NA,NA,NA,NA,NA,NA,NA,NA,NA,NA,NA,NA,NA,NA,NA,NA,NA,NA,NA,NA,NA,NA,NA,NA,NA,NA,NA,NA,NA,NA,NA,-0.172091965174901,258
"407","Harrison-Chinook","Chinook",1992,59537,129841,NA,NA,NA,NA,NA,NA,NA,NA,NA,NA,NA,NA,NA,NA,NA,NA,NA,NA,NA,NA,NA,NA,NA,NA,NA,NA,NA,NA,NA,NA,NA,-0.779712656940221,258
"408","Harrison-Chinook","Chinook",1993,68779,118390,NA,NA,NA,NA,NA,NA,NA,NA,NA,NA,NA,NA,NA,NA,NA,NA,NA,NA,NA,NA,NA,NA,NA,NA,NA,NA,NA,NA,NA,NA,NA,-0.543085793635325,258
"409","Harrison-Chinook","Chinook",1994,326082,98044,NA,NA,NA,NA,NA,NA,NA,NA,NA,NA,NA,NA,NA,NA,NA,NA,NA,NA,NA,NA,NA,NA,NA,NA,NA,NA,NA,NA,NA,NA,NA,1.2017325259785,258
"410","Harrison-Chinook","Chinook",1995,80104,28490,NA,NA,NA,NA,NA,NA,NA,NA,NA,NA,NA,NA,NA,NA,NA,NA,NA,NA,NA,NA,NA,NA,NA,NA,NA,NA,NA,NA,NA,NA,NA,1.03377264189568,258
"411","Harrison-Chinook","Chinook",1996,210970,39712,NA,NA,NA,NA,NA,NA,NA,NA,NA,NA,NA,NA,NA,NA,NA,NA,NA,NA,NA,NA,NA,NA,NA,NA,NA,NA,NA,NA,NA,NA,NA,1.67006253425054,258
"412","Harrison-Chinook","Chinook",1997,147508,71304,NA,NA,NA,NA,NA,NA,NA,NA,NA,NA,NA,NA,NA,NA,NA,NA,NA,NA,NA,NA,NA,NA,NA,NA,NA,NA,NA,NA,NA,NA,NA,0.726929984768805,258
"413","Harrison-Chinook","Chinook",1998,277290,202362,NA,NA,NA,NA,NA,NA,NA,NA,NA,NA,NA,NA,NA,NA,NA,NA,NA,NA,NA,NA,NA,NA,NA,NA,NA,NA,NA,NA,NA,NA,NA,0.31500571719374,258
"414","Harrison-Chinook","Chinook",1999,497697,105219,NA,NA,NA,NA,NA,NA,NA,NA,NA,NA,NA,NA,NA,NA,NA,NA,NA,NA,NA,NA,NA,NA,NA,NA,NA,NA,NA,NA,NA,NA,NA,1.55394756575789,258
"415","Harrison-Chinook","Chinook",2000,276425,84607,NA,NA,NA,NA,NA,NA,NA,NA,NA,NA,NA,NA,NA,NA,NA,NA,NA,NA,NA,NA,NA,NA,NA,NA,NA,NA,NA,NA,NA,NA,NA,1.18392253092246,258
"416","Harrison-Chinook","Chinook",2001,154652,114067,NA,NA,NA,NA,NA,NA,NA,NA,NA,NA,NA,NA,NA,NA,NA,NA,NA,NA,NA,NA,NA,NA,NA,NA,NA,NA,NA,NA,NA,NA,NA,0.304391436422126,258
"417","Harrison-Chinook","Chinook",2002,86189,90448,NA,NA,NA,NA,NA,NA,NA,NA,NA,NA,NA,NA,NA,NA,NA,NA,NA,NA,NA,NA,NA,NA,NA,NA,NA,NA,NA,NA,NA,NA,NA,-0.0482325406149797,258
"418","Harrison-Chinook","Chinook",2003,196445,247401,NA,NA,NA,NA,NA,NA,NA,NA,NA,NA,NA,NA,NA,NA,NA,NA,NA,NA,NA,NA,NA,NA,NA,NA,NA,NA,NA,NA,NA,NA,NA,-0.230628008075736,258
"419","Harrison-Chinook","Chinook",2004,58069,141958,NA,NA,NA,NA,NA,NA,NA,NA,NA,NA,NA,NA,NA,NA,NA,NA,NA,NA,NA,NA,NA,NA,NA,NA,NA,NA,NA,NA,NA,NA,NA,-0.893899280563576,258
"420","Harrison-Chinook","Chinook",2005,133144,88801,NA,NA,NA,NA,NA,NA,NA,NA,NA,NA,NA,NA,NA,NA,NA,NA,NA,NA,NA,NA,NA,NA,NA,NA,NA,NA,NA,NA,NA,NA,NA,0.405033338088447,258
"421","Harrison-Chinook","Chinook",2006,63883,60786,NA,NA,NA,NA,NA,NA,NA,NA,NA,NA,NA,NA,NA,NA,NA,NA,NA,NA,NA,NA,NA,NA,NA,NA,NA,NA,NA,NA,NA,NA,NA,0.0496937860002161,258
"422","Harrison-Chinook","Chinook",2007,241104,81122,NA,NA,NA,NA,NA,NA,NA,NA,NA,NA,NA,NA,NA,NA,NA,NA,NA,NA,NA,NA,NA,NA,NA,NA,NA,NA,NA,NA,NA,NA,NA,1.0892741813045,258
"423","Harrison-Chinook","Chinook",2008,70693,43156,NA,NA,NA,NA,NA,NA,NA,NA,NA,NA,NA,NA,NA,NA,NA,NA,NA,NA,NA,NA,NA,NA,NA,NA,NA,NA,NA,NA,NA,NA,NA,0.493525100410639,258
"424","Harrison-Chinook","Chinook",2009,72491,76459,NA,NA,NA,NA,NA,NA,NA,NA,NA,NA,NA,NA,NA,NA,NA,NA,NA,NA,NA,NA,NA,NA,NA,NA,NA,NA,NA,NA,NA,NA,NA,-0.0532922332249169,258
"425","Harrison-Chinook","Chinook",2010,70075,106317,NA,NA,NA,NA,NA,NA,NA,NA,NA,NA,NA,NA,NA,NA,NA,NA,NA,NA,NA,NA,NA,NA,NA,NA,NA,NA,NA,NA,NA,NA,NA,-0.41685910025175,258
"426","Harrison-Chinook","Chinook",2011,141107,125251,NA,NA,NA,NA,NA,NA,NA,NA,NA,NA,NA,NA,NA,NA,NA,NA,NA,NA,NA,NA,NA,NA,NA,NA,NA,NA,NA,NA,NA,NA,NA,0.119198743868713,258
"427","Harrison-Chinook","Chinook",2012,45729,47664,NA,NA,NA,NA,NA,NA,NA,NA,NA,NA,NA,NA,NA,NA,NA,NA,NA,NA,NA,NA,NA,NA,NA,NA,NA,NA,NA,NA,NA,NA,NA,-0.0414437260231123,258
"428","Harrison-Chinook","Chinook",2013,44591,47935,NA,NA,NA,NA,NA,NA,NA,NA,NA,NA,NA,NA,NA,NA,NA,NA,NA,NA,NA,NA,NA,NA,NA,NA,NA,NA,NA,NA,NA,NA,NA,-0.0723138815880073,258
"429","Harrison-Chinook","Chinook",2014,85305,47075,NA,NA,NA,NA,NA,NA,NA,NA,NA,NA,NA,NA,NA,NA,NA,NA,NA,NA,NA,NA,NA,NA,NA,NA,NA,NA,NA,NA,NA,NA,NA,0.594490994883657,258
"430","Harrison-Chinook","Chinook",2015,72173,102334,NA,NA,NA,NA,NA,NA,NA,NA,NA,NA,NA,NA,NA,NA,NA,NA,NA,NA,NA,NA,NA,NA,NA,NA,NA,NA,NA,NA,NA,NA,NA,-0.349175958816838,258
"431","Harrison-Chinook","Chinook",2016,67202,46158,NA,NA,NA,NA,NA,NA,NA,NA,NA,NA,NA,NA,NA,NA,NA,NA,NA,NA,NA,NA,NA,NA,NA,NA,NA,NA,NA,NA,NA,NA,NA,0.375632715286136,258
"432","Lower Shuswap-Chinook","Chinook",1997,22703,22534,NA,NA,NA,NA,NA,NA,NA,NA,NA,NA,NA,NA,NA,NA,NA,NA,NA,NA,NA,NA,NA,NA,NA,NA,NA,NA,NA,NA,NA,NA,NA,0.00747179460351414,259
"433","Lower Shuswap-Chinook","Chinook",1998,121672,29613,NA,NA,NA,NA,NA,NA,NA,NA,NA,NA,NA,NA,NA,NA,NA,NA,NA,NA,NA,NA,NA,NA,NA,NA,NA,NA,NA,NA,NA,NA,NA,1.41311544546621,259
"434","Lower Shuswap-Chinook","Chinook",1999,67329,45994,NA,NA,NA,NA,NA,NA,NA,NA,NA,NA,NA,NA,NA,NA,NA,NA,NA,NA,NA,NA,NA,NA,NA,NA,NA,NA,NA,NA,NA,NA,NA,0.381080097027357,259
"435","Lower Shuswap-Chinook","Chinook",2000,33607,28686,NA,NA,NA,NA,NA,NA,NA,NA,NA,NA,NA,NA,NA,NA,NA,NA,NA,NA,NA,NA,NA,NA,NA,NA,NA,NA,NA,NA,NA,NA,NA,0.158325179732095,259
"436","Lower Shuswap-Chinook","Chinook",2001,45254,36143,NA,NA,NA,NA,NA,NA,NA,NA,NA,NA,NA,NA,NA,NA,NA,NA,NA,NA,NA,NA,NA,NA,NA,NA,NA,NA,NA,NA,NA,NA,NA,0.22480777179557,259
"437","Lower Shuswap-Chinook","Chinook",2002,150198,54819,NA,NA,NA,NA,NA,NA,NA,NA,NA,NA,NA,NA,NA,NA,NA,NA,NA,NA,NA,NA,NA,NA,NA,NA,NA,NA,NA,NA,NA,NA,NA,1.00791757447159,259
"438","Lower Shuswap-Chinook","Chinook",2003,46540,38983,NA,NA,NA,NA,NA,NA,NA,NA,NA,NA,NA,NA,NA,NA,NA,NA,NA,NA,NA,NA,NA,NA,NA,NA,NA,NA,NA,NA,NA,NA,NA,0.177186504211301,259
"439","Lower Shuswap-Chinook","Chinook",2004,17802,17801,NA,NA,NA,NA,NA,NA,NA,NA,NA,NA,NA,NA,NA,NA,NA,NA,NA,NA,NA,NA,NA,NA,NA,NA,NA,NA,NA,NA,NA,NA,NA,5.61750414438406e-05,259
"440","Lower Shuswap-Chinook","Chinook",2005,36765,17850,NA,NA,NA,NA,NA,NA,NA,NA,NA,NA,NA,NA,NA,NA,NA,NA,NA,NA,NA,NA,NA,NA,NA,NA,NA,NA,NA,NA,NA,NA,NA,0.722542797422537,259
"441","Lower Shuswap-Chinook","Chinook",2006,141036,58960,NA,NA,NA,NA,NA,NA,NA,NA,NA,NA,NA,NA,NA,NA,NA,NA,NA,NA,NA,NA,NA,NA,NA,NA,NA,NA,NA,NA,NA,NA,NA,0.872155929057636,259
"442","Lower Shuswap-Chinook","Chinook",2007,59111,16046,NA,NA,NA,NA,NA,NA,NA,NA,NA,NA,NA,NA,NA,NA,NA,NA,NA,NA,NA,NA,NA,NA,NA,NA,NA,NA,NA,NA,NA,NA,NA,1.30395743497295,259
"443","Lower Shuswap-Chinook","Chinook",2008,9146,16112,NA,NA,NA,NA,NA,NA,NA,NA,NA,NA,NA,NA,NA,NA,NA,NA,NA,NA,NA,NA,NA,NA,NA,NA,NA,NA,NA,NA,NA,NA,NA,-0.566247710740343,259
"444","Lower Shuswap-Chinook","Chinook",2009,12322,24442,NA,NA,NA,NA,NA,NA,NA,NA,NA,NA,NA,NA,NA,NA,NA,NA,NA,NA,NA,NA,NA,NA,NA,NA,NA,NA,NA,NA,NA,NA,NA,-0.68491668142343,259
"445","Lower Shuswap-Chinook","Chinook",2010,103225,71133,NA,NA,NA,NA,NA,NA,NA,NA,NA,NA,NA,NA,NA,NA,NA,NA,NA,NA,NA,NA,NA,NA,NA,NA,NA,NA,NA,NA,NA,NA,NA,0.372359707619204,259
"446","Lower Shuswap-Chinook","Chinook",2011,65269,19064,NA,NA,NA,NA,NA,NA,NA,NA,NA,NA,NA,NA,NA,NA,NA,NA,NA,NA,NA,NA,NA,NA,NA,NA,NA,NA,NA,NA,NA,NA,NA,1.2307154517589,259
"447","Lower Shuswap-Chinook","Chinook",2012,13923,4492,NA,NA,NA,NA,NA,NA,NA,NA,NA,NA,NA,NA,NA,NA,NA,NA,NA,NA,NA,NA,NA,NA,NA,NA,NA,NA,NA,NA,NA,NA,NA,1.13124411205095,259
"448","Lower Shuswap-Chinook","Chinook",2013,35036,27508,NA,NA,NA,NA,NA,NA,NA,NA,NA,NA,NA,NA,NA,NA,NA,NA,NA,NA,NA,NA,NA,NA,NA,NA,NA,NA,NA,NA,NA,NA,NA,0.241899232843253,259
"449","Lower Shuswap-Chinook","Chinook",2014,27284,44371,NA,NA,NA,NA,NA,NA,NA,NA,NA,NA,NA,NA,NA,NA,NA,NA,NA,NA,NA,NA,NA,NA,NA,NA,NA,NA,NA,NA,NA,NA,NA,-0.486285653095106,259
"450","Lower Shuswap-Chinook","Chinook",2015,32374,40949,NA,NA,NA,NA,NA,NA,NA,NA,NA,NA,NA,NA,NA,NA,NA,NA,NA,NA,NA,NA,NA,NA,NA,NA,NA,NA,NA,NA,NA,NA,NA,-0.234971758464716,259
"451","Lower Shuswap-Chinook","Chinook",2016,29271,7109,NA,NA,NA,NA,NA,NA,NA,NA,NA,NA,NA,NA,NA,NA,NA,NA,NA,NA,NA,NA,NA,NA,NA,NA,NA,NA,NA,NA,NA,NA,NA,1.41523567784658,259
"452","Nicola-Chinook","Chinook",1992,17044,5061,NA,NA,NA,NA,NA,NA,NA,NA,NA,NA,NA,NA,NA,NA,NA,NA,NA,NA,NA,NA,NA,NA,NA,NA,NA,NA,NA,NA,NA,NA,NA,1.21423414340572,260
"453","Nicola-Chinook","Chinook",1993,11252,5028,NA,NA,NA,NA,NA,NA,NA,NA,NA,NA,NA,NA,NA,NA,NA,NA,NA,NA,NA,NA,NA,NA,NA,NA,NA,NA,NA,NA,NA,NA,NA,0.805523599899609,260
"454","Nicola-Chinook","Chinook",1994,1951,9510,NA,NA,NA,NA,NA,NA,NA,NA,NA,NA,NA,NA,NA,NA,NA,NA,NA,NA,NA,NA,NA,NA,NA,NA,NA,NA,NA,NA,NA,NA,NA,-1.58400181491632,260
"455","Nicola-Chinook","Chinook",1995,2808,10625,NA,NA,NA,NA,NA,NA,NA,NA,NA,NA,NA,NA,NA,NA,NA,NA,NA,NA,NA,NA,NA,NA,NA,NA,NA,NA,NA,NA,NA,NA,NA,-1.33073722864692,260
"456","Nicola-Chinook","Chinook",1996,6836,17778,NA,NA,NA,NA,NA,NA,NA,NA,NA,NA,NA,NA,NA,NA,NA,NA,NA,NA,NA,NA,NA,NA,NA,NA,NA,NA,NA,NA,NA,NA,NA,-0.955758972566139,260
"457","Nicola-Chinook","Chinook",1997,7115,9612,NA,NA,NA,NA,NA,NA,NA,NA,NA,NA,NA,NA,NA,NA,NA,NA,NA,NA,NA,NA,NA,NA,NA,NA,NA,NA,NA,NA,NA,NA,NA,-0.300807086332407,260
"458","Nicola-Chinook","Chinook",1998,10502,1547,NA,NA,NA,NA,NA,NA,NA,NA,NA,NA,NA,NA,NA,NA,NA,NA,NA,NA,NA,NA,NA,NA,NA,NA,NA,NA,NA,NA,NA,NA,NA,1.91524814362474,260
"459","Nicola-Chinook","Chinook",1999,15935,8130,NA,NA,NA,NA,NA,NA,NA,NA,NA,NA,NA,NA,NA,NA,NA,NA,NA,NA,NA,NA,NA,NA,NA,NA,NA,NA,NA,NA,NA,NA,NA,0.67295702430958,260
"460","Nicola-Chinook","Chinook",2000,9653,8183,NA,NA,NA,NA,NA,NA,NA,NA,NA,NA,NA,NA,NA,NA,NA,NA,NA,NA,NA,NA,NA,NA,NA,NA,NA,NA,NA,NA,NA,NA,NA,0.165209916321233,260
"461","Nicola-Chinook","Chinook",2001,4764,8984,NA,NA,NA,NA,NA,NA,NA,NA,NA,NA,NA,NA,NA,NA,NA,NA,NA,NA,NA,NA,NA,NA,NA,NA,NA,NA,NA,NA,NA,NA,NA,-0.634357565943088,260
"462","Nicola-Chinook","Chinook",2002,7685,12887,NA,NA,NA,NA,NA,NA,NA,NA,NA,NA,NA,NA,NA,NA,NA,NA,NA,NA,NA,NA,NA,NA,NA,NA,NA,NA,NA,NA,NA,NA,NA,-0.516948674315695,260
"463","Nicola-Chinook","Chinook",2003,1282,14491,NA,NA,NA,NA,NA,NA,NA,NA,NA,NA,NA,NA,NA,NA,NA,NA,NA,NA,NA,NA,NA,NA,NA,NA,NA,NA,NA,NA,NA,NA,NA,-2.42510640856531,260
"464","Nicola-Chinook","Chinook",2004,4986,10152,NA,NA,NA,NA,NA,NA,NA,NA,NA,NA,NA,NA,NA,NA,NA,NA,NA,NA,NA,NA,NA,NA,NA,NA,NA,NA,NA,NA,NA,NA,NA,-0.71103674531072,260
"465","Nicola-Chinook","Chinook",2005,1115,3248,NA,NA,NA,NA,NA,NA,NA,NA,NA,NA,NA,NA,NA,NA,NA,NA,NA,NA,NA,NA,NA,NA,NA,NA,NA,NA,NA,NA,NA,NA,NA,-1.06918501738735,260
"466","Nicola-Chinook","Chinook",2006,3518,5087,NA,NA,NA,NA,NA,NA,NA,NA,NA,NA,NA,NA,NA,NA,NA,NA,NA,NA,NA,NA,NA,NA,NA,NA,NA,NA,NA,NA,NA,NA,NA,-0.368795619525262,260
"467","Nicola-Chinook","Chinook",2007,2367,1009,NA,NA,NA,NA,NA,NA,NA,NA,NA,NA,NA,NA,NA,NA,NA,NA,NA,NA,NA,NA,NA,NA,NA,NA,NA,NA,NA,NA,NA,NA,NA,0.852663589160375,260
"468","Nicola-Chinook","Chinook",2008,6645,4411,NA,NA,NA,NA,NA,NA,NA,NA,NA,NA,NA,NA,NA,NA,NA,NA,NA,NA,NA,NA,NA,NA,NA,NA,NA,NA,NA,NA,NA,NA,NA,0.409763271042406,260
"469","Nicola-Chinook","Chinook",2009,4312,538,NA,NA,NA,NA,NA,NA,NA,NA,NA,NA,NA,NA,NA,NA,NA,NA,NA,NA,NA,NA,NA,NA,NA,NA,NA,NA,NA,NA,NA,NA,NA,2.08129855242705,260
"470","Nicola-Chinook","Chinook",2010,7082,5257,NA,NA,NA,NA,NA,NA,NA,NA,NA,NA,NA,NA,NA,NA,NA,NA,NA,NA,NA,NA,NA,NA,NA,NA,NA,NA,NA,NA,NA,NA,NA,0.297995831852401,260
"471","Nicola-Chinook","Chinook",2011,4703,2731,NA,NA,NA,NA,NA,NA,NA,NA,NA,NA,NA,NA,NA,NA,NA,NA,NA,NA,NA,NA,NA,NA,NA,NA,NA,NA,NA,NA,NA,NA,NA,0.543532760471343,260
"472","Nicola-Chinook","Chinook",2012,1901,5702,NA,NA,NA,NA,NA,NA,NA,NA,NA,NA,NA,NA,NA,NA,NA,NA,NA,NA,NA,NA,NA,NA,NA,NA,NA,NA,NA,NA,NA,NA,NA,-1.09843692698419,260
"473","Nicola-Chinook","Chinook",2013,1011,3445,NA,NA,NA,NA,NA,NA,NA,NA,NA,NA,NA,NA,NA,NA,NA,NA,NA,NA,NA,NA,NA,NA,NA,NA,NA,NA,NA,NA,NA,NA,NA,-1.22598396442729,260
"474","Middle Skeena-Chinook","Chinook",1984,26869,2190,NA,NA,NA,7693,11666,7510,NA,NA,NA,NA,NA,NA,NA,NA,NA,NA,NA,NA,NA,NA,NA,NA,NA,NA,NA,NA,NA,NA,NA,NA,NA,2.50707166188017,261
"475","Middle Skeena-Chinook","Chinook",1985,4473,3240,NA,NA,NA,0,1962,2511,NA,NA,NA,NA,NA,NA,NA,NA,NA,NA,NA,NA,NA,NA,NA,NA,NA,NA,NA,NA,NA,NA,NA,NA,NA,0.322485994646473,261
"476","Middle Skeena-Chinook","Chinook",1986,21909,2490,NA,NA,NA,7770,7549,6590,NA,NA,NA,NA,NA,NA,NA,NA,NA,NA,NA,NA,NA,NA,NA,NA,NA,NA,NA,NA,NA,NA,NA,NA,NA,2.17461480082947,261
"477","Middle Skeena-Chinook","Chinook",1987,25766,22297,NA,NA,NA,4207,6880,14678,NA,NA,NA,NA,NA,NA,NA,NA,NA,NA,NA,NA,NA,NA,NA,NA,NA,NA,NA,NA,NA,NA,NA,NA,NA,0.144603653101099,261
"478","Middle Skeena-Chinook","Chinook",1988,49337,9532,NA,NA,NA,6909,24953,17475,NA,NA,NA,NA,NA,NA,NA,NA,NA,NA,NA,NA,NA,NA,NA,NA,NA,NA,NA,NA,NA,NA,NA,NA,NA,1.64401974742192,261
"479","Middle Skeena-Chinook","Chinook",1989,21093,10789,NA,NA,NA,7590,8687,4816,NA,NA,NA,NA,NA,NA,NA,NA,NA,NA,NA,NA,NA,NA,NA,NA,NA,NA,NA,NA,NA,NA,NA,NA,NA,0.670414135315931,261
"480","Middle Skeena-Chinook","Chinook",1990,13009,4353,NA,NA,NA,1948,5810,5251,NA,NA,NA,NA,NA,NA,NA,NA,NA,NA,NA,NA,NA,NA,NA,NA,NA,NA,NA,NA,NA,NA,NA,NA,NA,1.09477616304926,261
"481","Middle Skeena-Chinook","Chinook",1991,26225,4503,NA,NA,NA,5451,18612,2163,NA,NA,NA,NA,NA,NA,NA,NA,NA,NA,NA,NA,NA,NA,NA,NA,NA,NA,NA,NA,NA,NA,NA,NA,NA,1.76196931296293,261
"482","Middle Skeena-Chinook","Chinook",1992,19506,10196,NA,NA,NA,7278,8986,3243,NA,NA,NA,NA,NA,NA,NA,NA,NA,NA,NA,NA,NA,NA,NA,NA,NA,NA,NA,NA,NA,NA,NA,NA,NA,0.648726624035954,261
"483","Middle Skeena-Chinook","Chinook",1993,22756,21280,NA,NA,NA,7307,7395,8053,NA,NA,NA,NA,NA,NA,NA,NA,NA,NA,NA,NA,NA,NA,NA,NA,NA,NA,NA,NA,NA,NA,NA,NA,NA,0.0670611824149574,261
"484","Middle Skeena-Chinook","Chinook",1994,14224,14965,NA,NA,NA,2826,7536,3862,NA,NA,NA,NA,NA,NA,NA,NA,NA,NA,NA,NA,NA,NA,NA,NA,NA,NA,NA,NA,NA,NA,NA,NA,NA,-0.0507834625331135,261
"485","Middle Skeena-Chinook","Chinook",1995,23361,7633,NA,NA,NA,5379,11597,6384,NA,NA,NA,NA,NA,NA,NA,NA,NA,NA,NA,NA,NA,NA,NA,NA,NA,NA,NA,NA,NA,NA,NA,NA,NA,1.11858701244663,261
"486","Middle Skeena-Chinook","Chinook",1996,51696,15086,NA,NA,NA,15420,31332,4944,NA,NA,NA,NA,NA,NA,NA,NA,NA,NA,NA,NA,NA,NA,NA,NA,NA,NA,NA,NA,NA,NA,NA,NA,NA,1.2316132476507,261
"487","Middle Skeena-Chinook","Chinook",1997,16921,9015,NA,NA,NA,6717,6594,3610,NA,NA,NA,NA,NA,NA,NA,NA,NA,NA,NA,NA,NA,NA,NA,NA,NA,NA,NA,NA,NA,NA,NA,NA,NA,0.629665597431209,261
"488","Middle Skeena-Chinook","Chinook",1998,38761,6720,NA,NA,NA,6695,19423,12642,NA,NA,NA,NA,NA,NA,NA,NA,NA,NA,NA,NA,NA,NA,NA,NA,NA,NA,NA,NA,NA,NA,NA,NA,NA,1.7523264319483,261
"489","Middle Skeena-Chinook","Chinook",1999,12258,6860,NA,NA,NA,1980,7519,2759,NA,NA,NA,NA,NA,NA,NA,NA,NA,NA,NA,NA,NA,NA,NA,NA,NA,NA,NA,NA,NA,NA,NA,NA,NA,0.580471343325746,261
"490","Middle Skeena-Chinook","Chinook",2000,29687,12917,NA,NA,NA,9705,13346,6636,NA,NA,NA,NA,NA,NA,NA,NA,NA,NA,NA,NA,NA,NA,NA,NA,NA,NA,NA,NA,NA,NA,NA,NA,NA,0.832164966297888,261
"491","Middle Skeena-Chinook","Chinook",2001,10179,18935,NA,NA,NA,2897,6349,934,NA,NA,NA,NA,NA,NA,NA,NA,NA,NA,NA,NA,NA,NA,NA,NA,NA,NA,NA,NA,NA,NA,NA,NA,NA,-0.620685286883555,261
"492","Middle Skeena-Chinook","Chinook",2002,46814,5804,NA,NA,NA,15437,25849,5528,NA,NA,NA,NA,NA,NA,NA,NA,NA,NA,NA,NA,NA,NA,NA,NA,NA,NA,NA,NA,NA,NA,NA,NA,NA,2.08763496846577,261
"493","Middle Skeena-Chinook","Chinook",2003,13269,13421,NA,NA,NA,1385,9887,1998,NA,NA,NA,NA,NA,NA,NA,NA,NA,NA,NA,NA,NA,NA,NA,NA,NA,NA,NA,NA,NA,NA,NA,NA,NA,-0.0113901568613695,261
"494","Middle Skeena-Chinook","Chinook",2004,29200,16911,NA,NA,NA,6143,12144,10913,NA,NA,NA,NA,NA,NA,NA,NA,NA,NA,NA,NA,NA,NA,NA,NA,NA,NA,NA,NA,NA,NA,NA,NA,NA,0.546204411506688,261
"495","Middle Skeena-Chinook","Chinook",2005,13044,8707,NA,NA,NA,2281,9760,1003,NA,NA,NA,NA,NA,NA,NA,NA,NA,NA,NA,NA,NA,NA,NA,NA,NA,NA,NA,NA,NA,NA,NA,NA,NA,0.404200958080594,261
"496","Middle Skeena-Chinook","Chinook",2006,11268,11280,NA,NA,NA,4045,5025,2198,NA,NA,NA,NA,NA,NA,NA,NA,NA,NA,NA,NA,NA,NA,NA,NA,NA,NA,NA,NA,NA,NA,NA,NA,NA,-0.0010643960557867,261
"497","Middle Skeena-Chinook","Chinook",2007,6324,12736,NA,NA,NA,1097,3794,1433,NA,NA,NA,NA,NA,NA,NA,NA,NA,NA,NA,NA,NA,NA,NA,NA,NA,NA,NA,NA,NA,NA,NA,NA,NA,-0.700080709754802,261
"498","Middle Skeena-Chinook","Chinook",2008,15180,9426,NA,NA,NA,1727,11129,2323,NA,NA,NA,NA,NA,NA,NA,NA,NA,NA,NA,NA,NA,NA,NA,NA,NA,NA,NA,NA,NA,NA,NA,NA,NA,0.476506943465945,261
"499","Middle Skeena-Chinook","Chinook",2009,6029,10503,NA,NA,NA,1384,3462,1183,NA,NA,NA,NA,NA,NA,NA,NA,NA,NA,NA,NA,NA,NA,NA,NA,NA,NA,NA,NA,NA,NA,NA,NA,NA,-0.55507977113337,261
"500","Middle Skeena-Chinook","Chinook",2010,13566,12456,NA,NA,NA,3818,8761,987,NA,NA,NA,NA,NA,NA,NA,NA,NA,NA,NA,NA,NA,NA,NA,NA,NA,NA,NA,NA,NA,NA,NA,NA,NA,0.0853642279921906,261
"501","Middle Skeena-Chinook","Chinook",2011,5805,3150,NA,NA,NA,2053,3752,0,NA,NA,NA,NA,NA,NA,NA,NA,NA,NA,NA,NA,NA,NA,NA,NA,NA,NA,NA,NA,NA,NA,NA,NA,NA,0.611317162312313,261
"502","Middle Skeena-Chinook","Chinook",2012,4809,3598,NA,NA,NA,298,4344,167,NA,NA,NA,NA,NA,NA,NA,NA,NA,NA,NA,NA,NA,NA,NA,NA,NA,NA,NA,NA,NA,NA,NA,NA,NA,0.290111026767184,261
"503","Middle Skeena-Chinook","Chinook",2013,6687,9038,NA,NA,NA,791,5659,238,NA,NA,NA,NA,NA,NA,NA,NA,NA,NA,NA,NA,NA,NA,NA,NA,NA,NA,NA,NA,NA,NA,NA,NA,NA,-0.301272567917246,261
"504","Upper Skeena-Chinook","Chinook",1984,8229,1448,NA,NA,NA,2103,3547,2579,NA,NA,NA,NA,NA,NA,NA,NA,NA,NA,NA,NA,NA,NA,NA,NA,NA,NA,NA,NA,NA,NA,NA,NA,NA,1.73748120666005,262
"505","Upper Skeena-Chinook","Chinook",1985,3890,1992,NA,NA,NA,638,991,2262,NA,NA,NA,NA,NA,NA,NA,NA,NA,NA,NA,NA,NA,NA,NA,NA,NA,NA,NA,NA,NA,NA,NA,NA,NA,0.669269998467948,262
"506","Upper Skeena-Chinook","Chinook",1986,15193,740,NA,NA,NA,5087,3703,6403,NA,NA,NA,NA,NA,NA,NA,NA,NA,NA,NA,NA,NA,NA,NA,NA,NA,NA,NA,NA,NA,NA,NA,NA,NA,3.02193988824555,262
"507","Upper Skeena-Chinook","Chinook",1987,12063,7440,NA,NA,NA,1284,1276,9502,NA,NA,NA,NA,NA,NA,NA,NA,NA,NA,NA,NA,NA,NA,NA,NA,NA,NA,NA,NA,NA,NA,NA,NA,NA,0.483272067738246,262
"508","Upper Skeena-Chinook","Chinook",1988,32293,4272,NA,NA,NA,6728,16636,8929,NA,NA,NA,NA,NA,NA,NA,NA,NA,NA,NA,NA,NA,NA,NA,NA,NA,NA,NA,NA,NA,NA,NA,NA,NA,2.02276838681767,262
"509","Upper Skeena-Chinook","Chinook",1989,12280,2493,NA,NA,NA,0,6001,6280,NA,NA,NA,NA,NA,NA,NA,NA,NA,NA,NA,NA,NA,NA,NA,NA,NA,NA,NA,NA,NA,NA,NA,NA,NA,1.59448511817758,262
"510","Upper Skeena-Chinook","Chinook",1990,11697,2070,NA,NA,NA,2691,4158,4848,NA,NA,NA,NA,NA,NA,NA,NA,NA,NA,NA,NA,NA,NA,NA,NA,NA,NA,NA,NA,NA,NA,NA,NA,NA,1.73178379139129,262
"511","Upper Skeena-Chinook","Chinook",1991,34776,2336,NA,NA,NA,5418,25119,4239,NA,NA,NA,NA,NA,NA,NA,NA,NA,NA,NA,NA,NA,NA,NA,NA,NA,NA,NA,NA,NA,NA,NA,NA,NA,2.70048742872051,262
"512","Upper Skeena-Chinook","Chinook",1992,20657,7222,NA,NA,NA,7136,8876,4645,NA,NA,NA,NA,NA,NA,NA,NA,NA,NA,NA,NA,NA,NA,NA,NA,NA,NA,NA,NA,NA,NA,NA,NA,NA,1.05092232216085,262
"513","Upper Skeena-Chinook","Chinook",1993,16170,12208,NA,NA,NA,6164,4204,5801,NA,NA,NA,NA,NA,NA,NA,NA,NA,NA,NA,NA,NA,NA,NA,NA,NA,NA,NA,NA,NA,NA,NA,NA,NA,0.281066199046914,262
"514","Upper Skeena-Chinook","Chinook",1994,9486,9238,NA,NA,NA,3304,4123,2059,NA,NA,NA,NA,NA,NA,NA,NA,NA,NA,NA,NA,NA,NA,NA,NA,NA,NA,NA,NA,NA,NA,NA,NA,NA,0.0264916154469763,262
"515","Upper Skeena-Chinook","Chinook",1995,12622,7551,NA,NA,NA,1724,4801,6097,NA,NA,NA,NA,NA,NA,NA,NA,NA,NA,NA,NA,NA,NA,NA,NA,NA,NA,NA,NA,NA,NA,NA,NA,NA,0.513761318340759,262
"516","Upper Skeena-Chinook","Chinook",1996,32342,17849,NA,NA,NA,7178,23341,1824,NA,NA,NA,NA,NA,NA,NA,NA,NA,NA,NA,NA,NA,NA,NA,NA,NA,NA,NA,NA,NA,NA,NA,NA,NA,0.594419210908381,262
"517","Upper Skeena-Chinook","Chinook",1997,9394,9526,NA,NA,NA,3392,4439,1563,NA,NA,NA,NA,NA,NA,NA,NA,NA,NA,NA,NA,NA,NA,NA,NA,NA,NA,NA,NA,NA,NA,NA,NA,NA,-0.0139537147738653,262
"518","Upper Skeena-Chinook","Chinook",1998,18809,5782,NA,NA,NA,3101,9429,6278,NA,NA,NA,NA,NA,NA,NA,NA,NA,NA,NA,NA,NA,NA,NA,NA,NA,NA,NA,NA,NA,NA,NA,NA,NA,1.17958583509451,262
"519","Upper Skeena-Chinook","Chinook",1999,7234,3812,NA,NA,NA,741,4393,2099,NA,NA,NA,NA,NA,NA,NA,NA,NA,NA,NA,NA,NA,NA,NA,NA,NA,NA,NA,NA,NA,NA,NA,NA,NA,0.640638147737951,262
"520","Upper Skeena-Chinook","Chinook",2000,10439,5909,NA,NA,NA,3299,5533,1607,NA,NA,NA,NA,NA,NA,NA,NA,NA,NA,NA,NA,NA,NA,NA,NA,NA,NA,NA,NA,NA,NA,NA,NA,NA,0.569072180062624,262
"521","Upper Skeena-Chinook","Chinook",2001,6226,14254,NA,NA,NA,2156,3150,921,NA,NA,NA,NA,NA,NA,NA,NA,NA,NA,NA,NA,NA,NA,NA,NA,NA,NA,NA,NA,NA,NA,NA,NA,NA,-0.828303497060263,262
"522","Upper Skeena-Chinook","Chinook",2002,17392,2948,NA,NA,NA,4727,9590,3076,NA,NA,NA,NA,NA,NA,NA,NA,NA,NA,NA,NA,NA,NA,NA,NA,NA,NA,NA,NA,NA,NA,NA,NA,NA,1.77488335605176,262
"523","Upper Skeena-Chinook","Chinook",2003,9232,6315,NA,NA,NA,1374,7003,855,NA,NA,NA,NA,NA,NA,NA,NA,NA,NA,NA,NA,NA,NA,NA,NA,NA,NA,NA,NA,NA,NA,NA,NA,NA,0.379747953963289,262
"524","Upper Skeena-Chinook","Chinook",2004,15077,7904,NA,NA,NA,2196,6240,6641,NA,NA,NA,NA,NA,NA,NA,NA,NA,NA,NA,NA,NA,NA,NA,NA,NA,NA,NA,NA,NA,NA,NA,NA,NA,0.645801443351215,262
"525","Upper Skeena-Chinook","Chinook",2005,5455,4552,NA,NA,NA,1126,3731,597,NA,NA,NA,NA,NA,NA,NA,NA,NA,NA,NA,NA,NA,NA,NA,NA,NA,NA,NA,NA,NA,NA,NA,NA,NA,0.180965922461004,262
"526","Upper Skeena-Chinook","Chinook",2006,2942,3840,NA,NA,NA,1283,1072,587,NA,NA,NA,NA,NA,NA,NA,NA,NA,NA,NA,NA,NA,NA,NA,NA,NA,NA,NA,NA,NA,NA,NA,NA,NA,-0.26638274442039,262
"527","Upper Skeena-Chinook","Chinook",2007,4225,5745,NA,NA,NA,919,1900,1406,NA,NA,NA,NA,NA,NA,NA,NA,NA,NA,NA,NA,NA,NA,NA,NA,NA,NA,NA,NA,NA,NA,NA,NA,NA,-0.307310650491582,262
"528","Upper Skeena-Chinook","Chinook",2008,3051,5366,NA,NA,NA,786,1936,329,NA,NA,NA,NA,NA,NA,NA,NA,NA,NA,NA,NA,NA,NA,NA,NA,NA,NA,NA,NA,NA,NA,NA,NA,NA,-0.5646133462689,262
"529","Upper Skeena-Chinook","Chinook",2009,5063,5284,NA,NA,NA,291,4483,290,NA,NA,NA,NA,NA,NA,NA,NA,NA,NA,NA,NA,NA,NA,NA,NA,NA,NA,NA,NA,NA,NA,NA,NA,NA,-0.0427241936723068,262
"530","Upper Skeena-Chinook","Chinook",2010,3883,5596,NA,NA,NA,541,2841,501,NA,NA,NA,NA,NA,NA,NA,NA,NA,NA,NA,NA,NA,NA,NA,NA,NA,NA,NA,NA,NA,NA,NA,NA,NA,-0.365444006053704,262
"531","Upper Skeena-Chinook","Chinook",2011,3000,1128,NA,NA,NA,1100,1564,336,NA,NA,NA,NA,NA,NA,NA,NA,NA,NA,NA,NA,NA,NA,NA,NA,NA,NA,NA,NA,NA,NA,NA,NA,NA,0.978166135592243,262
"532","Upper Skeena-Chinook","Chinook",2012,4432,1511,NA,NA,NA,605,3629,198,NA,NA,NA,NA,NA,NA,NA,NA,NA,NA,NA,NA,NA,NA,NA,NA,NA,NA,NA,NA,NA,NA,NA,NA,NA,1.07607926615438,262
"533","Upper Skeena-Chinook","Chinook",2013,2667,2499,NA,NA,NA,881,1787,0,NA,NA,NA,NA,NA,NA,NA,NA,NA,NA,NA,NA,NA,NA,NA,NA,NA,NA,NA,NA,NA,NA,NA,NA,NA,0.0650635933470619,262
"534","Large Lake-Chinook","Chinook",1984,94479,19097,NA,NA,NA,28681,45039,20759,NA,NA,NA,NA,NA,NA,NA,NA,NA,NA,NA,NA,NA,NA,NA,NA,NA,NA,NA,NA,NA,NA,NA,NA,NA,1.59884633292918,263
"535","Large Lake-Chinook","Chinook",1985,15220,12930,NA,NA,NA,1989,6948,6283,NA,NA,NA,NA,NA,NA,NA,NA,NA,NA,NA,NA,NA,NA,NA,NA,NA,NA,NA,NA,NA,NA,NA,NA,NA,0.163060159649774,263
"536","Large Lake-Chinook","Chinook",1986,63122,7596,NA,NA,NA,15412,27492,20218,NA,NA,NA,NA,NA,NA,NA,NA,NA,NA,NA,NA,NA,NA,NA,NA,NA,NA,NA,NA,NA,NA,NA,NA,NA,2.11744756876367,263
"537","Large Lake-Chinook","Chinook",1987,104211,33831,NA,NA,NA,19392,38808,46011,NA,NA,NA,NA,NA,NA,NA,NA,NA,NA,NA,NA,NA,NA,NA,NA,NA,NA,NA,NA,NA,NA,NA,NA,NA,1.1250401480481,263
"538","Large Lake-Chinook","Chinook",1988,115605,22802,NA,NA,NA,30688,57485,27432,NA,NA,NA,NA,NA,NA,NA,NA,NA,NA,NA,NA,NA,NA,NA,NA,NA,NA,NA,NA,NA,NA,NA,NA,NA,1.62333095648654,263
"539","Large Lake-Chinook","Chinook",1989,70742,33819,NA,NA,NA,14805,45799,10137,NA,NA,NA,NA,NA,NA,NA,NA,NA,NA,NA,NA,NA,NA,NA,NA,NA,NA,NA,NA,NA,NA,NA,NA,NA,0.738016681194526,263
"540","Large Lake-Chinook","Chinook",1990,45813,11437,NA,NA,NA,12567,21811,11435,NA,NA,NA,NA,NA,NA,NA,NA,NA,NA,NA,NA,NA,NA,NA,NA,NA,NA,NA,NA,NA,NA,NA,NA,NA,1.38771417984007,263
"541","Large Lake-Chinook","Chinook",1991,113095,16259,NA,NA,NA,27139,76949,9008,NA,NA,NA,NA,NA,NA,NA,NA,NA,NA,NA,NA,NA,NA,NA,NA,NA,NA,NA,NA,NA,NA,NA,NA,NA,1.93958157186653,263
"542","Large Lake-Chinook","Chinook",1992,43486,42393,NA,NA,NA,18944,19959,4584,NA,NA,NA,NA,NA,NA,NA,NA,NA,NA,NA,NA,NA,NA,NA,NA,NA,NA,NA,NA,NA,NA,NA,NA,NA,0.0254557929441482,263
"543","Large Lake-Chinook","Chinook",1993,35177,54143,NA,NA,NA,9129,13716,12332,NA,NA,NA,NA,NA,NA,NA,NA,NA,NA,NA,NA,NA,NA,NA,NA,NA,NA,NA,NA,NA,NA,NA,NA,NA,-0.431236234597673,263
"544","Large Lake-Chinook","Chinook",1994,37059,42423,NA,NA,NA,11593,22590,2876,NA,NA,NA,NA,NA,NA,NA,NA,NA,NA,NA,NA,NA,NA,NA,NA,NA,NA,NA,NA,NA,NA,NA,NA,NA,-0.135179430770963,263
"545","Large Lake-Chinook","Chinook",1995,58614,26979,NA,NA,NA,23942,29081,5591,NA,NA,NA,NA,NA,NA,NA,NA,NA,NA,NA,NA,NA,NA,NA,NA,NA,NA,NA,NA,NA,NA,NA,NA,NA,0.775914790298372,263
"546","Large Lake-Chinook","Chinook",1996,87345,51321,NA,NA,NA,17372,62549,7424,NA,NA,NA,NA,NA,NA,NA,NA,NA,NA,NA,NA,NA,NA,NA,NA,NA,NA,NA,NA,NA,NA,NA,NA,NA,0.531765768818928,263
"547","Large Lake-Chinook","Chinook",1997,29497,18976,NA,NA,NA,15148,11655,2694,NA,NA,NA,NA,NA,NA,NA,NA,NA,NA,NA,NA,NA,NA,NA,NA,NA,NA,NA,NA,NA,NA,NA,NA,NA,0.441113540443927,263
"548","Large Lake-Chinook","Chinook",1998,92616,14172,NA,NA,NA,20288,49536,22792,NA,NA,NA,NA,NA,NA,NA,NA,NA,NA,NA,NA,NA,NA,NA,NA,NA,NA,NA,NA,NA,NA,NA,NA,NA,1.8771937259002,263
"549","Large Lake-Chinook","Chinook",1999,37105,19165,NA,NA,NA,5048,27205,4852,NA,NA,NA,NA,NA,NA,NA,NA,NA,NA,NA,NA,NA,NA,NA,NA,NA,NA,NA,NA,NA,NA,NA,NA,NA,0.660666032589578,263
"550","Large Lake-Chinook","Chinook",2000,89135,20918,NA,NA,NA,34051,47611,7473,NA,NA,NA,NA,NA,NA,NA,NA,NA,NA,NA,NA,NA,NA,NA,NA,NA,NA,NA,NA,NA,NA,NA,NA,NA,1.44954204207175,263
"551","Large Lake-Chinook","Chinook",2001,20393,35016,NA,NA,NA,2737,15804,1853,NA,NA,NA,NA,NA,NA,NA,NA,NA,NA,NA,NA,NA,NA,NA,NA,NA,NA,NA,NA,NA,NA,NA,NA,NA,-0.540613395178384,263
"552","Large Lake-Chinook","Chinook",2002,74997,12180,NA,NA,NA,27602,43308,4087,NA,NA,NA,NA,NA,NA,NA,NA,NA,NA,NA,NA,NA,NA,NA,NA,NA,NA,NA,NA,NA,NA,NA,NA,NA,1.81765285045454,263
"553","Large Lake-Chinook","Chinook",2003,15826,30731,NA,NA,NA,2884,10776,2166,NA,NA,NA,NA,NA,NA,NA,NA,NA,NA,NA,NA,NA,NA,NA,NA,NA,NA,NA,NA,NA,NA,NA,NA,NA,-0.663617759916329,263
"554","Large Lake-Chinook","Chinook",2004,63609,46617,NA,NA,NA,18697,32269,12644,NA,NA,NA,NA,NA,NA,NA,NA,NA,NA,NA,NA,NA,NA,NA,NA,NA,NA,NA,NA,NA,NA,NA,NA,NA,0.310789688295816,263
"555","Large Lake-Chinook","Chinook",2005,35096,25126,NA,NA,NA,9406,23225,2466,NA,NA,NA,NA,NA,NA,NA,NA,NA,NA,NA,NA,NA,NA,NA,NA,NA,NA,NA,NA,NA,NA,NA,NA,NA,0.334183997281687,263
"556","Large Lake-Chinook","Chinook",2006,37640,20080,NA,NA,NA,14015,21687,1938,NA,NA,NA,NA,NA,NA,NA,NA,NA,NA,NA,NA,NA,NA,NA,NA,NA,NA,NA,NA,NA,NA,NA,NA,NA,0.62834301989365,263
"557","Large Lake-Chinook","Chinook",2007,12493,21942,NA,NA,NA,3888,7657,949,NA,NA,NA,NA,NA,NA,NA,NA,NA,NA,NA,NA,NA,NA,NA,NA,NA,NA,NA,NA,NA,NA,NA,NA,NA,-0.563234120945607,263
"558","Large Lake-Chinook","Chinook",2008,17846,14507,NA,NA,NA,4575,12154,1117,NA,NA,NA,NA,NA,NA,NA,NA,NA,NA,NA,NA,NA,NA,NA,NA,NA,NA,NA,NA,NA,NA,NA,NA,NA,0.207148101921195,263
"559","Large Lake-Chinook","Chinook",2009,15108,27563,NA,NA,NA,3226,11019,863,NA,NA,NA,NA,NA,NA,NA,NA,NA,NA,NA,NA,NA,NA,NA,NA,NA,NA,NA,NA,NA,NA,NA,NA,NA,-0.601249888781885,263
"560","Large Lake-Chinook","Chinook",2010,46324,27131,NA,NA,NA,13173,30577,2574,NA,NA,NA,NA,NA,NA,NA,NA,NA,NA,NA,NA,NA,NA,NA,NA,NA,NA,NA,NA,NA,NA,NA,NA,NA,0.534983199765531,263
"561","Large Lake-Chinook","Chinook",2011,31716,12548,NA,NA,NA,13856,16991,869,NA,NA,NA,NA,NA,NA,NA,NA,NA,NA,NA,NA,NA,NA,NA,NA,NA,NA,NA,NA,NA,NA,NA,NA,NA,0.927259995081721,263
"562","Large Lake-Chinook","Chinook",2012,13234,6399,NA,NA,NA,6876,5518,841,NA,NA,NA,NA,NA,NA,NA,NA,NA,NA,NA,NA,NA,NA,NA,NA,NA,NA,NA,NA,NA,NA,NA,NA,NA,0.726647547432545,263
"563","Large Lake-Chinook","Chinook",2013,10848,10286,NA,NA,NA,4126,5925,797,NA,NA,NA,NA,NA,NA,NA,NA,NA,NA,NA,NA,NA,NA,NA,NA,NA,NA,NA,NA,NA,NA,NA,NA,NA,0.0531969838453152,263
"564","Lower Skeena-Chinook","Chinook",1984,5176,1213,NA,NA,NA,1114,1949,2113,NA,NA,NA,NA,NA,NA,NA,NA,NA,NA,NA,NA,NA,NA,NA,NA,NA,NA,NA,NA,NA,NA,NA,NA,NA,1.45093592723669,264
"565","Lower Skeena-Chinook","Chinook",1985,2497,2692,NA,NA,NA,814,252,1430,NA,NA,NA,NA,NA,NA,NA,NA,NA,NA,NA,NA,NA,NA,NA,NA,NA,NA,NA,NA,NA,NA,NA,NA,NA,-0.0751944004848452,264
"566","Lower Skeena-Chinook","Chinook",1986,8213,1109,NA,NA,NA,1331,4105,2777,NA,NA,NA,NA,NA,NA,NA,NA,NA,NA,NA,NA,NA,NA,NA,NA,NA,NA,NA,NA,NA,NA,NA,NA,NA,2.00225955638983,264
"567","Lower Skeena-Chinook","Chinook",1987,8392,6852,NA,NA,NA,515,4071,3806,NA,NA,NA,NA,NA,NA,NA,NA,NA,NA,NA,NA,NA,NA,NA,NA,NA,NA,NA,NA,NA,NA,NA,NA,NA,0.202738290632123,264
"568","Lower Skeena-Chinook","Chinook",1988,5316,2545,NA,NA,NA,1202,3347,767,NA,NA,NA,NA,NA,NA,NA,NA,NA,NA,NA,NA,NA,NA,NA,NA,NA,NA,NA,NA,NA,NA,NA,NA,NA,0.736590490848513,264
"569","Lower Skeena-Chinook","Chinook",1989,4167,3065,NA,NA,NA,0,2016,2151,NA,NA,NA,NA,NA,NA,NA,NA,NA,NA,NA,NA,NA,NA,NA,NA,NA,NA,NA,NA,NA,NA,NA,NA,NA,0.307148783052142,264
"570","Lower Skeena-Chinook","Chinook",1990,3171,1898,NA,NA,NA,914,1070,1187,NA,NA,NA,NA,NA,NA,NA,NA,NA,NA,NA,NA,NA,NA,NA,NA,NA,NA,NA,NA,NA,NA,NA,NA,NA,0.513246295368474,264
"571","Lower Skeena-Chinook","Chinook",1991,9632,2998,NA,NA,NA,1524,7414,695,NA,NA,NA,NA,NA,NA,NA,NA,NA,NA,NA,NA,NA,NA,NA,NA,NA,NA,NA,NA,NA,NA,NA,NA,NA,1.16714548888606,264
"572","Lower Skeena-Chinook","Chinook",1992,3619,5323,NA,NA,NA,1514,1753,351,NA,NA,NA,NA,NA,NA,NA,NA,NA,NA,NA,NA,NA,NA,NA,NA,NA,NA,NA,NA,NA,NA,NA,NA,NA,-0.385839309609015,264
"573","Lower Skeena-Chinook","Chinook",1993,4268,3772,NA,NA,NA,997,1414,1857,NA,NA,NA,NA,NA,NA,NA,NA,NA,NA,NA,NA,NA,NA,NA,NA,NA,NA,NA,NA,NA,NA,NA,NA,NA,0.123539968668296,264
"574","Lower Skeena-Chinook","Chinook",1994,4142,1986,NA,NA,NA,1654,1722,765,NA,NA,NA,NA,NA,NA,NA,NA,NA,NA,NA,NA,NA,NA,NA,NA,NA,NA,NA,NA,NA,NA,NA,NA,NA,0.735056197350412,264
"575","Lower Skeena-Chinook","Chinook",1995,11064,2587,NA,NA,NA,3719,4678,2668,NA,NA,NA,NA,NA,NA,NA,NA,NA,NA,NA,NA,NA,NA,NA,NA,NA,NA,NA,NA,NA,NA,NA,NA,NA,1.45319769115856,264
"576","Lower Skeena-Chinook","Chinook",1996,19348,5113,NA,NA,NA,4909,12688,1751,NA,NA,NA,NA,NA,NA,NA,NA,NA,NA,NA,NA,NA,NA,NA,NA,NA,NA,NA,NA,NA,NA,NA,NA,NA,1.33080273886287,264
"577","Lower Skeena-Chinook","Chinook",1997,5677,1994,NA,NA,NA,1043,2715,1918,NA,NA,NA,NA,NA,NA,NA,NA,NA,NA,NA,NA,NA,NA,NA,NA,NA,NA,NA,NA,NA,NA,NA,NA,NA,1.04628025264894,264
"578","Lower Skeena-Chinook","Chinook",1998,13180,2200,NA,NA,NA,1879,7306,3995,NA,NA,NA,NA,NA,NA,NA,NA,NA,NA,NA,NA,NA,NA,NA,NA,NA,NA,NA,NA,NA,NA,NA,NA,NA,1.79024316871009,264
"579","Lower Skeena-Chinook","Chinook",1999,1680,3518,NA,NA,NA,250,1430,0,NA,NA,NA,NA,NA,NA,NA,NA,NA,NA,NA,NA,NA,NA,NA,NA,NA,NA,NA,NA,NA,NA,NA,NA,NA,-0.739098852900199,264
"580","Lower Skeena-Chinook","Chinook",2000,6903,5635,NA,NA,NA,2699,2441,1762,NA,NA,NA,NA,NA,NA,NA,NA,NA,NA,NA,NA,NA,NA,NA,NA,NA,NA,NA,NA,NA,NA,NA,NA,NA,0.202958952229599,264
"581","Lower Skeena-Chinook","Chinook",2001,4066,8077,NA,NA,NA,1236,2670,159,NA,NA,NA,NA,NA,NA,NA,NA,NA,NA,NA,NA,NA,NA,NA,NA,NA,NA,NA,NA,NA,NA,NA,NA,NA,-0.686360801254004,264
"582","Lower Skeena-Chinook","Chinook",2002,15275,2561,NA,NA,NA,5717,7757,1801,NA,NA,NA,NA,NA,NA,NA,NA,NA,NA,NA,NA,NA,NA,NA,NA,NA,NA,NA,NA,NA,NA,NA,NA,NA,1.78581969784027,264
"583","Lower Skeena-Chinook","Chinook",2003,4467,6173,NA,NA,NA,608,3335,523,NA,NA,NA,NA,NA,NA,NA,NA,NA,NA,NA,NA,NA,NA,NA,NA,NA,NA,NA,NA,NA,NA,NA,NA,NA,-0.323467901041777,264
"584","Lower Skeena-Chinook","Chinook",2004,4935,5449,NA,NA,NA,1252,2266,1416,NA,NA,NA,NA,NA,NA,NA,NA,NA,NA,NA,NA,NA,NA,NA,NA,NA,NA,NA,NA,NA,NA,NA,NA,NA,-0.0990794327155163,264
"585","Lower Skeena-Chinook","Chinook",2005,3838,1951,NA,NA,NA,1566,1894,378,NA,NA,NA,NA,NA,NA,NA,NA,NA,NA,NA,NA,NA,NA,NA,NA,NA,NA,NA,NA,NA,NA,NA,NA,NA,0.676609335944534,264
"586","Lower Skeena-Chinook","Chinook",2006,4059,4659,NA,NA,NA,1933,1498,627,NA,NA,NA,NA,NA,NA,NA,NA,NA,NA,NA,NA,NA,NA,NA,NA,NA,NA,NA,NA,NA,NA,NA,NA,NA,-0.137864194977899,264
"587","Lower Skeena-Chinook","Chinook",2007,1558,4262,NA,NA,NA,459,968,130,NA,NA,NA,NA,NA,NA,NA,NA,NA,NA,NA,NA,NA,NA,NA,NA,NA,NA,NA,NA,NA,NA,NA,NA,NA,-1.00633558622787,264
"588","Lower Skeena-Chinook","Chinook",2008,5166,3464,NA,NA,NA,895,3954,317,NA,NA,NA,NA,NA,NA,NA,NA,NA,NA,NA,NA,NA,NA,NA,NA,NA,NA,NA,NA,NA,NA,NA,NA,NA,0.39967470397346,264
"589","Lower Skeena-Chinook","Chinook",2009,1856,2880,NA,NA,NA,573,1079,203,NA,NA,NA,NA,NA,NA,NA,NA,NA,NA,NA,NA,NA,NA,NA,NA,NA,NA,NA,NA,NA,NA,NA,NA,NA,-0.439366659783846,264
"590","Lower Skeena-Chinook","Chinook",2010,5443,3276,NA,NA,NA,1562,3725,155,NA,NA,NA,NA,NA,NA,NA,NA,NA,NA,NA,NA,NA,NA,NA,NA,NA,NA,NA,NA,NA,NA,NA,NA,NA,0.50770721346124,264
"591","Lower Skeena-Chinook","Chinook",2011,1157,1233,NA,NA,NA,622,534,0,NA,NA,NA,NA,NA,NA,NA,NA,NA,NA,NA,NA,NA,NA,NA,NA,NA,NA,NA,NA,NA,NA,NA,NA,NA,-0.0636197759706677,264
"592","Lower Skeena-Chinook","Chinook",2012,2589,1347,NA,NA,NA,536,1590,464,NA,NA,NA,NA,NA,NA,NA,NA,NA,NA,NA,NA,NA,NA,NA,NA,NA,NA,NA,NA,NA,NA,NA,NA,NA,0.653391803341174,264
"593","Lower Skeena-Chinook","Chinook",2013,1436,3274,NA,NA,NA,486,784,166,NA,NA,NA,NA,NA,NA,NA,NA,NA,NA,NA,NA,NA,NA,NA,NA,NA,NA,NA,NA,NA,NA,NA,NA,NA,-0.824151008322911,264
"594","Zymoetz Fiddler-Chinook","Chinook",1984,2224,669,NA,NA,NA,959,0,1265,NA,NA,NA,NA,NA,NA,NA,NA,NA,NA,NA,NA,NA,NA,NA,NA,NA,NA,NA,NA,NA,NA,NA,NA,NA,1.20127859524224,265
"595","Zymoetz Fiddler-Chinook","Chinook",1985,727,1637,NA,NA,NA,0,0,727,NA,NA,NA,NA,NA,NA,NA,NA,NA,NA,NA,NA,NA,NA,NA,NA,NA,NA,NA,NA,NA,NA,NA,NA,NA,-0.811694099837616,265
"596","Zymoetz Fiddler-Chinook","Chinook",1986,6240,1262,NA,NA,NA,2125,1789,2326,NA,NA,NA,NA,NA,NA,NA,NA,NA,NA,NA,NA,NA,NA,NA,NA,NA,NA,NA,NA,NA,NA,NA,NA,NA,1.59828241826231,265
"597","Zymoetz Fiddler-Chinook","Chinook",1987,13060,5597,NA,NA,NA,3144,6961,2955,NA,NA,NA,NA,NA,NA,NA,NA,NA,NA,NA,NA,NA,NA,NA,NA,NA,NA,NA,NA,NA,NA,NA,NA,NA,0.847323383939062,265
"598","Zymoetz Fiddler-Chinook","Chinook",1988,5595,2923,NA,NA,NA,1762,2310,1522,NA,NA,NA,NA,NA,NA,NA,NA,NA,NA,NA,NA,NA,NA,NA,NA,NA,NA,NA,NA,NA,NA,NA,NA,NA,0.64926285563478,265
"599","Zymoetz Fiddler-Chinook","Chinook",1989,3678,224,NA,NA,NA,1320,1009,1349,NA,NA,NA,NA,NA,NA,NA,NA,NA,NA,NA,NA,NA,NA,NA,NA,NA,NA,NA,NA,NA,NA,NA,NA,NA,2.79847835330923,265
"600","Zymoetz Fiddler-Chinook","Chinook",1990,4617,1460,NA,NA,NA,915,2452,1250,NA,NA,NA,NA,NA,NA,NA,NA,NA,NA,NA,NA,NA,NA,NA,NA,NA,NA,NA,NA,NA,NA,NA,NA,NA,1.15130870780461,265
"601","Zymoetz Fiddler-Chinook","Chinook",1991,3628,2246,NA,NA,NA,582,2003,1043,NA,NA,NA,NA,NA,NA,NA,NA,NA,NA,NA,NA,NA,NA,NA,NA,NA,NA,NA,NA,NA,NA,NA,NA,NA,0.479530675936639,265
"602","Zymoetz Fiddler-Chinook","Chinook",1992,2866,6688,NA,NA,NA,1391,1475,0,NA,NA,NA,NA,NA,NA,NA,NA,NA,NA,NA,NA,NA,NA,NA,NA,NA,NA,NA,NA,NA,NA,NA,NA,NA,-0.84739754637642,265
"603","Zymoetz Fiddler-Chinook","Chinook",1993,3806,3348,NA,NA,NA,1198,1177,1431,NA,NA,NA,NA,NA,NA,NA,NA,NA,NA,NA,NA,NA,NA,NA,NA,NA,NA,NA,NA,NA,NA,NA,NA,NA,0.128215616246729,265
"604","Zymoetz Fiddler-Chinook","Chinook",1994,2319,1988,NA,NA,NA,1033,1256,30,NA,NA,NA,NA,NA,NA,NA,NA,NA,NA,NA,NA,NA,NA,NA,NA,NA,NA,NA,NA,NA,NA,NA,NA,NA,0.154006950039012,265
"605","Zymoetz Fiddler-Chinook","Chinook",1995,6043,2425,NA,NA,NA,2003,2451,1589,NA,NA,NA,NA,NA,NA,NA,NA,NA,NA,NA,NA,NA,NA,NA,NA,NA,NA,NA,NA,NA,NA,NA,NA,NA,0.913069052989975,265
"606","Zymoetz Fiddler-Chinook","Chinook",1996,14673,2415,NA,NA,NA,3207,10277,1190,NA,NA,NA,NA,NA,NA,NA,NA,NA,NA,NA,NA,NA,NA,NA,NA,NA,NA,NA,NA,NA,NA,NA,NA,NA,1.80430978312079,265
"607","Zymoetz Fiddler-Chinook","Chinook",1997,4443,2144,NA,NA,NA,845,3208,389,NA,NA,NA,NA,NA,NA,NA,NA,NA,NA,NA,NA,NA,NA,NA,NA,NA,NA,NA,NA,NA,NA,NA,NA,NA,0.728656580745216,265
"608","Zymoetz Fiddler-Chinook","Chinook",1998,9796,1465,NA,NA,NA,1938,4821,3037,NA,NA,NA,NA,NA,NA,NA,NA,NA,NA,NA,NA,NA,NA,NA,NA,NA,NA,NA,NA,NA,NA,NA,NA,NA,1.90011889662089,265
"609","Zymoetz Fiddler-Chinook","Chinook",1999,1491,2287,NA,NA,NA,0,1208,284,NA,NA,NA,NA,NA,NA,NA,NA,NA,NA,NA,NA,NA,NA,NA,NA,NA,NA,NA,NA,NA,NA,NA,NA,NA,-0.427793879258043,265
"610","Zymoetz Fiddler-Chinook","Chinook",2000,9202,2994,NA,NA,NA,3420,4306,1476,NA,NA,NA,NA,NA,NA,NA,NA,NA,NA,NA,NA,NA,NA,NA,NA,NA,NA,NA,NA,NA,NA,NA,NA,NA,1.12281056573584,265
"611","Zymoetz Fiddler-Chinook","Chinook",2001,1851,6257,NA,NA,NA,727,1044,81,NA,NA,NA,NA,NA,NA,NA,NA,NA,NA,NA,NA,NA,NA,NA,NA,NA,NA,NA,NA,NA,NA,NA,NA,NA,-1.21797480342487,265
"612","Zymoetz Fiddler-Chinook","Chinook",2002,11467,2512,NA,NA,NA,4641,6326,499,NA,NA,NA,NA,NA,NA,NA,NA,NA,NA,NA,NA,NA,NA,NA,NA,NA,NA,NA,NA,NA,NA,NA,NA,NA,1.51839409645022,265
"613","Zymoetz Fiddler-Chinook","Chinook",2003,3548,3440,NA,NA,NA,411,2306,830,NA,NA,NA,NA,NA,NA,NA,NA,NA,NA,NA,NA,NA,NA,NA,NA,NA,NA,NA,NA,NA,NA,NA,NA,NA,0.0309125930620262,265
"614","Zymoetz Fiddler-Chinook","Chinook",2004,3978,5087,NA,NA,NA,966,1309,1703,NA,NA,NA,NA,NA,NA,NA,NA,NA,NA,NA,NA,NA,NA,NA,NA,NA,NA,NA,NA,NA,NA,NA,NA,NA,-0.245909085408848,265
"615","Zymoetz Fiddler-Chinook","Chinook",2005,3094,2869,NA,NA,NA,1105,1808,181,NA,NA,NA,NA,NA,NA,NA,NA,NA,NA,NA,NA,NA,NA,NA,NA,NA,NA,NA,NA,NA,NA,NA,NA,NA,0.0755012151516467,265
"616","Zymoetz Fiddler-Chinook","Chinook",2006,4807,3178,NA,NA,NA,1938,2387,481,NA,NA,NA,NA,NA,NA,NA,NA,NA,NA,NA,NA,NA,NA,NA,NA,NA,NA,NA,NA,NA,NA,NA,NA,NA,0.413821120797299,265
"617","Zymoetz Fiddler-Chinook","Chinook",2007,2358,3371,NA,NA,NA,826,991,540,NA,NA,NA,NA,NA,NA,NA,NA,NA,NA,NA,NA,NA,NA,NA,NA,NA,NA,NA,NA,NA,NA,NA,NA,NA,-0.357395634136744,265
"618","Zymoetz Fiddler-Chinook","Chinook",2008,2883,2028,NA,NA,NA,860,1806,218,NA,NA,NA,NA,NA,NA,NA,NA,NA,NA,NA,NA,NA,NA,NA,NA,NA,NA,NA,NA,NA,NA,NA,NA,NA,0.351781332927328,265
"619","Zymoetz Fiddler-Chinook","Chinook",2009,2184,2090,NA,NA,NA,793,1027,364,NA,NA,NA,NA,NA,NA,NA,NA,NA,NA,NA,NA,NA,NA,NA,NA,NA,NA,NA,NA,NA,NA,NA,NA,NA,0.043993991905939,265
"620","Zymoetz Fiddler-Chinook","Chinook",2010,3212,3356,NA,NA,NA,826,2125,261,NA,NA,NA,NA,NA,NA,NA,NA,NA,NA,NA,NA,NA,NA,NA,NA,NA,NA,NA,NA,NA,NA,NA,NA,NA,-0.0438559925204445,265
"621","Zymoetz Fiddler-Chinook","Chinook",2011,458,1817,NA,NA,NA,192,150,115,NA,NA,NA,NA,NA,NA,NA,NA,NA,NA,NA,NA,NA,NA,NA,NA,NA,NA,NA,NA,NA,NA,NA,NA,NA,-1.37807288428199,265
"622","Zymoetz Fiddler-Chinook","Chinook",2012,1374,1256,NA,NA,NA,150,589,634,NA,NA,NA,NA,NA,NA,NA,NA,NA,NA,NA,NA,NA,NA,NA,NA,NA,NA,NA,NA,NA,NA,NA,NA,NA,0.0897941257541506,265
"623","Zymoetz Fiddler-Chinook","Chinook",2013,1291,2226,NA,NA,NA,225,858,207,NA,NA,NA,NA,NA,NA,NA,NA,NA,NA,NA,NA,NA,NA,NA,NA,NA,NA,NA,NA,NA,NA,NA,NA,NA,-0.544789140988848,265
"624","Kitsumkalum-Chinook","Chinook",1984,20618,9535,NA,NA,NA,3706,4418,12494,NA,NA,NA,NA,NA,NA,NA,NA,NA,NA,NA,NA,NA,NA,NA,NA,NA,NA,NA,NA,NA,NA,NA,NA,NA,0.771195241621811,266
"625","Kitsumkalum-Chinook","Chinook",1985,16583,9047,NA,NA,NA,170,2953,13460,NA,NA,NA,NA,NA,NA,NA,NA,NA,NA,NA,NA,NA,NA,NA,NA,NA,NA,NA,NA,NA,NA,NA,NA,NA,0.605944863188357,266
"626","Kitsumkalum-Chinook","Chinook",1986,14839,8046,NA,NA,NA,3828,4475,6536,NA,NA,NA,NA,NA,NA,NA,NA,NA,NA,NA,NA,NA,NA,NA,NA,NA,NA,NA,NA,NA,NA,NA,NA,NA,0.612083776496393,266
"627","Kitsumkalum-Chinook","Chinook",1987,27956,15516,NA,NA,NA,2117,6618,19221,NA,NA,NA,NA,NA,NA,NA,NA,NA,NA,NA,NA,NA,NA,NA,NA,NA,NA,NA,NA,NA,NA,NA,NA,NA,0.588760096037162,266
"628","Kitsumkalum-Chinook","Chinook",1988,21316,15823,NA,NA,NA,774,3753,16789,NA,NA,NA,NA,NA,NA,NA,NA,NA,NA,NA,NA,NA,NA,NA,NA,NA,NA,NA,NA,NA,NA,NA,NA,NA,0.29799338669769,266
"629","Kitsumkalum-Chinook","Chinook",1989,13798,17782,NA,NA,NA,707,5109,7981,NA,NA,NA,NA,NA,NA,NA,NA,NA,NA,NA,NA,NA,NA,NA,NA,NA,NA,NA,NA,NA,NA,NA,NA,NA,-0.25366305557503,266
"630","Kitsumkalum-Chinook","Chinook",1990,11708,11089,NA,NA,NA,772,2861,8075,NA,NA,NA,NA,NA,NA,NA,NA,NA,NA,NA,NA,NA,NA,NA,NA,NA,NA,NA,NA,NA,NA,NA,NA,NA,0.0543187428585606,266
"631","Kitsumkalum-Chinook","Chinook",1991,5979,9236,NA,NA,NA,0,4097,1882,NA,NA,NA,NA,NA,NA,NA,NA,NA,NA,NA,NA,NA,NA,NA,NA,NA,NA,NA,NA,NA,NA,NA,NA,NA,-0.434855561593482,266
"632","Kitsumkalum-Chinook","Chinook",1992,9776,10841,NA,NA,NA,840,4464,4472,NA,NA,NA,NA,NA,NA,NA,NA,NA,NA,NA,NA,NA,NA,NA,NA,NA,NA,NA,NA,NA,NA,NA,NA,NA,-0.103404840249915,266
"633","Kitsumkalum-Chinook","Chinook",1993,11248,13148,NA,NA,NA,504,2686,8059,NA,NA,NA,NA,NA,NA,NA,NA,NA,NA,NA,NA,NA,NA,NA,NA,NA,NA,NA,NA,NA,NA,NA,NA,NA,-0.156079320733664,266
"634","Kitsumkalum-Chinook","Chinook",1994,8022,13972,NA,NA,NA,1200,2430,4392,NA,NA,NA,NA,NA,NA,NA,NA,NA,NA,NA,NA,NA,NA,NA,NA,NA,NA,NA,NA,NA,NA,NA,NA,NA,-0.554867559596725,266
"635","Kitsumkalum-Chinook","Chinook",1995,30230,6476,NA,NA,NA,7382,8335,14512,NA,NA,NA,NA,NA,NA,NA,NA,NA,NA,NA,NA,NA,NA,NA,NA,NA,NA,NA,NA,NA,NA,NA,NA,NA,1.54073177297598,266
"636","Kitsumkalum-Chinook","Chinook",1996,37002,8567,NA,NA,NA,4282,18954,13765,NA,NA,NA,NA,NA,NA,NA,NA,NA,NA,NA,NA,NA,NA,NA,NA,NA,NA,NA,NA,NA,NA,NA,NA,NA,1.4630543522555,266
"637","Kitsumkalum-Chinook","Chinook",1997,13267,4647,NA,NA,NA,1530,6111,5627,NA,NA,NA,NA,NA,NA,NA,NA,NA,NA,NA,NA,NA,NA,NA,NA,NA,NA,NA,NA,NA,NA,NA,NA,NA,1.04905789883194,266
"638","Kitsumkalum-Chinook","Chinook",1998,39921,5981,NA,NA,NA,5643,17745,16533,NA,NA,NA,NA,NA,NA,NA,NA,NA,NA,NA,NA,NA,NA,NA,NA,NA,NA,NA,NA,NA,NA,NA,NA,NA,1.8983147231673,266
"639","Kitsumkalum-Chinook","Chinook",1999,13358,9000,NA,NA,NA,3252,6064,4041,NA,NA,NA,NA,NA,NA,NA,NA,NA,NA,NA,NA,NA,NA,NA,NA,NA,NA,NA,NA,NA,NA,NA,NA,NA,0.394890878967225,266
"640","Kitsumkalum-Chinook","Chinook",2000,23696,10141,NA,NA,NA,3987,13530,6179,NA,NA,NA,NA,NA,NA,NA,NA,NA,NA,NA,NA,NA,NA,NA,NA,NA,NA,NA,NA,NA,NA,NA,NA,NA,0.848719644895584,266
"641","Kitsumkalum-Chinook","Chinook",2001,7939,17830,NA,NA,NA,1738,3407,2794,NA,NA,NA,NA,NA,NA,NA,NA,NA,NA,NA,NA,NA,NA,NA,NA,NA,NA,NA,NA,NA,NA,NA,NA,NA,-0.809095109132073,266
"642","Kitsumkalum-Chinook","Chinook",2002,29055,11189,NA,NA,NA,6244,16449,6362,NA,NA,NA,NA,NA,NA,NA,NA,NA,NA,NA,NA,NA,NA,NA,NA,NA,NA,NA,NA,NA,NA,NA,NA,NA,0.954259432701485,266
"643","Kitsumkalum-Chinook","Chinook",2003,4789,17492,NA,NA,NA,400,2772,1616,NA,NA,NA,NA,NA,NA,NA,NA,NA,NA,NA,NA,NA,NA,NA,NA,NA,NA,NA,NA,NA,NA,NA,NA,NA,-1.2954220121902,266
"644","Kitsumkalum-Chinook","Chinook",2004,13749,19633,NA,NA,NA,2433,6404,4912,NA,NA,NA,NA,NA,NA,NA,NA,NA,NA,NA,NA,NA,NA,NA,NA,NA,NA,NA,NA,NA,NA,NA,NA,NA,-0.356245729721515,266
"645","Kitsumkalum-Chinook","Chinook",2005,8317,11340,NA,NA,NA,1930,3956,2432,NA,NA,NA,NA,NA,NA,NA,NA,NA,NA,NA,NA,NA,NA,NA,NA,NA,NA,NA,NA,NA,NA,NA,NA,NA,-0.310034685413056,266
"646","Kitsumkalum-Chinook","Chinook",2006,15396,8369,NA,NA,NA,4303,8063,3030,NA,NA,NA,NA,NA,NA,NA,NA,NA,NA,NA,NA,NA,NA,NA,NA,NA,NA,NA,NA,NA,NA,NA,NA,NA,0.609573332370763,266
"647","Kitsumkalum-Chinook","Chinook",2007,8371,11709,NA,NA,NA,1380,3576,3415,NA,NA,NA,NA,NA,NA,NA,NA,NA,NA,NA,NA,NA,NA,NA,NA,NA,NA,NA,NA,NA,NA,NA,NA,NA,-0.335584425188668,266
"648","Kitsumkalum-Chinook","Chinook",2008,17257,6862,NA,NA,NA,4400,8011,4846,NA,NA,NA,NA,NA,NA,NA,NA,NA,NA,NA,NA,NA,NA,NA,NA,NA,NA,NA,NA,NA,NA,NA,NA,NA,0.922218913829184,266
"649","Kitsumkalum-Chinook","Chinook",2009,9356,8307,NA,NA,NA,3100,4318,1938,NA,NA,NA,NA,NA,NA,NA,NA,NA,NA,NA,NA,NA,NA,NA,NA,NA,NA,NA,NA,NA,NA,NA,NA,NA,0.118919315864998,266
"650","Kitsumkalum-Chinook","Chinook",2010,23726,8890,NA,NA,NA,3475,14566,5686,NA,NA,NA,NA,NA,NA,NA,NA,NA,NA,NA,NA,NA,NA,NA,NA,NA,NA,NA,NA,NA,NA,NA,NA,NA,0.981644443713098,266
"651","Kitsumkalum-Chinook","Chinook",2011,10350,6706,NA,NA,NA,3271,6093,987,NA,NA,NA,NA,NA,NA,NA,NA,NA,NA,NA,NA,NA,NA,NA,NA,NA,NA,NA,NA,NA,NA,NA,NA,NA,0.433983871667341,266
"652","Kitsumkalum-Chinook","Chinook",2012,6568,6264,NA,NA,NA,1882,3081,1605,NA,NA,NA,NA,NA,NA,NA,NA,NA,NA,NA,NA,NA,NA,NA,NA,NA,NA,NA,NA,NA,NA,NA,NA,NA,0.0473904134616252,266
"653","Kitsumkalum-Chinook","Chinook",2013,4993,11311,NA,NA,NA,1113,2682,1197,NA,NA,NA,NA,NA,NA,NA,NA,NA,NA,NA,NA,NA,NA,NA,NA,NA,NA,NA,NA,NA,NA,NA,NA,NA,-0.817738772030772,266
"654","Portland Sound-Observatory Inlet-Lower Nass-Chinook","Chinook",1986,1947,2138,NA,NA,NA,NA,NA,NA,NA,NA,NA,NA,NA,NA,NA,NA,NA,NA,NA,NA,NA,NA,NA,NA,NA,NA,NA,NA,NA,NA,NA,NA,NA,-0.0935810862127908,267
"655","Portland Sound-Observatory Inlet-Lower Nass-Chinook","Chinook",1987,1742,1930,NA,NA,NA,NA,NA,NA,NA,NA,NA,NA,NA,NA,NA,NA,NA,NA,NA,NA,NA,NA,NA,NA,NA,NA,NA,NA,NA,NA,NA,NA,NA,-0.102486124486483,267
"656","Portland Sound-Observatory Inlet-Lower Nass-Chinook","Chinook",1988,2099,1503,NA,NA,NA,NA,NA,NA,NA,NA,NA,NA,NA,NA,NA,NA,NA,NA,NA,NA,NA,NA,NA,NA,NA,NA,NA,NA,NA,NA,NA,NA,NA,0.333997930067659,267
"657","Portland Sound-Observatory Inlet-Lower Nass-Chinook","Chinook",1989,3617,1068,NA,NA,NA,NA,NA,NA,NA,NA,NA,NA,NA,NA,NA,NA,NA,NA,NA,NA,NA,NA,NA,NA,NA,NA,NA,NA,NA,NA,NA,NA,NA,1.21985721243196,267
"658","Portland Sound-Observatory Inlet-Lower Nass-Chinook","Chinook",1990,2995,2460,NA,NA,NA,NA,NA,NA,NA,NA,NA,NA,NA,NA,NA,NA,NA,NA,NA,NA,NA,NA,NA,NA,NA,NA,NA,NA,NA,NA,NA,NA,NA,0.196782881623141,267
"659","Portland Sound-Observatory Inlet-Lower Nass-Chinook","Chinook",1991,2416,1019,NA,NA,NA,NA,NA,NA,NA,NA,NA,NA,NA,NA,NA,NA,NA,NA,NA,NA,NA,NA,NA,NA,NA,NA,NA,NA,NA,NA,NA,NA,NA,0.863291525831981,267
"660","Portland Sound-Observatory Inlet-Lower Nass-Chinook","Chinook",1992,2337,908,NA,NA,NA,NA,NA,NA,NA,NA,NA,NA,NA,NA,NA,NA,NA,NA,NA,NA,NA,NA,NA,NA,NA,NA,NA,NA,NA,NA,NA,NA,NA,0.945378955937565,267
"661","Portland Sound-Observatory Inlet-Lower Nass-Chinook","Chinook",1993,2438,1039,NA,NA,NA,NA,NA,NA,NA,NA,NA,NA,NA,NA,NA,NA,NA,NA,NA,NA,NA,NA,NA,NA,NA,NA,NA,NA,NA,NA,NA,NA,NA,0.852919318941989,267
"662","Portland Sound-Observatory Inlet-Lower Nass-Chinook","Chinook",1994,2238,3703,NA,NA,NA,NA,NA,NA,NA,NA,NA,NA,NA,NA,NA,NA,NA,NA,NA,NA,NA,NA,NA,NA,NA,NA,NA,NA,NA,NA,NA,NA,NA,-0.503560692041742,267
"663","Portland Sound-Observatory Inlet-Lower Nass-Chinook","Chinook",1995,2381,973,NA,NA,NA,NA,NA,NA,NA,NA,NA,NA,NA,NA,NA,NA,NA,NA,NA,NA,NA,NA,NA,NA,NA,NA,NA,NA,NA,NA,NA,NA,NA,0.894891764300858,267
"664","Portland Sound-Observatory Inlet-Lower Nass-Chinook","Chinook",1996,3467,1108,NA,NA,NA,NA,NA,NA,NA,NA,NA,NA,NA,NA,NA,NA,NA,NA,NA,NA,NA,NA,NA,NA,NA,NA,NA,NA,NA,NA,NA,NA,NA,1.14073307837779,267
"665","Portland Sound-Observatory Inlet-Lower Nass-Chinook","Chinook",1997,3231,1635,NA,NA,NA,NA,NA,NA,NA,NA,NA,NA,NA,NA,NA,NA,NA,NA,NA,NA,NA,NA,NA,NA,NA,NA,NA,NA,NA,NA,NA,NA,NA,0.681148882493145,267
"666","Portland Sound-Observatory Inlet-Lower Nass-Chinook","Chinook",1998,3209,1462,NA,NA,NA,NA,NA,NA,NA,NA,NA,NA,NA,NA,NA,NA,NA,NA,NA,NA,NA,NA,NA,NA,NA,NA,NA,NA,NA,NA,NA,NA,NA,0.786154000800133,267
"667","Portland Sound-Observatory Inlet-Lower Nass-Chinook","Chinook",1999,2913,982,NA,NA,NA,NA,NA,NA,NA,NA,NA,NA,NA,NA,NA,NA,NA,NA,NA,NA,NA,NA,NA,NA,NA,NA,NA,NA,NA,NA,NA,NA,NA,1.08734744860497,267
"668","Portland Sound-Observatory Inlet-Lower Nass-Chinook","Chinook",2000,3229,1302,NA,NA,NA,NA,NA,NA,NA,NA,NA,NA,NA,NA,NA,NA,NA,NA,NA,NA,NA,NA,NA,NA,NA,NA,NA,NA,NA,NA,NA,NA,NA,0.908270947989761,267
"669","Portland Sound-Observatory Inlet-Lower Nass-Chinook","Chinook",2001,4421,4011,NA,NA,NA,NA,NA,NA,NA,NA,NA,NA,NA,NA,NA,NA,NA,NA,NA,NA,NA,NA,NA,NA,NA,NA,NA,NA,NA,NA,NA,NA,NA,0.0973253280561904,267
"670","Portland Sound-Observatory Inlet-Lower Nass-Chinook","Chinook",2002,4195,1452,NA,NA,NA,NA,NA,NA,NA,NA,NA,NA,NA,NA,NA,NA,NA,NA,NA,NA,NA,NA,NA,NA,NA,NA,NA,NA,NA,NA,NA,NA,NA,1.06095142351657,267
"671","Portland Sound-Observatory Inlet-Lower Nass-Chinook","Chinook",2003,3724,2425,NA,NA,NA,NA,NA,NA,NA,NA,NA,NA,NA,NA,NA,NA,NA,NA,NA,NA,NA,NA,NA,NA,NA,NA,NA,NA,NA,NA,NA,NA,NA,0.428966835025374,267
"672","Portland Sound-Observatory Inlet-Lower Nass-Chinook","Chinook",2004,3560,1691,NA,NA,NA,NA,NA,NA,NA,NA,NA,NA,NA,NA,NA,NA,NA,NA,NA,NA,NA,NA,NA,NA,NA,NA,NA,NA,NA,NA,NA,NA,NA,0.744440474947496,267
"673","Portland Sound-Observatory Inlet-Lower Nass-Chinook","Chinook",2005,3074,1865,NA,NA,NA,NA,NA,NA,NA,NA,NA,NA,NA,NA,NA,NA,NA,NA,NA,NA,NA,NA,NA,NA,NA,NA,NA,NA,NA,NA,NA,NA,NA,0.499718592020625,267
"674","Portland Sound-Observatory Inlet-Lower Nass-Chinook","Chinook",2006,2301,4467,NA,NA,NA,NA,NA,NA,NA,NA,NA,NA,NA,NA,NA,NA,NA,NA,NA,NA,NA,NA,NA,NA,NA,NA,NA,NA,NA,NA,NA,NA,NA,-0.663373231316753,267
"675","Portland Sound-Observatory Inlet-Lower Nass-Chinook","Chinook",2007,1702,2828,NA,NA,NA,NA,NA,NA,NA,NA,NA,NA,NA,NA,NA,NA,NA,NA,NA,NA,NA,NA,NA,NA,NA,NA,NA,NA,NA,NA,NA,NA,NA,-0.507765717883144,267
"676","Portland Sound-Observatory Inlet-Lower Nass-Chinook","Chinook",2008,1552,2508,NA,NA,NA,NA,NA,NA,NA,NA,NA,NA,NA,NA,NA,NA,NA,NA,NA,NA,NA,NA,NA,NA,NA,NA,NA,NA,NA,NA,NA,NA,NA,-0.479941201009647,267
"677","Portland Sound-Observatory Inlet-Lower Nass-Chinook","Chinook",2009,1953,3350,NA,NA,NA,NA,NA,NA,NA,NA,NA,NA,NA,NA,NA,NA,NA,NA,NA,NA,NA,NA,NA,NA,NA,NA,NA,NA,NA,NA,NA,NA,NA,-0.539593693942433,267
"678","Portland Sound-Observatory Inlet-Lower Nass-Chinook","Chinook",2010,2466,2348,NA,NA,NA,NA,NA,NA,NA,NA,NA,NA,NA,NA,NA,NA,NA,NA,NA,NA,NA,NA,NA,NA,NA,NA,NA,NA,NA,NA,NA,NA,NA,0.0490335027763026,267
"679","Portland Sound-Observatory Inlet-Lower Nass-Chinook","Chinook",2011,2081,1226,NA,NA,NA,NA,NA,NA,NA,NA,NA,NA,NA,NA,NA,NA,NA,NA,NA,NA,NA,NA,NA,NA,NA,NA,NA,NA,NA,NA,NA,NA,NA,0.529091709897478,267
"680","Upper Nass-Chinook","Chinook",1986,20185,36523,NA,NA,NA,NA,NA,NA,NA,NA,NA,NA,NA,NA,NA,NA,NA,NA,NA,NA,NA,NA,NA,NA,NA,NA,NA,NA,NA,NA,NA,NA,NA,-0.593002444816896,268
"681","Upper Nass-Chinook","Chinook",1987,29351,19540,NA,NA,NA,NA,NA,NA,NA,NA,NA,NA,NA,NA,NA,NA,NA,NA,NA,NA,NA,NA,NA,NA,NA,NA,NA,NA,NA,NA,NA,NA,NA,0.406862970629302,268
"682","Upper Nass-Chinook","Chinook",1988,39310,15345,NA,NA,NA,NA,NA,NA,NA,NA,NA,NA,NA,NA,NA,NA,NA,NA,NA,NA,NA,NA,NA,NA,NA,NA,NA,NA,NA,NA,NA,NA,NA,0.940689251362069,268
"683","Upper Nass-Chinook","Chinook",1989,36679,28133,NA,NA,NA,NA,NA,NA,NA,NA,NA,NA,NA,NA,NA,NA,NA,NA,NA,NA,NA,NA,NA,NA,NA,NA,NA,NA,NA,NA,NA,NA,NA,0.265261119680727,268
"684","Upper Nass-Chinook","Chinook",1990,27919,24051,NA,NA,NA,NA,NA,NA,NA,NA,NA,NA,NA,NA,NA,NA,NA,NA,NA,NA,NA,NA,NA,NA,NA,NA,NA,NA,NA,NA,NA,NA,NA,0.149130884904906,268
"685","Upper Nass-Chinook","Chinook",1991,34058,6907,NA,NA,NA,NA,NA,NA,NA,NA,NA,NA,NA,NA,NA,NA,NA,NA,NA,NA,NA,NA,NA,NA,NA,NA,NA,NA,NA,NA,NA,NA,NA,1.59552956349758,268
"686","Upper Nass-Chinook","Chinook",1992,36162,16808,NA,NA,NA,NA,NA,NA,NA,NA,NA,NA,NA,NA,NA,NA,NA,NA,NA,NA,NA,NA,NA,NA,NA,NA,NA,NA,NA,NA,NA,NA,NA,0.766153880186263,268
"687","Upper Nass-Chinook","Chinook",1993,39001,24814,NA,NA,NA,NA,NA,NA,NA,NA,NA,NA,NA,NA,NA,NA,NA,NA,NA,NA,NA,NA,NA,NA,NA,NA,NA,NA,NA,NA,NA,NA,NA,0.452179276805882,268
"688","Upper Nass-Chinook","Chinook",1994,32330,21169,NA,NA,NA,NA,NA,NA,NA,NA,NA,NA,NA,NA,NA,NA,NA,NA,NA,NA,NA,NA,NA,NA,NA,NA,NA,NA,NA,NA,NA,NA,NA,0.423457744361899,268
"689","Upper Nass-Chinook","Chinook",1995,32162,7844,NA,NA,NA,NA,NA,NA,NA,NA,NA,NA,NA,NA,NA,NA,NA,NA,NA,NA,NA,NA,NA,NA,NA,NA,NA,NA,NA,NA,NA,NA,NA,1.41103672309773,268
"690","Upper Nass-Chinook","Chinook",1996,36995,21842,NA,NA,NA,NA,NA,NA,NA,NA,NA,NA,NA,NA,NA,NA,NA,NA,NA,NA,NA,NA,NA,NA,NA,NA,NA,NA,NA,NA,NA,NA,NA,0.526948046601978,268
"691","Upper Nass-Chinook","Chinook",1997,32431,18702,NA,NA,NA,NA,NA,NA,NA,NA,NA,NA,NA,NA,NA,NA,NA,NA,NA,NA,NA,NA,NA,NA,NA,NA,NA,NA,NA,NA,NA,NA,NA,0.55048428547657,268
"692","Upper Nass-Chinook","Chinook",1998,35723,23213,NA,NA,NA,NA,NA,NA,NA,NA,NA,NA,NA,NA,NA,NA,NA,NA,NA,NA,NA,NA,NA,NA,NA,NA,NA,NA,NA,NA,NA,NA,NA,0.431082272478465,268
"693","Upper Nass-Chinook","Chinook",1999,32499,11544,NA,NA,NA,NA,NA,NA,NA,NA,NA,NA,NA,NA,NA,NA,NA,NA,NA,NA,NA,NA,NA,NA,NA,NA,NA,NA,NA,NA,NA,NA,NA,1.03504349815997,268
"694","Upper Nass-Chinook","Chinook",2000,28898,18047,NA,NA,NA,NA,NA,NA,NA,NA,NA,NA,NA,NA,NA,NA,NA,NA,NA,NA,NA,NA,NA,NA,NA,NA,NA,NA,NA,NA,NA,NA,NA,0.470792922592258,268
"695","Upper Nass-Chinook","Chinook",2001,34122,28329,NA,NA,NA,NA,NA,NA,NA,NA,NA,NA,NA,NA,NA,NA,NA,NA,NA,NA,NA,NA,NA,NA,NA,NA,NA,NA,NA,NA,NA,NA,NA,0.186056322603676,268
"696","Upper Nass-Chinook","Chinook",2002,34760,13352,NA,NA,NA,NA,NA,NA,NA,NA,NA,NA,NA,NA,NA,NA,NA,NA,NA,NA,NA,NA,NA,NA,NA,NA,NA,NA,NA,NA,NA,NA,NA,0.956801114037657,268
"697","Upper Nass-Chinook","Chinook",2003,30786,25848,NA,NA,NA,NA,NA,NA,NA,NA,NA,NA,NA,NA,NA,NA,NA,NA,NA,NA,NA,NA,NA,NA,NA,NA,NA,NA,NA,NA,NA,NA,NA,0.174826812665686,268
"698","Upper Nass-Chinook","Chinook",2004,32187,15185,NA,NA,NA,NA,NA,NA,NA,NA,NA,NA,NA,NA,NA,NA,NA,NA,NA,NA,NA,NA,NA,NA,NA,NA,NA,NA,NA,NA,NA,NA,NA,0.751254545825007,268
"699","Upper Nass-Chinook","Chinook",2005,26870,13706,NA,NA,NA,NA,NA,NA,NA,NA,NA,NA,NA,NA,NA,NA,NA,NA,NA,NA,NA,NA,NA,NA,NA,NA,NA,NA,NA,NA,NA,NA,NA,0.673176729463768,268
"700","Upper Nass-Chinook","Chinook",2006,19506,23594,NA,NA,NA,NA,NA,NA,NA,NA,NA,NA,NA,NA,NA,NA,NA,NA,NA,NA,NA,NA,NA,NA,NA,NA,NA,NA,NA,NA,NA,NA,NA,-0.190270331869828,268
"701","Upper Nass-Chinook","Chinook",2007,15612,22136,NA,NA,NA,NA,NA,NA,NA,NA,NA,NA,NA,NA,NA,NA,NA,NA,NA,NA,NA,NA,NA,NA,NA,NA,NA,NA,NA,NA,NA,NA,NA,-0.349165393166256,268
"702","Upper Nass-Chinook","Chinook",2008,15612,19630,NA,NA,NA,NA,NA,NA,NA,NA,NA,NA,NA,NA,NA,NA,NA,NA,NA,NA,NA,NA,NA,NA,NA,NA,NA,NA,NA,NA,NA,NA,NA,-0.229019158970001,268
"703","Upper Nass-Chinook","Chinook",2009,19728,26226,NA,NA,NA,NA,NA,NA,NA,NA,NA,NA,NA,NA,NA,NA,NA,NA,NA,NA,NA,NA,NA,NA,NA,NA,NA,NA,NA,NA,NA,NA,NA,-0.284712338687244,268
"704","Upper Nass-Chinook","Chinook",2010,24671,18381,NA,NA,NA,NA,NA,NA,NA,NA,NA,NA,NA,NA,NA,NA,NA,NA,NA,NA,NA,NA,NA,NA,NA,NA,NA,NA,NA,NA,NA,NA,NA,0.294310942370944,268
"705","Upper Nass-Chinook","Chinook",2011,18846,9600,NA,NA,NA,NA,NA,NA,NA,NA,NA,NA,NA,NA,NA,NA,NA,NA,NA,NA,NA,NA,NA,NA,NA,NA,NA,NA,NA,NA,NA,NA,NA,0.674537591310774,268
"706","Rivers Inlet-Chinook","Chinook",1980,1451,1409,NA,NA,NA,NA,NA,NA,NA,NA,NA,NA,NA,NA,NA,NA,NA,NA,NA,NA,NA,NA,NA,NA,NA,NA,NA,NA,NA,NA,NA,NA,NA,0.0293727409855076,269
"707","Rivers Inlet-Chinook","Chinook",1981,1176,302,NA,NA,NA,NA,NA,NA,NA,NA,NA,NA,NA,NA,NA,NA,NA,NA,NA,NA,NA,NA,NA,NA,NA,NA,NA,NA,NA,NA,NA,NA,NA,1.3594471110837,269
"708","Rivers Inlet-Chinook","Chinook",1982,1699,2327,NA,NA,NA,NA,NA,NA,NA,NA,NA,NA,NA,NA,NA,NA,NA,NA,NA,NA,NA,NA,NA,NA,NA,NA,NA,NA,NA,NA,NA,NA,NA,-0.31454004163036,269
"709","Rivers Inlet-Chinook","Chinook",1983,1392,3236,NA,NA,NA,NA,NA,NA,NA,NA,NA,NA,NA,NA,NA,NA,NA,NA,NA,NA,NA,NA,NA,NA,NA,NA,NA,NA,NA,NA,NA,NA,NA,-0.843596437284017,269
"710","Rivers Inlet-Chinook","Chinook",1984,1069,1463,NA,NA,NA,NA,NA,NA,NA,NA,NA,NA,NA,NA,NA,NA,NA,NA,NA,NA,NA,NA,NA,NA,NA,NA,NA,NA,NA,NA,NA,NA,NA,-0.313765489995079,269
"711","Rivers Inlet-Chinook","Chinook",1985,1215,775,NA,NA,NA,NA,NA,NA,NA,NA,NA,NA,NA,NA,NA,NA,NA,NA,NA,NA,NA,NA,NA,NA,NA,NA,NA,NA,NA,NA,NA,NA,NA,0.449636326421302,269
"712","Rivers Inlet-Chinook","Chinook",1986,978,565,NA,NA,NA,NA,NA,NA,NA,NA,NA,NA,NA,NA,NA,NA,NA,NA,NA,NA,NA,NA,NA,NA,NA,NA,NA,NA,NA,NA,NA,NA,NA,0.548683938888376,269
"713","Rivers Inlet-Chinook","Chinook",1987,1422,1584,NA,NA,NA,NA,NA,NA,NA,NA,NA,NA,NA,NA,NA,NA,NA,NA,NA,NA,NA,NA,NA,NA,NA,NA,NA,NA,NA,NA,NA,NA,NA,-0.107888962011185,269
"714","Rivers Inlet-Chinook","Chinook",1988,1342,877,NA,NA,NA,NA,NA,NA,NA,NA,NA,NA,NA,NA,NA,NA,NA,NA,NA,NA,NA,NA,NA,NA,NA,NA,NA,NA,NA,NA,NA,NA,NA,0.425409325159444,269
"715","Rivers Inlet-Chinook","Chinook",1989,996,543,NA,NA,NA,NA,NA,NA,NA,NA,NA,NA,NA,NA,NA,NA,NA,NA,NA,NA,NA,NA,NA,NA,NA,NA,NA,NA,NA,NA,NA,NA,NA,0.606637937650663,269
"716","Rivers Inlet-Chinook","Chinook",1990,697,1158,NA,NA,NA,NA,NA,NA,NA,NA,NA,NA,NA,NA,NA,NA,NA,NA,NA,NA,NA,NA,NA,NA,NA,NA,NA,NA,NA,NA,NA,NA,NA,-0.507664247372417,269
"717","Rivers Inlet-Chinook","Chinook",1991,1466,326,NA,NA,NA,NA,NA,NA,NA,NA,NA,NA,NA,NA,NA,NA,NA,NA,NA,NA,NA,NA,NA,NA,NA,NA,NA,NA,NA,NA,NA,NA,NA,1.50339550107989,269
"718","Rivers Inlet-Chinook","Chinook",1992,3012,1353,NA,NA,NA,NA,NA,NA,NA,NA,NA,NA,NA,NA,NA,NA,NA,NA,NA,NA,NA,NA,NA,NA,NA,NA,NA,NA,NA,NA,NA,NA,NA,0.800279960748996,269
"719","Rivers Inlet-Chinook","Chinook",1993,4636,942,NA,NA,NA,NA,NA,NA,NA,NA,NA,NA,NA,NA,NA,NA,NA,NA,NA,NA,NA,NA,NA,NA,NA,NA,NA,NA,NA,NA,NA,NA,NA,1.59360192988328,269
"720","Rivers Inlet-Chinook","Chinook",1994,6021,758,NA,NA,NA,NA,NA,NA,NA,NA,NA,NA,NA,NA,NA,NA,NA,NA,NA,NA,NA,NA,NA,NA,NA,NA,NA,NA,NA,NA,NA,NA,NA,2.07232525182208,269
"721","Rivers Inlet-Chinook","Chinook",1995,6905,253,NA,NA,NA,NA,NA,NA,NA,NA,NA,NA,NA,NA,NA,NA,NA,NA,NA,NA,NA,NA,NA,NA,NA,NA,NA,NA,NA,NA,NA,NA,NA,3.30661157711587,269
"722","Rivers Inlet-Chinook","Chinook",1996,7639,1263,NA,NA,NA,NA,NA,NA,NA,NA,NA,NA,NA,NA,NA,NA,NA,NA,NA,NA,NA,NA,NA,NA,NA,NA,NA,NA,NA,NA,NA,NA,NA,1.79977686119087,269
"723","Rivers Inlet-Chinook","Chinook",1997,7344,2369,NA,NA,NA,NA,NA,NA,NA,NA,NA,NA,NA,NA,NA,NA,NA,NA,NA,NA,NA,NA,NA,NA,NA,NA,NA,NA,NA,NA,NA,NA,NA,1.13141572814154,269
"724","Rivers Inlet-Chinook","Chinook",1998,4772,3922,NA,NA,NA,NA,NA,NA,NA,NA,NA,NA,NA,NA,NA,NA,NA,NA,NA,NA,NA,NA,NA,NA,NA,NA,NA,NA,NA,NA,NA,NA,NA,0.196163776461515,269
"725","Rivers Inlet-Chinook","Chinook",1999,4017,4742,NA,NA,NA,NA,NA,NA,NA,NA,NA,NA,NA,NA,NA,NA,NA,NA,NA,NA,NA,NA,NA,NA,NA,NA,NA,NA,NA,NA,NA,NA,NA,-0.165923632266069,269
"726","Rivers Inlet-Chinook","Chinook",2000,3948,5431,NA,NA,NA,NA,NA,NA,NA,NA,NA,NA,NA,NA,NA,NA,NA,NA,NA,NA,NA,NA,NA,NA,NA,NA,NA,NA,NA,NA,NA,NA,NA,-0.318914157481473,269
"727","Rivers Inlet-Chinook","Chinook",2001,3487,5604,NA,NA,NA,NA,NA,NA,NA,NA,NA,NA,NA,NA,NA,NA,NA,NA,NA,NA,NA,NA,NA,NA,NA,NA,NA,NA,NA,NA,NA,NA,NA,-0.474438860781247,269
"728","Rivers Inlet-Chinook","Chinook",2002,2424,6017,NA,NA,NA,NA,NA,NA,NA,NA,NA,NA,NA,NA,NA,NA,NA,NA,NA,NA,NA,NA,NA,NA,NA,NA,NA,NA,NA,NA,NA,NA,NA,-0.909169728031147,269
"729","Rivers Inlet-Chinook","Chinook",2003,2002,2369,NA,NA,NA,NA,NA,NA,NA,NA,NA,NA,NA,NA,NA,NA,NA,NA,NA,NA,NA,NA,NA,NA,NA,NA,NA,NA,NA,NA,NA,NA,NA,-0.16832124428362,269
"730","Rivers Inlet-Chinook","Chinook",2004,1815,2576,NA,NA,NA,NA,NA,NA,NA,NA,NA,NA,NA,NA,NA,NA,NA,NA,NA,NA,NA,NA,NA,NA,NA,NA,NA,NA,NA,NA,NA,NA,NA,-0.350152340525293,269
"731","Rivers Inlet-Chinook","Chinook",2005,1427,2760,NA,NA,NA,NA,NA,NA,NA,NA,NA,NA,NA,NA,NA,NA,NA,NA,NA,NA,NA,NA,NA,NA,NA,NA,NA,NA,NA,NA,NA,NA,NA,-0.659656341234359,269
"732","Rivers Inlet-Chinook","Chinook",2006,1837,2403,NA,NA,NA,NA,NA,NA,NA,NA,NA,NA,NA,NA,NA,NA,NA,NA,NA,NA,NA,NA,NA,NA,NA,NA,NA,NA,NA,NA,NA,NA,NA,-0.268584150521343,269
"733","Rivers Inlet-Chinook","Chinook",2007,1658,1429,NA,NA,NA,NA,NA,NA,NA,NA,NA,NA,NA,NA,NA,NA,NA,NA,NA,NA,NA,NA,NA,NA,NA,NA,NA,NA,NA,NA,NA,NA,NA,0.148637157765373,269
"734","Rivers Inlet-Chinook","Chinook",2008,2456,1515,NA,NA,NA,NA,NA,NA,NA,NA,NA,NA,NA,NA,NA,NA,NA,NA,NA,NA,NA,NA,NA,NA,NA,NA,NA,NA,NA,NA,NA,NA,NA,0.483118571323564,269
"735","Rivers Inlet-Chinook","Chinook",2009,2431,1537,NA,NA,NA,NA,NA,NA,NA,NA,NA,NA,NA,NA,NA,NA,NA,NA,NA,NA,NA,NA,NA,NA,NA,NA,NA,NA,NA,NA,NA,NA,NA,0.458470230777527,269
"736","Rivers Inlet-Chinook","Chinook",2010,1851,568,NA,NA,NA,NA,NA,NA,NA,NA,NA,NA,NA,NA,NA,NA,NA,NA,NA,NA,NA,NA,NA,NA,NA,NA,NA,NA,NA,NA,NA,NA,NA,1.18135989385235,269
"737","Rivers Inlet-Chinook","Chinook",2011,1094,1280,NA,NA,NA,NA,NA,NA,NA,NA,NA,NA,NA,NA,NA,NA,NA,NA,NA,NA,NA,NA,NA,NA,NA,NA,NA,NA,NA,NA,NA,NA,NA,-0.157019373931736,269
"738","Bella Coola-Bentinck-Chinook","Chinook",1985,29810,27560,NA,NA,NA,NA,NA,NA,NA,NA,NA,NA,NA,NA,NA,NA,NA,NA,NA,NA,NA,NA,NA,NA,NA,NA,NA,NA,NA,NA,NA,NA,NA,0.0784784615445223,270
"739","Bella Coola-Bentinck-Chinook","Chinook",1986,27966,21300,NA,NA,NA,NA,NA,NA,NA,NA,NA,NA,NA,NA,NA,NA,NA,NA,NA,NA,NA,NA,NA,NA,NA,NA,NA,NA,NA,NA,NA,NA,NA,0.27228241390328,270
"740","Bella Coola-Bentinck-Chinook","Chinook",1987,35439,14425,NA,NA,NA,NA,NA,NA,NA,NA,NA,NA,NA,NA,NA,NA,NA,NA,NA,NA,NA,NA,NA,NA,NA,NA,NA,NA,NA,NA,NA,NA,NA,0.898850096240329,270
"741","Bella Coola-Bentinck-Chinook","Chinook",1988,45071,15000,NA,NA,NA,NA,NA,NA,NA,NA,NA,NA,NA,NA,NA,NA,NA,NA,NA,NA,NA,NA,NA,NA,NA,NA,NA,NA,NA,NA,NA,NA,NA,1.10018882306221,270
"742","Bella Coola-Bentinck-Chinook","Chinook",1989,42049,22000,NA,NA,NA,NA,NA,NA,NA,NA,NA,NA,NA,NA,NA,NA,NA,NA,NA,NA,NA,NA,NA,NA,NA,NA,NA,NA,NA,NA,NA,NA,NA,0.647793151565022,270
"743","Bella Coola-Bentinck-Chinook","Chinook",1990,41202,17000,NA,NA,NA,NA,NA,NA,NA,NA,NA,NA,NA,NA,NA,NA,NA,NA,NA,NA,NA,NA,NA,NA,NA,NA,NA,NA,NA,NA,NA,NA,NA,0.885273454810378,270
"744","Bella Coola-Bentinck-Chinook","Chinook",1991,36706,17800,NA,NA,NA,NA,NA,NA,NA,NA,NA,NA,NA,NA,NA,NA,NA,NA,NA,NA,NA,NA,NA,NA,NA,NA,NA,NA,NA,NA,NA,NA,NA,0.723741772138241,270
"745","Bella Coola-Bentinck-Chinook","Chinook",1992,31126,27000,NA,NA,NA,NA,NA,NA,NA,NA,NA,NA,NA,NA,NA,NA,NA,NA,NA,NA,NA,NA,NA,NA,NA,NA,NA,NA,NA,NA,NA,NA,NA,0.142206616778489,270
"746","Bella Coola-Bentinck-Chinook","Chinook",1993,32601,35000,NA,NA,NA,NA,NA,NA,NA,NA,NA,NA,NA,NA,NA,NA,NA,NA,NA,NA,NA,NA,NA,NA,NA,NA,NA,NA,NA,NA,NA,NA,NA,-0.0710050987405894,270
"747","Bella Coola-Bentinck-Chinook","Chinook",1994,34596,26800,NA,NA,NA,NA,NA,NA,NA,NA,NA,NA,NA,NA,NA,NA,NA,NA,NA,NA,NA,NA,NA,NA,NA,NA,NA,NA,NA,NA,NA,NA,NA,0.255336180927454,270
"748","Bella Coola-Bentinck-Chinook","Chinook",1995,35460,32000,NA,NA,NA,NA,NA,NA,NA,NA,NA,NA,NA,NA,NA,NA,NA,NA,NA,NA,NA,NA,NA,NA,NA,NA,NA,NA,NA,NA,NA,NA,NA,0.102669397846335,270
"749","Bella Coola-Bentinck-Chinook","Chinook",1996,35317,25000,NA,NA,NA,NA,NA,NA,NA,NA,NA,NA,NA,NA,NA,NA,NA,NA,NA,NA,NA,NA,NA,NA,NA,NA,NA,NA,NA,NA,NA,NA,NA,0.345488609547802,270
"750","Bella Coola-Bentinck-Chinook","Chinook",1997,29791,18000,NA,NA,NA,NA,NA,NA,NA,NA,NA,NA,NA,NA,NA,NA,NA,NA,NA,NA,NA,NA,NA,NA,NA,NA,NA,NA,NA,NA,NA,NA,NA,0.503834576577137,270
"751","Bella Coola-Bentinck-Chinook","Chinook",1998,28555,22000,NA,NA,NA,NA,NA,NA,NA,NA,NA,NA,NA,NA,NA,NA,NA,NA,NA,NA,NA,NA,NA,NA,NA,NA,NA,NA,NA,NA,NA,NA,NA,0.26078959875851,270
"752","Bella Coola-Bentinck-Chinook","Chinook",1999,31383,25000,NA,NA,NA,NA,NA,NA,NA,NA,NA,NA,NA,NA,NA,NA,NA,NA,NA,NA,NA,NA,NA,NA,NA,NA,NA,NA,NA,NA,NA,NA,NA,0.227390520161533,270
"753","Bella Coola-Bentinck-Chinook","Chinook",2000,36480,25000,NA,NA,NA,NA,NA,NA,NA,NA,NA,NA,NA,NA,NA,NA,NA,NA,NA,NA,NA,NA,NA,NA,NA,NA,NA,NA,NA,NA,NA,NA,NA,0.37788834033793,270
"754","Bella Coola-Bentinck-Chinook","Chinook",2001,37971,24000,NA,NA,NA,NA,NA,NA,NA,NA,NA,NA,NA,NA,NA,NA,NA,NA,NA,NA,NA,NA,NA,NA,NA,NA,NA,NA,NA,NA,NA,NA,NA,0.458768880130475,270
"755","Bella Coola-Bentinck-Chinook","Chinook",2002,28469,14000,NA,NA,NA,NA,NA,NA,NA,NA,NA,NA,NA,NA,NA,NA,NA,NA,NA,NA,NA,NA,NA,NA,NA,NA,NA,NA,NA,NA,NA,NA,NA,0.709758446365142,270
"756","Bella Coola-Bentinck-Chinook","Chinook",2003,18779,15000,NA,NA,NA,NA,NA,NA,NA,NA,NA,NA,NA,NA,NA,NA,NA,NA,NA,NA,NA,NA,NA,NA,NA,NA,NA,NA,NA,NA,NA,NA,NA,0.224689023123859,270
"757","Bella Coola-Bentinck-Chinook","Chinook",2004,18746,17500,NA,NA,NA,NA,NA,NA,NA,NA,NA,NA,NA,NA,NA,NA,NA,NA,NA,NA,NA,NA,NA,NA,NA,NA,NA,NA,NA,NA,NA,NA,NA,0.0687795153948256,270
"758","Bella Coola-Bentinck-Chinook","Chinook",2005,22857,17500,NA,NA,NA,NA,NA,NA,NA,NA,NA,NA,NA,NA,NA,NA,NA,NA,NA,NA,NA,NA,NA,NA,NA,NA,NA,NA,NA,NA,NA,NA,NA,0.267056535229514,270
"759","Bella Coola-Bentinck-Chinook","Chinook",2006,22034,26000,NA,NA,NA,NA,NA,NA,NA,NA,NA,NA,NA,NA,NA,NA,NA,NA,NA,NA,NA,NA,NA,NA,NA,NA,NA,NA,NA,NA,NA,NA,NA,-0.165509823103609,270
"760","Bella Coola-Bentinck-Chinook","Chinook",2007,17188,11000,NA,NA,NA,NA,NA,NA,NA,NA,NA,NA,NA,NA,NA,NA,NA,NA,NA,NA,NA,NA,NA,NA,NA,NA,NA,NA,NA,NA,NA,NA,NA,0.446316193114378,270
"761","Bella Coola-Bentinck-Chinook","Chinook",2008,26625,9000,NA,NA,NA,NA,NA,NA,NA,NA,NA,NA,NA,NA,NA,NA,NA,NA,NA,NA,NA,NA,NA,NA,NA,NA,NA,NA,NA,NA,NA,NA,NA,1.08462604669337,270
"762","Bella Coola-Bentinck-Chinook","Chinook",2009,34812,10600,NA,NA,NA,NA,NA,NA,NA,NA,NA,NA,NA,NA,NA,NA,NA,NA,NA,NA,NA,NA,NA,NA,NA,NA,NA,NA,NA,NA,NA,NA,NA,1.18910815380925,270
"763","Bella Coola-Bentinck-Chinook","Chinook",2010,49832,13389,NA,NA,NA,NA,NA,NA,NA,NA,NA,NA,NA,NA,NA,NA,NA,NA,NA,NA,NA,NA,NA,NA,NA,NA,NA,NA,NA,NA,NA,NA,NA,1.3142238736366,270
"764","Bella Coola-Bentinck-Chinook","Chinook",2011,45860,9100,NA,NA,NA,NA,NA,NA,NA,NA,NA,NA,NA,NA,NA,NA,NA,NA,NA,NA,NA,NA,NA,NA,NA,NA,NA,NA,NA,NA,NA,NA,NA,1.61731886390695,270
"765","Dean River-Chinook","Chinook",1985,3622,4000,NA,NA,NA,NA,NA,NA,NA,NA,NA,NA,NA,NA,NA,NA,NA,NA,NA,NA,NA,NA,NA,NA,NA,NA,NA,NA,NA,NA,NA,NA,NA,-0.099268001658669,271
"766","Dean River-Chinook","Chinook",1986,3733,3300,NA,NA,NA,NA,NA,NA,NA,NA,NA,NA,NA,NA,NA,NA,NA,NA,NA,NA,NA,NA,NA,NA,NA,NA,NA,NA,NA,NA,NA,NA,NA,0.123289731460012,271
"767","Dean River-Chinook","Chinook",1987,3950,1144,NA,NA,NA,NA,NA,NA,NA,NA,NA,NA,NA,NA,NA,NA,NA,NA,NA,NA,NA,NA,NA,NA,NA,NA,NA,NA,NA,NA,NA,NA,NA,1.23918468595542,271
"768","Dean River-Chinook","Chinook",1988,2098,1300,NA,NA,NA,NA,NA,NA,NA,NA,NA,NA,NA,NA,NA,NA,NA,NA,NA,NA,NA,NA,NA,NA,NA,NA,NA,NA,NA,NA,NA,NA,NA,0.478620245506614,271
"769","Dean River-Chinook","Chinook",1989,1749,2300,NA,NA,NA,NA,NA,NA,NA,NA,NA,NA,NA,NA,NA,NA,NA,NA,NA,NA,NA,NA,NA,NA,NA,NA,NA,NA,NA,NA,NA,NA,NA,-0.273864926898639,271
"770","Dean River-Chinook","Chinook",1990,1703,2000,NA,NA,NA,NA,NA,NA,NA,NA,NA,NA,NA,NA,NA,NA,NA,NA,NA,NA,NA,NA,NA,NA,NA,NA,NA,NA,NA,NA,NA,NA,NA,-0.160755778879394,271
"771","Dean River-Chinook","Chinook",1991,2077,2400,NA,NA,NA,NA,NA,NA,NA,NA,NA,NA,NA,NA,NA,NA,NA,NA,NA,NA,NA,NA,NA,NA,NA,NA,NA,NA,NA,NA,NA,NA,NA,-0.144544192459925,271
"772","Dean River-Chinook","Chinook",1992,2235,3000,NA,NA,NA,NA,NA,NA,NA,NA,NA,NA,NA,NA,NA,NA,NA,NA,NA,NA,NA,NA,NA,NA,NA,NA,NA,NA,NA,NA,NA,NA,NA,-0.294371060602578,271
"773","Dean River-Chinook","Chinook",1993,3254,700,NA,NA,NA,NA,NA,NA,NA,NA,NA,NA,NA,NA,NA,NA,NA,NA,NA,NA,NA,NA,NA,NA,NA,NA,NA,NA,NA,NA,NA,NA,NA,1.53655995273558,271
"774","Dean River-Chinook","Chinook",1994,2523,1300,NA,NA,NA,NA,NA,NA,NA,NA,NA,NA,NA,NA,NA,NA,NA,NA,NA,NA,NA,NA,NA,NA,NA,NA,NA,NA,NA,NA,NA,NA,NA,0.66308440519143,271
"775","Dean River-Chinook","Chinook",1995,2241,1100,NA,NA,NA,NA,NA,NA,NA,NA,NA,NA,NA,NA,NA,NA,NA,NA,NA,NA,NA,NA,NA,NA,NA,NA,NA,NA,NA,NA,NA,NA,NA,0.711612015014465,271
"776","Dean River-Chinook","Chinook",1996,4328,2000,NA,NA,NA,NA,NA,NA,NA,NA,NA,NA,NA,NA,NA,NA,NA,NA,NA,NA,NA,NA,NA,NA,NA,NA,NA,NA,NA,NA,NA,NA,NA,0.771958360984235,271
"777","Dean River-Chinook","Chinook",1997,5790,1400,NA,NA,NA,NA,NA,NA,NA,NA,NA,NA,NA,NA,NA,NA,NA,NA,NA,NA,NA,NA,NA,NA,NA,NA,NA,NA,NA,NA,NA,NA,NA,1.41966005496369,271
"778","Dean River-Chinook","Chinook",1998,6552,3000,NA,NA,NA,NA,NA,NA,NA,NA,NA,NA,NA,NA,NA,NA,NA,NA,NA,NA,NA,NA,NA,NA,NA,NA,NA,NA,NA,NA,NA,NA,NA,0.781158057882659,271
"779","Dean River-Chinook","Chinook",1999,6123,1800,NA,NA,NA,NA,NA,NA,NA,NA,NA,NA,NA,NA,NA,NA,NA,NA,NA,NA,NA,NA,NA,NA,NA,NA,NA,NA,NA,NA,NA,NA,NA,1.2242655075937,271
"780","Dean River-Chinook","Chinook",2000,5015,1200,NA,NA,NA,NA,NA,NA,NA,NA,NA,NA,NA,NA,NA,NA,NA,NA,NA,NA,NA,NA,NA,NA,NA,NA,NA,NA,NA,NA,NA,NA,NA,1.43011186461994,271
"781","Dean River-Chinook","Chinook",2001,4884,3795,NA,NA,NA,NA,NA,NA,NA,NA,NA,NA,NA,NA,NA,NA,NA,NA,NA,NA,NA,NA,NA,NA,NA,NA,NA,NA,NA,NA,NA,NA,NA,0.252280145400865,271
"782","Dean River-Chinook","Chinook",2002,3962,3700,NA,NA,NA,NA,NA,NA,NA,NA,NA,NA,NA,NA,NA,NA,NA,NA,NA,NA,NA,NA,NA,NA,NA,NA,NA,NA,NA,NA,NA,NA,NA,0.0684161286261804,271
"783","Dean River-Chinook","Chinook",2003,2264,3700,NA,NA,NA,NA,NA,NA,NA,NA,NA,NA,NA,NA,NA,NA,NA,NA,NA,NA,NA,NA,NA,NA,NA,NA,NA,NA,NA,NA,NA,NA,NA,-0.491199659309242,271
"784","Dean River-Chinook","Chinook",2004,2243,3500,NA,NA,NA,NA,NA,NA,NA,NA,NA,NA,NA,NA,NA,NA,NA,NA,NA,NA,NA,NA,NA,NA,NA,NA,NA,NA,NA,NA,NA,NA,NA,-0.444948712957297,271
"785","Dean River-Chinook","Chinook",2005,2339,2200,NA,NA,NA,NA,NA,NA,NA,NA,NA,NA,NA,NA,NA,NA,NA,NA,NA,NA,NA,NA,NA,NA,NA,NA,NA,NA,NA,NA,NA,NA,NA,0.0612661272377718,271
"786","Dean River-Chinook","Chinook",2006,1847,3700,NA,NA,NA,NA,NA,NA,NA,NA,NA,NA,NA,NA,NA,NA,NA,NA,NA,NA,NA,NA,NA,NA,NA,NA,NA,NA,NA,NA,NA,NA,NA,-0.694770118433076,271
"787","Dean River-Chinook","Chinook",2007,2027,2300,NA,NA,NA,NA,NA,NA,NA,NA,NA,NA,NA,NA,NA,NA,NA,NA,NA,NA,NA,NA,NA,NA,NA,NA,NA,NA,NA,NA,NA,NA,NA,-0.126352255465241,271
"788","Dean River-Chinook","Chinook",2008,3869,1100,NA,NA,NA,NA,NA,NA,NA,NA,NA,NA,NA,NA,NA,NA,NA,NA,NA,NA,NA,NA,NA,NA,NA,NA,NA,NA,NA,NA,NA,NA,NA,1.25768589591405,271
"789","Dean River-Chinook","Chinook",2009,3907,1400,NA,NA,NA,NA,NA,NA,NA,NA,NA,NA,NA,NA,NA,NA,NA,NA,NA,NA,NA,NA,NA,NA,NA,NA,NA,NA,NA,NA,NA,NA,NA,1.02629757945172,271
"790","Dean River-Chinook","Chinook",2010,2883,1600,NA,NA,NA,NA,NA,NA,NA,NA,NA,NA,NA,NA,NA,NA,NA,NA,NA,NA,NA,NA,NA,NA,NA,NA,NA,NA,NA,NA,NA,NA,NA,0.588827789410529,271
"791","Dean River-Chinook","Chinook",2011,3470,750,NA,NA,NA,NA,NA,NA,NA,NA,NA,NA,NA,NA,NA,NA,NA,NA,NA,NA,NA,NA,NA,NA,NA,NA,NA,NA,NA,NA,NA,NA,NA,1.53183666641055,271
"792","North & Central Coast-Early-Chinook","Chinook",1985,1579,823,NA,NA,NA,NA,NA,NA,NA,NA,NA,NA,NA,NA,NA,NA,NA,NA,NA,NA,NA,NA,NA,NA,NA,NA,NA,NA,NA,NA,NA,NA,NA,0.651590813578572,272
"793","North & Central Coast-Early-Chinook","Chinook",1986,1177,1164,NA,NA,NA,NA,NA,NA,NA,NA,NA,NA,NA,NA,NA,NA,NA,NA,NA,NA,NA,NA,NA,NA,NA,NA,NA,NA,NA,NA,NA,NA,NA,0.0111064789688935,272
"794","North & Central Coast-Early-Chinook","Chinook",1987,933,927,NA,NA,NA,NA,NA,NA,NA,NA,NA,NA,NA,NA,NA,NA,NA,NA,NA,NA,NA,NA,NA,NA,NA,NA,NA,NA,NA,NA,NA,NA,NA,0.0064516352814886,272
"795","North & Central Coast-Early-Chinook","Chinook",1988,1231,627,NA,NA,NA,NA,NA,NA,NA,NA,NA,NA,NA,NA,NA,NA,NA,NA,NA,NA,NA,NA,NA,NA,NA,NA,NA,NA,NA,NA,NA,NA,NA,0.674635585551533,272
"796","North & Central Coast-Early-Chinook","Chinook",1989,1140,672,NA,NA,NA,NA,NA,NA,NA,NA,NA,NA,NA,NA,NA,NA,NA,NA,NA,NA,NA,NA,NA,NA,NA,NA,NA,NA,NA,NA,NA,NA,NA,0.528525200865392,272
"797","North & Central Coast-Early-Chinook","Chinook",1990,824,1124,NA,NA,NA,NA,NA,NA,NA,NA,NA,NA,NA,NA,NA,NA,NA,NA,NA,NA,NA,NA,NA,NA,NA,NA,NA,NA,NA,NA,NA,NA,NA,-0.310478500544165,272
"798","North & Central Coast-Early-Chinook","Chinook",1991,787,389,NA,NA,NA,NA,NA,NA,NA,NA,NA,NA,NA,NA,NA,NA,NA,NA,NA,NA,NA,NA,NA,NA,NA,NA,NA,NA,NA,NA,NA,NA,NA,0.704648904798957,272
"799","North & Central Coast-Early-Chinook","Chinook",1992,800,602,NA,NA,NA,NA,NA,NA,NA,NA,NA,NA,NA,NA,NA,NA,NA,NA,NA,NA,NA,NA,NA,NA,NA,NA,NA,NA,NA,NA,NA,NA,NA,0.284354282359106,272
"800","North & Central Coast-Early-Chinook","Chinook",1993,1016,1012,NA,NA,NA,NA,NA,NA,NA,NA,NA,NA,NA,NA,NA,NA,NA,NA,NA,NA,NA,NA,NA,NA,NA,NA,NA,NA,NA,NA,NA,NA,NA,0.00394477829101633,272
"801","North & Central Coast-Early-Chinook","Chinook",1994,763,622,NA,NA,NA,NA,NA,NA,NA,NA,NA,NA,NA,NA,NA,NA,NA,NA,NA,NA,NA,NA,NA,NA,NA,NA,NA,NA,NA,NA,NA,NA,NA,0.204317938545278,272
"802","North & Central Coast-Early-Chinook","Chinook",1995,714,478,NA,NA,NA,NA,NA,NA,NA,NA,NA,NA,NA,NA,NA,NA,NA,NA,NA,NA,NA,NA,NA,NA,NA,NA,NA,NA,NA,NA,NA,NA,NA,0.401272229848128,272
"803","North & Central Coast-Early-Chinook","Chinook",1996,987,727,NA,NA,NA,NA,NA,NA,NA,NA,NA,NA,NA,NA,NA,NA,NA,NA,NA,NA,NA,NA,NA,NA,NA,NA,NA,NA,NA,NA,NA,NA,NA,0.305743561899962,272
"804","North & Central Coast-Early-Chinook","Chinook",1997,1347,602,NA,NA,NA,NA,NA,NA,NA,NA,NA,NA,NA,NA,NA,NA,NA,NA,NA,NA,NA,NA,NA,NA,NA,NA,NA,NA,NA,NA,NA,NA,NA,0.805377731101543,272
"805","North & Central Coast-Early-Chinook","Chinook",1998,1378,923,NA,NA,NA,NA,NA,NA,NA,NA,NA,NA,NA,NA,NA,NA,NA,NA,NA,NA,NA,NA,NA,NA,NA,NA,NA,NA,NA,NA,NA,NA,NA,0.400759217070752,272
"806","North & Central Coast-Early-Chinook","Chinook",1999,1122,329,NA,NA,NA,NA,NA,NA,NA,NA,NA,NA,NA,NA,NA,NA,NA,NA,NA,NA,NA,NA,NA,NA,NA,NA,NA,NA,NA,NA,NA,NA,NA,1.22681033531727,272
"807","North & Central Coast-Early-Chinook","Chinook",2000,1145,672,NA,NA,NA,NA,NA,NA,NA,NA,NA,NA,NA,NA,NA,NA,NA,NA,NA,NA,NA,NA,NA,NA,NA,NA,NA,NA,NA,NA,NA,NA,NA,0.53290157546519,272
"808","North & Central Coast-Early-Chinook","Chinook",2001,1641,871,NA,NA,NA,NA,NA,NA,NA,NA,NA,NA,NA,NA,NA,NA,NA,NA,NA,NA,NA,NA,NA,NA,NA,NA,NA,NA,NA,NA,NA,NA,NA,0.633419114237588,272
"809","North & Central Coast-Early-Chinook","Chinook",2002,4183,967,NA,NA,NA,NA,NA,NA,NA,NA,NA,NA,NA,NA,NA,NA,NA,NA,NA,NA,NA,NA,NA,NA,NA,NA,NA,NA,NA,NA,NA,NA,NA,1.4645854759889,272
"810","North & Central Coast-Early-Chinook","Chinook",2003,3204,702,NA,NA,NA,NA,NA,NA,NA,NA,NA,NA,NA,NA,NA,NA,NA,NA,NA,NA,NA,NA,NA,NA,NA,NA,NA,NA,NA,NA,NA,NA,NA,1.51822190416244,272
"811","North & Central Coast-Early-Chinook","Chinook",2004,3014,510,NA,NA,NA,NA,NA,NA,NA,NA,NA,NA,NA,NA,NA,NA,NA,NA,NA,NA,NA,NA,NA,NA,NA,NA,NA,NA,NA,NA,NA,NA,NA,1.77661265346807,272
"812","North & Central Coast-Early-Chinook","Chinook",2005,1818,606,NA,NA,NA,NA,NA,NA,NA,NA,NA,NA,NA,NA,NA,NA,NA,NA,NA,NA,NA,NA,NA,NA,NA,NA,NA,NA,NA,NA,NA,NA,NA,1.09861228866811,272
"813","North & Central Coast-Early-Chinook","Chinook",2006,560,1253,NA,NA,NA,NA,NA,NA,NA,NA,NA,NA,NA,NA,NA,NA,NA,NA,NA,NA,NA,NA,NA,NA,NA,NA,NA,NA,NA,NA,NA,NA,NA,-0.805359171166873,272
"814","North & Central Coast-Early-Chinook","Chinook",2007,276,3636,NA,NA,NA,NA,NA,NA,NA,NA,NA,NA,NA,NA,NA,NA,NA,NA,NA,NA,NA,NA,NA,NA,NA,NA,NA,NA,NA,NA,NA,NA,NA,-2.57823858958022,272
"815","North & Central Coast-Early-Chinook","Chinook",2008,608,830,NA,NA,NA,NA,NA,NA,NA,NA,NA,NA,NA,NA,NA,NA,NA,NA,NA,NA,NA,NA,NA,NA,NA,NA,NA,NA,NA,NA,NA,NA,NA,-0.311250818824477,272
"816","North & Central Coast-Early-Chinook","Chinook",2009,1048,2342,NA,NA,NA,NA,NA,NA,NA,NA,NA,NA,NA,NA,NA,NA,NA,NA,NA,NA,NA,NA,NA,NA,NA,NA,NA,NA,NA,NA,NA,NA,NA,-0.804121679276675,272
"817","North & Central Coast-Early-Chinook","Chinook",2010,1616,330,NA,NA,NA,NA,NA,NA,NA,NA,NA,NA,NA,NA,NA,NA,NA,NA,NA,NA,NA,NA,NA,NA,NA,NA,NA,NA,NA,NA,NA,NA,NA,1.58861658462051,272
"818","North & Central Coast-Early-Chinook","Chinook",2011,1248,29,NA,NA,NA,NA,NA,NA,NA,NA,NA,NA,NA,NA,NA,NA,NA,NA,NA,NA,NA,NA,NA,NA,NA,NA,NA,NA,NA,NA,NA,NA,NA,3.7620017189429,272
"819","Cedar-Chinook","Chinook",1967,1872,1335,13,750,1014,95,NA,NA,NA,NA,NA,NA,NA,NA,NA,NA,NA,NA,NA,NA,NA,NA,NA,NA,NA,NA,NA,NA,NA,NA,NA,NA,NA,0.338076086203187,273
"820","Cedar-Chinook","Chinook",1968,43,1413,1,12,22,8,NA,NA,NA,NA,NA,NA,NA,NA,NA,NA,NA,NA,NA,NA,NA,NA,NA,NA,NA,NA,NA,NA,NA,NA,NA,NA,NA,-3.49227026699096,273
"821","Cedar-Chinook","Chinook",1969,5095,475,40,605,4040,410,NA,NA,NA,NA,NA,NA,NA,NA,NA,NA,NA,NA,NA,NA,NA,NA,NA,NA,NA,NA,NA,NA,NA,NA,NA,NA,NA,2.37270014162218,273
"822","Cedar-Chinook","Chinook",1970,1695,1746,10,489,1060,136,NA,NA,NA,NA,NA,NA,NA,NA,NA,NA,NA,NA,NA,NA,NA,NA,NA,NA,NA,NA,NA,NA,NA,NA,NA,NA,NA,-0.0296447165849969,273
"823","Cedar-Chinook","Chinook",1971,1750,504,21,341,1241,147,NA,NA,NA,NA,NA,NA,NA,NA,NA,NA,NA,NA,NA,NA,NA,NA,NA,NA,NA,NA,NA,NA,NA,NA,NA,NA,NA,1.24479479884619,273
"824","Cedar-Chinook","Chinook",1972,574,429,4,138,360,72,NA,NA,NA,NA,NA,NA,NA,NA,NA,NA,NA,NA,NA,NA,NA,NA,NA,NA,NA,NA,NA,NA,NA,NA,NA,NA,NA,0.291172477391549,273
"825","Cedar-Chinook","Chinook",1973,1826,1046,13,407,1170,236,NA,NA,NA,NA,NA,NA,NA,NA,NA,NA,NA,NA,NA,NA,NA,NA,NA,NA,NA,NA,NA,NA,NA,NA,NA,NA,NA,0.557154416530046,273
"826","Cedar-Chinook","Chinook",1974,3604,564,33,712,2514,345,NA,NA,NA,NA,NA,NA,NA,NA,NA,NA,NA,NA,NA,NA,NA,NA,NA,NA,NA,NA,NA,NA,NA,NA,NA,NA,NA,1.85474536723017,273
"827","Cedar-Chinook","Chinook",1975,3686,670,30,894,2189,573,NA,NA,NA,NA,NA,NA,NA,NA,NA,NA,NA,NA,NA,NA,NA,NA,NA,NA,NA,NA,NA,NA,NA,NA,NA,NA,NA,1.70501942584476,273
"828","Cedar-Chinook","Chinook",1976,6887,442,53,1516,4919,399,NA,NA,NA,NA,NA,NA,NA,NA,NA,NA,NA,NA,NA,NA,NA,NA,NA,NA,NA,NA,NA,NA,NA,NA,NA,NA,NA,2.746080973467,273
"829","Cedar-Chinook","Chinook",1977,1686,692,21,541,974,150,NA,NA,NA,NA,NA,NA,NA,NA,NA,NA,NA,NA,NA,NA,NA,NA,NA,NA,NA,NA,NA,NA,NA,NA,NA,NA,NA,0.890528182944131,273
"830","Cedar-Chinook","Chinook",1978,2894,921,44,581,1981,288,NA,NA,NA,NA,NA,NA,NA,NA,NA,NA,NA,NA,NA,NA,NA,NA,NA,NA,NA,NA,NA,NA,NA,NA,NA,NA,NA,1.14493487093612,273
"831","Cedar-Chinook","Chinook",1979,2578,1256,23,518,1728,309,NA,NA,NA,NA,NA,NA,NA,NA,NA,NA,NA,NA,NA,NA,NA,NA,NA,NA,NA,NA,NA,NA,NA,NA,NA,NA,NA,0.719081836470989,273
"832","Cedar-Chinook","Chinook",1980,5122,1382,38,934,3631,519,NA,NA,NA,NA,NA,NA,NA,NA,NA,NA,NA,NA,NA,NA,NA,NA,NA,NA,NA,NA,NA,NA,NA,NA,NA,NA,NA,1.31001326243186,273
"833","Cedar-Chinook","Chinook",1981,4855,639,40,1081,3275,459,NA,NA,NA,NA,NA,NA,NA,NA,NA,NA,NA,NA,NA,NA,NA,NA,NA,NA,NA,NA,NA,NA,NA,NA,NA,NA,NA,2.02785992634789,273
"834","Cedar-Chinook","Chinook",1982,1913,785,16,556,1109,232,NA,NA,NA,NA,NA,NA,NA,NA,NA,NA,NA,NA,NA,NA,NA,NA,NA,NA,NA,NA,NA,NA,NA,NA,NA,NA,NA,0.890744251657845,273
"835","Cedar-Chinook","Chinook",1983,3816,810,58,822,2773,163,NA,NA,NA,NA,NA,NA,NA,NA,NA,NA,NA,NA,NA,NA,NA,NA,NA,NA,NA,NA,NA,NA,NA,NA,NA,NA,NA,1.54992378490169,273
"836","Cedar-Chinook","Chinook",1984,2573,913,35,786,1556,196,NA,NA,NA,NA,NA,NA,NA,NA,NA,NA,NA,NA,NA,NA,NA,NA,NA,NA,NA,NA,NA,NA,NA,NA,NA,NA,NA,1.03609193168678,273
"837","Cedar-Chinook","Chinook",1985,1625,795,51,478,1003,93,NA,NA,NA,NA,NA,NA,NA,NA,NA,NA,NA,NA,NA,NA,NA,NA,NA,NA,NA,NA,NA,NA,NA,NA,NA,NA,NA,0.714920980109506,273
"838","Cedar-Chinook","Chinook",1986,2193,961,31,488,1491,183,NA,NA,NA,NA,NA,NA,NA,NA,NA,NA,NA,NA,NA,NA,NA,NA,NA,NA,NA,NA,NA,NA,NA,NA,NA,NA,NA,0.825051339447596,273
"839","Cedar-Chinook","Chinook",1987,1561,1566,20,279,1084,178,NA,NA,NA,NA,NA,NA,NA,NA,NA,NA,NA,NA,NA,NA,NA,NA,NA,NA,NA,NA,NA,NA,NA,NA,NA,NA,NA,-0.0031979560353163,273
"840","Cedar-Chinook","Chinook",1988,4258,796,48,631,3429,150,NA,NA,NA,NA,NA,NA,NA,NA,NA,NA,NA,NA,NA,NA,NA,NA,NA,NA,NA,NA,NA,NA,NA,NA,NA,NA,NA,1.67695565960904,273
"841","Cedar-Chinook","Chinook",1989,26,791,1,11,12,2,NA,NA,NA,NA,NA,NA,NA,NA,NA,NA,NA,NA,NA,NA,NA,NA,NA,NA,NA,NA,NA,NA,NA,NA,NA,NA,NA,-3.41520142974617,273
"842","Cedar-Chinook","Chinook",1990,734,685,20,140,515,59,NA,NA,NA,NA,NA,NA,NA,NA,NA,NA,NA,NA,NA,NA,NA,NA,NA,NA,NA,NA,NA,NA,NA,NA,NA,NA,NA,0.0690901903522903,273
"843","Cedar-Chinook","Chinook",1991,1726,710,20,429,1220,57,NA,NA,NA,NA,NA,NA,NA,NA,NA,NA,NA,NA,NA,NA,NA,NA,NA,NA,NA,NA,NA,NA,NA,NA,NA,NA,NA,0.888296901608012,273
"844","Cedar-Chinook","Chinook",1992,728,744,13,271,416,28,NA,NA,NA,NA,NA,NA,NA,NA,NA,NA,NA,NA,NA,NA,NA,NA,NA,NA,NA,NA,NA,NA,NA,NA,NA,NA,NA,-0.0217399866364059,273
"845","Cedar-Chinook","Chinook",1993,261,241,8,91,152,10,NA,NA,NA,NA,NA,NA,NA,NA,NA,NA,NA,NA,NA,NA,NA,NA,NA,NA,NA,NA,NA,NA,NA,NA,NA,NA,NA,0.0797234738320383,273
"846","Cedar-Chinook","Chinook",1994,13,646,0,5,7,1,NA,NA,NA,NA,NA,NA,NA,NA,NA,NA,NA,NA,NA,NA,NA,NA,NA,NA,NA,NA,NA,NA,NA,NA,NA,NA,NA,-3.90585014632107,273
"847","Cedar-Chinook","Chinook",1995,734,959,15,161,533,25,NA,NA,NA,NA,NA,NA,NA,NA,NA,NA,NA,NA,NA,NA,NA,NA,NA,NA,NA,NA,NA,NA,NA,NA,NA,NA,NA,-0.267382046268923,273
"848","Cedar-Chinook","Chinook",1996,35,423,0,5,5,25,NA,NA,NA,NA,NA,NA,NA,NA,NA,NA,NA,NA,NA,NA,NA,NA,NA,NA,NA,NA,NA,NA,NA,NA,NA,NA,NA,-2.49202411755686,273
"849","Cedar-Chinook","Chinook",1997,675,346,9,74,549,43,NA,NA,NA,NA,NA,NA,NA,NA,NA,NA,NA,NA,NA,NA,NA,NA,NA,NA,NA,NA,NA,NA,NA,NA,NA,NA,NA,0.668273915814806,273
"850","Cedar-Chinook","Chinook",1998,1716,448,8,443,941,324,NA,NA,NA,NA,NA,NA,NA,NA,NA,NA,NA,NA,NA,NA,NA,NA,NA,NA,NA,NA,NA,NA,NA,NA,NA,NA,NA,1.34295804763292,273
"851","Cedar-Chinook","Chinook",1999,1404,482,6,60,719,619,NA,NA,NA,NA,NA,NA,NA,NA,NA,NA,NA,NA,NA,NA,NA,NA,NA,NA,NA,NA,NA,NA,NA,NA,NA,NA,NA,1.06913647053516,273
"852","Cedar-Chinook","Chinook",2000,2294,148,2,197,1817,278,NA,NA,NA,NA,NA,NA,NA,NA,NA,NA,NA,NA,NA,NA,NA,NA,NA,NA,NA,NA,NA,NA,NA,NA,NA,NA,NA,2.7408400239252,273
"853","Cedar-Chinook","Chinook",2001,958,1003,3,125,584,246,NA,NA,NA,NA,NA,NA,NA,NA,NA,NA,NA,NA,NA,NA,NA,NA,NA,NA,NA,NA,NA,NA,NA,NA,NA,NA,NA,-0.045903009991075,273
"854","Cedar-Chinook","Chinook",2002,2839,705,41,356,2377,65,NA,NA,NA,NA,NA,NA,NA,NA,NA,NA,NA,NA,NA,NA,NA,NA,NA,NA,NA,NA,NA,NA,NA,NA,NA,NA,NA,1.3930093536607,273
"855","Cedar-Chinook","Chinook",2003,2860,846,4,493,2227,136,NA,NA,NA,NA,NA,NA,NA,NA,NA,NA,NA,NA,NA,NA,NA,NA,NA,NA,NA,NA,NA,NA,NA,NA,NA,NA,NA,1.21805754420768,273
"856","Cedar-Chinook","Chinook",2004,5453,1271,58,2074,3205,116,NA,NA,NA,NA,NA,NA,NA,NA,NA,NA,NA,NA,NA,NA,NA,NA,NA,NA,NA,NA,NA,NA,NA,NA,NA,NA,NA,1.45636192373661,273
"857","Cedar-Chinook","Chinook",2005,1253,833,23,386,802,42,NA,NA,NA,NA,NA,NA,NA,NA,NA,NA,NA,NA,NA,NA,NA,NA,NA,NA,NA,NA,NA,NA,NA,NA,NA,NA,NA,0.408262312729226,273
"858","Cedar-Chinook","Chinook",2006,802,1526,12,285,505,0,NA,NA,NA,NA,NA,NA,NA,NA,NA,NA,NA,NA,NA,NA,NA,NA,NA,NA,NA,NA,NA,NA,NA,NA,NA,NA,NA,-0.643296603977888,273
"859","Cedar-Chinook","Chinook",2007,1355,2171,15,249,1054,37,NA,NA,NA,NA,NA,NA,NA,NA,NA,NA,NA,NA,NA,NA,NA,NA,NA,NA,NA,NA,NA,NA,NA,NA,NA,NA,NA,-0.471386436564491,273
"860","Cedar-Chinook","Chinook",2008,317,1509,0,86,215,16,NA,NA,NA,NA,NA,NA,NA,NA,NA,NA,NA,NA,NA,NA,NA,NA,NA,NA,NA,NA,NA,NA,NA,NA,NA,NA,NA,-1.56030068489057,273
"861","Cedar-Chinook","Chinook",2009,3360,729,57,937,2336,30,NA,NA,NA,NA,NA,NA,NA,NA,NA,NA,NA,NA,NA,NA,NA,NA,NA,NA,NA,NA,NA,NA,NA,NA,NA,NA,NA,1.52802252094859,273
"862","Cedar-Chinook","Chinook",2010,352,661,4,128,199,21,NA,NA,NA,NA,NA,NA,NA,NA,NA,NA,NA,NA,NA,NA,NA,NA,NA,NA,NA,NA,NA,NA,NA,NA,NA,NA,NA,-0.630122664253589,273
"863","Cedar-Chinook","Chinook",2011,2600,867,22,243,2207,128,NA,NA,NA,NA,NA,NA,NA,NA,NA,NA,NA,NA,NA,NA,NA,NA,NA,NA,NA,NA,NA,NA,NA,NA,NA,NA,NA,1.09822774722903,273
"864","Cedar-Chinook","Chinook",2012,909,1054,5,274,540,90,NA,NA,NA,NA,NA,NA,NA,NA,NA,NA,NA,NA,NA,NA,NA,NA,NA,NA,NA,NA,NA,NA,NA,NA,NA,NA,NA,-0.148002634923829,273
"865","Cedar-Chinook","Chinook",2013,2652,1833,127,469,1987,69,NA,NA,NA,NA,NA,NA,NA,NA,NA,NA,NA,NA,NA,NA,NA,NA,NA,NA,NA,NA,NA,NA,NA,NA,NA,NA,NA,0.369360103466048,273
"866","Cedar-Chinook","Chinook",2014,1551,576,17,960,574,0,NA,NA,NA,NA,NA,NA,NA,NA,NA,NA,NA,NA,NA,NA,NA,NA,NA,NA,NA,NA,NA,NA,NA,NA,NA,NA,NA,0.990547502480648,273
"867","Dungeness-Chinook","Chinook",1988,1181,335,0,31,901,249,NA,NA,NA,NA,NA,NA,NA,NA,NA,NA,NA,NA,NA,NA,NA,NA,NA,NA,NA,NA,NA,NA,NA,NA,NA,NA,NA,1.2599862843723,274
"868","Dungeness-Chinook","Chinook",1989,39,88,0,2,8,29,NA,NA,NA,NA,NA,NA,NA,NA,NA,NA,NA,NA,NA,NA,NA,NA,NA,NA,NA,NA,NA,NA,NA,NA,NA,NA,NA,-0.81377516834856,274
"869","Dungeness-Chinook","Chinook",1990,185,310,0,8,80,97,NA,NA,NA,NA,NA,NA,NA,NA,NA,NA,NA,NA,NA,NA,NA,NA,NA,NA,NA,NA,NA,NA,NA,NA,NA,NA,NA,-0.516216472400867,274
"870","Dungeness-Chinook","Chinook",1991,249,163,0,13,132,104,NA,NA,NA,NA,NA,NA,NA,NA,NA,NA,NA,NA,NA,NA,NA,NA,NA,NA,NA,NA,NA,NA,NA,NA,NA,NA,NA,0.423702695657945,274
"871","Dungeness-Chinook","Chinook",1992,211,153,0,20,142,49,NA,NA,NA,NA,NA,NA,NA,NA,NA,NA,NA,NA,NA,NA,NA,NA,NA,NA,NA,NA,NA,NA,NA,NA,NA,NA,NA,0.321420212083631,274
"872","Dungeness-Chinook","Chinook",1993,28,43,0,3,10,15,NA,NA,NA,NA,NA,NA,NA,NA,NA,NA,NA,NA,NA,NA,NA,NA,NA,NA,NA,NA,NA,NA,NA,NA,NA,NA,NA,-0.428995605518358,274
"873","Dungeness-Chinook","Chinook",1994,172,65,0,10,111,51,NA,NA,NA,NA,NA,NA,NA,NA,NA,NA,NA,NA,NA,NA,NA,NA,NA,NA,NA,NA,NA,NA,NA,NA,NA,NA,NA,0.973107206917816,274
"874","Dungeness-Chinook","Chinook",1995,79,163,0,6,29,44,NA,NA,NA,NA,NA,NA,NA,NA,NA,NA,NA,NA,NA,NA,NA,NA,NA,NA,NA,NA,NA,NA,NA,NA,NA,NA,NA,-0.724302348339741,274
"875","Dungeness-Chinook","Chinook",1996,246,183,0,15,213,18,NA,NA,NA,NA,NA,NA,NA,NA,NA,NA,NA,NA,NA,NA,NA,NA,NA,NA,NA,NA,NA,NA,NA,NA,NA,NA,NA,0.295845383090942,274
"876","Dungeness-Chinook","Chinook",1997,13,50,0,2,2,9,NA,NA,NA,NA,NA,NA,NA,NA,NA,NA,NA,NA,NA,NA,NA,NA,NA,NA,NA,NA,NA,NA,NA,NA,NA,NA,NA,-1.34707364796661,274
"877","Dungeness-Chinook","Chinook",1998,243,110,0,4,135,104,NA,NA,NA,NA,NA,NA,NA,NA,NA,NA,NA,NA,NA,NA,NA,NA,NA,NA,NA,NA,NA,NA,NA,NA,NA,NA,NA,0.792581077548132,274
"878","Dungeness-Chinook","Chinook",1999,103,75,0,8,55,40,NA,NA,NA,NA,NA,NA,NA,NA,NA,NA,NA,NA,NA,NA,NA,NA,NA,NA,NA,NA,NA,NA,NA,NA,NA,NA,NA,0.317240874693325,274
"879","Dungeness-Chinook","Chinook",2000,377,218,0,26,168,183,NA,NA,NA,NA,NA,NA,NA,NA,NA,NA,NA,NA,NA,NA,NA,NA,NA,NA,NA,NA,NA,NA,NA,NA,NA,NA,NA,0.547750124658922,274
"880","Dungeness-Chinook","Chinook",2001,767,453,0,24,245,498,NA,NA,NA,NA,NA,NA,NA,NA,NA,NA,NA,NA,NA,NA,NA,NA,NA,NA,NA,NA,NA,NA,NA,NA,NA,NA,NA,0.526594675884222,274
"881","Dungeness-Chinook","Chinook",2002,626,633,0,42,432,152,NA,NA,NA,NA,NA,NA,NA,NA,NA,NA,NA,NA,NA,NA,NA,NA,NA,NA,NA,NA,NA,NA,NA,NA,NA,NA,NA,-0.0111200510440777,274
"882","Dungeness-Chinook","Chinook",2003,456,640,0,38,136,282,NA,NA,NA,NA,NA,NA,NA,NA,NA,NA,NA,NA,NA,NA,NA,NA,NA,NA,NA,NA,NA,NA,NA,NA,NA,NA,NA,-0.338975366839331,274
"883","Dungeness-Chinook","Chinook",2004,194,953,0,15,91,88,NA,NA,NA,NA,NA,NA,NA,NA,NA,NA,NA,NA,NA,NA,NA,NA,NA,NA,NA,NA,NA,NA,NA,NA,NA,NA,NA,-1.59175674459087,274
"884","Dungeness-Chinook","Chinook",2005,105,955,0,10,61,34,NA,NA,NA,NA,NA,NA,NA,NA,NA,NA,NA,NA,NA,NA,NA,NA,NA,NA,NA,NA,NA,NA,NA,NA,NA,NA,NA,-2.20775099032321,274
"885","Dungeness-Chinook","Chinook",2006,119,1405,0,12,67,40,NA,NA,NA,NA,NA,NA,NA,NA,NA,NA,NA,NA,NA,NA,NA,NA,NA,NA,NA,NA,NA,NA,NA,NA,NA,NA,NA,-2.46866908865632,274
"886","Dungeness-Chinook","Chinook",2007,109,305,0,8,49,52,NA,NA,NA,NA,NA,NA,NA,NA,NA,NA,NA,NA,NA,NA,NA,NA,NA,NA,NA,NA,NA,NA,NA,NA,NA,NA,NA,-1.02896389437827,274
"887","Dungeness-Chinook","Chinook",2008,392,140,0,26,272,94,NA,NA,NA,NA,NA,NA,NA,NA,NA,NA,NA,NA,NA,NA,NA,NA,NA,NA,NA,NA,NA,NA,NA,NA,NA,NA,NA,1.02961941718116,274
"888","Dungeness-Chinook","Chinook",2009,22,128,0,2,7,13,NA,NA,NA,NA,NA,NA,NA,NA,NA,NA,NA,NA,NA,NA,NA,NA,NA,NA,NA,NA,NA,NA,NA,NA,NA,NA,NA,-1.7609878105613,274
"889","Dungeness-Chinook","Chinook",2010,23,345,0,1,13,9,NA,NA,NA,NA,NA,NA,NA,NA,NA,NA,NA,NA,NA,NA,NA,NA,NA,NA,NA,NA,NA,NA,NA,NA,NA,NA,NA,-2.70805020110221,274
"890","Dungeness-Chinook","Chinook",2011,351,535,0,19,141,191,NA,NA,NA,NA,NA,NA,NA,NA,NA,NA,NA,NA,NA,NA,NA,NA,NA,NA,NA,NA,NA,NA,NA,NA,NA,NA,NA,-0.421480523430141,274
"891","Dungeness-Chinook","Chinook",2012,326,508,0,17,201,108,NA,NA,NA,NA,NA,NA,NA,NA,NA,NA,NA,NA,NA,NA,NA,NA,NA,NA,NA,NA,NA,NA,NA,NA,NA,NA,NA,-0.443584066211774,274
"892","Dungeness-Chinook","Chinook",2013,325,168,0,31,179,115,NA,NA,NA,NA,NA,NA,NA,NA,NA,NA,NA,NA,NA,NA,NA,NA,NA,NA,NA,NA,NA,NA,NA,NA,NA,NA,NA,0.659861202926479,274
"893","Elwha-Chinook","Chinook",1988,6122,5323,10,333,3026,2753,NA,NA,NA,NA,NA,NA,NA,NA,NA,NA,NA,NA,NA,NA,NA,NA,NA,NA,NA,NA,NA,NA,NA,NA,NA,NA,NA,0.1398517863326,275
"894","Elwha-Chinook","Chinook",1989,836,3059,25,51,367,393,NA,NA,NA,NA,NA,NA,NA,NA,NA,NA,NA,NA,NA,NA,NA,NA,NA,NA,NA,NA,NA,NA,NA,NA,NA,NA,NA,-1.2972147310662,275
"895","Elwha-Chinook","Chinook",1990,915,1655,7,150,446,312,NA,NA,NA,NA,NA,NA,NA,NA,NA,NA,NA,NA,NA,NA,NA,NA,NA,NA,NA,NA,NA,NA,NA,NA,NA,NA,NA,-0.592632222535642,275
"896","Elwha-Chinook","Chinook",1991,413,1651,3,17,275,118,NA,NA,NA,NA,NA,NA,NA,NA,NA,NA,NA,NA,NA,NA,NA,NA,NA,NA,NA,NA,NA,NA,NA,NA,NA,NA,NA,-1.3856888509591,275
"897","Elwha-Chinook","Chinook",1992,258,485,1,35,104,118,NA,NA,NA,NA,NA,NA,NA,NA,NA,NA,NA,NA,NA,NA,NA,NA,NA,NA,NA,NA,NA,NA,NA,NA,NA,NA,NA,-0.631189306015866,275
"898","Elwha-Chinook","Chinook",1993,975,636,12,119,776,68,NA,NA,NA,NA,NA,NA,NA,NA,NA,NA,NA,NA,NA,NA,NA,NA,NA,NA,NA,NA,NA,NA,NA,NA,NA,NA,NA,0.427238907657725,275
"899","Elwha-Chinook","Chinook",1994,355,164,10,107,116,122,NA,NA,NA,NA,NA,NA,NA,NA,NA,NA,NA,NA,NA,NA,NA,NA,NA,NA,NA,NA,NA,NA,NA,NA,NA,NA,NA,0.772251361651217,275
"900","Elwha-Chinook","Chinook",1995,703,540,0,12,506,185,NA,NA,NA,NA,NA,NA,NA,NA,NA,NA,NA,NA,NA,NA,NA,NA,NA,NA,NA,NA,NA,NA,NA,NA,NA,NA,NA,0.263787752252345,275
"901","Elwha-Chinook","Chinook",1996,25,374,1,2,7,15,NA,NA,NA,NA,NA,NA,NA,NA,NA,NA,NA,NA,NA,NA,NA,NA,NA,NA,NA,NA,NA,NA,NA,NA,NA,NA,NA,-2.70537997254633,275
"902","Elwha-Chinook","Chinook",1997,1357,1578,18,90,646,603,NA,NA,NA,NA,NA,NA,NA,NA,NA,NA,NA,NA,NA,NA,NA,NA,NA,NA,NA,NA,NA,NA,NA,NA,NA,NA,NA,-0.15088184157095,275
"903","Elwha-Chinook","Chinook",1998,338,724,3,27,156,152,NA,NA,NA,NA,NA,NA,NA,NA,NA,NA,NA,NA,NA,NA,NA,NA,NA,NA,NA,NA,NA,NA,NA,NA,NA,NA,NA,-0.761745496902698,275
"904","Elwha-Chinook","Chinook",1999,1661,933,17,143,734,767,NA,NA,NA,NA,NA,NA,NA,NA,NA,NA,NA,NA,NA,NA,NA,NA,NA,NA,NA,NA,NA,NA,NA,NA,NA,NA,NA,0.576769908765951,275
"905","Elwha-Chinook","Chinook",2000,1909,723,22,153,1176,558,NA,NA,NA,NA,NA,NA,NA,NA,NA,NA,NA,NA,NA,NA,NA,NA,NA,NA,NA,NA,NA,NA,NA,NA,NA,NA,NA,0.970925601566983,275
"906","Elwha-Chinook","Chinook",2001,1150,676,9,98,385,658,NA,NA,NA,NA,NA,NA,NA,NA,NA,NA,NA,NA,NA,NA,NA,NA,NA,NA,NA,NA,NA,NA,NA,NA,NA,NA,NA,0.531324145314332,275
"907","Elwha-Chinook","Chinook",2002,642,897,20,84,482,56,NA,NA,NA,NA,NA,NA,NA,NA,NA,NA,NA,NA,NA,NA,NA,NA,NA,NA,NA,NA,NA,NA,NA,NA,NA,NA,NA,-0.334467558368835,275
"908","Elwha-Chinook","Chinook",2003,707,1056,7,49,391,260,NA,NA,NA,NA,NA,NA,NA,NA,NA,NA,NA,NA,NA,NA,NA,NA,NA,NA,NA,NA,NA,NA,NA,NA,NA,NA,NA,-0.401212798369634,275
"909","Elwha-Chinook","Chinook",2004,307,2101,6,66,167,68,NA,NA,NA,NA,NA,NA,NA,NA,NA,NA,NA,NA,NA,NA,NA,NA,NA,NA,NA,NA,NA,NA,NA,NA,NA,NA,NA,-1.9233209532578,275
"910","Elwha-Chinook","Chinook",2005,326,843,20,243,13,50,NA,NA,NA,NA,NA,NA,NA,NA,NA,NA,NA,NA,NA,NA,NA,NA,NA,NA,NA,NA,NA,NA,NA,NA,NA,NA,NA,-0.950069576635148,275
"911","Elwha-Chinook","Chinook",2006,45,701,17,8,11,9,NA,NA,NA,NA,NA,NA,NA,NA,NA,NA,NA,NA,NA,NA,NA,NA,NA,NA,NA,NA,NA,NA,NA,NA,NA,NA,NA,-2.74584539726427,275
"912","Elwha-Chinook","Chinook",2007,54,409,0,41,7,6,NA,NA,NA,NA,NA,NA,NA,NA,NA,NA,NA,NA,NA,NA,NA,NA,NA,NA,NA,NA,NA,NA,NA,NA,NA,NA,NA,-2.02473110947853,275
"913","Elwha-Chinook","Chinook",2008,352,494,0,28,222,102,NA,NA,NA,NA,NA,NA,NA,NA,NA,NA,NA,NA,NA,NA,NA,NA,NA,NA,NA,NA,NA,NA,NA,NA,NA,NA,NA,-0.338904341589825,275
"914","Elwha-Chinook","Chinook",2009,218,682,2,24,106,86,NA,NA,NA,NA,NA,NA,NA,NA,NA,NA,NA,NA,NA,NA,NA,NA,NA,NA,NA,NA,NA,NA,NA,NA,NA,NA,NA,-1.14053459505437,275
"915","Green River-Chinook","Chinook",1970,18494,11542,380,410,15202,2502,NA,NA,NA,NA,NA,NA,NA,NA,NA,NA,NA,NA,NA,NA,NA,NA,NA,NA,NA,NA,NA,NA,NA,NA,NA,NA,NA,0.471453798866672,276
"916","Green River-Chinook","Chinook",1971,8539,5847,31,910,5578,2020,NA,NA,NA,NA,NA,NA,NA,NA,NA,NA,NA,NA,NA,NA,NA,NA,NA,NA,NA,NA,NA,NA,NA,NA,NA,NA,NA,0.378715195731936,276
"917","Green River-Chinook","Chinook",1972,26396,4747,244,2983,20404,2765,NA,NA,NA,NA,NA,NA,NA,NA,NA,NA,NA,NA,NA,NA,NA,NA,NA,NA,NA,NA,NA,NA,NA,NA,NA,NA,NA,1.71569964395199,276
"918","Green River-Chinook","Chinook",1973,4513,3368,85,1260,2964,204,NA,NA,NA,NA,NA,NA,NA,NA,NA,NA,NA,NA,NA,NA,NA,NA,NA,NA,NA,NA,NA,NA,NA,NA,NA,NA,NA,0.292643024464784,276
"919","Green River-Chinook","Chinook",1974,395,5331,17,102,115,161,NA,NA,NA,NA,NA,NA,NA,NA,NA,NA,NA,NA,NA,NA,NA,NA,NA,NA,NA,NA,NA,NA,NA,NA,NA,NA,NA,-2.60240835192164,276
"920","Green River-Chinook","Chinook",1975,21419,3483,419,894,13507,6599,NA,NA,NA,NA,NA,NA,NA,NA,NA,NA,NA,NA,NA,NA,NA,NA,NA,NA,NA,NA,NA,NA,NA,NA,NA,NA,NA,1.81638438720514,276
"921","Green River-Chinook","Chinook",1976,22464,3149,162,4199,16969,1134,NA,NA,NA,NA,NA,NA,NA,NA,NA,NA,NA,NA,NA,NA,NA,NA,NA,NA,NA,NA,NA,NA,NA,NA,NA,NA,NA,1.96482908572451,276
"922","Green River-Chinook","Chinook",1977,459,4310,22,155,231,51,NA,NA,NA,NA,NA,NA,NA,NA,NA,NA,NA,NA,NA,NA,NA,NA,NA,NA,NA,NA,NA,NA,NA,NA,NA,NA,NA,-2.23964297303725,276
"923","Green River-Chinook","Chinook",1978,1067,3849,42,86,385,554,NA,NA,NA,NA,NA,NA,NA,NA,NA,NA,NA,NA,NA,NA,NA,NA,NA,NA,NA,NA,NA,NA,NA,NA,NA,NA,NA,-1.28296240198199,276
"924","Green River-Chinook","Chinook",1979,43993,9724,352,2017,39759,1865,NA,NA,NA,NA,NA,NA,NA,NA,NA,NA,NA,NA,NA,NA,NA,NA,NA,NA,NA,NA,NA,NA,NA,NA,NA,NA,NA,1.50943347389899,276
"925","Green River-Chinook","Chinook",1980,86814,7763,127,5096,10273,71318,NA,NA,NA,NA,NA,NA,NA,NA,NA,NA,NA,NA,NA,NA,NA,NA,NA,NA,NA,NA,NA,NA,NA,NA,NA,NA,NA,2.41439904155946,276
"926","Green River-Chinook","Chinook",1981,9419,4629,537,1473,6600,809,NA,NA,NA,NA,NA,NA,NA,NA,NA,NA,NA,NA,NA,NA,NA,NA,NA,NA,NA,NA,NA,NA,NA,NA,NA,NA,NA,0.710388063791547,276
"927","Green River-Chinook","Chinook",1982,4869,2041,119,913,2744,1093,NA,NA,NA,NA,NA,NA,NA,NA,NA,NA,NA,NA,NA,NA,NA,NA,NA,NA,NA,NA,NA,NA,NA,NA,NA,NA,NA,0.869448693372856,276
"928","Green River-Chinook","Chinook",1983,16115,3802,346,1908,11465,2396,NA,NA,NA,NA,NA,NA,NA,NA,NA,NA,NA,NA,NA,NA,NA,NA,NA,NA,NA,NA,NA,NA,NA,NA,NA,NA,NA,1.44422327120116,276
"929","Green River-Chinook","Chinook",1984,16210,3447,284,3205,10967,1754,NA,NA,NA,NA,NA,NA,NA,NA,NA,NA,NA,NA,NA,NA,NA,NA,NA,NA,NA,NA,NA,NA,NA,NA,NA,NA,NA,1.54812404821286,276
"930","Green River-Chinook","Chinook",1985,7688,3188,497,805,5991,395,NA,NA,NA,NA,NA,NA,NA,NA,NA,NA,NA,NA,NA,NA,NA,NA,NA,NA,NA,NA,NA,NA,NA,NA,NA,NA,NA,0.880266910740023,276
"931","Green River-Chinook","Chinook",1986,31134,5164,556,4341,14550,11687,NA,NA,NA,NA,NA,NA,NA,NA,NA,NA,NA,NA,NA,NA,NA,NA,NA,NA,NA,NA,NA,NA,NA,NA,NA,NA,NA,1.79658899662926,276
"932","Green River-Chinook","Chinook",1987,11444,10661,0,1547,8783,1114,NA,NA,NA,NA,NA,NA,NA,NA,NA,NA,NA,NA,NA,NA,NA,NA,NA,NA,NA,NA,NA,NA,NA,NA,NA,NA,NA,0.0708733522195258,276
"933","Green River-Chinook","Chinook",1988,19179,8466,284,5006,12966,923,NA,NA,NA,NA,NA,NA,NA,NA,NA,NA,NA,NA,NA,NA,NA,NA,NA,NA,NA,NA,NA,NA,NA,NA,NA,NA,NA,0.817757788353968,276
"934","Green River-Chinook","Chinook",1989,2218,11512,0,813,1287,118,NA,NA,NA,NA,NA,NA,NA,NA,NA,NA,NA,NA,NA,NA,NA,NA,NA,NA,NA,NA,NA,NA,NA,NA,NA,NA,NA,-1.64678408065689,276
"935","Green River-Chinook","Chinook",1990,7438,7104,520,1623,5014,281,NA,NA,NA,NA,NA,NA,NA,NA,NA,NA,NA,NA,NA,NA,NA,NA,NA,NA,NA,NA,NA,NA,NA,NA,NA,NA,NA,0.0459439898130093,276
"936","Green River-Chinook","Chinook",1991,4124,10548,70,292,3737,25,NA,NA,NA,NA,NA,NA,NA,NA,NA,NA,NA,NA,NA,NA,NA,NA,NA,NA,NA,NA,NA,NA,NA,NA,NA,NA,NA,-0.939112702336327,276
"937","Green River-Chinook","Chinook",1992,6444,5692,179,2716,2770,779,NA,NA,NA,NA,NA,NA,NA,NA,NA,NA,NA,NA,NA,NA,NA,NA,NA,NA,NA,NA,NA,NA,NA,NA,NA,NA,NA,0.124087785087122,276
"938","Green River-Chinook","Chinook",1993,11212,2559,858,1905,7679,770,NA,NA,NA,NA,NA,NA,NA,NA,NA,NA,NA,NA,NA,NA,NA,NA,NA,NA,NA,NA,NA,NA,NA,NA,NA,NA,NA,1.47736807612489,276
"939","Green River-Chinook","Chinook",1994,5298,4284,232,877,3530,659,NA,NA,NA,NA,NA,NA,NA,NA,NA,NA,NA,NA,NA,NA,NA,NA,NA,NA,NA,NA,NA,NA,NA,NA,NA,NA,NA,0.212442238264376,276
"940","Green River-Chinook","Chinook",1995,8474,9219,695,1010,5582,1187,NA,NA,NA,NA,NA,NA,NA,NA,NA,NA,NA,NA,NA,NA,NA,NA,NA,NA,NA,NA,NA,NA,NA,NA,NA,NA,NA,-0.0842639196120898,276
"941","Green River-Chinook","Chinook",1996,7978,6428,209,1374,5274,1121,NA,NA,NA,NA,NA,NA,NA,NA,NA,NA,NA,NA,NA,NA,NA,NA,NA,NA,NA,NA,NA,NA,NA,NA,NA,NA,NA,0.216024305607949,276
"942","Green River-Chinook","Chinook",1997,9222,7429,198,1463,6297,1264,NA,NA,NA,NA,NA,NA,NA,NA,NA,NA,NA,NA,NA,NA,NA,NA,NA,NA,NA,NA,NA,NA,NA,NA,NA,NA,NA,0.216200673614845,276
"943","Green River-Chinook","Chinook",1998,15391,6250,280,2540,11059,1512,NA,NA,NA,NA,NA,NA,NA,NA,NA,NA,NA,NA,NA,NA,NA,NA,NA,NA,NA,NA,NA,NA,NA,NA,NA,NA,NA,0.901201459249507,276
"944","Green River-Chinook","Chinook",1999,4518,7400,168,989,1880,1481,NA,NA,NA,NA,NA,NA,NA,NA,NA,NA,NA,NA,NA,NA,NA,NA,NA,NA,NA,NA,NA,NA,NA,NA,NA,NA,NA,-0.493410582164313,276
"945","Green River-Chinook","Chinook",2000,9026,4755,281,577,7198,970,NA,NA,NA,NA,NA,NA,NA,NA,NA,NA,NA,NA,NA,NA,NA,NA,NA,NA,NA,NA,NA,NA,NA,NA,NA,NA,NA,0.640912605407456,276
"946","Green River-Chinook","Chinook",2001,2468,6627,14,471,1118,865,NA,NA,NA,NA,NA,NA,NA,NA,NA,NA,NA,NA,NA,NA,NA,NA,NA,NA,NA,NA,NA,NA,NA,NA,NA,NA,NA,-0.987744107062948,276
"947","Green River-Chinook","Chinook",2002,6450,7913,132,366,5291,661,NA,NA,NA,NA,NA,NA,NA,NA,NA,NA,NA,NA,NA,NA,NA,NA,NA,NA,NA,NA,NA,NA,NA,NA,NA,NA,NA,-0.204426845819375,276
"948","Green River-Chinook","Chinook",2003,5538,5893,2,1500,3508,528,NA,NA,NA,NA,NA,NA,NA,NA,NA,NA,NA,NA,NA,NA,NA,NA,NA,NA,NA,NA,NA,NA,NA,NA,NA,NA,NA,-0.0621317811070062,276
"949","Green River-Chinook","Chinook",2004,15040,8154,198,1948,12894,0,NA,NA,NA,NA,NA,NA,NA,NA,NA,NA,NA,NA,NA,NA,NA,NA,NA,NA,NA,NA,NA,NA,NA,NA,NA,NA,NA,0.612204714124632,276
"950","Green River-Chinook","Chinook",2005,900,2527,125,337,282,156,NA,NA,NA,NA,NA,NA,NA,NA,NA,NA,NA,NA,NA,NA,NA,NA,NA,NA,NA,NA,NA,NA,NA,NA,NA,NA,NA,-1.03239334406388,276
"951","Green River-Chinook","Chinook",2006,1623,6053,247,140,1224,12,NA,NA,NA,NA,NA,NA,NA,NA,NA,NA,NA,NA,NA,NA,NA,NA,NA,NA,NA,NA,NA,NA,NA,NA,NA,NA,NA,-1.3162777283771,276
"952","Green River-Chinook","Chinook",2007,1664,4474,18,168,1226,252,NA,NA,NA,NA,NA,NA,NA,NA,NA,NA,NA,NA,NA,NA,NA,NA,NA,NA,NA,NA,NA,NA,NA,NA,NA,NA,NA,-0.989058520668921,276
"953","Green River-Chinook","Chinook",2008,2073,6209,22,113,1838,100,NA,NA,NA,NA,NA,NA,NA,NA,NA,NA,NA,NA,NA,NA,NA,NA,NA,NA,NA,NA,NA,NA,NA,NA,NA,NA,NA,-1.09700301892911,276
"954","Green River-Chinook","Chinook",2009,1725,728,73,584,960,108,NA,NA,NA,NA,NA,NA,NA,NA,NA,NA,NA,NA,NA,NA,NA,NA,NA,NA,NA,NA,NA,NA,NA,NA,NA,NA,NA,0.862681281268774,276
"955","Green River-Chinook","Chinook",2010,1593,2119,15,97,1154,327,NA,NA,NA,NA,NA,NA,NA,NA,NA,NA,NA,NA,NA,NA,NA,NA,NA,NA,NA,NA,NA,NA,NA,NA,NA,NA,NA,-0.28532524835825,276
"956","Green River-Chinook","Chinook",2011,1820,1083,21,238,1360,201,NA,NA,NA,NA,NA,NA,NA,NA,NA,NA,NA,NA,NA,NA,NA,NA,NA,NA,NA,NA,NA,NA,NA,NA,NA,NA,NA,0.51910153306985,276
"957","Green River-Chinook","Chinook",2012,8101,3111,29,452,3534,4086,NA,NA,NA,NA,NA,NA,NA,NA,NA,NA,NA,NA,NA,NA,NA,NA,NA,NA,NA,NA,NA,NA,NA,NA,NA,NA,NA,0.957043292932854,276
"958","Green River-Chinook","Chinook",2013,9105,2089,142,1425,2870,4668,NA,NA,NA,NA,NA,NA,NA,NA,NA,NA,NA,NA,NA,NA,NA,NA,NA,NA,NA,NA,NA,NA,NA,NA,NA,NA,NA,1.47213823060514,276
"959","Green River-Chinook","Chinook",2014,5164,2796,772,0,3787,605,NA,NA,NA,NA,NA,NA,NA,NA,NA,NA,NA,NA,NA,NA,NA,NA,NA,NA,NA,NA,NA,NA,NA,NA,NA,NA,NA,0.613521648612832,276
"960","Lower Sauk (Skagit)-Chinook","Chinook",1954,4948,581,69,188,3959,732,NA,NA,NA,NA,NA,NA,NA,NA,NA,NA,NA,NA,NA,NA,NA,NA,NA,NA,NA,NA,NA,NA,NA,NA,NA,NA,NA,2.14198797666047,277
"961","Lower Sauk (Skagit)-Chinook","Chinook",1955,3501,643,44,164,2510,783,NA,NA,NA,NA,NA,NA,NA,NA,NA,NA,NA,NA,NA,NA,NA,NA,NA,NA,NA,NA,NA,NA,NA,NA,NA,NA,NA,1.69465919671705,277
"962","Lower Sauk (Skagit)-Chinook","Chinook",1956,8319,563,97,265,6669,1288,NA,NA,NA,NA,NA,NA,NA,NA,NA,NA,NA,NA,NA,NA,NA,NA,NA,NA,NA,NA,NA,NA,NA,NA,NA,NA,NA,2.6930177061442,277
"963","Lower Sauk (Skagit)-Chinook","Chinook",1957,6834,409,77,346,5540,871,NA,NA,NA,NA,NA,NA,NA,NA,NA,NA,NA,NA,NA,NA,NA,NA,NA,NA,NA,NA,NA,NA,NA,NA,NA,NA,NA,2.81595027663244,277
"964","Lower Sauk (Skagit)-Chinook","Chinook",1958,3605,703,70,199,2551,785,NA,NA,NA,NA,NA,NA,NA,NA,NA,NA,NA,NA,NA,NA,NA,NA,NA,NA,NA,NA,NA,NA,NA,NA,NA,NA,NA,1.63472015790838,277
"965","Lower Sauk (Skagit)-Chinook","Chinook",1959,8201,530,122,277,6850,952,NA,NA,NA,NA,NA,NA,NA,NA,NA,NA,NA,NA,NA,NA,NA,NA,NA,NA,NA,NA,NA,NA,NA,NA,NA,NA,NA,2.73913437049024,277
"966","Lower Sauk (Skagit)-Chinook","Chinook",1960,3084,1161,46,201,2320,517,NA,NA,NA,NA,NA,NA,NA,NA,NA,NA,NA,NA,NA,NA,NA,NA,NA,NA,NA,NA,NA,NA,NA,NA,NA,NA,NA,0.976945752985329,277
"967","Lower Sauk (Skagit)-Chinook","Chinook",1961,3845,1041,77,158,2798,812,NA,NA,NA,NA,NA,NA,NA,NA,NA,NA,NA,NA,NA,NA,NA,NA,NA,NA,NA,NA,NA,NA,NA,NA,NA,NA,NA,1.30659181332478,277
"968","Lower Sauk (Skagit)-Chinook","Chinook",1962,7542,547,83,262,6236,961,NA,NA,NA,NA,NA,NA,NA,NA,NA,NA,NA,NA,NA,NA,NA,NA,NA,NA,NA,NA,NA,NA,NA,NA,NA,NA,NA,2.62379387539632,277
"969","Lower Sauk (Skagit)-Chinook","Chinook",1963,3728,1161,50,212,2700,766,NA,NA,NA,NA,NA,NA,NA,NA,NA,NA,NA,NA,NA,NA,NA,NA,NA,NA,NA,NA,NA,NA,NA,NA,NA,NA,NA,1.16659019410759,277
"970","Lower Sauk (Skagit)-Chinook","Chinook",1964,7975,509,116,264,5992,1603,NA,NA,NA,NA,NA,NA,NA,NA,NA,NA,NA,NA,NA,NA,NA,NA,NA,NA,NA,NA,NA,NA,NA,NA,NA,NA,NA,2.75161891110252,277
"971","Lower Sauk (Skagit)-Chinook","Chinook",1965,5006,539,59,237,3589,1121,NA,NA,NA,NA,NA,NA,NA,NA,NA,NA,NA,NA,NA,NA,NA,NA,NA,NA,NA,NA,NA,NA,NA,NA,NA,NA,NA,2.22867690108272,277
"972","Lower Sauk (Skagit)-Chinook","Chinook",1966,11477,1088,134,362,9102,1879,NA,NA,NA,NA,NA,NA,NA,NA,NA,NA,NA,NA,NA,NA,NA,NA,NA,NA,NA,NA,NA,NA,NA,NA,NA,NA,NA,2.35600388426478,277
"973","Lower Sauk (Skagit)-Chinook","Chinook",1967,10966,579,109,487,8343,2027,NA,NA,NA,NA,NA,NA,NA,NA,NA,NA,NA,NA,NA,NA,NA,NA,NA,NA,NA,NA,NA,NA,NA,NA,NA,NA,NA,2.941252378391,277
"974","Lower Sauk (Skagit)-Chinook","Chinook",1968,14359,1053,166,507,10051,3635,NA,NA,NA,NA,NA,NA,NA,NA,NA,NA,NA,NA,NA,NA,NA,NA,NA,NA,NA,NA,NA,NA,NA,NA,NA,NA,NA,2.6127336901604,277
"975","Lower Sauk (Skagit)-Chinook","Chinook",1969,26744,822,229,805,23714,1996,NA,NA,NA,NA,NA,NA,NA,NA,NA,NA,NA,NA,NA,NA,NA,NA,NA,NA,NA,NA,NA,NA,NA,NA,NA,NA,NA,3.48232503304375,277
"976","Lower Sauk (Skagit)-Chinook","Chinook",1970,7321,1603,145,763,5336,1077,NA,NA,NA,NA,NA,NA,NA,NA,NA,NA,NA,NA,NA,NA,NA,NA,NA,NA,NA,NA,NA,NA,NA,NA,NA,NA,NA,1.51887005703709,277
"977","Lower Sauk (Skagit)-Chinook","Chinook",1971,7594,1606,77,156,5301,2060,NA,NA,NA,NA,NA,NA,NA,NA,NA,NA,NA,NA,NA,NA,NA,NA,NA,NA,NA,NA,NA,NA,NA,NA,NA,NA,NA,1.55361184628504,277
"978","Lower Sauk (Skagit)-Chinook","Chinook",1972,17126,1956,72,533,15170,1351,NA,NA,NA,NA,NA,NA,NA,NA,NA,NA,NA,NA,NA,NA,NA,NA,NA,NA,NA,NA,NA,NA,NA,NA,NA,NA,NA,2.16969620499137,277
"979","Lower Sauk (Skagit)-Chinook","Chinook",1973,10713,3966,82,819,7157,2655,NA,NA,NA,NA,NA,NA,NA,NA,NA,NA,NA,NA,NA,NA,NA,NA,NA,NA,NA,NA,NA,NA,NA,NA,NA,NA,NA,0.993699927182817,277
"980","Lower Sauk (Skagit)-Chinook","Chinook",1974,14118,1122,303,455,10712,2648,NA,NA,NA,NA,NA,NA,NA,NA,NA,NA,NA,NA,NA,NA,NA,NA,NA,NA,NA,NA,NA,NA,NA,NA,NA,NA,NA,2.53233777187278,277
"981","Lower Sauk (Skagit)-Chinook","Chinook",1975,13804,989,161,505,9555,3583,NA,NA,NA,NA,NA,NA,NA,NA,NA,NA,NA,NA,NA,NA,NA,NA,NA,NA,NA,NA,NA,NA,NA,NA,NA,NA,NA,2.63601935259518,277
"982","Lower Sauk (Skagit)-Chinook","Chinook",1976,18223,1822,200,611,15153,2259,NA,NA,NA,NA,NA,NA,NA,NA,NA,NA,NA,NA,NA,NA,NA,NA,NA,NA,NA,NA,NA,NA,NA,NA,NA,NA,NA,2.30274973366615,277
"983","Lower Sauk (Skagit)-Chinook","Chinook",1977,11863,959,174,768,9387,1534,NA,NA,NA,NA,NA,NA,NA,NA,NA,NA,NA,NA,NA,NA,NA,NA,NA,NA,NA,NA,NA,NA,NA,NA,NA,NA,NA,2.51528851677767,277
"984","Lower Sauk (Skagit)-Chinook","Chinook",1978,10625,1696,139,794,8779,913,NA,NA,NA,NA,NA,NA,NA,NA,NA,NA,NA,NA,NA,NA,NA,NA,NA,NA,NA,NA,NA,NA,NA,NA,NA,NA,NA,1.83493717744077,277
"985","Lower Sauk (Skagit)-Chinook","Chinook",1979,3439,1682,199,257,2516,467,NA,NA,NA,NA,NA,NA,NA,NA,NA,NA,NA,NA,NA,NA,NA,NA,NA,NA,NA,NA,NA,NA,NA,NA,NA,NA,NA,0.715197169899373,277
"986","Lower Sauk (Skagit)-Chinook","Chinook",1980,3543,2798,86,207,2757,493,NA,NA,NA,NA,NA,NA,NA,NA,NA,NA,NA,NA,NA,NA,NA,NA,NA,NA,NA,NA,NA,NA,NA,NA,NA,NA,NA,0.236068949640046,277
"987","Lower Sauk (Skagit)-Chinook","Chinook",1981,5616,1720,165,120,2819,2512,NA,NA,NA,NA,NA,NA,NA,NA,NA,NA,NA,NA,NA,NA,NA,NA,NA,NA,NA,NA,NA,NA,NA,NA,NA,NA,NA,1.18329537589815,277
"988","Lower Sauk (Skagit)-Chinook","Chinook",1982,3641,1160,45,575,1960,1061,NA,NA,NA,NA,NA,NA,NA,NA,NA,NA,NA,NA,NA,NA,NA,NA,NA,NA,NA,NA,NA,NA,NA,NA,NA,NA,NA,1.14383836407502,277
"989","Lower Sauk (Skagit)-Chinook","Chinook",1983,2832,387,206,240,2048,338,NA,NA,NA,NA,NA,NA,NA,NA,NA,NA,NA,NA,NA,NA,NA,NA,NA,NA,NA,NA,NA,NA,NA,NA,NA,NA,NA,1.99031376178383,277
"990","Lower Sauk (Skagit)-Chinook","Chinook",1984,5152,700,0,152,3289,1711,NA,NA,NA,NA,NA,NA,NA,NA,NA,NA,NA,NA,NA,NA,NA,NA,NA,NA,NA,NA,NA,NA,NA,NA,NA,NA,NA,1.99605993274078,277
"991","Lower Sauk (Skagit)-Chinook","Chinook",1985,1672,533,31,69,1166,406,NA,NA,NA,NA,NA,NA,NA,NA,NA,NA,NA,NA,NA,NA,NA,NA,NA,NA,NA,NA,NA,NA,NA,NA,NA,NA,NA,1.1432543694788,277
"992","Lower Sauk (Skagit)-Chinook","Chinook",1986,4853,1143,90,230,3620,913,NA,NA,NA,NA,NA,NA,NA,NA,NA,NA,NA,NA,NA,NA,NA,NA,NA,NA,NA,NA,NA,NA,NA,NA,NA,NA,NA,1.44594068561041,277
"993","Lower Sauk (Skagit)-Chinook","Chinook",1987,2147,805,55,108,1674,310,NA,NA,NA,NA,NA,NA,NA,NA,NA,NA,NA,NA,NA,NA,NA,NA,NA,NA,NA,NA,NA,NA,NA,NA,NA,NA,NA,0.980984520460218,277
"994","Lower Sauk (Skagit)-Chinook","Chinook",1988,2158,1090,51,91,1734,282,NA,NA,NA,NA,NA,NA,NA,NA,NA,NA,NA,NA,NA,NA,NA,NA,NA,NA,NA,NA,NA,NA,NA,NA,NA,NA,NA,0.683004170594891,277
"995","Lower Sauk (Skagit)-Chinook","Chinook",1989,789,464,17,29,632,111,NA,NA,NA,NA,NA,NA,NA,NA,NA,NA,NA,NA,NA,NA,NA,NA,NA,NA,NA,NA,NA,NA,NA,NA,NA,NA,NA,0.530881768619619,277
"996","Lower Sauk (Skagit)-Chinook","Chinook",1990,283,1315,8,14,185,76,NA,NA,NA,NA,NA,NA,NA,NA,NA,NA,NA,NA,NA,NA,NA,NA,NA,NA,NA,NA,NA,NA,NA,NA,NA,NA,NA,-1.53614504696863,277
"997","Lower Sauk (Skagit)-Chinook","Chinook",1991,772,665,12,22,584,154,NA,NA,NA,NA,NA,NA,NA,NA,NA,NA,NA,NA,NA,NA,NA,NA,NA,NA,NA,NA,NA,NA,NA,NA,NA,NA,NA,0.149197509368922,277
"998","Lower Sauk (Skagit)-Chinook","Chinook",1992,2426,472,22,90,1978,336,NA,NA,NA,NA,NA,NA,NA,NA,NA,NA,NA,NA,NA,NA,NA,NA,NA,NA,NA,NA,NA,NA,NA,NA,NA,NA,NA,1.63702010391844,277
"999","Lower Sauk (Skagit)-Chinook","Chinook",1993,616,213,9,32,479,96,NA,NA,NA,NA,NA,NA,NA,NA,NA,NA,NA,NA,NA,NA,NA,NA,NA,NA,NA,NA,NA,NA,NA,NA,NA,NA,NA,1.06195479782409,277
"1000","Lower Sauk (Skagit)-Chinook","Chinook",1994,839,130,22,49,618,150,NA,NA,NA,NA,NA,NA,NA,NA,NA,NA,NA,NA,NA,NA,NA,NA,NA,NA,NA,NA,NA,NA,NA,NA,NA,NA,NA,1.86467625601162,277
"1001","Lower Sauk (Skagit)-Chinook","Chinook",1995,449,283,7,18,311,113,NA,NA,NA,NA,NA,NA,NA,NA,NA,NA,NA,NA,NA,NA,NA,NA,NA,NA,NA,NA,NA,NA,NA,NA,NA,NA,NA,0.461575990099017,277
"1002","Lower Sauk (Skagit)-Chinook","Chinook",1996,960,1124,15,32,592,321,NA,NA,NA,NA,NA,NA,NA,NA,NA,NA,NA,NA,NA,NA,NA,NA,NA,NA,NA,NA,NA,NA,NA,NA,NA,NA,NA,-0.157715745991754,277
"1003","Lower Sauk (Skagit)-Chinook","Chinook",1997,1764,302,20,62,1413,269,NA,NA,NA,NA,NA,NA,NA,NA,NA,NA,NA,NA,NA,NA,NA,NA,NA,NA,NA,NA,NA,NA,NA,NA,NA,NA,NA,1.76491221919187,277
"1004","Lower Sauk (Skagit)-Chinook","Chinook",1998,1336,476,20,0,1007,309,NA,NA,NA,NA,NA,NA,NA,NA,NA,NA,NA,NA,NA,NA,NA,NA,NA,NA,NA,NA,NA,NA,NA,NA,NA,NA,NA,1.03201749986517,277
"1005","Lower Sauk (Skagit)-Chinook","Chinook",1999,2151,316,0,98,1840,213,NA,NA,NA,NA,NA,NA,NA,NA,NA,NA,NA,NA,NA,NA,NA,NA,NA,NA,NA,NA,NA,NA,NA,NA,NA,NA,NA,1.91794591568082,277
"1006","Lower Sauk (Skagit)-Chinook","Chinook",2000,501,597,14,42,348,97,NA,NA,NA,NA,NA,NA,NA,NA,NA,NA,NA,NA,NA,NA,NA,NA,NA,NA,NA,NA,NA,NA,NA,NA,NA,NA,NA,-0.175311012307737,277
"1007","Lower Sauk (Skagit)-Chinook","Chinook",2001,1154,1103,34,47,956,117,NA,NA,NA,NA,NA,NA,NA,NA,NA,NA,NA,NA,NA,NA,NA,NA,NA,NA,NA,NA,NA,NA,NA,NA,NA,NA,NA,0.0452004278145425,277
"1008","Lower Sauk (Skagit)-Chinook","Chinook",2002,1453,924,24,87,1208,134,NA,NA,NA,NA,NA,NA,NA,NA,NA,NA,NA,NA,NA,NA,NA,NA,NA,NA,NA,NA,NA,NA,NA,NA,NA,NA,NA,0.452673591928599,277
"1009","Lower Sauk (Skagit)-Chinook","Chinook",2003,429,1529,18,0,308,103,NA,NA,NA,NA,NA,NA,NA,NA,NA,NA,NA,NA,NA,NA,NA,NA,NA,NA,NA,NA,NA,NA,NA,NA,NA,NA,NA,-1.27091228700105,277
"1010","Lower Sauk (Skagit)-Chinook","Chinook",2004,1188,466,131,42,813,202,NA,NA,NA,NA,NA,NA,NA,NA,NA,NA,NA,NA,NA,NA,NA,NA,NA,NA,NA,NA,NA,NA,NA,NA,NA,NA,NA,0.935840865796944,277
"1011","Lower Sauk (Skagit)-Chinook","Chinook",2005,644,886,7,28,532,77,NA,NA,NA,NA,NA,NA,NA,NA,NA,NA,NA,NA,NA,NA,NA,NA,NA,NA,NA,NA,NA,NA,NA,NA,NA,NA,NA,-0.319018224500727,277
"1012","Lower Sauk (Skagit)-Chinook","Chinook",2006,621,1232,15,74,466,66,NA,NA,NA,NA,NA,NA,NA,NA,NA,NA,NA,NA,NA,NA,NA,NA,NA,NA,NA,NA,NA,NA,NA,NA,NA,NA,NA,-0.685063062159986,277
"1013","Lower Sauk (Skagit)-Chinook","Chinook",2007,353,390,5,19,263,66,NA,NA,NA,NA,NA,NA,NA,NA,NA,NA,NA,NA,NA,NA,NA,NA,NA,NA,NA,NA,NA,NA,NA,NA,NA,NA,NA,-0.0996786821903953,277
"1014","Lower Sauk (Skagit)-Chinook","Chinook",2008,1233,551,15,162,708,348,NA,NA,NA,NA,NA,NA,NA,NA,NA,NA,NA,NA,NA,NA,NA,NA,NA,NA,NA,NA,NA,NA,NA,NA,NA,NA,NA,0.80547069401143,277
"1015","Lower Sauk (Skagit)-Chinook","Chinook",2009,965,255,13,127,701,124,NA,NA,NA,NA,NA,NA,NA,NA,NA,NA,NA,NA,NA,NA,NA,NA,NA,NA,NA,NA,NA,NA,NA,NA,NA,NA,NA,1.33086455618056,277
"1016","Lower Sauk (Skagit)-Chinook","Chinook",2010,661,371,0,38,497,126,NA,NA,NA,NA,NA,NA,NA,NA,NA,NA,NA,NA,NA,NA,NA,NA,NA,NA,NA,NA,NA,NA,NA,NA,NA,NA,NA,0.577551777244251,277
"1017","Lower Sauk (Skagit)-Chinook","Chinook",2011,755,222,13,34,533,175,NA,NA,NA,NA,NA,NA,NA,NA,NA,NA,NA,NA,NA,NA,NA,NA,NA,NA,NA,NA,NA,NA,NA,NA,NA,NA,NA,1.22404036737675,277
"1018","Lower Sauk (Skagit)-Chinook","Chinook",2012,2906,715,24,68,2079,735,NA,NA,NA,NA,NA,NA,NA,NA,NA,NA,NA,NA,NA,NA,NA,NA,NA,NA,NA,NA,NA,NA,NA,NA,NA,NA,NA,1.40225030143622,277
"1019","Lower Sauk (Skagit)-Chinook","Chinook",2013,2576,543,28,94,2113,341,NA,NA,NA,NA,NA,NA,NA,NA,NA,NA,NA,NA,NA,NA,NA,NA,NA,NA,NA,NA,NA,NA,NA,NA,NA,NA,NA,1.55688376729031,277
"1020","Lower Skagit-Chinook","Chinook",1954,10820,1752,98,1193,6216,3313,NA,NA,NA,NA,NA,NA,NA,NA,NA,NA,NA,NA,NA,NA,NA,NA,NA,NA,NA,NA,NA,NA,NA,NA,NA,NA,NA,1.82063828090414,278
"1021","Lower Skagit-Chinook","Chinook",1955,17277,1385,128,1637,9564,5948,NA,NA,NA,NA,NA,NA,NA,NA,NA,NA,NA,NA,NA,NA,NA,NA,NA,NA,NA,NA,NA,NA,NA,NA,NA,NA,NA,2.52367599755334,278
"1022","Lower Skagit-Chinook","Chinook",1956,28328,1746,206,2962,20186,4974,NA,NA,NA,NA,NA,NA,NA,NA,NA,NA,NA,NA,NA,NA,NA,NA,NA,NA,NA,NA,NA,NA,NA,NA,NA,NA,NA,2.78652325739219,278
"1023","Lower Skagit-Chinook","Chinook",1957,16356,2299,219,3676,9932,2529,NA,NA,NA,NA,NA,NA,NA,NA,NA,NA,NA,NA,NA,NA,NA,NA,NA,NA,NA,NA,NA,NA,NA,NA,NA,NA,NA,1.96212055672135,278
"1024","Lower Skagit-Chinook","Chinook",1958,4212,3248,117,775,2158,1162,NA,NA,NA,NA,NA,NA,NA,NA,NA,NA,NA,NA,NA,NA,NA,NA,NA,NA,NA,NA,NA,NA,NA,NA,NA,NA,NA,0.259898171972298,278
"1025","Lower Skagit-Chinook","Chinook",1959,12859,5163,205,1407,8217,3030,NA,NA,NA,NA,NA,NA,NA,NA,NA,NA,NA,NA,NA,NA,NA,NA,NA,NA,NA,NA,NA,NA,NA,NA,NA,NA,NA,0.91252614939079,278
"1026","Lower Skagit-Chinook","Chinook",1960,8327,9335,82,1175,4761,2309,NA,NA,NA,NA,NA,NA,NA,NA,NA,NA,NA,NA,NA,NA,NA,NA,NA,NA,NA,NA,NA,NA,NA,NA,NA,NA,NA,-0.114267529740004,278
"1027","Lower Skagit-Chinook","Chinook",1961,13415,4693,154,1535,8127,3599,NA,NA,NA,NA,NA,NA,NA,NA,NA,NA,NA,NA,NA,NA,NA,NA,NA,NA,NA,NA,NA,NA,NA,NA,NA,NA,NA,1.05030144706531,278
"1028","Lower Skagit-Chinook","Chinook",1962,15502,1900,158,2058,9995,3291,NA,NA,NA,NA,NA,NA,NA,NA,NA,NA,NA,NA,NA,NA,NA,NA,NA,NA,NA,NA,NA,NA,NA,NA,NA,NA,NA,2.09911516168693,278
"1029","Lower Skagit-Chinook","Chinook",1963,9598,3448,131,1566,5650,2251,NA,NA,NA,NA,NA,NA,NA,NA,NA,NA,NA,NA,NA,NA,NA,NA,NA,NA,NA,NA,NA,NA,NA,NA,NA,NA,NA,1.02376039063461,278
"1030","Lower Skagit-Chinook","Chinook",1964,13443,2933,196,1742,7585,3920,NA,NA,NA,NA,NA,NA,NA,NA,NA,NA,NA,NA,NA,NA,NA,NA,NA,NA,NA,NA,NA,NA,NA,NA,NA,NA,NA,1.5224327344768,278
"1031","Lower Skagit-Chinook","Chinook",1965,4827,4042,62,662,2582,1521,NA,NA,NA,NA,NA,NA,NA,NA,NA,NA,NA,NA,NA,NA,NA,NA,NA,NA,NA,NA,NA,NA,NA,NA,NA,NA,NA,0.177485537696927,278
"1032","Lower Skagit-Chinook","Chinook",1966,18410,4745,190,1827,11699,4694,NA,NA,NA,NA,NA,NA,NA,NA,NA,NA,NA,NA,NA,NA,NA,NA,NA,NA,NA,NA,NA,NA,NA,NA,NA,NA,NA,1.3558025631831,278
"1033","Lower Skagit-Chinook","Chinook",1967,14720,3300,124,1957,8627,4012,NA,NA,NA,NA,NA,NA,NA,NA,NA,NA,NA,NA,NA,NA,NA,NA,NA,NA,NA,NA,NA,NA,NA,NA,NA,NA,NA,1.4952846448283,278
"1034","Lower Skagit-Chinook","Chinook",1968,19623,3290,228,2466,12505,4424,NA,NA,NA,NA,NA,NA,NA,NA,NA,NA,NA,NA,NA,NA,NA,NA,NA,NA,NA,NA,NA,NA,NA,NA,NA,NA,NA,1.7858147828699,278
"1035","Lower Skagit-Chinook","Chinook",1969,16115,2550,207,2604,10153,3151,NA,NA,NA,NA,NA,NA,NA,NA,NA,NA,NA,NA,NA,NA,NA,NA,NA,NA,NA,NA,NA,NA,NA,NA,NA,NA,NA,1.84365715609707,278
"1036","Lower Skagit-Chinook","Chinook",1970,10554,4998,188,1793,6069,2504,NA,NA,NA,NA,NA,NA,NA,NA,NA,NA,NA,NA,NA,NA,NA,NA,NA,NA,NA,NA,NA,NA,NA,NA,NA,NA,NA,0.747467102570716,278
"1037","Lower Skagit-Chinook","Chinook",1971,18518,4954,92,1139,10562,6725,NA,NA,NA,NA,NA,NA,NA,NA,NA,NA,NA,NA,NA,NA,NA,NA,NA,NA,NA,NA,NA,NA,NA,NA,NA,NA,NA,1.31854790095869,278
"1038","Lower Skagit-Chinook","Chinook",1972,29634,6095,211,2867,22163,4393,NA,NA,NA,NA,NA,NA,NA,NA,NA,NA,NA,NA,NA,NA,NA,NA,NA,NA,NA,NA,NA,NA,NA,NA,NA,NA,NA,1.58145358785331,278
"1039","Lower Skagit-Chinook","Chinook",1973,21111,4998,158,5080,10696,5177,NA,NA,NA,NA,NA,NA,NA,NA,NA,NA,NA,NA,NA,NA,NA,NA,NA,NA,NA,NA,NA,NA,NA,NA,NA,NA,NA,1.44075639923976,278
"1040","Lower Skagit-Chinook","Chinook",1974,24892,3241,638,3034,14340,6880,NA,NA,NA,NA,NA,NA,NA,NA,NA,NA,NA,NA,NA,NA,NA,NA,NA,NA,NA,NA,NA,NA,NA,NA,NA,NA,NA,2.03866454254756,278
"1041","Lower Skagit-Chinook","Chinook",1975,25452,3237,323,2683,14925,7521,NA,NA,NA,NA,NA,NA,NA,NA,NA,NA,NA,NA,NA,NA,NA,NA,NA,NA,NA,NA,NA,NA,NA,NA,NA,NA,NA,2.06214735042644,278
"1042","Lower Skagit-Chinook","Chinook",1976,16778,5710,179,2223,11331,3045,NA,NA,NA,NA,NA,NA,NA,NA,NA,NA,NA,NA,NA,NA,NA,NA,NA,NA,NA,NA,NA,NA,NA,NA,NA,NA,NA,1.07784948075618,278
"1043","Lower Skagit-Chinook","Chinook",1977,7428,2557,114,1443,4266,1605,NA,NA,NA,NA,NA,NA,NA,NA,NA,NA,NA,NA,NA,NA,NA,NA,NA,NA,NA,NA,NA,NA,NA,NA,NA,NA,NA,1.06642194718141,278
"1044","Lower Skagit-Chinook","Chinook",1978,14742,3096,147,2594,8837,3164,NA,NA,NA,NA,NA,NA,NA,NA,NA,NA,NA,NA,NA,NA,NA,NA,NA,NA,NA,NA,NA,NA,NA,NA,NA,NA,NA,1.56058960703962,278
"1045","Lower Skagit-Chinook","Chinook",1979,30537,3898,784,4134,21263,4356,NA,NA,NA,NA,NA,NA,NA,NA,NA,NA,NA,NA,NA,NA,NA,NA,NA,NA,NA,NA,NA,NA,NA,NA,NA,NA,NA,2.05847546205294,278
"1046","Lower Skagit-Chinook","Chinook",1980,11005,4990,162,2661,6275,1907,NA,NA,NA,NA,NA,NA,NA,NA,NA,NA,NA,NA,NA,NA,NA,NA,NA,NA,NA,NA,NA,NA,NA,NA,NA,NA,NA,0.790913805214998,278
"1047","Lower Skagit-Chinook","Chinook",1981,15605,2427,490,843,5001,9271,NA,NA,NA,NA,NA,NA,NA,NA,NA,NA,NA,NA,NA,NA,NA,NA,NA,NA,NA,NA,NA,NA,NA,NA,NA,NA,NA,1.86093544897828,278
"1048","Lower Skagit-Chinook","Chinook",1982,20913,1988,174,7164,7489,6086,NA,NA,NA,NA,NA,NA,NA,NA,NA,NA,NA,NA,NA,NA,NA,NA,NA,NA,NA,NA,NA,NA,NA,NA,NA,NA,NA,2.35324186693799,278
"1049","Lower Skagit-Chinook","Chinook",1983,7369,3192,498,1253,4571,1047,NA,NA,NA,NA,NA,NA,NA,NA,NA,NA,NA,NA,NA,NA,NA,NA,NA,NA,NA,NA,NA,NA,NA,NA,NA,NA,NA,0.8366343321973,278
"1050","Lower Skagit-Chinook","Chinook",1984,14806,2389,0,1427,6512,6867,NA,NA,NA,NA,NA,NA,NA,NA,NA,NA,NA,NA,NA,NA,NA,NA,NA,NA,NA,NA,NA,NA,NA,NA,NA,NA,NA,1.82415763567723,278
"1051","Lower Skagit-Chinook","Chinook",1985,2495,1734,44,277,1438,736,NA,NA,NA,NA,NA,NA,NA,NA,NA,NA,NA,NA,NA,NA,NA,NA,NA,NA,NA,NA,NA,NA,NA,NA,NA,NA,NA,0.363857850845132,278
"1052","Lower Skagit-Chinook","Chinook",1986,15906,4584,244,2524,9241,3897,NA,NA,NA,NA,NA,NA,NA,NA,NA,NA,NA,NA,NA,NA,NA,NA,NA,NA,NA,NA,NA,NA,NA,NA,NA,NA,NA,1.2441244171225,278
"1053","Lower Skagit-Chinook","Chinook",1987,3114,2654,82,492,1901,639,NA,NA,NA,NA,NA,NA,NA,NA,NA,NA,NA,NA,NA,NA,NA,NA,NA,NA,NA,NA,NA,NA,NA,NA,NA,NA,NA,0.159840137501791,278
"1054","Lower Skagit-Chinook","Chinook",1988,6922,2445,145,850,4541,1386,NA,NA,NA,NA,NA,NA,NA,NA,NA,NA,NA,NA,NA,NA,NA,NA,NA,NA,NA,NA,NA,NA,NA,NA,NA,NA,NA,1.04065962228632,278
"1055","Lower Skagit-Chinook","Chinook",1989,2850,1476,47,307,1905,591,NA,NA,NA,NA,NA,NA,NA,NA,NA,NA,NA,NA,NA,NA,NA,NA,NA,NA,NA,NA,NA,NA,NA,NA,NA,NA,NA,0.657983268102278,278
"1056","Lower Skagit-Chinook","Chinook",1990,3316,3770,72,492,1795,957,NA,NA,NA,NA,NA,NA,NA,NA,NA,NA,NA,NA,NA,NA,NA,NA,NA,NA,NA,NA,NA,NA,NA,NA,NA,NA,NA,-0.128315764186871,278
"1057","Lower Skagit-Chinook","Chinook",1991,419,1531,8,50,268,93,NA,NA,NA,NA,NA,NA,NA,NA,NA,NA,NA,NA,NA,NA,NA,NA,NA,NA,NA,NA,NA,NA,NA,NA,NA,NA,NA,-1.29580547573555,278
"1058","Lower Skagit-Chinook","Chinook",1992,4122,1364,59,661,2773,629,NA,NA,NA,NA,NA,NA,NA,NA,NA,NA,NA,NA,NA,NA,NA,NA,NA,NA,NA,NA,NA,NA,NA,NA,NA,NA,NA,1.105916923047,278
"1059","Lower Skagit-Chinook","Chinook",1993,1658,947,4,34,102,1518,NA,NA,NA,NA,NA,NA,NA,NA,NA,NA,NA,NA,NA,NA,NA,NA,NA,NA,NA,NA,NA,NA,NA,NA,NA,NA,NA,0.560068242509162,278
"1060","Lower Skagit-Chinook","Chinook",1994,3506,935,51,298,2175,982,NA,NA,NA,NA,NA,NA,NA,NA,NA,NA,NA,NA,NA,NA,NA,NA,NA,NA,NA,NA,NA,NA,NA,NA,NA,NA,NA,1.32168453619249,278
"1061","Lower Skagit-Chinook","Chinook",1995,1650,669,13,564,652,421,NA,NA,NA,NA,NA,NA,NA,NA,NA,NA,NA,NA,NA,NA,NA,NA,NA,NA,NA,NA,NA,NA,NA,NA,NA,NA,NA,0.902746506766398,278
"1062","Lower Skagit-Chinook","Chinook",1996,4677,1570,184,316,3505,672,NA,NA,NA,NA,NA,NA,NA,NA,NA,NA,NA,NA,NA,NA,NA,NA,NA,NA,NA,NA,NA,NA,NA,NA,NA,NA,NA,1.09158125938353,278
"1063","Lower Skagit-Chinook","Chinook",1997,6330,422,0,434,3078,2818,NA,NA,NA,NA,NA,NA,NA,NA,NA,NA,NA,NA,NA,NA,NA,NA,NA,NA,NA,NA,NA,NA,NA,NA,NA,NA,NA,2.70805020110221,278
"1064","Lower Skagit-Chinook","Chinook",1998,3703,2572,154,155,2921,473,NA,NA,NA,NA,NA,NA,NA,NA,NA,NA,NA,NA,NA,NA,NA,NA,NA,NA,NA,NA,NA,NA,NA,NA,NA,NA,NA,0.364459495556103,278
"1065","Lower Skagit-Chinook","Chinook",1999,2482,1043,57,961,962,502,NA,NA,NA,NA,NA,NA,NA,NA,NA,NA,NA,NA,NA,NA,NA,NA,NA,NA,NA,NA,NA,NA,NA,NA,NA,NA,NA,0.86696351076378,278
"1066","Lower Skagit-Chinook","Chinook",2000,3893,3417,0,169,2849,875,NA,NA,NA,NA,NA,NA,NA,NA,NA,NA,NA,NA,NA,NA,NA,NA,NA,NA,NA,NA,NA,NA,NA,NA,NA,NA,NA,0.130417095495164,278
"1067","Lower Skagit-Chinook","Chinook",2001,3981,2663,0,187,2580,1214,NA,NA,NA,NA,NA,NA,NA,NA,NA,NA,NA,NA,NA,NA,NA,NA,NA,NA,NA,NA,NA,NA,NA,NA,NA,NA,NA,0.402079737186385,278
"1068","Lower Skagit-Chinook","Chinook",2002,3524,4866,121,735,2405,263,NA,NA,NA,NA,NA,NA,NA,NA,NA,NA,NA,NA,NA,NA,NA,NA,NA,NA,NA,NA,NA,NA,NA,NA,NA,NA,NA,-0.322675536287398,278
"1069","Lower Skagit-Chinook","Chinook",2003,575,1161,22,106,374,73,NA,NA,NA,NA,NA,NA,NA,NA,NA,NA,NA,NA,NA,NA,NA,NA,NA,NA,NA,NA,NA,NA,NA,NA,NA,NA,NA,-0.702666940900541,278
"1070","Lower Skagit-Chinook","Chinook",2004,5642,3195,282,612,3177,1571,NA,NA,NA,NA,NA,NA,NA,NA,NA,NA,NA,NA,NA,NA,NA,NA,NA,NA,NA,NA,NA,NA,NA,NA,NA,NA,NA,0.568651524750306,278
"1071","Lower Skagit-Chinook","Chinook",2005,3267,3335,36,283,2496,452,NA,NA,NA,NA,NA,NA,NA,NA,NA,NA,NA,NA,NA,NA,NA,NA,NA,NA,NA,NA,NA,NA,NA,NA,NA,NA,NA,-0.0206005467486539,278
"1072","Lower Skagit-Chinook","Chinook",2006,917,3837,0,334,562,21,NA,NA,NA,NA,NA,NA,NA,NA,NA,NA,NA,NA,NA,NA,NA,NA,NA,NA,NA,NA,NA,NA,NA,NA,NA,NA,NA,-1.43133861799049,278
"1073","Lower Skagit-Chinook","Chinook",2007,1755,1090,29,391,966,369,NA,NA,NA,NA,NA,NA,NA,NA,NA,NA,NA,NA,NA,NA,NA,NA,NA,NA,NA,NA,NA,NA,NA,NA,NA,NA,NA,0.476291160676777,278
"1074","Lower Skagit-Chinook","Chinook",2008,6935,2685,58,1572,3226,2079,NA,NA,NA,NA,NA,NA,NA,NA,NA,NA,NA,NA,NA,NA,NA,NA,NA,NA,NA,NA,NA,NA,NA,NA,NA,NA,NA,0.948900325805967,278
"1075","Lower Skagit-Chinook","Chinook",2009,2980,1466,15,794,1527,644,NA,NA,NA,NA,NA,NA,NA,NA,NA,NA,NA,NA,NA,NA,NA,NA,NA,NA,NA,NA,NA,NA,NA,NA,NA,NA,NA,0.709385697052853,278
"1076","Lower Skagit-Chinook","Chinook",2010,3785,1083,77,228,3046,434,NA,NA,NA,NA,NA,NA,NA,NA,NA,NA,NA,NA,NA,NA,NA,NA,NA,NA,NA,NA,NA,NA,NA,NA,NA,NA,NA,1.25131091887056,278
"1077","Lower Skagit-Chinook","Chinook",2011,2854,835,0,439,1987,428,NA,NA,NA,NA,NA,NA,NA,NA,NA,NA,NA,NA,NA,NA,NA,NA,NA,NA,NA,NA,NA,NA,NA,NA,NA,NA,NA,1.22904507318593,278
"1078","Lower Skagit-Chinook","Chinook",2012,5764,3371,57,1002,1896,2809,NA,NA,NA,NA,NA,NA,NA,NA,NA,NA,NA,NA,NA,NA,NA,NA,NA,NA,NA,NA,NA,NA,NA,NA,NA,NA,NA,0.536422241885352,278
"1079","Lower Skagit-Chinook","Chinook",2013,13247,1551,0,608,9808,2831,NA,NA,NA,NA,NA,NA,NA,NA,NA,NA,NA,NA,NA,NA,NA,NA,NA,NA,NA,NA,NA,NA,NA,NA,NA,NA,NA,2.14487122750772,278
"1080","Nisqually-Chinook","Chinook",1970,6002,901,3,3047,2734,218,NA,NA,NA,NA,NA,NA,NA,NA,NA,NA,NA,NA,NA,NA,NA,NA,NA,NA,NA,NA,NA,NA,NA,NA,NA,NA,NA,1.89634276839197,279
"1081","Nisqually-Chinook","Chinook",1971,7866,802,5,3402,4160,299,NA,NA,NA,NA,NA,NA,NA,NA,NA,NA,NA,NA,NA,NA,NA,NA,NA,NA,NA,NA,NA,NA,NA,NA,NA,NA,NA,2.28319634512524,279
"1082","Nisqually-Chinook","Chinook",1972,9144,701,7,3909,4956,272,NA,NA,NA,NA,NA,NA,NA,NA,NA,NA,NA,NA,NA,NA,NA,NA,NA,NA,NA,NA,NA,NA,NA,NA,NA,NA,NA,2.56834531844006,279
"1083","Nisqually-Chinook","Chinook",1973,4884,701,3,2346,2401,134,NA,NA,NA,NA,NA,NA,NA,NA,NA,NA,NA,NA,NA,NA,NA,NA,NA,NA,NA,NA,NA,NA,NA,NA,NA,NA,NA,1.94121194819601,279
"1084","Nisqually-Chinook","Chinook",1974,833,501,0,364,351,118,NA,NA,NA,NA,NA,NA,NA,NA,NA,NA,NA,NA,NA,NA,NA,NA,NA,NA,NA,NA,NA,NA,NA,NA,NA,NA,NA,0.508427541081978,279
"1085","Nisqually-Chinook","Chinook",1975,9947,551,2,1435,7970,540,NA,NA,NA,NA,NA,NA,NA,NA,NA,NA,NA,NA,NA,NA,NA,NA,NA,NA,NA,NA,NA,NA,NA,NA,NA,NA,NA,2.8932914679995,279
"1086","Nisqually-Chinook","Chinook",1977,7832,221,7,4472,3070,283,NA,NA,NA,NA,NA,NA,NA,NA,NA,NA,NA,NA,NA,NA,NA,NA,NA,NA,NA,NA,NA,NA,NA,NA,NA,NA,NA,3.56781048269259,279
"1087","Nisqually-Chinook","Chinook",1979,26779,1666,12,7535,14305,4927,NA,NA,NA,NA,NA,NA,NA,NA,NA,NA,NA,NA,NA,NA,NA,NA,NA,NA,NA,NA,NA,NA,NA,NA,NA,NA,NA,2.77719245452169,279
"1088","Nisqually-Chinook","Chinook",1980,18871,1125,13,8676,9757,425,NA,NA,NA,NA,NA,NA,NA,NA,NA,NA,NA,NA,NA,NA,NA,NA,NA,NA,NA,NA,NA,NA,NA,NA,NA,NA,NA,2.81984331649058,279
"1089","Nisqually-Chinook","Chinook",1981,508,440,1,113,390,4,NA,NA,NA,NA,NA,NA,NA,NA,NA,NA,NA,NA,NA,NA,NA,NA,NA,NA,NA,NA,NA,NA,NA,NA,NA,NA,NA,0.143706720666175,279
"1090","Nisqually-Chinook","Chinook",1982,2716,849,2,887,719,1108,NA,NA,NA,NA,NA,NA,NA,NA,NA,NA,NA,NA,NA,NA,NA,NA,NA,NA,NA,NA,NA,NA,NA,NA,NA,NA,NA,1.16285630236724,279
"1091","Nisqually-Chinook","Chinook",1983,2631,1066,1,573,1475,582,NA,NA,NA,NA,NA,NA,NA,NA,NA,NA,NA,NA,NA,NA,NA,NA,NA,NA,NA,NA,NA,NA,NA,NA,NA,NA,NA,0.903450676314503,279
"1092","Nisqually-Chinook","Chinook",1984,107,313,0,33,41,33,NA,NA,NA,NA,NA,NA,NA,NA,NA,NA,NA,NA,NA,NA,NA,NA,NA,NA,NA,NA,NA,NA,NA,NA,NA,NA,NA,-1.07337435607825,279
"1093","Nisqually-Chinook","Chinook",1986,5616,302,1,3146,2311,158,NA,NA,NA,NA,NA,NA,NA,NA,NA,NA,NA,NA,NA,NA,NA,NA,NA,NA,NA,NA,NA,NA,NA,NA,NA,NA,NA,2.92294792833078,279
"1094","Nisqually-Chinook","Chinook",1988,2044,1343,7,1246,273,518,NA,NA,NA,NA,NA,NA,NA,NA,NA,NA,NA,NA,NA,NA,NA,NA,NA,NA,NA,NA,NA,NA,NA,NA,NA,NA,NA,0.420002754800357,279
"1095","Nisqually-Chinook","Chinook",1989,3900,2335,0,74,1472,2354,NA,NA,NA,NA,NA,NA,NA,NA,NA,NA,NA,NA,NA,NA,NA,NA,NA,NA,NA,NA,NA,NA,NA,NA,NA,NA,NA,0.51296466201474,279
"1096","Nisqually-Chinook","Chinook",1990,11078,995,1,4593,6023,461,NA,NA,NA,NA,NA,NA,NA,NA,NA,NA,NA,NA,NA,NA,NA,NA,NA,NA,NA,NA,NA,NA,NA,NA,NA,NA,NA,2.40997370143446,279
"1097","Nisqually-Chinook","Chinook",1991,924,953,1,445,430,48,NA,NA,NA,NA,NA,NA,NA,NA,NA,NA,NA,NA,NA,NA,NA,NA,NA,NA,NA,NA,NA,NA,NA,NA,NA,NA,NA,-0.030902832012518,279
"1098","Nisqually-Chinook","Chinook",1992,4361,107,3,1757,2368,233,NA,NA,NA,NA,NA,NA,NA,NA,NA,NA,NA,NA,NA,NA,NA,NA,NA,NA,NA,NA,NA,NA,NA,NA,NA,NA,NA,3.70762783338086,279
"1099","Nisqually-Chinook","Chinook",1993,489,1656,0,266,180,43,NA,NA,NA,NA,NA,NA,NA,NA,NA,NA,NA,NA,NA,NA,NA,NA,NA,NA,NA,NA,NA,NA,NA,NA,NA,NA,NA,-1.21979784547033,279
"1100","Nisqually-Chinook","Chinook",1994,3986,1733,1,789,2795,401,NA,NA,NA,NA,NA,NA,NA,NA,NA,NA,NA,NA,NA,NA,NA,NA,NA,NA,NA,NA,NA,NA,NA,NA,NA,NA,NA,0.832934211057134,279
"1101","Nisqually-Chinook","Chinook",1995,1558,817,0,444,944,170,NA,NA,NA,NA,NA,NA,NA,NA,NA,NA,NA,NA,NA,NA,NA,NA,NA,NA,NA,NA,NA,NA,NA,NA,NA,NA,NA,0.645519131570691,279
"1102","Nisqually-Chinook","Chinook",1996,12314,607,4,3429,7901,980,NA,NA,NA,NA,NA,NA,NA,NA,NA,NA,NA,NA,NA,NA,NA,NA,NA,NA,NA,NA,NA,NA,NA,NA,NA,NA,NA,3.00996331441166,279
"1103","Nisqually-Chinook","Chinook",1997,1792,340,1,1092,479,220,NA,NA,NA,NA,NA,NA,NA,NA,NA,NA,NA,NA,NA,NA,NA,NA,NA,NA,NA,NA,NA,NA,NA,NA,NA,NA,NA,1.66214197592467,279
"1104","Nisqually-Chinook","Chinook",1998,5214,837,21,1496,3543,154,NA,NA,NA,NA,NA,NA,NA,NA,NA,NA,NA,NA,NA,NA,NA,NA,NA,NA,NA,NA,NA,NA,NA,NA,NA,NA,NA,1.82927852400397,279
"1105","Nisqually-Chinook","Chinook",1999,1846,1400,1,841,793,211,NA,NA,NA,NA,NA,NA,NA,NA,NA,NA,NA,NA,NA,NA,NA,NA,NA,NA,NA,NA,NA,NA,NA,NA,NA,NA,NA,0.276548899459447,279
"1106","Nisqually-Chinook","Chinook",2000,2319,1256,2,984,1296,37,NA,NA,NA,NA,NA,NA,NA,NA,NA,NA,NA,NA,NA,NA,NA,NA,NA,NA,NA,NA,NA,NA,NA,NA,NA,NA,NA,0.613203990227388,279
"1107","Nisqually-Chinook","Chinook",2001,506,1080,0,128,351,27,NA,NA,NA,NA,NA,NA,NA,NA,NA,NA,NA,NA,NA,NA,NA,NA,NA,NA,NA,NA,NA,NA,NA,NA,NA,NA,NA,-0.7581796508308,279
"1108","Nisqually-Chinook","Chinook",2002,1620,1544,0,469,1151,0,NA,NA,NA,NA,NA,NA,NA,NA,NA,NA,NA,NA,NA,NA,NA,NA,NA,NA,NA,NA,NA,NA,NA,NA,NA,NA,NA,0.0480496976417082,279
"1109","Nisqually-Chinook","Chinook",2003,1940,627,8,918,1014,0,NA,NA,NA,NA,NA,NA,NA,NA,NA,NA,NA,NA,NA,NA,NA,NA,NA,NA,NA,NA,NA,NA,NA,NA,NA,NA,NA,1.12949671142445,279
"1110","Nisqually-Chinook","Chinook",2004,16515,2788,2,1556,14733,224,NA,NA,NA,NA,NA,NA,NA,NA,NA,NA,NA,NA,NA,NA,NA,NA,NA,NA,NA,NA,NA,NA,NA,NA,NA,NA,NA,1.77894456594448,279
"1111","Nisqually-Chinook","Chinook",2005,1447,2183,0,1201,237,9,NA,NA,NA,NA,NA,NA,NA,NA,NA,NA,NA,NA,NA,NA,NA,NA,NA,NA,NA,NA,NA,NA,NA,NA,NA,NA,NA,-0.41120762991846,279
"1112","Nisqually-Chinook","Chinook",2006,1174,2182,0,650,503,21,NA,NA,NA,NA,NA,NA,NA,NA,NA,NA,NA,NA,NA,NA,NA,NA,NA,NA,NA,NA,NA,NA,NA,NA,NA,NA,NA,-0.619825166004974,279
"1113","Nisqually-Chinook","Chinook",2007,883,1744,1,459,386,37,NA,NA,NA,NA,NA,NA,NA,NA,NA,NA,NA,NA,NA,NA,NA,NA,NA,NA,NA,NA,NA,NA,NA,NA,NA,NA,NA,-0.680611403864965,279
"1114","Nisqually-Chinook","Chinook",2008,585,3399,1,211,373,0,NA,NA,NA,NA,NA,NA,NA,NA,NA,NA,NA,NA,NA,NA,NA,NA,NA,NA,NA,NA,NA,NA,NA,NA,NA,NA,NA,-1.75962470246426,279
"1115","Nisqually-Chinook","Chinook",2009,1476,874,1,689,786,0,NA,NA,NA,NA,NA,NA,NA,NA,NA,NA,NA,NA,NA,NA,NA,NA,NA,NA,NA,NA,NA,NA,NA,NA,NA,NA,NA,0.524010629504882,279
"1116","Nisqually-Chinook","Chinook",2010,1129,2069,0,559,543,27,NA,NA,NA,NA,NA,NA,NA,NA,NA,NA,NA,NA,NA,NA,NA,NA,NA,NA,NA,NA,NA,NA,NA,NA,NA,NA,NA,-0.605733113595881,279
"1117","Nisqually-Chinook","Chinook",2011,1412,2269,0,664,669,79,NA,NA,NA,NA,NA,NA,NA,NA,NA,NA,NA,NA,NA,NA,NA,NA,NA,NA,NA,NA,NA,NA,NA,NA,NA,NA,NA,-0.474332066726654,279
"1118","Nisqually-Chinook","Chinook",2012,2228,2467,0,621,1215,392,NA,NA,NA,NA,NA,NA,NA,NA,NA,NA,NA,NA,NA,NA,NA,NA,NA,NA,NA,NA,NA,NA,NA,NA,NA,NA,NA,-0.101898515482182,279
"1119","Nisqually-Chinook","Chinook",2013,1984,1671,1,462,1493,28,NA,NA,NA,NA,NA,NA,NA,NA,NA,NA,NA,NA,NA,NA,NA,NA,NA,NA,NA,NA,NA,NA,NA,NA,NA,NA,NA,0.171692759249424,279
"1120","North Fork Nooksack-Chinook","Chinook",1986,11,224,0,4,2,5,NA,NA,NA,NA,NA,NA,NA,NA,NA,NA,NA,NA,NA,NA,NA,NA,NA,NA,NA,NA,NA,NA,NA,NA,NA,NA,NA,-3.01375077905667,280
"1121","North Fork Nooksack-Chinook","Chinook",1987,173,179,0,2,72,99,NA,NA,NA,NA,NA,NA,NA,NA,NA,NA,NA,NA,NA,NA,NA,NA,NA,NA,NA,NA,NA,NA,NA,NA,NA,NA,NA,-0.034094211342976,280
"1122","North Fork Nooksack-Chinook","Chinook",1988,392,456,0,30,280,82,NA,NA,NA,NA,NA,NA,NA,NA,NA,NA,NA,NA,NA,NA,NA,NA,NA,NA,NA,NA,NA,NA,NA,NA,NA,NA,NA,-0.151230969723924,280
"1123","North Fork Nooksack-Chinook","Chinook",1989,455,303,1,100,321,33,NA,NA,NA,NA,NA,NA,NA,NA,NA,NA,NA,NA,NA,NA,NA,NA,NA,NA,NA,NA,NA,NA,NA,NA,NA,NA,NA,0.406564613441581,280
"1124","North Fork Nooksack-Chinook","Chinook",1990,87,10,0,75,5,7,NA,NA,NA,NA,NA,NA,NA,NA,NA,NA,NA,NA,NA,NA,NA,NA,NA,NA,NA,NA,NA,NA,NA,NA,NA,NA,NA,2.16332302566054,280
"1125","North Fork Nooksack-Chinook","Chinook",1991,379,108,0,14,251,114,NA,NA,NA,NA,NA,NA,NA,NA,NA,NA,NA,NA,NA,NA,NA,NA,NA,NA,NA,NA,NA,NA,NA,NA,NA,NA,NA,1.25540497795821,280
"1126","North Fork Nooksack-Chinook","Chinook",1992,352,498,0,42,246,64,NA,NA,NA,NA,NA,NA,NA,NA,NA,NA,NA,NA,NA,NA,NA,NA,NA,NA,NA,NA,NA,NA,NA,NA,NA,NA,NA,-0.346968901426556,280
"1127","North Fork Nooksack-Chinook","Chinook",1993,117,445,0,22,76,19,NA,NA,NA,NA,NA,NA,NA,NA,NA,NA,NA,NA,NA,NA,NA,NA,NA,NA,NA,NA,NA,NA,NA,NA,NA,NA,NA,-1.33590034736848,280
"1128","North Fork Nooksack-Chinook","Chinook",1994,38,45,0,7,23,8,NA,NA,NA,NA,NA,NA,NA,NA,NA,NA,NA,NA,NA,NA,NA,NA,NA,NA,NA,NA,NA,NA,NA,NA,NA,NA,NA,-0.169076330043934,280
"1129","North Fork Nooksack-Chinook","Chinook",1995,140,230,0,19,81,40,NA,NA,NA,NA,NA,NA,NA,NA,NA,NA,NA,NA,NA,NA,NA,NA,NA,NA,NA,NA,NA,NA,NA,NA,NA,NA,NA,-0.496436886313891,280
"1130","North Fork Nooksack-Chinook","Chinook",1996,230,535,0,21,140,69,NA,NA,NA,NA,NA,NA,NA,NA,NA,NA,NA,NA,NA,NA,NA,NA,NA,NA,NA,NA,NA,NA,NA,NA,NA,NA,NA,-0.844187437972811,280
"1131","North Fork Nooksack-Chinook","Chinook",1997,540,618,0,63,286,191,NA,NA,NA,NA,NA,NA,NA,NA,NA,NA,NA,NA,NA,NA,NA,NA,NA,NA,NA,NA,NA,NA,NA,NA,NA,NA,NA,-0.134919317899371,280
"1132","North Fork Nooksack-Chinook","Chinook",1998,196,371,0,13,152,31,NA,NA,NA,NA,NA,NA,NA,NA,NA,NA,NA,NA,NA,NA,NA,NA,NA,NA,NA,NA,NA,NA,NA,NA,NA,NA,NA,-0.638087403376918,280
"1133","North Fork Nooksack-Chinook","Chinook",1999,371,825,0,31,209,131,NA,NA,NA,NA,NA,NA,NA,NA,NA,NA,NA,NA,NA,NA,NA,NA,NA,NA,NA,NA,NA,NA,NA,NA,NA,NA,NA,-0.799181323727246,280
"1134","North Fork Nooksack-Chinook","Chinook",2000,1174,1243,0,86,682,406,NA,NA,NA,NA,NA,NA,NA,NA,NA,NA,NA,NA,NA,NA,NA,NA,NA,NA,NA,NA,NA,NA,NA,NA,NA,NA,NA,-0.0571110911226693,280
"1135","North Fork Nooksack-Chinook","Chinook",2001,156,2185,0,10,122,24,NA,NA,NA,NA,NA,NA,NA,NA,NA,NA,NA,NA,NA,NA,NA,NA,NA,NA,NA,NA,NA,NA,NA,NA,NA,NA,NA,-2.63951510028015,280
"1136","North Fork Nooksack-Chinook","Chinook",2002,1168,3741,0,233,518,417,NA,NA,NA,NA,NA,NA,NA,NA,NA,NA,NA,NA,NA,NA,NA,NA,NA,NA,NA,NA,NA,NA,NA,NA,NA,NA,NA,-1.16406007095997,280
"1137","North Fork Nooksack-Chinook","Chinook",2003,406,2857,0,77,262,67,NA,NA,NA,NA,NA,NA,NA,NA,NA,NA,NA,NA,NA,NA,NA,NA,NA,NA,NA,NA,NA,NA,NA,NA,NA,NA,NA,-1.95117424262904,280
"1138","North Fork Nooksack-Chinook","Chinook",2004,1164,1719,0,277,852,35,NA,NA,NA,NA,NA,NA,NA,NA,NA,NA,NA,NA,NA,NA,NA,NA,NA,NA,NA,NA,NA,NA,NA,NA,NA,NA,NA,-0.389880377091466,280
"1139","North Fork Nooksack-Chinook","Chinook",2005,913,2047,0,232,539,142,NA,NA,NA,NA,NA,NA,NA,NA,NA,NA,NA,NA,NA,NA,NA,NA,NA,NA,NA,NA,NA,NA,NA,NA,NA,NA,NA,-0.807394705066321,280
"1140","North Fork Nooksack-Chinook","Chinook",2006,231,1184,12,26,125,68,NA,NA,NA,NA,NA,NA,NA,NA,NA,NA,NA,NA,NA,NA,NA,NA,NA,NA,NA,NA,NA,NA,NA,NA,NA,NA,NA,-1.63423610492216,280
"1141","North Fork Nooksack-Chinook","Chinook",2007,536,1438,0,172,193,171,NA,NA,NA,NA,NA,NA,NA,NA,NA,NA,NA,NA,NA,NA,NA,NA,NA,NA,NA,NA,NA,NA,NA,NA,NA,NA,NA,-0.98687437721019,280
"1142","North Fork Nooksack-Chinook","Chinook",2008,548,1287,0,62,351,135,NA,NA,NA,NA,NA,NA,NA,NA,NA,NA,NA,NA,NA,NA,NA,NA,NA,NA,NA,NA,NA,NA,NA,NA,NA,NA,NA,-0.853793920648111,280
"1143","North Fork Nooksack-Chinook","Chinook",2009,325,1903,0,104,178,43,NA,NA,NA,NA,NA,NA,NA,NA,NA,NA,NA,NA,NA,NA,NA,NA,NA,NA,NA,NA,NA,NA,NA,NA,NA,NA,NA,-1.76736168496641,280
"1144","North Fork Nooksack-Chinook","Chinook",2010,137,2050,0,25,77,35,NA,NA,NA,NA,NA,NA,NA,NA,NA,NA,NA,NA,NA,NA,NA,NA,NA,NA,NA,NA,NA,NA,NA,NA,NA,NA,NA,-2.70561414630433,280
"1145","North Fork Nooksack-Chinook","Chinook",2011,715,866,1,71,571,72,NA,NA,NA,NA,NA,NA,NA,NA,NA,NA,NA,NA,NA,NA,NA,NA,NA,NA,NA,NA,NA,NA,NA,NA,NA,NA,NA,-0.191602365868428,280
"1146","North Fork Nooksack-Chinook","Chinook",2012,296,758,0,58,190,48,NA,NA,NA,NA,NA,NA,NA,NA,NA,NA,NA,NA,NA,NA,NA,NA,NA,NA,NA,NA,NA,NA,NA,NA,NA,NA,NA,-0.940323931318311,280
"1147","North Fork Nooksack-Chinook","Chinook",2013,158,1350,0,35,90,33,NA,NA,NA,NA,NA,NA,NA,NA,NA,NA,NA,NA,NA,NA,NA,NA,NA,NA,NA,NA,NA,NA,NA,NA,NA,NA,NA,-2.14526483840551,280
"1148","North Fork Stillaguamish-Chinook","Chinook",1976,4620,1857,146,1020,3061,393,NA,NA,NA,NA,NA,NA,NA,NA,NA,NA,NA,NA,NA,NA,NA,NA,NA,NA,NA,NA,NA,NA,NA,NA,NA,NA,NA,0.911432422723079,281
"1149","North Fork Stillaguamish-Chinook","Chinook",1977,3003,1280,94,638,1958,313,NA,NA,NA,NA,NA,NA,NA,NA,NA,NA,NA,NA,NA,NA,NA,NA,NA,NA,NA,NA,NA,NA,NA,NA,NA,NA,NA,0.852751711069668,281
"1150","North Fork Stillaguamish-Chinook","Chinook",1978,3112,1074,165,578,2096,273,NA,NA,NA,NA,NA,NA,NA,NA,NA,NA,NA,NA,NA,NA,NA,NA,NA,NA,NA,NA,NA,NA,NA,NA,NA,NA,NA,1.06387561022947,281
"1151","North Fork Stillaguamish-Chinook","Chinook",1979,2512,895,183,702,1428,199,NA,NA,NA,NA,NA,NA,NA,NA,NA,NA,NA,NA,NA,NA,NA,NA,NA,NA,NA,NA,NA,NA,NA,NA,NA,NA,NA,1.03201080931323,281
"1152","North Fork Stillaguamish-Chinook","Chinook",1980,900,718,1,84,815,0,NA,NA,NA,NA,NA,NA,NA,NA,NA,NA,NA,NA,NA,NA,NA,NA,NA,NA,NA,NA,NA,NA,NA,NA,NA,NA,NA,0.225925194276087,281
"1153","North Fork Stillaguamish-Chinook","Chinook",1983,16071,369,0,1125,10381,4565,NA,NA,NA,NA,NA,NA,NA,NA,NA,NA,NA,NA,NA,NA,NA,NA,NA,NA,NA,NA,NA,NA,NA,NA,NA,NA,NA,3.77397504050854,281
"1154","North Fork Stillaguamish-Chinook","Chinook",1984,2102,340,95,398,1417,192,NA,NA,NA,NA,NA,NA,NA,NA,NA,NA,NA,NA,NA,NA,NA,NA,NA,NA,NA,NA,NA,NA,NA,NA,NA,NA,NA,1.82169893382669,281
"1155","North Fork Stillaguamish-Chinook","Chinook",1985,1380,1148,0,402,866,112,NA,NA,NA,NA,NA,NA,NA,NA,NA,NA,NA,NA,NA,NA,NA,NA,NA,NA,NA,NA,NA,NA,NA,NA,NA,NA,NA,0.184062201271739,281
"1156","North Fork Stillaguamish-Chinook","Chinook",1986,3899,1028,334,822,2312,431,NA,NA,NA,NA,NA,NA,NA,NA,NA,NA,NA,NA,NA,NA,NA,NA,NA,NA,NA,NA,NA,NA,NA,NA,NA,NA,NA,1.33310494296749,281
"1157","North Fork Stillaguamish-Chinook","Chinook",1987,3047,1065,456,492,1997,102,NA,NA,NA,NA,NA,NA,NA,NA,NA,NA,NA,NA,NA,NA,NA,NA,NA,NA,NA,NA,NA,NA,NA,NA,NA,NA,NA,1.05118270084218,281
"1158","North Fork Stillaguamish-Chinook","Chinook",1988,2213,753,399,778,1009,27,NA,NA,NA,NA,NA,NA,NA,NA,NA,NA,NA,NA,NA,NA,NA,NA,NA,NA,NA,NA,NA,NA,NA,NA,NA,NA,NA,1.07803911225116,281
"1159","North Fork Stillaguamish-Chinook","Chinook",1989,1755,748,327,494,847,87,NA,NA,NA,NA,NA,NA,NA,NA,NA,NA,NA,NA,NA,NA,NA,NA,NA,NA,NA,NA,NA,NA,NA,NA,NA,NA,NA,0.852821157925489,281
"1160","North Fork Stillaguamish-Chinook","Chinook",1990,2381,834,375,689,1094,223,NA,NA,NA,NA,NA,NA,NA,NA,NA,NA,NA,NA,NA,NA,NA,NA,NA,NA,NA,NA,NA,NA,NA,NA,NA,NA,NA,1.04904244412812,281
"1161","North Fork Stillaguamish-Chinook","Chinook",1991,1082,1815,20,301,673,88,NA,NA,NA,NA,NA,NA,NA,NA,NA,NA,NA,NA,NA,NA,NA,NA,NA,NA,NA,NA,NA,NA,NA,NA,NA,NA,NA,-0.517274287292524,281
"1162","North Fork Stillaguamish-Chinook","Chinook",1992,1036,654,50,249,710,27,NA,NA,NA,NA,NA,NA,NA,NA,NA,NA,NA,NA,NA,NA,NA,NA,NA,NA,NA,NA,NA,NA,NA,NA,NA,NA,NA,0.46001507136223,281
"1163","North Fork Stillaguamish-Chinook","Chinook",1993,1618,727,54,617,846,101,NA,NA,NA,NA,NA,NA,NA,NA,NA,NA,NA,NA,NA,NA,NA,NA,NA,NA,NA,NA,NA,NA,NA,NA,NA,NA,NA,0.800019620084918,281
"1164","North Fork Stillaguamish-Chinook","Chinook",1994,1590,881,76,460,955,99,NA,NA,NA,NA,NA,NA,NA,NA,NA,NA,NA,NA,NA,NA,NA,NA,NA,NA,NA,NA,NA,NA,NA,NA,NA,NA,NA,0.590431669278098,281
"1165","North Fork Stillaguamish-Chinook","Chinook",1995,350,783,19,123,119,89,NA,NA,NA,NA,NA,NA,NA,NA,NA,NA,NA,NA,NA,NA,NA,NA,NA,NA,NA,NA,NA,NA,NA,NA,NA,NA,NA,-0.805199541507344,281
"1166","North Fork Stillaguamish-Chinook","Chinook",1996,1752,1340,44,326,1229,153,NA,NA,NA,NA,NA,NA,NA,NA,NA,NA,NA,NA,NA,NA,NA,NA,NA,NA,NA,NA,NA,NA,NA,NA,NA,NA,NA,0.26808837855138,281
"1167","North Fork Stillaguamish-Chinook","Chinook",1997,1635,1187,11,494,1025,105,NA,NA,NA,NA,NA,NA,NA,NA,NA,NA,NA,NA,NA,NA,NA,NA,NA,NA,NA,NA,NA,NA,NA,NA,NA,NA,NA,0.320213688721686,281
"1168","North Fork Stillaguamish-Chinook","Chinook",1998,1516,1683,70,212,1088,146,NA,NA,NA,NA,NA,NA,NA,NA,NA,NA,NA,NA,NA,NA,NA,NA,NA,NA,NA,NA,NA,NA,NA,NA,NA,NA,NA,-0.104502627988489,281
"1169","North Fork Stillaguamish-Chinook","Chinook",1999,1277,1078,26,283,589,379,NA,NA,NA,NA,NA,NA,NA,NA,NA,NA,NA,NA,NA,NA,NA,NA,NA,NA,NA,NA,NA,NA,NA,NA,NA,NA,NA,0.169406104563597,281
"1170","North Fork Stillaguamish-Chinook","Chinook",2000,2637,1877,85,488,1900,164,NA,NA,NA,NA,NA,NA,NA,NA,NA,NA,NA,NA,NA,NA,NA,NA,NA,NA,NA,NA,NA,NA,NA,NA,NA,NA,NA,0.339967149766778,281
"1171","North Fork Stillaguamish-Chinook","Chinook",2001,1014,1374,41,481,492,0,NA,NA,NA,NA,NA,NA,NA,NA,NA,NA,NA,NA,NA,NA,NA,NA,NA,NA,NA,NA,NA,NA,NA,NA,NA,NA,NA,-0.303823288631166,281
"1172","North Fork Stillaguamish-Chinook","Chinook",2002,1189,1678,121,325,743,0,NA,NA,NA,NA,NA,NA,NA,NA,NA,NA,NA,NA,NA,NA,NA,NA,NA,NA,NA,NA,NA,NA,NA,NA,NA,NA,NA,-0.34448999033637,281
"1173","North Fork Stillaguamish-Chinook","Chinook",2003,351,1140,12,110,160,69,NA,NA,NA,NA,NA,NA,NA,NA,NA,NA,NA,NA,NA,NA,NA,NA,NA,NA,NA,NA,NA,NA,NA,NA,NA,NA,NA,-1.17799731792268,281
"1174","North Fork Stillaguamish-Chinook","Chinook",2004,1050,1829,262,213,531,44,NA,NA,NA,NA,NA,NA,NA,NA,NA,NA,NA,NA,NA,NA,NA,NA,NA,NA,NA,NA,NA,NA,NA,NA,NA,NA,NA,-0.554979205239297,281
"1175","North Fork Stillaguamish-Chinook","Chinook",2005,1000,1196,77,489,408,26,NA,NA,NA,NA,NA,NA,NA,NA,NA,NA,NA,NA,NA,NA,NA,NA,NA,NA,NA,NA,NA,NA,NA,NA,NA,NA,NA,-0.17898265552844,281
"1176","North Fork Stillaguamish-Chinook","Chinook",2006,434,1775,3,186,245,0,NA,NA,NA,NA,NA,NA,NA,NA,NA,NA,NA,NA,NA,NA,NA,NA,NA,NA,NA,NA,NA,NA,NA,NA,NA,NA,NA,-1.40851116780911,281
"1177","North Fork Stillaguamish-Chinook","Chinook",2007,639,847,26,139,421,53,NA,NA,NA,NA,NA,NA,NA,NA,NA,NA,NA,NA,NA,NA,NA,NA,NA,NA,NA,NA,NA,NA,NA,NA,NA,NA,NA,-0.28179624027452,281
"1178","North Fork Stillaguamish-Chinook","Chinook",2008,1187,1432,29,320,740,98,NA,NA,NA,NA,NA,NA,NA,NA,NA,NA,NA,NA,NA,NA,NA,NA,NA,NA,NA,NA,NA,NA,NA,NA,NA,NA,NA,-0.187642952910923,281
"1179","North Fork Stillaguamish-Chinook","Chinook",2009,1321,1241,75,396,795,55,NA,NA,NA,NA,NA,NA,NA,NA,NA,NA,NA,NA,NA,NA,NA,NA,NA,NA,NA,NA,NA,NA,NA,NA,NA,NA,NA,0.0624715193177181,281
"1180","North Fork Stillaguamish-Chinook","Chinook",2010,505,876,117,182,172,34,NA,NA,NA,NA,NA,NA,NA,NA,NA,NA,NA,NA,NA,NA,NA,NA,NA,NA,NA,NA,NA,NA,NA,NA,NA,NA,NA,-0.550807661661032,281
"1181","North Fork Stillaguamish-Chinook","Chinook",2011,717,1643,14,155,354,194,NA,NA,NA,NA,NA,NA,NA,NA,NA,NA,NA,NA,NA,NA,NA,NA,NA,NA,NA,NA,NA,NA,NA,NA,NA,NA,NA,-0.829203277437648,281
"1182","North Fork Stillaguamish-Chinook","Chinook",2012,1630,1754,10,406,1058,156,NA,NA,NA,NA,NA,NA,NA,NA,NA,NA,NA,NA,NA,NA,NA,NA,NA,NA,NA,NA,NA,NA,NA,NA,NA,NA,NA,-0.0733188791313203,281
"1183","North Fork Stillaguamish-Chinook","Chinook",2013,894,919,39,312,525,18,NA,NA,NA,NA,NA,NA,NA,NA,NA,NA,NA,NA,NA,NA,NA,NA,NA,NA,NA,NA,NA,NA,NA,NA,NA,NA,NA,-0.0275803471821729,281
"1184","North Fork Stillaguamish-Chinook","Chinook",2014,679,422,22,298,353,6,NA,NA,NA,NA,NA,NA,NA,NA,NA,NA,NA,NA,NA,NA,NA,NA,NA,NA,NA,NA,NA,NA,NA,NA,NA,NA,NA,0.475615813522684,281
"1185","Puyallup-Chinook","Chinook",1970,10663,5407,102,864,7797,1900,NA,NA,NA,NA,NA,NA,NA,NA,NA,NA,NA,NA,NA,NA,NA,NA,NA,NA,NA,NA,NA,NA,NA,NA,NA,NA,NA,0.679085394636175,282
"1186","Puyallup-Chinook","Chinook",1971,6553,2255,31,452,4876,1194,NA,NA,NA,NA,NA,NA,NA,NA,NA,NA,NA,NA,NA,NA,NA,NA,NA,NA,NA,NA,NA,NA,NA,NA,NA,NA,NA,1.06677298710272,282
"1187","Puyallup-Chinook","Chinook",1972,13253,935,59,1503,10429,1262,NA,NA,NA,NA,NA,NA,NA,NA,NA,NA,NA,NA,NA,NA,NA,NA,NA,NA,NA,NA,NA,NA,NA,NA,NA,NA,NA,2.65143269159199,282
"1188","Puyallup-Chinook","Chinook",1973,812,661,8,173,445,186,NA,NA,NA,NA,NA,NA,NA,NA,NA,NA,NA,NA,NA,NA,NA,NA,NA,NA,NA,NA,NA,NA,NA,NA,NA,NA,NA,0.205746500309992,282
"1189","Puyallup-Chinook","Chinook",1974,4376,1550,64,438,2994,880,NA,NA,NA,NA,NA,NA,NA,NA,NA,NA,NA,NA,NA,NA,NA,NA,NA,NA,NA,NA,NA,NA,NA,NA,NA,NA,NA,1.03788013418852,282
"1190","Puyallup-Chinook","Chinook",1975,10002,1444,87,1126,5825,2964,NA,NA,NA,NA,NA,NA,NA,NA,NA,NA,NA,NA,NA,NA,NA,NA,NA,NA,NA,NA,NA,NA,NA,NA,NA,NA,NA,1.93536803252608,282
"1191","Puyallup-Chinook","Chinook",1976,15207,1126,139,1999,12988,81,NA,NA,NA,NA,NA,NA,NA,NA,NA,NA,NA,NA,NA,NA,NA,NA,NA,NA,NA,NA,NA,NA,NA,NA,NA,NA,NA,2.60308431844082,282
"1192","Puyallup-Chinook","Chinook",1977,371,721,14,148,34,175,NA,NA,NA,NA,NA,NA,NA,NA,NA,NA,NA,NA,NA,NA,NA,NA,NA,NA,NA,NA,NA,NA,NA,NA,NA,NA,NA,-0.664437074677514,282
"1193","Puyallup-Chinook","Chinook",1978,6225,1051,216,63,4423,1523,NA,NA,NA,NA,NA,NA,NA,NA,NA,NA,NA,NA,NA,NA,NA,NA,NA,NA,NA,NA,NA,NA,NA,NA,NA,NA,NA,1.77883135045596,282
"1194","Puyallup-Chinook","Chinook",1979,6474,2517,11,874,4472,1117,NA,NA,NA,NA,NA,NA,NA,NA,NA,NA,NA,NA,NA,NA,NA,NA,NA,NA,NA,NA,NA,NA,NA,NA,NA,NA,NA,0.944726439350874,282
"1195","Puyallup-Chinook","Chinook",1980,23225,2560,345,1427,14995,6458,NA,NA,NA,NA,NA,NA,NA,NA,NA,NA,NA,NA,NA,NA,NA,NA,NA,NA,NA,NA,NA,NA,NA,NA,NA,NA,NA,2.20522202620843,282
"1196","Puyallup-Chinook","Chinook",1981,7719,527,110,920,5693,996,NA,NA,NA,NA,NA,NA,NA,NA,NA,NA,NA,NA,NA,NA,NA,NA,NA,NA,NA,NA,NA,NA,NA,NA,NA,NA,NA,2.68423955240849,282
"1197","Puyallup-Chinook","Chinook",1982,1779,900,23,439,1034,283,NA,NA,NA,NA,NA,NA,NA,NA,NA,NA,NA,NA,NA,NA,NA,NA,NA,NA,NA,NA,NA,NA,NA,NA,NA,NA,NA,0.681411924341524,282
"1198","Puyallup-Chinook","Chinook",1983,2096,1240,153,310,1397,236,NA,NA,NA,NA,NA,NA,NA,NA,NA,NA,NA,NA,NA,NA,NA,NA,NA,NA,NA,NA,NA,NA,NA,NA,NA,NA,NA,0.52491938684185,282
"1199","Puyallup-Chinook","Chinook",1984,4366,1304,54,418,2891,1003,NA,NA,NA,NA,NA,NA,NA,NA,NA,NA,NA,NA,NA,NA,NA,NA,NA,NA,NA,NA,NA,NA,NA,NA,NA,NA,NA,1.20841079462329,282
"1200","Puyallup-Chinook","Chinook",1985,5252,1167,91,629,3737,795,NA,NA,NA,NA,NA,NA,NA,NA,NA,NA,NA,NA,NA,NA,NA,NA,NA,NA,NA,NA,NA,NA,NA,NA,NA,NA,NA,1.50417260313613,282
"1201","Puyallup-Chinook","Chinook",1986,16097,762,182,1616,12968,1331,NA,NA,NA,NA,NA,NA,NA,NA,NA,NA,NA,NA,NA,NA,NA,NA,NA,NA,NA,NA,NA,NA,NA,NA,NA,NA,NA,3.05044164251958,282
"1202","Puyallup-Chinook","Chinook",1987,3802,968,105,751,2946,0,NA,NA,NA,NA,NA,NA,NA,NA,NA,NA,NA,NA,NA,NA,NA,NA,NA,NA,NA,NA,NA,NA,NA,NA,NA,NA,NA,1.3680504357718,282
"1203","Puyallup-Chinook","Chinook",1988,18183,1401,1000,994,13167,3022,NA,NA,NA,NA,NA,NA,NA,NA,NA,NA,NA,NA,NA,NA,NA,NA,NA,NA,NA,NA,NA,NA,NA,NA,NA,NA,NA,2.56330082428239,282
"1204","Puyallup-Chinook","Chinook",1989,3737,2583,56,269,3306,106,NA,NA,NA,NA,NA,NA,NA,NA,NA,NA,NA,NA,NA,NA,NA,NA,NA,NA,NA,NA,NA,NA,NA,NA,NA,NA,NA,0.369331636389643,282
"1205","Puyallup-Chinook","Chinook",1990,6575,3577,263,1081,4601,630,NA,NA,NA,NA,NA,NA,NA,NA,NA,NA,NA,NA,NA,NA,NA,NA,NA,NA,NA,NA,NA,NA,NA,NA,NA,NA,NA,0.608750117786948,282
"1206","Puyallup-Chinook","Chinook",1991,2911,1773,125,315,2392,79,NA,NA,NA,NA,NA,NA,NA,NA,NA,NA,NA,NA,NA,NA,NA,NA,NA,NA,NA,NA,NA,NA,NA,NA,NA,NA,NA,0.495823637671415,282
"1207","Puyallup-Chinook","Chinook",1992,4374,3094,47,1335,2664,328,NA,NA,NA,NA,NA,NA,NA,NA,NA,NA,NA,NA,NA,NA,NA,NA,NA,NA,NA,NA,NA,NA,NA,NA,NA,NA,NA,0.346213170103702,282
"1208","Puyallup-Chinook","Chinook",1993,2848,2084,91,482,1020,1255,NA,NA,NA,NA,NA,NA,NA,NA,NA,NA,NA,NA,NA,NA,NA,NA,NA,NA,NA,NA,NA,NA,NA,NA,NA,NA,NA,0.312327869658609,282
"1209","Puyallup-Chinook","Chinook",1994,3581,2621,41,405,2634,501,NA,NA,NA,NA,NA,NA,NA,NA,NA,NA,NA,NA,NA,NA,NA,NA,NA,NA,NA,NA,NA,NA,NA,NA,NA,NA,NA,0.312086166675026,282
"1210","Puyallup-Chinook","Chinook",1995,3503,2750,66,891,2197,349,NA,NA,NA,NA,NA,NA,NA,NA,NA,NA,NA,NA,NA,NA,NA,NA,NA,NA,NA,NA,NA,NA,NA,NA,NA,NA,NA,0.24201883253687,282
"1211","Puyallup-Chinook","Chinook",1996,2303,2518,31,457,1507,308,NA,NA,NA,NA,NA,NA,NA,NA,NA,NA,NA,NA,NA,NA,NA,NA,NA,NA,NA,NA,NA,NA,NA,NA,NA,NA,NA,-0.0892523147836073,282
"1212","Puyallup-Chinook","Chinook",1997,4389,1583,67,495,3348,479,NA,NA,NA,NA,NA,NA,NA,NA,NA,NA,NA,NA,NA,NA,NA,NA,NA,NA,NA,NA,NA,NA,NA,NA,NA,NA,NA,1.01977962980722,282
"1213","Puyallup-Chinook","Chinook",1998,3507,3210,66,607,2452,382,NA,NA,NA,NA,NA,NA,NA,NA,NA,NA,NA,NA,NA,NA,NA,NA,NA,NA,NA,NA,NA,NA,NA,NA,NA,NA,NA,0.0884900340161165,282
"1214","Puyallup-Chinook","Chinook",1999,1915,2027,43,298,1236,338,NA,NA,NA,NA,NA,NA,NA,NA,NA,NA,NA,NA,NA,NA,NA,NA,NA,NA,NA,NA,NA,NA,NA,NA,NA,NA,NA,-0.0568392448372537,282
"1215","Puyallup-Chinook","Chinook",2000,3768,1366,54,451,2938,325,NA,NA,NA,NA,NA,NA,NA,NA,NA,NA,NA,NA,NA,NA,NA,NA,NA,NA,NA,NA,NA,NA,NA,NA,NA,NA,NA,1.01465759556552,282
"1216","Puyallup-Chinook","Chinook",2001,1978,2221,32,315,1155,476,NA,NA,NA,NA,NA,NA,NA,NA,NA,NA,NA,NA,NA,NA,NA,NA,NA,NA,NA,NA,NA,NA,NA,NA,NA,NA,NA,-0.11587131171177,282
"1217","Puyallup-Chinook","Chinook",2002,3383,1693,57,371,2547,408,NA,NA,NA,NA,NA,NA,NA,NA,NA,NA,NA,NA,NA,NA,NA,NA,NA,NA,NA,NA,NA,NA,NA,NA,NA,NA,NA,0.692260786647573,282
"1218","Puyallup-Chinook","Chinook",2003,3194,1745,34,401,1950,809,NA,NA,NA,NA,NA,NA,NA,NA,NA,NA,NA,NA,NA,NA,NA,NA,NA,NA,NA,NA,NA,NA,NA,NA,NA,NA,NA,0.60451949413843,282
"1219","Puyallup-Chinook","Chinook",2004,7842,2071,96,928,5086,1732,NA,NA,NA,NA,NA,NA,NA,NA,NA,NA,NA,NA,NA,NA,NA,NA,NA,NA,NA,NA,NA,NA,NA,NA,NA,NA,NA,1.33146232145669,282
"1220","Puyallup-Chinook","Chinook",2005,691,1240,16,150,486,39,NA,NA,NA,NA,NA,NA,NA,NA,NA,NA,NA,NA,NA,NA,NA,NA,NA,NA,NA,NA,NA,NA,NA,NA,NA,NA,NA,-0.584726834831413,282
"1221","Puyallup-Chinook","Chinook",2006,1146,2530,49,376,638,83,NA,NA,NA,NA,NA,NA,NA,NA,NA,NA,NA,NA,NA,NA,NA,NA,NA,NA,NA,NA,NA,NA,NA,NA,NA,NA,NA,-0.791941684446881,282
"1222","Puyallup-Chinook","Chinook",2007,645,2906,29,114,438,64,NA,NA,NA,NA,NA,NA,NA,NA,NA,NA,NA,NA,NA,NA,NA,NA,NA,NA,NA,NA,NA,NA,NA,NA,NA,NA,NA,-1.50528252733446,282
"1223","Puyallup-Chinook","Chinook",2008,1292,2867,33,238,942,79,NA,NA,NA,NA,NA,NA,NA,NA,NA,NA,NA,NA,NA,NA,NA,NA,NA,NA,NA,NA,NA,NA,NA,NA,NA,NA,NA,-0.797074781540823,282
"1224","Puyallup-Chinook","Chinook",2009,204,1400,6,44,110,44,NA,NA,NA,NA,NA,NA,NA,NA,NA,NA,NA,NA,NA,NA,NA,NA,NA,NA,NA,NA,NA,NA,NA,NA,NA,NA,NA,-1.92610752175913,282
"1225","Puyallup-Chinook","Chinook",2010,1236,1552,15,87,467,667,NA,NA,NA,NA,NA,NA,NA,NA,NA,NA,NA,NA,NA,NA,NA,NA,NA,NA,NA,NA,NA,NA,NA,NA,NA,NA,NA,-0.227664062725528,282
"1226","Puyallup-Chinook","Chinook",2011,2006,1324,29,293,1375,309,NA,NA,NA,NA,NA,NA,NA,NA,NA,NA,NA,NA,NA,NA,NA,NA,NA,NA,NA,NA,NA,NA,NA,NA,NA,NA,NA,0.415485232024927,282
"1227","Puyallup-Chinook","Chinook",2012,2059,1040,31,95,1303,630,NA,NA,NA,NA,NA,NA,NA,NA,NA,NA,NA,NA,NA,NA,NA,NA,NA,NA,NA,NA,NA,NA,NA,NA,NA,NA,NA,0.682999714892371,282
"1228","Puyallup-Chinook","Chinook",2013,630,621,0,115,447,68,NA,NA,NA,NA,NA,NA,NA,NA,NA,NA,NA,NA,NA,NA,NA,NA,NA,NA,NA,NA,NA,NA,NA,NA,NA,NA,NA,0.0143887374520997,282
"1229","Puyallup-Chinook","Chinook",2014,1615,1410,36,456,980,143,NA,NA,NA,NA,NA,NA,NA,NA,NA,NA,NA,NA,NA,NA,NA,NA,NA,NA,NA,NA,NA,NA,NA,NA,NA,NA,NA,0.135745252284543,282
"1230","Sammamish-Chinook","Chinook",1985,863,192,11,198,392,262,NA,NA,NA,NA,NA,NA,NA,NA,NA,NA,NA,NA,NA,NA,NA,NA,NA,NA,NA,NA,NA,NA,NA,NA,NA,NA,NA,1.50291931905565,283
"1231","Sammamish-Chinook","Chinook",1986,1778,557,14,544,843,377,NA,NA,NA,NA,NA,NA,NA,NA,NA,NA,NA,NA,NA,NA,NA,NA,NA,NA,NA,NA,NA,NA,NA,NA,NA,NA,NA,1.16067917614657,283
"1232","Sammamish-Chinook","Chinook",1987,800,516,15,355,210,220,NA,NA,NA,NA,NA,NA,NA,NA,NA,NA,NA,NA,NA,NA,NA,NA,NA,NA,NA,NA,NA,NA,NA,NA,NA,NA,NA,0.438504962186365,283
"1233","Sammamish-Chinook","Chinook",1988,177,391,8,37,76,56,NA,NA,NA,NA,NA,NA,NA,NA,NA,NA,NA,NA,NA,NA,NA,NA,NA,NA,NA,NA,NA,NA,NA,NA,NA,NA,NA,-0.792557827411537,283
"1234","Sammamish-Chinook","Chinook",1989,1054,922,20,317,380,337,NA,NA,NA,NA,NA,NA,NA,NA,NA,NA,NA,NA,NA,NA,NA,NA,NA,NA,NA,NA,NA,NA,NA,NA,NA,NA,NA,0.133802505544714,283
"1235","Sammamish-Chinook","Chinook",1990,50,1027,1,15,25,9,NA,NA,NA,NA,NA,NA,NA,NA,NA,NA,NA,NA,NA,NA,NA,NA,NA,NA,NA,NA,NA,NA,NA,NA,NA,NA,NA,-3.02237420450041,283
"1236","Sammamish-Chinook","Chinook",1991,845,374,20,467,313,45,NA,NA,NA,NA,NA,NA,NA,NA,NA,NA,NA,NA,NA,NA,NA,NA,NA,NA,NA,NA,NA,NA,NA,NA,NA,NA,NA,0.815080829942642,283
"1237","Sammamish-Chinook","Chinook",1992,15,354,1,8,2,4,NA,NA,NA,NA,NA,NA,NA,NA,NA,NA,NA,NA,NA,NA,NA,NA,NA,NA,NA,NA,NA,NA,NA,NA,NA,NA,NA,-3.16124671203156,283
"1238","Sammamish-Chinook","Chinook",1993,106,511,3,17,49,37,NA,NA,NA,NA,NA,NA,NA,NA,NA,NA,NA,NA,NA,NA,NA,NA,NA,NA,NA,NA,NA,NA,NA,NA,NA,NA,NA,-1.57293049609164,283
"1239","Sammamish-Chinook","Chinook",1994,395,910,2,107,132,154,NA,NA,NA,NA,NA,NA,NA,NA,NA,NA,NA,NA,NA,NA,NA,NA,NA,NA,NA,NA,NA,NA,NA,NA,NA,NA,NA,-0.834558834609774,283
"1240","Sammamish-Chinook","Chinook",1995,562,520,5,113,223,221,NA,NA,NA,NA,NA,NA,NA,NA,NA,NA,NA,NA,NA,NA,NA,NA,NA,NA,NA,NA,NA,NA,NA,NA,NA,NA,NA,0.077673038318218,283
"1241","Sammamish-Chinook","Chinook",1996,1008,189,11,363,435,199,NA,NA,NA,NA,NA,NA,NA,NA,NA,NA,NA,NA,NA,NA,NA,NA,NA,NA,NA,NA,NA,NA,NA,NA,NA,NA,NA,1.67397643357167,283
"1242","Sammamish-Chinook","Chinook",1997,538,559,9,167,162,200,NA,NA,NA,NA,NA,NA,NA,NA,NA,NA,NA,NA,NA,NA,NA,NA,NA,NA,NA,NA,NA,NA,NA,NA,NA,NA,NA,-0.0382909129933148,283
"1243","Sammamish-Chinook","Chinook",1998,1163,1031,14,260,535,354,NA,NA,NA,NA,NA,NA,NA,NA,NA,NA,NA,NA,NA,NA,NA,NA,NA,NA,NA,NA,NA,NA,NA,NA,NA,NA,NA,0.120473668501705,283
"1244","Sammamish-Chinook","Chinook",1999,972,1013,14,412,190,356,NA,NA,NA,NA,NA,NA,NA,NA,NA,NA,NA,NA,NA,NA,NA,NA,NA,NA,NA,NA,NA,NA,NA,NA,NA,NA,NA,-0.0413156997882443,283
"1245","Sammamish-Chinook","Chinook",2000,423,659,9,119,212,83,NA,NA,NA,NA,NA,NA,NA,NA,NA,NA,NA,NA,NA,NA,NA,NA,NA,NA,NA,NA,NA,NA,NA,NA,NA,NA,NA,-0.443351355456229,283
"1246","Sammamish-Chinook","Chinook",2001,320,1733,0,156,112,52,NA,NA,NA,NA,NA,NA,NA,NA,NA,NA,NA,NA,NA,NA,NA,NA,NA,NA,NA,NA,NA,NA,NA,NA,NA,NA,NA,-1.68928829392183,283
"1247","Sammamish-Chinook","Chinook",2002,1386,1494,19,214,992,161,NA,NA,NA,NA,NA,NA,NA,NA,NA,NA,NA,NA,NA,NA,NA,NA,NA,NA,NA,NA,NA,NA,NA,NA,NA,NA,NA,-0.0750351859429141,283
"1248","Sammamish-Chinook","Chinook",2003,874,650,9,369,219,277,NA,NA,NA,NA,NA,NA,NA,NA,NA,NA,NA,NA,NA,NA,NA,NA,NA,NA,NA,NA,NA,NA,NA,NA,NA,NA,NA,0.296108012765853,283
"1249","Sammamish-Chinook","Chinook",2004,144,1050,45,35,53,11,NA,NA,NA,NA,NA,NA,NA,NA,NA,NA,NA,NA,NA,NA,NA,NA,NA,NA,NA,NA,NA,NA,NA,NA,NA,NA,NA,-1.98673214357557,283
"1250","Sammamish-Chinook","Chinook",2005,431,889,10,277,88,56,NA,NA,NA,NA,NA,NA,NA,NA,NA,NA,NA,NA,NA,NA,NA,NA,NA,NA,NA,NA,NA,NA,NA,NA,NA,NA,NA,-0.723989145410157,283
"1251","Sammamish-Chinook","Chinook",2006,15,2314,1,6,6,2,NA,NA,NA,NA,NA,NA,NA,NA,NA,NA,NA,NA,NA,NA,NA,NA,NA,NA,NA,NA,NA,NA,NA,NA,NA,NA,NA,-5.03868270665141,283
"1252","Sammamish-Chinook","Chinook",2007,141,1339,3,55,36,47,NA,NA,NA,NA,NA,NA,NA,NA,NA,NA,NA,NA,NA,NA,NA,NA,NA,NA,NA,NA,NA,NA,NA,NA,NA,NA,NA,-2.250918455313,283
"1253","Sammamish-Chinook","Chinook",2008,77,1304,1,17,36,23,NA,NA,NA,NA,NA,NA,NA,NA,NA,NA,NA,NA,NA,NA,NA,NA,NA,NA,NA,NA,NA,NA,NA,NA,NA,NA,NA,-2.82938632063291,283
"1254","Sammamish-Chinook","Chinook",2009,475,950,5,196,212,62,NA,NA,NA,NA,NA,NA,NA,NA,NA,NA,NA,NA,NA,NA,NA,NA,NA,NA,NA,NA,NA,NA,NA,NA,NA,NA,NA,-0.693147180559945,283
"1255","Sammamish-Chinook","Chinook",2010,240,1854,6,119,34,81,NA,NA,NA,NA,NA,NA,NA,NA,NA,NA,NA,NA,NA,NA,NA,NA,NA,NA,NA,NA,NA,NA,NA,NA,NA,NA,NA,-2.04446182278381,283
"1256","Sammamish-Chinook","Chinook",2011,26,801,1,3,10,12,NA,NA,NA,NA,NA,NA,NA,NA,NA,NA,NA,NA,NA,NA,NA,NA,NA,NA,NA,NA,NA,NA,NA,NA,NA,NA,NA,-3.42776440904688,283
"1257","Sammamish-Chinook","Chinook",2012,658,2079,2,133,232,291,NA,NA,NA,NA,NA,NA,NA,NA,NA,NA,NA,NA,NA,NA,NA,NA,NA,NA,NA,NA,NA,NA,NA,NA,NA,NA,NA,-1.1504373565327,283
"1258","Sammamish-Chinook","Chinook",2013,2683,2336,16,429,2012,226,NA,NA,NA,NA,NA,NA,NA,NA,NA,NA,NA,NA,NA,NA,NA,NA,NA,NA,NA,NA,NA,NA,NA,NA,NA,NA,NA,0.138495506477506,283
"1259","Sammamish-Chinook","Chinook",2014,712,492,11,374,215,112,NA,NA,NA,NA,NA,NA,NA,NA,NA,NA,NA,NA,NA,NA,NA,NA,NA,NA,NA,NA,NA,NA,NA,NA,NA,NA,NA,0.369599194919668,283
"1260","Skokomish-Chinook","Chinook",1970,696,2124,29,316,305,46,NA,NA,NA,NA,NA,NA,NA,NA,NA,NA,NA,NA,NA,NA,NA,NA,NA,NA,NA,NA,NA,NA,NA,NA,NA,NA,NA,-1.11570672202741,284
"1261","Skokomish-Chinook","Chinook",1971,7717,3062,395,1337,5659,326,NA,NA,NA,NA,NA,NA,NA,NA,NA,NA,NA,NA,NA,NA,NA,NA,NA,NA,NA,NA,NA,NA,NA,NA,NA,NA,NA,0.924357390239974,284
"1262","Skokomish-Chinook","Chinook",1972,2459,1087,15,750,1601,93,NA,NA,NA,NA,NA,NA,NA,NA,NA,NA,NA,NA,NA,NA,NA,NA,NA,NA,NA,NA,NA,NA,NA,NA,NA,NA,NA,0.816333155094983,284
"1263","Skokomish-Chinook","Chinook",1973,7451,1858,362,2154,4869,66,NA,NA,NA,NA,NA,NA,NA,NA,NA,NA,NA,NA,NA,NA,NA,NA,NA,NA,NA,NA,NA,NA,NA,NA,NA,NA,NA,1.38884761117994,284
"1264","Skokomish-Chinook","Chinook",1974,1235,692,90,575,377,193,NA,NA,NA,NA,NA,NA,NA,NA,NA,NA,NA,NA,NA,NA,NA,NA,NA,NA,NA,NA,NA,NA,NA,NA,NA,NA,NA,0.579240293444408,284
"1265","Skokomish-Chinook","Chinook",1975,14110,1950,603,787,11432,1288,NA,NA,NA,NA,NA,NA,NA,NA,NA,NA,NA,NA,NA,NA,NA,NA,NA,NA,NA,NA,NA,NA,NA,NA,NA,NA,NA,1.97905439328907,284
"1266","Skokomish-Chinook","Chinook",1976,3495,1161,29,1321,2077,68,NA,NA,NA,NA,NA,NA,NA,NA,NA,NA,NA,NA,NA,NA,NA,NA,NA,NA,NA,NA,NA,NA,NA,NA,NA,NA,NA,1.10205167297002,284
"1267","Skokomish-Chinook","Chinook",1977,731,1602,54,317,336,24,NA,NA,NA,NA,NA,NA,NA,NA,NA,NA,NA,NA,NA,NA,NA,NA,NA,NA,NA,NA,NA,NA,NA,NA,NA,NA,NA,-0.784594667878526,284
"1268","Skokomish-Chinook","Chinook",1978,337,183,33,97,171,36,NA,NA,NA,NA,NA,NA,NA,NA,NA,NA,NA,NA,NA,NA,NA,NA,NA,NA,NA,NA,NA,NA,NA,NA,NA,NA,NA,0.610596777510941,284
"1269","Skokomish-Chinook","Chinook",1979,8217,1285,146,611,6904,556,NA,NA,NA,NA,NA,NA,NA,NA,NA,NA,NA,NA,NA,NA,NA,NA,NA,NA,NA,NA,NA,NA,NA,NA,NA,NA,NA,1.85544646060187,284
"1270","Skokomish-Chinook","Chinook",1980,5323,504,62,1713,2830,718,NA,NA,NA,NA,NA,NA,NA,NA,NA,NA,NA,NA,NA,NA,NA,NA,NA,NA,NA,NA,NA,NA,NA,NA,NA,NA,NA,2.35721606510139,284
"1271","Skokomish-Chinook","Chinook",1982,6560,292,239,2224,3835,262,NA,NA,NA,NA,NA,NA,NA,NA,NA,NA,NA,NA,NA,NA,NA,NA,NA,NA,NA,NA,NA,NA,NA,NA,NA,NA,NA,3.11199207966985,284
"1272","Skokomish-Chinook","Chinook",1983,3718,1156,239,1233,1938,308,NA,NA,NA,NA,NA,NA,NA,NA,NA,NA,NA,NA,NA,NA,NA,NA,NA,NA,NA,NA,NA,NA,NA,NA,NA,NA,NA,1.16822011904907,284
"1273","Skokomish-Chinook","Chinook",1984,8902,1626,324,1692,6640,246,NA,NA,NA,NA,NA,NA,NA,NA,NA,NA,NA,NA,NA,NA,NA,NA,NA,NA,NA,NA,NA,NA,NA,NA,NA,NA,NA,1.70015295946804,284
"1274","Skokomish-Chinook","Chinook",1985,17517,3197,498,5140,10889,990,NA,NA,NA,NA,NA,NA,NA,NA,NA,NA,NA,NA,NA,NA,NA,NA,NA,NA,NA,NA,NA,NA,NA,NA,NA,NA,NA,1.70095896789181,284
"1275","Skokomish-Chinook","Chinook",1986,944,2964,56,349,471,68,NA,NA,NA,NA,NA,NA,NA,NA,NA,NA,NA,NA,NA,NA,NA,NA,NA,NA,NA,NA,NA,NA,NA,NA,NA,NA,NA,-1.14416882027048,284
"1276","Skokomish-Chinook","Chinook",1987,5618,2412,268,1948,3279,123,NA,NA,NA,NA,NA,NA,NA,NA,NA,NA,NA,NA,NA,NA,NA,NA,NA,NA,NA,NA,NA,NA,NA,NA,NA,NA,NA,0.845519449817113,284
"1277","Skokomish-Chinook","Chinook",1988,24953,2694,59,1128,2681,21085,NA,NA,NA,NA,NA,NA,NA,NA,NA,NA,NA,NA,NA,NA,NA,NA,NA,NA,NA,NA,NA,NA,NA,NA,NA,NA,NA,2.22596697746201,284
"1278","Skokomish-Chinook","Chinook",1989,2671,1418,158,623,1852,38,NA,NA,NA,NA,NA,NA,NA,NA,NA,NA,NA,NA,NA,NA,NA,NA,NA,NA,NA,NA,NA,NA,NA,NA,NA,NA,NA,0.633205506017888,284
"1279","Skokomish-Chinook","Chinook",1990,922,683,96,473,323,30,NA,NA,NA,NA,NA,NA,NA,NA,NA,NA,NA,NA,NA,NA,NA,NA,NA,NA,NA,NA,NA,NA,NA,NA,NA,NA,NA,0.300050363985804,284
"1280","Skokomish-Chinook","Chinook",1991,2613,1892,156,592,1259,606,NA,NA,NA,NA,NA,NA,NA,NA,NA,NA,NA,NA,NA,NA,NA,NA,NA,NA,NA,NA,NA,NA,NA,NA,NA,NA,NA,0.322864515908789,284
"1281","Skokomish-Chinook","Chinook",1992,1237,932,57,494,664,22,NA,NA,NA,NA,NA,NA,NA,NA,NA,NA,NA,NA,NA,NA,NA,NA,NA,NA,NA,NA,NA,NA,NA,NA,NA,NA,NA,0.283111557706897,284
"1282","Skokomish-Chinook","Chinook",1993,606,1096,64,258,257,27,NA,NA,NA,NA,NA,NA,NA,NA,NA,NA,NA,NA,NA,NA,NA,NA,NA,NA,NA,NA,NA,NA,NA,NA,NA,NA,NA,-0.592542481438646,284
"1283","Skokomish-Chinook","Chinook",1994,268,731,31,83,154,0,NA,NA,NA,NA,NA,NA,NA,NA,NA,NA,NA,NA,NA,NA,NA,NA,NA,NA,NA,NA,NA,NA,NA,NA,NA,NA,NA,-1.00342647923892,284
"1284","Skokomish-Chinook","Chinook",1995,675,1489,56,478,125,16,NA,NA,NA,NA,NA,NA,NA,NA,NA,NA,NA,NA,NA,NA,NA,NA,NA,NA,NA,NA,NA,NA,NA,NA,NA,NA,NA,-0.791147341811479,284
"1285","Skokomish-Chinook","Chinook",1996,1171,1037,381,324,463,3,NA,NA,NA,NA,NA,NA,NA,NA,NA,NA,NA,NA,NA,NA,NA,NA,NA,NA,NA,NA,NA,NA,NA,NA,NA,NA,NA,0.12152615536819,284
"1286","Skokomish-Chinook","Chinook",1997,1067,548,12,68,74,913,NA,NA,NA,NA,NA,NA,NA,NA,NA,NA,NA,NA,NA,NA,NA,NA,NA,NA,NA,NA,NA,NA,NA,NA,NA,NA,NA,0.666330964353738,284
"1287","Skokomish-Chinook","Chinook",1998,2765,1936,73,112,2523,57,NA,NA,NA,NA,NA,NA,NA,NA,NA,NA,NA,NA,NA,NA,NA,NA,NA,NA,NA,NA,NA,NA,NA,NA,NA,NA,NA,0.356416646119913,284
"1288","Skokomish-Chinook","Chinook",1999,2797,1740,3,709,2035,50,NA,NA,NA,NA,NA,NA,NA,NA,NA,NA,NA,NA,NA,NA,NA,NA,NA,NA,NA,NA,NA,NA,NA,NA,NA,NA,NA,0.474662300993385,284
"1289","Skokomish-Chinook","Chinook",2000,1834,1137,21,373,1351,89,NA,NA,NA,NA,NA,NA,NA,NA,NA,NA,NA,NA,NA,NA,NA,NA,NA,NA,NA,NA,NA,NA,NA,NA,NA,NA,NA,0.478106159065874,284
"1290","Skokomish-Chinook","Chinook",2001,1139,1941,0,423,487,229,NA,NA,NA,NA,NA,NA,NA,NA,NA,NA,NA,NA,NA,NA,NA,NA,NA,NA,NA,NA,NA,NA,NA,NA,NA,NA,NA,-0.533052619721828,284
"1291","Skokomish-Chinook","Chinook",2002,1492,1500,23,422,1047,0,NA,NA,NA,NA,NA,NA,NA,NA,NA,NA,NA,NA,NA,NA,NA,NA,NA,NA,NA,NA,NA,NA,NA,NA,NA,NA,NA,-0.00534760632659524,284
"1292","Skokomish-Chinook","Chinook",2003,1721,1129,7,206,1283,225,NA,NA,NA,NA,NA,NA,NA,NA,NA,NA,NA,NA,NA,NA,NA,NA,NA,NA,NA,NA,NA,NA,NA,NA,NA,NA,NA,0.421573232061877,284
"1293","Skokomish-Chinook","Chinook",2004,1180,2441,143,356,665,16,NA,NA,NA,NA,NA,NA,NA,NA,NA,NA,NA,NA,NA,NA,NA,NA,NA,NA,NA,NA,NA,NA,NA,NA,NA,NA,NA,-0.72689335293325,284
"1294","Skokomish-Chinook","Chinook",2005,1130,2049,112,548,462,8,NA,NA,NA,NA,NA,NA,NA,NA,NA,NA,NA,NA,NA,NA,NA,NA,NA,NA,NA,NA,NA,NA,NA,NA,NA,NA,NA,-0.595134236532514,284
"1295","Skokomish-Chinook","Chinook",2006,670,1400,101,290,252,27,NA,NA,NA,NA,NA,NA,NA,NA,NA,NA,NA,NA,NA,NA,NA,NA,NA,NA,NA,NA,NA,NA,NA,NA,NA,NA,NA,-0.736949803218338,284
"1296","Skokomish-Chinook","Chinook",2007,229,641,35,106,78,10,NA,NA,NA,NA,NA,NA,NA,NA,NA,NA,NA,NA,NA,NA,NA,NA,NA,NA,NA,NA,NA,NA,NA,NA,NA,NA,NA,-1.02930745336643,284
"1297","Skokomish-Chinook","Chinook",2008,474,1277,48,126,266,34,NA,NA,NA,NA,NA,NA,NA,NA,NA,NA,NA,NA,NA,NA,NA,NA,NA,NA,NA,NA,NA,NA,NA,NA,NA,NA,NA,-0.991061534337463,284
"1298","Skokomish-Chinook","Chinook",2009,286,1130,29,48,160,49,NA,NA,NA,NA,NA,NA,NA,NA,NA,NA,NA,NA,NA,NA,NA,NA,NA,NA,NA,NA,NA,NA,NA,NA,NA,NA,NA,-1.37398110088653,284
"1299","Skokomish-Chinook","Chinook",2010,354,1398,12,89,248,5,NA,NA,NA,NA,NA,NA,NA,NA,NA,NA,NA,NA,NA,NA,NA,NA,NA,NA,NA,NA,NA,NA,NA,NA,NA,NA,NA,-1.37350100965998,284
"1300","Skokomish-Chinook","Chinook",2011,255,1509,16,138,96,5,NA,NA,NA,NA,NA,NA,NA,NA,NA,NA,NA,NA,NA,NA,NA,NA,NA,NA,NA,NA,NA,NA,NA,NA,NA,NA,NA,-1.77793891360942,284
"1301","Skokomish-Chinook","Chinook",2012,621,1595,115,220,209,77,NA,NA,NA,NA,NA,NA,NA,NA,NA,NA,NA,NA,NA,NA,NA,NA,NA,NA,NA,NA,NA,NA,NA,NA,NA,NA,NA,-0.943297933285466,284
"1302","Skokomish-Chinook","Chinook",2013,1656,1826,47,170,1431,8,NA,NA,NA,NA,NA,NA,NA,NA,NA,NA,NA,NA,NA,NA,NA,NA,NA,NA,NA,NA,NA,NA,NA,NA,NA,NA,NA,-0.0977227262097088,284
"1303","Snoqualmie (Snohomish)-Chinook","Chinook",1967,1533,324,33,216,915,369,NA,NA,NA,NA,NA,NA,NA,NA,NA,NA,NA,NA,NA,NA,NA,NA,NA,NA,NA,NA,NA,NA,NA,NA,NA,NA,NA,1.55423836307948,285
"1304","Snoqualmie (Snohomish)-Chinook","Chinook",1968,352,783,10,54,175,113,NA,NA,NA,NA,NA,NA,NA,NA,NA,NA,NA,NA,NA,NA,NA,NA,NA,NA,NA,NA,NA,NA,NA,NA,NA,NA,NA,-0.799501520392706,285
"1305","Snoqualmie (Snohomish)-Chinook","Chinook",1969,1345,445,34,136,711,464,NA,NA,NA,NA,NA,NA,NA,NA,NA,NA,NA,NA,NA,NA,NA,NA,NA,NA,NA,NA,NA,NA,NA,NA,NA,NA,NA,1.1060750098697,285
"1306","Snoqualmie (Snohomish)-Chinook","Chinook",1970,2168,828,38,238,1265,627,NA,NA,NA,NA,NA,NA,NA,NA,NA,NA,NA,NA,NA,NA,NA,NA,NA,NA,NA,NA,NA,NA,NA,NA,NA,NA,NA,0.962547208174277,285
"1307","Snoqualmie (Snohomish)-Chinook","Chinook",1971,1263,806,16,143,575,529,NA,NA,NA,NA,NA,NA,NA,NA,NA,NA,NA,NA,NA,NA,NA,NA,NA,NA,NA,NA,NA,NA,NA,NA,NA,NA,NA,0.449161379843863,285
"1308","Snoqualmie (Snohomish)-Chinook","Chinook",1972,3725,372,49,369,2187,1120,NA,NA,NA,NA,NA,NA,NA,NA,NA,NA,NA,NA,NA,NA,NA,NA,NA,NA,NA,NA,NA,NA,NA,NA,NA,NA,NA,2.30392827654051,285
"1309","Snoqualmie (Snohomish)-Chinook","Chinook",1973,1304,672,15,162,577,550,NA,NA,NA,NA,NA,NA,NA,NA,NA,NA,NA,NA,NA,NA,NA,NA,NA,NA,NA,NA,NA,NA,NA,NA,NA,NA,NA,0.662933401963449,285
"1310","Snoqualmie (Snohomish)-Chinook","Chinook",1974,4991,1107,109,503,3673,706,NA,NA,NA,NA,NA,NA,NA,NA,NA,NA,NA,NA,NA,NA,NA,NA,NA,NA,NA,NA,NA,NA,NA,NA,NA,NA,NA,1.50598263676097,285
"1311","Snoqualmie (Snohomish)-Chinook","Chinook",1975,239,937,5,43,76,115,NA,NA,NA,NA,NA,NA,NA,NA,NA,NA,NA,NA,NA,NA,NA,NA,NA,NA,NA,NA,NA,NA,NA,NA,NA,NA,NA,-1.36621973030691,285
"1312","Snoqualmie (Snohomish)-Chinook","Chinook",1976,3114,1505,105,221,1931,857,NA,NA,NA,NA,NA,NA,NA,NA,NA,NA,NA,NA,NA,NA,NA,NA,NA,NA,NA,NA,NA,NA,NA,NA,NA,NA,NA,0.727115175210967,285
"1313","Snoqualmie (Snohomish)-Chinook","Chinook",1977,1661,1016,23,241,897,500,NA,NA,NA,NA,NA,NA,NA,NA,NA,NA,NA,NA,NA,NA,NA,NA,NA,NA,NA,NA,NA,NA,NA,NA,NA,NA,NA,0.491546481474868,285
"1314","Snoqualmie (Snohomish)-Chinook","Chinook",1978,1386,2122,44,140,632,570,NA,NA,NA,NA,NA,NA,NA,NA,NA,NA,NA,NA,NA,NA,NA,NA,NA,NA,NA,NA,NA,NA,NA,NA,NA,NA,NA,-0.42593713942408,285
"1315","Snoqualmie (Snohomish)-Chinook","Chinook",1979,4403,464,124,416,2657,1206,NA,NA,NA,NA,NA,NA,NA,NA,NA,NA,NA,NA,NA,NA,NA,NA,NA,NA,NA,NA,NA,NA,NA,NA,NA,NA,NA,2.2501568535295,285
"1316","Snoqualmie (Snohomish)-Chinook","Chinook",1980,2470,1324,63,303,1028,1076,NA,NA,NA,NA,NA,NA,NA,NA,NA,NA,NA,NA,NA,NA,NA,NA,NA,NA,NA,NA,NA,NA,NA,NA,NA,NA,NA,0.623560693125069,285
"1317","Snoqualmie (Snohomish)-Chinook","Chinook",1981,3008,969,95,361,1601,951,NA,NA,NA,NA,NA,NA,NA,NA,NA,NA,NA,NA,NA,NA,NA,NA,NA,NA,NA,NA,NA,NA,NA,NA,NA,NA,NA,1.13276607317896,285
"1318","Snoqualmie (Snohomish)-Chinook","Chinook",1982,1722,830,27,233,976,486,NA,NA,NA,NA,NA,NA,NA,NA,NA,NA,NA,NA,NA,NA,NA,NA,NA,NA,NA,NA,NA,NA,NA,NA,NA,NA,NA,0.729815984197032,285
"1319","Snoqualmie (Snohomish)-Chinook","Chinook",1983,1607,1770,80,272,988,267,NA,NA,NA,NA,NA,NA,NA,NA,NA,NA,NA,NA,NA,NA,NA,NA,NA,NA,NA,NA,NA,NA,NA,NA,NA,NA,NA,-0.0966104598303623,285
"1320","Snoqualmie (Snohomish)-Chinook","Chinook",1984,533,1122,15,74,284,160,NA,NA,NA,NA,NA,NA,NA,NA,NA,NA,NA,NA,NA,NA,NA,NA,NA,NA,NA,NA,NA,NA,NA,NA,NA,NA,NA,-0.744346661916797,285
"1321","Snoqualmie (Snohomish)-Chinook","Chinook",1985,1395,1183,42,163,784,406,NA,NA,NA,NA,NA,NA,NA,NA,NA,NA,NA,NA,NA,NA,NA,NA,NA,NA,NA,NA,NA,NA,NA,NA,NA,NA,NA,0.164840830277079,285
"1322","Snoqualmie (Snohomish)-Chinook","Chinook",1986,2309,1168,50,287,1466,506,NA,NA,NA,NA,NA,NA,NA,NA,NA,NA,NA,NA,NA,NA,NA,NA,NA,NA,NA,NA,NA,NA,NA,NA,NA,NA,NA,0.681521645966323,285
"1323","Snoqualmie (Snohomish)-Chinook","Chinook",1987,675,881,19,121,344,191,NA,NA,NA,NA,NA,NA,NA,NA,NA,NA,NA,NA,NA,NA,NA,NA,NA,NA,NA,NA,NA,NA,NA,NA,NA,NA,NA,-0.26634493506365,285
"1324","Snoqualmie (Snohomish)-Chinook","Chinook",1988,2970,540,55,134,644,2137,NA,NA,NA,NA,NA,NA,NA,NA,NA,NA,NA,NA,NA,NA,NA,NA,NA,NA,NA,NA,NA,NA,NA,NA,NA,NA,NA,1.70474809223843,285
"1325","Snoqualmie (Snohomish)-Chinook","Chinook",1989,2847,965,45,246,2430,126,NA,NA,NA,NA,NA,NA,NA,NA,NA,NA,NA,NA,NA,NA,NA,NA,NA,NA,NA,NA,NA,NA,NA,NA,NA,NA,NA,1.08189298593905,285
"1326","Snoqualmie (Snohomish)-Chinook","Chinook",1990,1000,1302,38,532,370,60,NA,NA,NA,NA,NA,NA,NA,NA,NA,NA,NA,NA,NA,NA,NA,NA,NA,NA,NA,NA,NA,NA,NA,NA,NA,NA,NA,-0.263901543786378,285
"1327","Snoqualmie (Snohomish)-Chinook","Chinook",1991,290,660,109,112,29,40,NA,NA,NA,NA,NA,NA,NA,NA,NA,NA,NA,NA,NA,NA,NA,NA,NA,NA,NA,NA,NA,NA,NA,NA,NA,NA,NA,-0.822358912039951,285
"1328","Snoqualmie (Snohomish)-Chinook","Chinook",1992,1443,729,32,69,670,672,NA,NA,NA,NA,NA,NA,NA,NA,NA,NA,NA,NA,NA,NA,NA,NA,NA,NA,NA,NA,NA,NA,NA,NA,NA,NA,NA,0.682805826765213,285
"1329","Snoqualmie (Snohomish)-Chinook","Chinook",1993,2408,2448,12,150,1637,609,NA,NA,NA,NA,NA,NA,NA,NA,NA,NA,NA,NA,NA,NA,NA,NA,NA,NA,NA,NA,NA,NA,NA,NA,NA,NA,NA,-0.0164748372035051,285
"1330","Snoqualmie (Snohomish)-Chinook","Chinook",1994,1384,543,0,236,927,221,NA,NA,NA,NA,NA,NA,NA,NA,NA,NA,NA,NA,NA,NA,NA,NA,NA,NA,NA,NA,NA,NA,NA,NA,NA,NA,NA,0.93562381624368,285
"1331","Snoqualmie (Snohomish)-Chinook","Chinook",1995,1144,610,23,234,549,338,NA,NA,NA,NA,NA,NA,NA,NA,NA,NA,NA,NA,NA,NA,NA,NA,NA,NA,NA,NA,NA,NA,NA,NA,NA,NA,NA,0.628827214772386,285
"1332","Snoqualmie (Snohomish)-Chinook","Chinook",1996,2307,1032,65,470,1102,670,NA,NA,NA,NA,NA,NA,NA,NA,NA,NA,NA,NA,NA,NA,NA,NA,NA,NA,NA,NA,NA,NA,NA,NA,NA,NA,NA,0.804449312132246,285
"1333","Snoqualmie (Snohomish)-Chinook","Chinook",1997,4789,1939,90,287,3204,1208,NA,NA,NA,NA,NA,NA,NA,NA,NA,NA,NA,NA,NA,NA,NA,NA,NA,NA,NA,NA,NA,NA,NA,NA,NA,NA,NA,0.904149245099958,285
"1334","Snoqualmie (Snohomish)-Chinook","Chinook",1998,3414,1974,10,632,1946,826,NA,NA,NA,NA,NA,NA,NA,NA,NA,NA,NA,NA,NA,NA,NA,NA,NA,NA,NA,NA,NA,NA,NA,NA,NA,NA,NA,0.547822683360959,285
"1335","Snoqualmie (Snohomish)-Chinook","Chinook",1999,3104,1455,13,407,1455,1229,NA,NA,NA,NA,NA,NA,NA,NA,NA,NA,NA,NA,NA,NA,NA,NA,NA,NA,NA,NA,NA,NA,NA,NA,NA,NA,NA,0.757685701697516,285
"1336","Snoqualmie (Snohomish)-Chinook","Chinook",2000,4754,1437,21,416,2885,1432,NA,NA,NA,NA,NA,NA,NA,NA,NA,NA,NA,NA,NA,NA,NA,NA,NA,NA,NA,NA,NA,NA,NA,NA,NA,NA,NA,1.19642876184111,285
"1337","Snoqualmie (Snohomish)-Chinook","Chinook",2001,2020,3603,13,283,706,1018,NA,NA,NA,NA,NA,NA,NA,NA,NA,NA,NA,NA,NA,NA,NA,NA,NA,NA,NA,NA,NA,NA,NA,NA,NA,NA,NA,-0.578669320352843,285
"1338","Snoqualmie (Snohomish)-Chinook","Chinook",2002,3837,2920,108,325,2526,878,NA,NA,NA,NA,NA,NA,NA,NA,NA,NA,NA,NA,NA,NA,NA,NA,NA,NA,NA,NA,NA,NA,NA,NA,NA,NA,NA,0.273107194984625,285
"1339","Snoqualmie (Snohomish)-Chinook","Chinook",2003,1536,1989,6,355,806,369,NA,NA,NA,NA,NA,NA,NA,NA,NA,NA,NA,NA,NA,NA,NA,NA,NA,NA,NA,NA,NA,NA,NA,NA,NA,NA,NA,-0.258450365146355,285
"1340","Snoqualmie (Snohomish)-Chinook","Chinook",2004,3413,3100,173,586,2654,0,NA,NA,NA,NA,NA,NA,NA,NA,NA,NA,NA,NA,NA,NA,NA,NA,NA,NA,NA,NA,NA,NA,NA,NA,NA,NA,NA,0.0961895584334695,285
"1341","Snoqualmie (Snohomish)-Chinook","Chinook",2005,1137,1286,0,425,712,0,NA,NA,NA,NA,NA,NA,NA,NA,NA,NA,NA,NA,NA,NA,NA,NA,NA,NA,NA,NA,NA,NA,NA,NA,NA,NA,NA,-0.123143411047029,285
"1342","Snoqualmie (Snohomish)-Chinook","Chinook",2006,1734,2782,41,117,1576,0,NA,NA,NA,NA,NA,NA,NA,NA,NA,NA,NA,NA,NA,NA,NA,NA,NA,NA,NA,NA,NA,NA,NA,NA,NA,NA,NA,-0.472739215142901,285
"1343","Snoqualmie (Snohomish)-Chinook","Chinook",2007,1033,1334,5,293,560,175,NA,NA,NA,NA,NA,NA,NA,NA,NA,NA,NA,NA,NA,NA,NA,NA,NA,NA,NA,NA,NA,NA,NA,NA,NA,NA,NA,-0.25571475735593,285
"1344","Snoqualmie (Snohomish)-Chinook","Chinook",2008,1161,2604,47,67,823,224,NA,NA,NA,NA,NA,NA,NA,NA,NA,NA,NA,NA,NA,NA,NA,NA,NA,NA,NA,NA,NA,NA,NA,NA,NA,NA,NA,-0.807767021630568,285
"1345","Snoqualmie (Snohomish)-Chinook","Chinook",2009,1673,901,37,346,909,381,NA,NA,NA,NA,NA,NA,NA,NA,NA,NA,NA,NA,NA,NA,NA,NA,NA,NA,NA,NA,NA,NA,NA,NA,NA,NA,NA,0.618868443378486,285
"1346","Snoqualmie (Snohomish)-Chinook","Chinook",2010,846,1839,71,43,458,274,NA,NA,NA,NA,NA,NA,NA,NA,NA,NA,NA,NA,NA,NA,NA,NA,NA,NA,NA,NA,NA,NA,NA,NA,NA,NA,NA,-0.776457864998098,285
"1347","Snoqualmie (Snohomish)-Chinook","Chinook",2011,1310,747,0,179,651,480,NA,NA,NA,NA,NA,NA,NA,NA,NA,NA,NA,NA,NA,NA,NA,NA,NA,NA,NA,NA,NA,NA,NA,NA,NA,NA,NA,0.56171723106238,285
"1348","Snoqualmie (Snohomish)-Chinook","Chinook",2012,772,1427,9,123,546,94,NA,NA,NA,NA,NA,NA,NA,NA,NA,NA,NA,NA,NA,NA,NA,NA,NA,NA,NA,NA,NA,NA,NA,NA,NA,NA,NA,-0.61434506745206,285
"1349","Snoqualmie (Snohomish)-Chinook","Chinook",2013,2157,889,16,523,1516,102,NA,NA,NA,NA,NA,NA,NA,NA,NA,NA,NA,NA,NA,NA,NA,NA,NA,NA,NA,NA,NA,NA,NA,NA,NA,NA,NA,0.886376410875252,285
"1350","Snoqualmie (Snohomish)-Chinook","Chinook",2014,1829,848,144,421,852,412,NA,NA,NA,NA,NA,NA,NA,NA,NA,NA,NA,NA,NA,NA,NA,NA,NA,NA,NA,NA,NA,NA,NA,NA,NA,NA,NA,0.768644012598963,285
"1351","South Fork Nooksack-Chinook","Chinook",1999,21,32,0,2,10,9,NA,NA,NA,NA,NA,NA,NA,NA,NA,NA,NA,NA,NA,NA,NA,NA,NA,NA,NA,NA,NA,NA,NA,NA,NA,NA,NA,-0.421213465076304,286
"1352","South Fork Nooksack-Chinook","Chinook",2000,80,112,0,4,48,28,NA,NA,NA,NA,NA,NA,NA,NA,NA,NA,NA,NA,NA,NA,NA,NA,NA,NA,NA,NA,NA,NA,NA,NA,NA,NA,NA,-0.336472236621213,286
"1353","South Fork Nooksack-Chinook","Chinook",2001,21,159,0,1,12,8,NA,NA,NA,NA,NA,NA,NA,NA,NA,NA,NA,NA,NA,NA,NA,NA,NA,NA,NA,NA,NA,NA,NA,NA,NA,NA,NA,-2.02438176449681,286
"1354","South Fork Nooksack-Chinook","Chinook",2002,113,136,0,6,89,18,NA,NA,NA,NA,NA,NA,NA,NA,NA,NA,NA,NA,NA,NA,NA,NA,NA,NA,NA,NA,NA,NA,NA,NA,NA,NA,NA,-0.185267067023711,286
"1355","South Fork Nooksack-Chinook","Chinook",2003,22,69,0,2,7,13,NA,NA,NA,NA,NA,NA,NA,NA,NA,NA,NA,NA,NA,NA,NA,NA,NA,NA,NA,NA,NA,NA,NA,NA,NA,NA,NA,-1.14306405123894,286
"1356","South Fork Nooksack-Chinook","Chinook",2004,267,29,1,5,213,48,NA,NA,NA,NA,NA,NA,NA,NA,NA,NA,NA,NA,NA,NA,NA,NA,NA,NA,NA,NA,NA,NA,NA,NA,NA,NA,NA,2.21995282841378,286
"1357","South Fork Nooksack-Chinook","Chinook",2005,21,19,0,3,16,2,NA,NA,NA,NA,NA,NA,NA,NA,NA,NA,NA,NA,NA,NA,NA,NA,NA,NA,NA,NA,NA,NA,NA,NA,NA,NA,NA,0.100083458556983,286
"1358","South Fork Nooksack-Chinook","Chinook",2006,23,62,0,2,4,17,NA,NA,NA,NA,NA,NA,NA,NA,NA,NA,NA,NA,NA,NA,NA,NA,NA,NA,NA,NA,NA,NA,NA,NA,NA,NA,NA,-0.991640169115942,286
"1359","South Fork Nooksack-Chinook","Chinook",2007,130,26,0,2,86,42,NA,NA,NA,NA,NA,NA,NA,NA,NA,NA,NA,NA,NA,NA,NA,NA,NA,NA,NA,NA,NA,NA,NA,NA,NA,NA,NA,1.6094379124341,286
"1360","South Fork Nooksack-Chinook","Chinook",2008,181,80,0,16,155,10,NA,NA,NA,NA,NA,NA,NA,NA,NA,NA,NA,NA,NA,NA,NA,NA,NA,NA,NA,NA,NA,NA,NA,NA,NA,NA,NA,0.816470396591944,286
"1361","South Fork Nooksack-Chinook","Chinook",2009,12,46,0,2,2,8,NA,NA,NA,NA,NA,NA,NA,NA,NA,NA,NA,NA,NA,NA,NA,NA,NA,NA,NA,NA,NA,NA,NA,NA,NA,NA,NA,-1.34373474670109,286
"1362","South Fork Nooksack-Chinook","Chinook",2010,15,22,0,0,13,2,NA,NA,NA,NA,NA,NA,NA,NA,NA,NA,NA,NA,NA,NA,NA,NA,NA,NA,NA,NA,NA,NA,NA,NA,NA,NA,NA,-0.382992252256106,286
"1363","South Fork Nooksack-Chinook","Chinook",2011,21,90,0,1,2,18,NA,NA,NA,NA,NA,NA,NA,NA,NA,NA,NA,NA,NA,NA,NA,NA,NA,NA,NA,NA,NA,NA,NA,NA,NA,NA,NA,-1.45528723260684,286
"1364","South Fork Nooksack-Chinook","Chinook",2012,264,116,1,4,226,33,NA,NA,NA,NA,NA,NA,NA,NA,NA,NA,NA,NA,NA,NA,NA,NA,NA,NA,NA,NA,NA,NA,NA,NA,NA,NA,NA,0.822358912039952,286
"1365","South Fork Nooksack-Chinook","Chinook",2013,52,10,0,39,7,6,NA,NA,NA,NA,NA,NA,NA,NA,NA,NA,NA,NA,NA,NA,NA,NA,NA,NA,NA,NA,NA,NA,NA,NA,NA,NA,NA,1.64865862558738,286
"1366","South Fork Stillaguamish-Chinook","Chinook",1976,999,391,25,218,663,93,NA,NA,NA,NA,NA,NA,NA,NA,NA,NA,NA,NA,NA,NA,NA,NA,NA,NA,NA,NA,NA,NA,NA,NA,NA,NA,NA,0.938047218663188,287
"1367","South Fork Stillaguamish-Chinook","Chinook",1977,626,270,15,132,408,71,NA,NA,NA,NA,NA,NA,NA,NA,NA,NA,NA,NA,NA,NA,NA,NA,NA,NA,NA,NA,NA,NA,NA,NA,NA,NA,NA,0.840928412101724,287
"1368","South Fork Stillaguamish-Chinook","Chinook",1978,675,226,36,125,455,59,NA,NA,NA,NA,NA,NA,NA,NA,NA,NA,NA,NA,NA,NA,NA,NA,NA,NA,NA,NA,NA,NA,NA,NA,NA,NA,NA,1.09417769160024,287
"1369","South Fork Stillaguamish-Chinook","Chinook",1979,501,188,37,141,286,37,NA,NA,NA,NA,NA,NA,NA,NA,NA,NA,NA,NA,NA,NA,NA,NA,NA,NA,NA,NA,NA,NA,NA,NA,NA,NA,NA,0.980164138254916,287
"1370","South Fork Stillaguamish-Chinook","Chinook",1980,574,152,1,62,511,0,NA,NA,NA,NA,NA,NA,NA,NA,NA,NA,NA,NA,NA,NA,NA,NA,NA,NA,NA,NA,NA,NA,NA,NA,NA,NA,NA,1.32874887547329,287
"1371","South Fork Stillaguamish-Chinook","Chinook",1983,3370,78,0,304,2317,749,NA,NA,NA,NA,NA,NA,NA,NA,NA,NA,NA,NA,NA,NA,NA,NA,NA,NA,NA,NA,NA,NA,NA,NA,NA,NA,NA,3.76595919665682,287
"1372","South Fork Stillaguamish-Chinook","Chinook",1984,369,72,18,92,217,42,NA,NA,NA,NA,NA,NA,NA,NA,NA,NA,NA,NA,NA,NA,NA,NA,NA,NA,NA,NA,NA,NA,NA,NA,NA,NA,NA,1.63413052502447,287
"1373","South Fork Stillaguamish-Chinook","Chinook",1985,542,261,0,126,381,35,NA,NA,NA,NA,NA,NA,NA,NA,NA,NA,NA,NA,NA,NA,NA,NA,NA,NA,NA,NA,NA,NA,NA,NA,NA,NA,NA,0.730745594116953,287
"1374","South Fork Stillaguamish-Chinook","Chinook",1986,1096,306,60,277,717,42,NA,NA,NA,NA,NA,NA,NA,NA,NA,NA,NA,NA,NA,NA,NA,NA,NA,NA,NA,NA,NA,NA,NA,NA,NA,NA,NA,1.27583736555558,287
"1375","South Fork Stillaguamish-Chinook","Chinook",1987,473,256,89,156,198,30,NA,NA,NA,NA,NA,NA,NA,NA,NA,NA,NA,NA,NA,NA,NA,NA,NA,NA,NA,NA,NA,NA,NA,NA,NA,NA,NA,0.613917944012371,287
"1376","South Fork Stillaguamish-Chinook","Chinook",1988,465,162,93,77,289,6,NA,NA,NA,NA,NA,NA,NA,NA,NA,NA,NA,NA,NA,NA,NA,NA,NA,NA,NA,NA,NA,NA,NA,NA,NA,NA,NA,1.05444107035497,287
"1377","South Fork Stillaguamish-Chinook","Chinook",1989,357,290,24,144,178,11,NA,NA,NA,NA,NA,NA,NA,NA,NA,NA,NA,NA,NA,NA,NA,NA,NA,NA,NA,NA,NA,NA,NA,NA,NA,NA,NA,0.207854858799119,287
"1378","South Fork Stillaguamish-Chinook","Chinook",1990,450,270,106,151,143,50,NA,NA,NA,NA,NA,NA,NA,NA,NA,NA,NA,NA,NA,NA,NA,NA,NA,NA,NA,NA,NA,NA,NA,NA,NA,NA,NA,0.510825623765991,287
"1379","South Fork Stillaguamish-Chinook","Chinook",1991,274,182,5,41,207,21,NA,NA,NA,NA,NA,NA,NA,NA,NA,NA,NA,NA,NA,NA,NA,NA,NA,NA,NA,NA,NA,NA,NA,NA,NA,NA,NA,0.409121419311275,287
"1380","South Fork Stillaguamish-Chinook","Chinook",1992,251,206,7,64,174,6,NA,NA,NA,NA,NA,NA,NA,NA,NA,NA,NA,NA,NA,NA,NA,NA,NA,NA,NA,NA,NA,NA,NA,NA,NA,NA,NA,0.197576770342203,287
"1381","South Fork Stillaguamish-Chinook","Chinook",1993,390,170,16,152,201,21,NA,NA,NA,NA,NA,NA,NA,NA,NA,NA,NA,NA,NA,NA,NA,NA,NA,NA,NA,NA,NA,NA,NA,NA,NA,NA,NA,0.83034830207343,287
"1382","South Fork Stillaguamish-Chinook","Chinook",1994,361,125,19,110,203,29,NA,NA,NA,NA,NA,NA,NA,NA,NA,NA,NA,NA,NA,NA,NA,NA,NA,NA,NA,NA,NA,NA,NA,NA,NA,NA,NA,1.06056422103058,287
"1383","South Fork Stillaguamish-Chinook","Chinook",1995,81,230,5,26,35,15,NA,NA,NA,NA,NA,NA,NA,NA,NA,NA,NA,NA,NA,NA,NA,NA,NA,NA,NA,NA,NA,NA,NA,NA,NA,NA,NA,-1.04363015425076,287
"1384","South Fork Stillaguamish-Chinook","Chinook",1996,349,339,9,96,205,39,NA,NA,NA,NA,NA,NA,NA,NA,NA,NA,NA,NA,NA,NA,NA,NA,NA,NA,NA,NA,NA,NA,NA,NA,NA,NA,NA,0.0290718148219769,287
"1385","South Fork Stillaguamish-Chinook","Chinook",1997,381,289,3,83,267,28,NA,NA,NA,NA,NA,NA,NA,NA,NA,NA,NA,NA,NA,NA,NA,NA,NA,NA,NA,NA,NA,NA,NA,NA,NA,NA,NA,0.276372687014269,287
"1386","South Fork Stillaguamish-Chinook","Chinook",1998,432,365,12,56,338,26,NA,NA,NA,NA,NA,NA,NA,NA,NA,NA,NA,NA,NA,NA,NA,NA,NA,NA,NA,NA,NA,NA,NA,NA,NA,NA,NA,0.168528234661619,287
"1387","South Fork Stillaguamish-Chinook","Chinook",1999,158,323,7,48,57,46,NA,NA,NA,NA,NA,NA,NA,NA,NA,NA,NA,NA,NA,NA,NA,NA,NA,NA,NA,NA,NA,NA,NA,NA,NA,NA,NA,-0.71505729019569,287
"1388","South Fork Stillaguamish-Chinook","Chinook",2000,319,316,17,57,231,14,NA,NA,NA,NA,NA,NA,NA,NA,NA,NA,NA,NA,NA,NA,NA,NA,NA,NA,NA,NA,NA,NA,NA,NA,NA,NA,NA,0.00944888919793251,287
"1389","South Fork Stillaguamish-Chinook","Chinook",2001,162,367,5,59,42,56,NA,NA,NA,NA,NA,NA,NA,NA,NA,NA,NA,NA,NA,NA,NA,NA,NA,NA,NA,NA,NA,NA,NA,NA,NA,NA,NA,-0.817765512822186,287
"1390","South Fork Stillaguamish-Chinook","Chinook",2002,189,470,15,29,144,1,NA,NA,NA,NA,NA,NA,NA,NA,NA,NA,NA,NA,NA,NA,NA,NA,NA,NA,NA,NA,NA,NA,NA,NA,NA,NA,NA,-0.910985679644462,287
"1391","South Fork Stillaguamish-Chinook","Chinook",2003,34,136,1,21,9,3,NA,NA,NA,NA,NA,NA,NA,NA,NA,NA,NA,NA,NA,NA,NA,NA,NA,NA,NA,NA,NA,NA,NA,NA,NA,NA,NA,-1.38629436111989,287
"1392","South Fork Stillaguamish-Chinook","Chinook",2004,171,230,52,12,106,1,NA,NA,NA,NA,NA,NA,NA,NA,NA,NA,NA,NA,NA,NA,NA,NA,NA,NA,NA,NA,NA,NA,NA,NA,NA,NA,NA,-0.296415752420535,287
"1393","South Fork Stillaguamish-Chinook","Chinook",2005,124,112,5,99,18,2,NA,NA,NA,NA,NA,NA,NA,NA,NA,NA,NA,NA,NA,NA,NA,NA,NA,NA,NA,NA,NA,NA,NA,NA,NA,NA,NA,0.101782694309942,287
"1394","South Fork Stillaguamish-Chinook","Chinook",2006,23,362,1,8,5,9,NA,NA,NA,NA,NA,NA,NA,NA,NA,NA,NA,NA,NA,NA,NA,NA,NA,NA,NA,NA,NA,NA,NA,NA,NA,NA,NA,-2.75614999589662,287
"1395","South Fork Stillaguamish-Chinook","Chinook",2007,75,59,1,3,58,13,NA,NA,NA,NA,NA,NA,NA,NA,NA,NA,NA,NA,NA,NA,NA,NA,NA,NA,NA,NA,NA,NA,NA,NA,NA,NA,NA,0.239950669630591,287
"1396","South Fork Stillaguamish-Chinook","Chinook",2008,237,286,1,44,182,10,NA,NA,NA,NA,NA,NA,NA,NA,NA,NA,NA,NA,NA,NA,NA,NA,NA,NA,NA,NA,NA,NA,NA,NA,NA,NA,NA,-0.187931669684721,287
"1397","South Fork Stillaguamish-Chinook","Chinook",2009,183,56,10,92,79,2,NA,NA,NA,NA,NA,NA,NA,NA,NA,NA,NA,NA,NA,NA,NA,NA,NA,NA,NA,NA,NA,NA,NA,NA,NA,NA,NA,1.18413446210627,287
"1398","South Fork Stillaguamish-Chinook","Chinook",2010,59,23,26,18,5,10,NA,NA,NA,NA,NA,NA,NA,NA,NA,NA,NA,NA,NA,NA,NA,NA,NA,NA,NA,NA,NA,NA,NA,NA,NA,NA,NA,0.94204322797657,287
"1399","South Fork Stillaguamish-Chinook","Chinook",2011,128,183,1,5,108,14,NA,NA,NA,NA,NA,NA,NA,NA,NA,NA,NA,NA,NA,NA,NA,NA,NA,NA,NA,NA,NA,NA,NA,NA,NA,NA,NA,-0.357455888921804,287
"1400","South Fork Stillaguamish-Chinook","Chinook",2012,229,247,0,119,90,20,NA,NA,NA,NA,NA,NA,NA,NA,NA,NA,NA,NA,NA,NA,NA,NA,NA,NA,NA,NA,NA,NA,NA,NA,NA,NA,NA,-0.0756663330737376,287
"1401","South Fork Stillaguamish-Chinook","Chinook",2013,110,96,11,31,67,1,NA,NA,NA,NA,NA,NA,NA,NA,NA,NA,NA,NA,NA,NA,NA,NA,NA,NA,NA,NA,NA,NA,NA,NA,NA,NA,NA,0.13613217432458,287
"1402","South Fork Stillaguamish-Chinook","Chinook",2014,61,15,2,38,20,1,NA,NA,NA,NA,NA,NA,NA,NA,NA,NA,NA,NA,NA,NA,NA,NA,NA,NA,NA,NA,NA,NA,NA,NA,NA,NA,NA,1.4028236630711,287
"1403","Suiattle (Skagit)-Chinook","Chinook",1978,7949,536,7,484,5577,1881,NA,NA,NA,NA,NA,NA,NA,NA,NA,NA,NA,NA,NA,NA,NA,NA,NA,NA,NA,NA,NA,NA,NA,NA,NA,NA,NA,2.69666725250231,288
"1404","Suiattle (Skagit)-Chinook","Chinook",1979,1632,281,3,144,913,572,NA,NA,NA,NA,NA,NA,NA,NA,NA,NA,NA,NA,NA,NA,NA,NA,NA,NA,NA,NA,NA,NA,NA,NA,NA,NA,NA,1.75920686619031,288
"1405","Suiattle (Skagit)-Chinook","Chinook",1980,3457,824,3,180,2076,1198,NA,NA,NA,NA,NA,NA,NA,NA,NA,NA,NA,NA,NA,NA,NA,NA,NA,NA,NA,NA,NA,NA,NA,NA,NA,NA,NA,1.43398591001215,288
"1406","Suiattle (Skagit)-Chinook","Chinook",1981,3396,654,6,216,1748,1426,NA,NA,NA,NA,NA,NA,NA,NA,NA,NA,NA,NA,NA,NA,NA,NA,NA,NA,NA,NA,NA,NA,NA,NA,NA,NA,NA,1.64724619597404,288
"1407","Suiattle (Skagit)-Chinook","Chinook",1982,3412,479,5,320,1583,1504,NA,NA,NA,NA,NA,NA,NA,NA,NA,NA,NA,NA,NA,NA,NA,NA,NA,NA,NA,NA,NA,NA,NA,NA,NA,NA,NA,1.96335331120065,288
"1408","Suiattle (Skagit)-Chinook","Chinook",1983,6894,357,5,364,3931,2594,NA,NA,NA,NA,NA,NA,NA,NA,NA,NA,NA,NA,NA,NA,NA,NA,NA,NA,NA,NA,NA,NA,NA,NA,NA,NA,NA,2.96067096529717,288
"1409","Suiattle (Skagit)-Chinook","Chinook",1984,2220,349,0,321,1188,711,NA,NA,NA,NA,NA,NA,NA,NA,NA,NA,NA,NA,NA,NA,NA,NA,NA,NA,NA,NA,NA,NA,NA,NA,NA,NA,NA,1.8501905526639,288
"1410","Suiattle (Skagit)-Chinook","Chinook",1985,2197,720,0,150,1215,832,NA,NA,NA,NA,NA,NA,NA,NA,NA,NA,NA,NA,NA,NA,NA,NA,NA,NA,NA,NA,NA,NA,NA,NA,NA,NA,NA,1.11559686037451,288
"1411","Suiattle (Skagit)-Chinook","Chinook",1986,1540,806,0,215,913,412,NA,NA,NA,NA,NA,NA,NA,NA,NA,NA,NA,NA,NA,NA,NA,NA,NA,NA,NA,NA,NA,NA,NA,NA,NA,NA,NA,0.647453952901047,288
"1412","Suiattle (Skagit)-Chinook","Chinook",1987,911,730,35,129,451,296,NA,NA,NA,NA,NA,NA,NA,NA,NA,NA,NA,NA,NA,NA,NA,NA,NA,NA,NA,NA,NA,NA,NA,NA,NA,NA,NA,0.221498363117521,288
"1413","Suiattle (Skagit)-Chinook","Chinook",1988,328,740,17,27,160,124,NA,NA,NA,NA,NA,NA,NA,NA,NA,NA,NA,NA,NA,NA,NA,NA,NA,NA,NA,NA,NA,NA,NA,NA,NA,NA,NA,-0.813636577814072,288
"1414","Suiattle (Skagit)-Chinook","Chinook",1989,522,536,3,41,306,172,NA,NA,NA,NA,NA,NA,NA,NA,NA,NA,NA,NA,NA,NA,NA,NA,NA,NA,NA,NA,NA,NA,NA,NA,NA,NA,NA,-0.0264665731881633,288
"1415","Suiattle (Skagit)-Chinook","Chinook",1990,168,701,1,13,84,70,NA,NA,NA,NA,NA,NA,NA,NA,NA,NA,NA,NA,NA,NA,NA,NA,NA,NA,NA,NA,NA,NA,NA,NA,NA,NA,NA,-1.42854390763133,288
"1416","Suiattle (Skagit)-Chinook","Chinook",1991,956,357,5,47,522,382,NA,NA,NA,NA,NA,NA,NA,NA,NA,NA,NA,NA,NA,NA,NA,NA,NA,NA,NA,NA,NA,NA,NA,NA,NA,NA,NA,0.985022131271762,288
"1417","Suiattle (Skagit)-Chinook","Chinook",1992,445,202,2,55,211,177,NA,NA,NA,NA,NA,NA,NA,NA,NA,NA,NA,NA,NA,NA,NA,NA,NA,NA,NA,NA,NA,NA,NA,NA,NA,NA,NA,0.789806584765036,288
"1418","Suiattle (Skagit)-Chinook","Chinook",1993,824,296,0,56,448,320,NA,NA,NA,NA,NA,NA,NA,NA,NA,NA,NA,NA,NA,NA,NA,NA,NA,NA,NA,NA,NA,NA,NA,NA,NA,NA,NA,1.02381107558541,288
"1419","Suiattle (Skagit)-Chinook","Chinook",1994,639,168,4,50,401,184,NA,NA,NA,NA,NA,NA,NA,NA,NA,NA,NA,NA,NA,NA,NA,NA,NA,NA,NA,NA,NA,NA,NA,NA,NA,NA,NA,1.33594047497428,288
"1420","Suiattle (Skagit)-Chinook","Chinook",1995,270,440,1,41,114,114,NA,NA,NA,NA,NA,NA,NA,NA,NA,NA,NA,NA,NA,NA,NA,NA,NA,NA,NA,NA,NA,NA,NA,NA,NA,NA,NA,-0.488352767913932,288
"1421","Suiattle (Skagit)-Chinook","Chinook",1996,878,438,0,30,323,525,NA,NA,NA,NA,NA,NA,NA,NA,NA,NA,NA,NA,NA,NA,NA,NA,NA,NA,NA,NA,NA,NA,NA,NA,NA,NA,NA,0.695427683258671,288
"1422","Suiattle (Skagit)-Chinook","Chinook",1997,764,429,0,84,409,271,NA,NA,NA,NA,NA,NA,NA,NA,NA,NA,NA,NA,NA,NA,NA,NA,NA,NA,NA,NA,NA,NA,NA,NA,NA,NA,NA,0.577110870238504,288
"1423","Suiattle (Skagit)-Chinook","Chinook",1998,325,473,9,66,117,133,NA,NA,NA,NA,NA,NA,NA,NA,NA,NA,NA,NA,NA,NA,NA,NA,NA,NA,NA,NA,NA,NA,NA,NA,NA,NA,NA,-0.375270206162195,288
"1424","Suiattle (Skagit)-Chinook","Chinook",1999,720,208,15,39,343,323,NA,NA,NA,NA,NA,NA,NA,NA,NA,NA,NA,NA,NA,NA,NA,NA,NA,NA,NA,NA,NA,NA,NA,NA,NA,NA,NA,1.24171313230878,288
"1425","Suiattle (Skagit)-Chinook","Chinook",2000,878,369,4,48,421,405,NA,NA,NA,NA,NA,NA,NA,NA,NA,NA,NA,NA,NA,NA,NA,NA,NA,NA,NA,NA,NA,NA,NA,NA,NA,NA,NA,0.866849949594589,288
"1426","Suiattle (Skagit)-Chinook","Chinook",2001,675,702,3,11,395,266,NA,NA,NA,NA,NA,NA,NA,NA,NA,NA,NA,NA,NA,NA,NA,NA,NA,NA,NA,NA,NA,NA,NA,NA,NA,NA,NA,-0.0392207131532813,288
"1427","Suiattle (Skagit)-Chinook","Chinook",2002,396,269,0,25,287,84,NA,NA,NA,NA,NA,NA,NA,NA,NA,NA,NA,NA,NA,NA,NA,NA,NA,NA,NA,NA,NA,NA,NA,NA,NA,NA,NA,0.386702831652641,288
"1428","Suiattle (Skagit)-Chinook","Chinook",2003,212,356,0,26,66,120,NA,NA,NA,NA,NA,NA,NA,NA,NA,NA,NA,NA,NA,NA,NA,NA,NA,NA,NA,NA,NA,NA,NA,NA,NA,NA,NA,-0.518344456180018,288
"1429","Suiattle (Skagit)-Chinook","Chinook",2004,472,495,3,15,212,242,NA,NA,NA,NA,NA,NA,NA,NA,NA,NA,NA,NA,NA,NA,NA,NA,NA,NA,NA,NA,NA,NA,NA,NA,NA,NA,NA,-0.0475787769831349,288
"1430","Suiattle (Skagit)-Chinook","Chinook",2005,189,518,0,13,122,54,NA,NA,NA,NA,NA,NA,NA,NA,NA,NA,NA,NA,NA,NA,NA,NA,NA,NA,NA,NA,NA,NA,NA,NA,NA,NA,NA,-1.00822822719984,288
"1431","Suiattle (Skagit)-Chinook","Chinook",2006,427,378,3,67,241,116,NA,NA,NA,NA,NA,NA,NA,NA,NA,NA,NA,NA,NA,NA,NA,NA,NA,NA,NA,NA,NA,NA,NA,NA,NA,NA,NA,0.121889817609037,288
"1432","Suiattle (Skagit)-Chinook","Chinook",2007,414,108,4,30,135,245,NA,NA,NA,NA,NA,NA,NA,NA,NA,NA,NA,NA,NA,NA,NA,NA,NA,NA,NA,NA,NA,NA,NA,NA,NA,NA,NA,1.34373474670109,288
"1433","Suiattle (Skagit)-Chinook","Chinook",2008,637,206,2,17,307,311,NA,NA,NA,NA,NA,NA,NA,NA,NA,NA,NA,NA,NA,NA,NA,NA,NA,NA,NA,NA,NA,NA,NA,NA,NA,NA,NA,1.12889348678258,288
"1434","Suiattle (Skagit)-Chinook","Chinook",2009,723,277,1,50,478,194,NA,NA,NA,NA,NA,NA,NA,NA,NA,NA,NA,NA,NA,NA,NA,NA,NA,NA,NA,NA,NA,NA,NA,NA,NA,NA,NA,0.959391715971426,288
"1435","Suiattle (Skagit)-Chinook","Chinook",2010,682,265,5,100,346,231,NA,NA,NA,NA,NA,NA,NA,NA,NA,NA,NA,NA,NA,NA,NA,NA,NA,NA,NA,NA,NA,NA,NA,NA,NA,NA,NA,0.94529983185724,288
"1436","Suiattle (Skagit)-Chinook","Chinook",2011,802,216,7,59,345,391,NA,NA,NA,NA,NA,NA,NA,NA,NA,NA,NA,NA,NA,NA,NA,NA,NA,NA,NA,NA,NA,NA,NA,NA,NA,NA,NA,1.31183020018235,288
"1437","Suiattle (Skagit)-Chinook","Chinook",2012,750,465,3,31,362,354,NA,NA,NA,NA,NA,NA,NA,NA,NA,NA,NA,NA,NA,NA,NA,NA,NA,NA,NA,NA,NA,NA,NA,NA,NA,NA,NA,0.478035800943,288
"1438","Suiattle (Skagit)-Chinook","Chinook",2013,1165,627,4,78,735,348,NA,NA,NA,NA,NA,NA,NA,NA,NA,NA,NA,NA,NA,NA,NA,NA,NA,NA,NA,NA,NA,NA,NA,NA,NA,NA,NA,0.61952982536688,288
"1439","Upper Cascade (Skagit)-Chinook","Chinook",1986,688,383,4,92,510,82,NA,NA,NA,NA,NA,NA,NA,NA,NA,NA,NA,NA,NA,NA,NA,NA,NA,NA,NA,NA,NA,NA,NA,NA,NA,NA,NA,0.585753848752698,289
"1440","Upper Cascade (Skagit)-Chinook","Chinook",1987,304,204,3,48,193,60,NA,NA,NA,NA,NA,NA,NA,NA,NA,NA,NA,NA,NA,NA,NA,NA,NA,NA,NA,NA,NA,NA,NA,NA,NA,NA,NA,0.398907707562005,289
"1441","Upper Cascade (Skagit)-Chinook","Chinook",1988,574,137,5,34,481,54,NA,NA,NA,NA,NA,NA,NA,NA,NA,NA,NA,NA,NA,NA,NA,NA,NA,NA,NA,NA,NA,NA,NA,NA,NA,NA,NA,1.43264847049144,289
"1442","Upper Cascade (Skagit)-Chinook","Chinook",1989,264,220,2,21,185,56,NA,NA,NA,NA,NA,NA,NA,NA,NA,NA,NA,NA,NA,NA,NA,NA,NA,NA,NA,NA,NA,NA,NA,NA,NA,NA,NA,0.182321556793955,289
"1443","Upper Cascade (Skagit)-Chinook","Chinook",1990,203,274,3,9,146,45,NA,NA,NA,NA,NA,NA,NA,NA,NA,NA,NA,NA,NA,NA,NA,NA,NA,NA,NA,NA,NA,NA,NA,NA,NA,NA,NA,-0.299922127346283,289
"1444","Upper Cascade (Skagit)-Chinook","Chinook",1991,343,137,4,30,244,65,NA,NA,NA,NA,NA,NA,NA,NA,NA,NA,NA,NA,NA,NA,NA,NA,NA,NA,NA,NA,NA,NA,NA,NA,NA,NA,NA,0.917749521337815,289
"1445","Upper Cascade (Skagit)-Chinook","Chinook",1992,265,207,3,19,184,59,NA,NA,NA,NA,NA,NA,NA,NA,NA,NA,NA,NA,NA,NA,NA,NA,NA,NA,NA,NA,NA,NA,NA,NA,NA,NA,NA,0.247011032720853,289
"1446","Upper Cascade (Skagit)-Chinook","Chinook",1993,531,173,5,29,391,106,NA,NA,NA,NA,NA,NA,NA,NA,NA,NA,NA,NA,NA,NA,NA,NA,NA,NA,NA,NA,NA,NA,NA,NA,NA,NA,NA,1.12147042674416,289
"1447","Upper Cascade (Skagit)-Chinook","Chinook",1994,491,177,5,39,391,56,NA,NA,NA,NA,NA,NA,NA,NA,NA,NA,NA,NA,NA,NA,NA,NA,NA,NA,NA,NA,NA,NA,NA,NA,NA,NA,NA,1.02029439522069,289
"1448","Upper Cascade (Skagit)-Chinook","Chinook",1995,89,230,1,8,56,24,NA,NA,NA,NA,NA,NA,NA,NA,NA,NA,NA,NA,NA,NA,NA,NA,NA,NA,NA,NA,NA,NA,NA,NA,NA,NA,NA,-0.949442939191056,289
"1449","Upper Cascade (Skagit)-Chinook","Chinook",1996,486,213,6,19,322,139,NA,NA,NA,NA,NA,NA,NA,NA,NA,NA,NA,NA,NA,NA,NA,NA,NA,NA,NA,NA,NA,NA,NA,NA,NA,NA,NA,0.824916458191069,289
"1450","Upper Cascade (Skagit)-Chinook","Chinook",1997,912,309,5,42,738,127,NA,NA,NA,NA,NA,NA,NA,NA,NA,NA,NA,NA,NA,NA,NA,NA,NA,NA,NA,NA,NA,NA,NA,NA,NA,NA,NA,1.08229871317659,289
"1451","Upper Cascade (Skagit)-Chinook","Chinook",1998,325,329,4,17,229,75,NA,NA,NA,NA,NA,NA,NA,NA,NA,NA,NA,NA,NA,NA,NA,NA,NA,NA,NA,NA,NA,NA,NA,NA,NA,NA,NA,-0.0122325684356344,289
"1452","Upper Cascade (Skagit)-Chinook","Chinook",1999,497,87,0,32,361,104,NA,NA,NA,NA,NA,NA,NA,NA,NA,NA,NA,NA,NA,NA,NA,NA,NA,NA,NA,NA,NA,NA,NA,NA,NA,NA,NA,1.74268190744204,289
"1453","Upper Cascade (Skagit)-Chinook","Chinook",2000,496,277,5,30,353,108,NA,NA,NA,NA,NA,NA,NA,NA,NA,NA,NA,NA,NA,NA,NA,NA,NA,NA,NA,NA,NA,NA,NA,NA,NA,NA,NA,0.582558420537589,289
"1454","Upper Cascade (Skagit)-Chinook","Chinook",2001,552,625,5,35,396,116,NA,NA,NA,NA,NA,NA,NA,NA,NA,NA,NA,NA,NA,NA,NA,NA,NA,NA,NA,NA,NA,NA,NA,NA,NA,NA,NA,-0.124203603459306,289
"1455","Upper Cascade (Skagit)-Chinook","Chinook",2002,574,346,7,41,442,84,NA,NA,NA,NA,NA,NA,NA,NA,NA,NA,NA,NA,NA,NA,NA,NA,NA,NA,NA,NA,NA,NA,NA,NA,NA,NA,NA,0.506190621261842,289
"1456","Upper Cascade (Skagit)-Chinook","Chinook",2003,275,303,4,27,180,64,NA,NA,NA,NA,NA,NA,NA,NA,NA,NA,NA,NA,NA,NA,NA,NA,NA,NA,NA,NA,NA,NA,NA,NA,NA,NA,NA,-0.0969617078427979,289
"1457","Upper Cascade (Skagit)-Chinook","Chinook",2004,498,387,7,31,368,92,NA,NA,NA,NA,NA,NA,NA,NA,NA,NA,NA,NA,NA,NA,NA,NA,NA,NA,NA,NA,NA,NA,NA,NA,NA,NA,NA,0.252175383994871,289
"1458","Upper Cascade (Skagit)-Chinook","Chinook",2005,441,425,4,38,320,79,NA,NA,NA,NA,NA,NA,NA,NA,NA,NA,NA,NA,NA,NA,NA,NA,NA,NA,NA,NA,NA,NA,NA,NA,NA,NA,NA,0.0369557065224291,289
"1459","Upper Cascade (Skagit)-Chinook","Chinook",2006,406,485,5,34,302,65,NA,NA,NA,NA,NA,NA,NA,NA,NA,NA,NA,NA,NA,NA,NA,NA,NA,NA,NA,NA,NA,NA,NA,NA,NA,NA,NA,-0.177795731335751,289
"1460","Upper Cascade (Skagit)-Chinook","Chinook",2007,338,227,5,29,231,73,NA,NA,NA,NA,NA,NA,NA,NA,NA,NA,NA,NA,NA,NA,NA,NA,NA,NA,NA,NA,NA,NA,NA,NA,NA,NA,NA,0.398095878001616,289
"1461","Upper Cascade (Skagit)-Chinook","Chinook",2008,615,289,7,37,481,90,NA,NA,NA,NA,NA,NA,NA,NA,NA,NA,NA,NA,NA,NA,NA,NA,NA,NA,NA,NA,NA,NA,NA,NA,NA,NA,NA,0.755195579694086,289
"1462","Upper Cascade (Skagit)-Chinook","Chinook",2009,383,343,5,38,282,58,NA,NA,NA,NA,NA,NA,NA,NA,NA,NA,NA,NA,NA,NA,NA,NA,NA,NA,NA,NA,NA,NA,NA,NA,NA,NA,NA,0.110304542014706,289
"1463","Upper Cascade (Skagit)-Chinook","Chinook",2010,275,337,6,28,203,38,NA,NA,NA,NA,NA,NA,NA,NA,NA,NA,NA,NA,NA,NA,NA,NA,NA,NA,NA,NA,NA,NA,NA,NA,NA,NA,NA,-0.20331183268579,289
"1464","Upper Cascade (Skagit)-Chinook","Chinook",2011,98,269,2,9,63,24,NA,NA,NA,NA,NA,NA,NA,NA,NA,NA,NA,NA,NA,NA,NA,NA,NA,NA,NA,NA,NA,NA,NA,NA,NA,NA,NA,-1.00974390093127,289
"1465","Upper Cascade (Skagit)-Chinook","Chinook",2012,426,494,5,22,321,78,NA,NA,NA,NA,NA,NA,NA,NA,NA,NA,NA,NA,NA,NA,NA,NA,NA,NA,NA,NA,NA,NA,NA,NA,NA,NA,NA,-0.148096170918552,289
"1466","Upper Cascade (Skagit)-Chinook","Chinook",2013,400,312,4,32,314,50,NA,NA,NA,NA,NA,NA,NA,NA,NA,NA,NA,NA,NA,NA,NA,NA,NA,NA,NA,NA,NA,NA,NA,NA,NA,NA,NA,0.2484613592985,289
"1467","Upper Sauk (Skagit)-Chinook","Chinook",1954,1653,676,5,303,1152,193,NA,NA,NA,NA,NA,NA,NA,NA,NA,NA,NA,NA,NA,NA,NA,NA,NA,NA,NA,NA,NA,NA,NA,NA,NA,NA,NA,0.89415402177806,290
"1468","Upper Sauk (Skagit)-Chinook","Chinook",1955,10544,861,67,1137,4606,4734,NA,NA,NA,NA,NA,NA,NA,NA,NA,NA,NA,NA,NA,NA,NA,NA,NA,NA,NA,NA,NA,NA,NA,NA,NA,NA,NA,2.50521775231456,290
"1469","Upper Sauk (Skagit)-Chinook","Chinook",1956,26377,1889,40,733,18238,7366,NA,NA,NA,NA,NA,NA,NA,NA,NA,NA,NA,NA,NA,NA,NA,NA,NA,NA,NA,NA,NA,NA,NA,NA,NA,NA,NA,2.63644482978584,290
"1470","Upper Sauk (Skagit)-Chinook","Chinook",1957,14299,2581,11,1184,11572,1532,NA,NA,NA,NA,NA,NA,NA,NA,NA,NA,NA,NA,NA,NA,NA,NA,NA,NA,NA,NA,NA,NA,NA,NA,NA,NA,NA,1.71201268401423,290
"1471","Upper Sauk (Skagit)-Chinook","Chinook",1958,17859,671,74,3262,10455,4068,NA,NA,NA,NA,NA,NA,NA,NA,NA,NA,NA,NA,NA,NA,NA,NA,NA,NA,NA,NA,NA,NA,NA,NA,NA,NA,NA,3.28149372484982,290
"1472","Upper Sauk (Skagit)-Chinook","Chinook",1959,3208,749,19,274,2576,339,NA,NA,NA,NA,NA,NA,NA,NA,NA,NA,NA,NA,NA,NA,NA,NA,NA,NA,NA,NA,NA,NA,NA,NA,NA,NA,NA,1.45466398546919,290
"1473","Upper Sauk (Skagit)-Chinook","Chinook",1960,7976,3410,30,1257,4006,2683,NA,NA,NA,NA,NA,NA,NA,NA,NA,NA,NA,NA,NA,NA,NA,NA,NA,NA,NA,NA,NA,NA,NA,NA,NA,NA,NA,0.849724741364112,290
"1474","Upper Sauk (Skagit)-Chinook","Chinook",1961,15007,3319,48,682,11053,3224,NA,NA,NA,NA,NA,NA,NA,NA,NA,NA,NA,NA,NA,NA,NA,NA,NA,NA,NA,NA,NA,NA,NA,NA,NA,NA,NA,1.50885322617602,290
"1475","Upper Sauk (Skagit)-Chinook","Chinook",1962,8061,1669,12,866,6107,1076,NA,NA,NA,NA,NA,NA,NA,NA,NA,NA,NA,NA,NA,NA,NA,NA,NA,NA,NA,NA,NA,NA,NA,NA,NA,NA,NA,1.57481297362177,290
"1476","Upper Sauk (Skagit)-Chinook","Chinook",1963,758,1291,4,134,572,48,NA,NA,NA,NA,NA,NA,NA,NA,NA,NA,NA,NA,NA,NA,NA,NA,NA,NA,NA,NA,NA,NA,NA,NA,NA,NA,NA,-0.532489005204271,290
"1477","Upper Sauk (Skagit)-Chinook","Chinook",1964,2353,691,22,417,844,1070,NA,NA,NA,NA,NA,NA,NA,NA,NA,NA,NA,NA,NA,NA,NA,NA,NA,NA,NA,NA,NA,NA,NA,NA,NA,NA,NA,1.22530656495969,290
"1478","Upper Sauk (Skagit)-Chinook","Chinook",1965,7105,2022,20,177,5150,1758,NA,NA,NA,NA,NA,NA,NA,NA,NA,NA,NA,NA,NA,NA,NA,NA,NA,NA,NA,NA,NA,NA,NA,NA,NA,NA,NA,1.25671164095078,290
"1479","Upper Sauk (Skagit)-Chinook","Chinook",1966,8135,1385,5,692,5743,1695,NA,NA,NA,NA,NA,NA,NA,NA,NA,NA,NA,NA,NA,NA,NA,NA,NA,NA,NA,NA,NA,NA,NA,NA,NA,NA,NA,1.7704756010317,290
"1480","Upper Sauk (Skagit)-Chinook","Chinook",1967,826,353,3,98,701,24,NA,NA,NA,NA,NA,NA,NA,NA,NA,NA,NA,NA,NA,NA,NA,NA,NA,NA,NA,NA,NA,NA,NA,NA,NA,NA,NA,0.850126716587681,290
"1481","Upper Sauk (Skagit)-Chinook","Chinook",1968,6257,152,41,1298,1031,3887,NA,NA,NA,NA,NA,NA,NA,NA,NA,NA,NA,NA,NA,NA,NA,NA,NA,NA,NA,NA,NA,NA,NA,NA,NA,NA,NA,3.71757559515209,290
"1482","Upper Sauk (Skagit)-Chinook","Chinook",1969,4097,980,11,41,3869,176,NA,NA,NA,NA,NA,NA,NA,NA,NA,NA,NA,NA,NA,NA,NA,NA,NA,NA,NA,NA,NA,NA,NA,NA,NA,NA,NA,1.43045770588225,290
"1483","Upper Sauk (Skagit)-Chinook","Chinook",1970,1412,1102,1,452,504,455,NA,NA,NA,NA,NA,NA,NA,NA,NA,NA,NA,NA,NA,NA,NA,NA,NA,NA,NA,NA,NA,NA,NA,NA,NA,NA,NA,0.247880428340328,290
"1484","Upper Sauk (Skagit)-Chinook","Chinook",1971,1763,620,14,69,1299,381,NA,NA,NA,NA,NA,NA,NA,NA,NA,NA,NA,NA,NA,NA,NA,NA,NA,NA,NA,NA,NA,NA,NA,NA,NA,NA,NA,1.04505270435873,290
"1485","Upper Sauk (Skagit)-Chinook","Chinook",1972,1362,151,1,110,1043,208,NA,NA,NA,NA,NA,NA,NA,NA,NA,NA,NA,NA,NA,NA,NA,NA,NA,NA,NA,NA,NA,NA,NA,NA,NA,NA,NA,2.19942964989453,290
"1486","Upper Sauk (Skagit)-Chinook","Chinook",1973,493,1268,2,61,283,147,NA,NA,NA,NA,NA,NA,NA,NA,NA,NA,NA,NA,NA,NA,NA,NA,NA,NA,NA,NA,NA,NA,NA,NA,NA,NA,NA,-0.944686960954481,290
"1487","Upper Sauk (Skagit)-Chinook","Chinook",1974,2712,109,9,208,1862,633,NA,NA,NA,NA,NA,NA,NA,NA,NA,NA,NA,NA,NA,NA,NA,NA,NA,NA,NA,NA,NA,NA,NA,NA,NA,NA,NA,3.21409376683114,290
"1488","Upper Sauk (Skagit)-Chinook","Chinook",1975,1698,302,4,191,1083,420,NA,NA,NA,NA,NA,NA,NA,NA,NA,NA,NA,NA,NA,NA,NA,NA,NA,NA,NA,NA,NA,NA,NA,NA,NA,NA,NA,1.72677934949642,290
"1489","Upper Sauk (Skagit)-Chinook","Chinook",1976,4754,181,13,417,3419,905,NA,NA,NA,NA,NA,NA,NA,NA,NA,NA,NA,NA,NA,NA,NA,NA,NA,NA,NA,NA,NA,NA,NA,NA,NA,NA,NA,3.26824461665431,290
"1490","Upper Sauk (Skagit)-Chinook","Chinook",1977,2229,117,6,238,1561,424,NA,NA,NA,NA,NA,NA,NA,NA,NA,NA,NA,NA,NA,NA,NA,NA,NA,NA,NA,NA,NA,NA,NA,NA,NA,NA,NA,2.94713439858811,290
"1491","Upper Sauk (Skagit)-Chinook","Chinook",1978,3724,415,8,246,2849,621,NA,NA,NA,NA,NA,NA,NA,NA,NA,NA,NA,NA,NA,NA,NA,NA,NA,NA,NA,NA,NA,NA,NA,NA,NA,NA,NA,2.19427511816626,290
"1492","Upper Sauk (Skagit)-Chinook","Chinook",1979,1269,417,5,135,837,292,NA,NA,NA,NA,NA,NA,NA,NA,NA,NA,NA,NA,NA,NA,NA,NA,NA,NA,NA,NA,NA,NA,NA,NA,NA,NA,NA,1.11289824591559,290
"1493","Upper Sauk (Skagit)-Chinook","Chinook",1980,945,597,2,51,555,337,NA,NA,NA,NA,NA,NA,NA,NA,NA,NA,NA,NA,NA,NA,NA,NA,NA,NA,NA,NA,NA,NA,NA,NA,NA,NA,NA,0.459267814101141,290
"1494","Upper Sauk (Skagit)-Chinook","Chinook",1981,7820,397,20,418,5570,1812,NA,NA,NA,NA,NA,NA,NA,NA,NA,NA,NA,NA,NA,NA,NA,NA,NA,NA,NA,NA,NA,NA,NA,NA,NA,NA,NA,2.98050355285217,290
"1495","Upper Sauk (Skagit)-Chinook","Chinook",1982,1098,278,3,190,678,227,NA,NA,NA,NA,NA,NA,NA,NA,NA,NA,NA,NA,NA,NA,NA,NA,NA,NA,NA,NA,NA,NA,NA,NA,NA,NA,NA,1.37362450837884,290
"1496","Upper Sauk (Skagit)-Chinook","Chinook",1983,10909,221,32,0,8584,2293,NA,NA,NA,NA,NA,NA,NA,NA,NA,NA,NA,NA,NA,NA,NA,NA,NA,NA,NA,NA,NA,NA,NA,NA,NA,NA,NA,3.89918071408,290
"1497","Upper Sauk (Skagit)-Chinook","Chinook",1984,2804,241,0,398,1599,807,NA,NA,NA,NA,NA,NA,NA,NA,NA,NA,NA,NA,NA,NA,NA,NA,NA,NA,NA,NA,NA,NA,NA,NA,NA,NA,NA,2.45400531466383,290
"1498","Upper Sauk (Skagit)-Chinook","Chinook",1985,2254,1849,16,178,1649,411,NA,NA,NA,NA,NA,NA,NA,NA,NA,NA,NA,NA,NA,NA,NA,NA,NA,NA,NA,NA,NA,NA,NA,NA,NA,NA,NA,0.198061463212597,290
"1499","Upper Sauk (Skagit)-Chinook","Chinook",1986,1493,736,12,261,867,353,NA,NA,NA,NA,NA,NA,NA,NA,NA,NA,NA,NA,NA,NA,NA,NA,NA,NA,NA,NA,NA,NA,NA,NA,NA,NA,NA,0.707312678810314,290
"1500","Upper Sauk (Skagit)-Chinook","Chinook",1987,2497,828,23,455,1438,581,NA,NA,NA,NA,NA,NA,NA,NA,NA,NA,NA,NA,NA,NA,NA,NA,NA,NA,NA,NA,NA,NA,NA,NA,NA,NA,NA,1.10383213589451,290
"1501","Upper Sauk (Skagit)-Chinook","Chinook",1988,1138,881,10,124,746,258,NA,NA,NA,NA,NA,NA,NA,NA,NA,NA,NA,NA,NA,NA,NA,NA,NA,NA,NA,NA,NA,NA,NA,NA,NA,NA,NA,0.255969988750097,290
"1502","Upper Sauk (Skagit)-Chinook","Chinook",1989,472,682,8,63,344,57,NA,NA,NA,NA,NA,NA,NA,NA,NA,NA,NA,NA,NA,NA,NA,NA,NA,NA,NA,NA,NA,NA,NA,NA,NA,NA,NA,-0.368050672257907,290
"1503","Upper Sauk (Skagit)-Chinook","Chinook",1990,127,566,3,18,83,23,NA,NA,NA,NA,NA,NA,NA,NA,NA,NA,NA,NA,NA,NA,NA,NA,NA,NA,NA,NA,NA,NA,NA,NA,NA,NA,NA,-1.49440699174459,290
"1504","Upper Sauk (Skagit)-Chinook","Chinook",1991,492,754,7,71,255,159,NA,NA,NA,NA,NA,NA,NA,NA,NA,NA,NA,NA,NA,NA,NA,NA,NA,NA,NA,NA,NA,NA,NA,NA,NA,NA,NA,-0.426913651515648,290
"1505","Upper Sauk (Skagit)-Chinook","Chinook",1992,541,582,8,12,365,156,NA,NA,NA,NA,NA,NA,NA,NA,NA,NA,NA,NA,NA,NA,NA,NA,NA,NA,NA,NA,NA,NA,NA,NA,NA,NA,NA,-0.0730511688849563,290
"1506","Upper Sauk (Skagit)-Chinook","Chinook",1993,546,329,0,41,286,219,NA,NA,NA,NA,NA,NA,NA,NA,NA,NA,NA,NA,NA,NA,NA,NA,NA,NA,NA,NA,NA,NA,NA,NA,NA,NA,NA,0.506561224979533,290
"1507","Upper Sauk (Skagit)-Chinook","Chinook",1994,368,138,5,36,233,94,NA,NA,NA,NA,NA,NA,NA,NA,NA,NA,NA,NA,NA,NA,NA,NA,NA,NA,NA,NA,NA,NA,NA,NA,NA,NA,NA,0.980829253011726,290
"1508","Upper Sauk (Skagit)-Chinook","Chinook",1995,244,190,3,14,143,84,NA,NA,NA,NA,NA,NA,NA,NA,NA,NA,NA,NA,NA,NA,NA,NA,NA,NA,NA,NA,NA,NA,NA,NA,NA,NA,NA,0.250144153132716,290
"1509","Upper Sauk (Skagit)-Chinook","Chinook",1996,748,413,13,49,424,262,NA,NA,NA,NA,NA,NA,NA,NA,NA,NA,NA,NA,NA,NA,NA,NA,NA,NA,NA,NA,NA,NA,NA,NA,NA,NA,NA,0.593955385013444,290
"1510","Upper Sauk (Skagit)-Chinook","Chinook",1997,859,307,7,61,490,301,NA,NA,NA,NA,NA,NA,NA,NA,NA,NA,NA,NA,NA,NA,NA,NA,NA,NA,NA,NA,NA,NA,NA,NA,NA,NA,NA,1.02892117439706,290
"1511","Upper Sauk (Skagit)-Chinook","Chinook",1998,420,302,5,44,316,55,NA,NA,NA,NA,NA,NA,NA,NA,NA,NA,NA,NA,NA,NA,NA,NA,NA,NA,NA,NA,NA,NA,NA,NA,NA,NA,NA,0.329827693902544,290
"1512","Upper Sauk (Skagit)-Chinook","Chinook",1999,646,187,0,93,215,338,NA,NA,NA,NA,NA,NA,NA,NA,NA,NA,NA,NA,NA,NA,NA,NA,NA,NA,NA,NA,NA,NA,NA,NA,NA,NA,NA,1.23969088692802,290
"1513","Upper Sauk (Skagit)-Chinook","Chinook",2000,966,393,14,29,682,241,NA,NA,NA,NA,NA,NA,NA,NA,NA,NA,NA,NA,NA,NA,NA,NA,NA,NA,NA,NA,NA,NA,NA,NA,NA,NA,NA,0.899354222343257,290
"1514","Upper Sauk (Skagit)-Chinook","Chinook",2001,561,543,2,50,187,322,NA,NA,NA,NA,NA,NA,NA,NA,NA,NA,NA,NA,NA,NA,NA,NA,NA,NA,NA,NA,NA,NA,NA,NA,NA,NA,NA,0.0326115855887608,290
"1515","Upper Sauk (Skagit)-Chinook","Chinook",2002,1557,473,19,53,1196,289,NA,NA,NA,NA,NA,NA,NA,NA,NA,NA,NA,NA,NA,NA,NA,NA,NA,NA,NA,NA,NA,NA,NA,NA,NA,NA,NA,1.19142078334207,290
"1516","Upper Sauk (Skagit)-Chinook","Chinook",2003,221,195,0,35,60,126,NA,NA,NA,NA,NA,NA,NA,NA,NA,NA,NA,NA,NA,NA,NA,NA,NA,NA,NA,NA,NA,NA,NA,NA,NA,NA,NA,0.125163142954006,290
"1517","Upper Sauk (Skagit)-Chinook","Chinook",2004,1624,719,100,97,1357,70,NA,NA,NA,NA,NA,NA,NA,NA,NA,NA,NA,NA,NA,NA,NA,NA,NA,NA,NA,NA,NA,NA,NA,NA,NA,NA,NA,0.814786163000577,290
"1518","Upper Sauk (Skagit)-Chinook","Chinook",2005,1005,308,9,83,455,458,NA,NA,NA,NA,NA,NA,NA,NA,NA,NA,NA,NA,NA,NA,NA,NA,NA,NA,NA,NA,NA,NA,NA,NA,NA,NA,NA,1.1826430375196,290
"1519","Upper Sauk (Skagit)-Chinook","Chinook",2006,560,1135,0,27,388,145,NA,NA,NA,NA,NA,NA,NA,NA,NA,NA,NA,NA,NA,NA,NA,NA,NA,NA,NA,NA,NA,NA,NA,NA,NA,NA,NA,-0.706451146186308,290
"1520","Upper Sauk (Skagit)-Chinook","Chinook",2007,565,290,6,131,186,242,NA,NA,NA,NA,NA,NA,NA,NA,NA,NA,NA,NA,NA,NA,NA,NA,NA,NA,NA,NA,NA,NA,NA,NA,NA,NA,NA,0.666944808165921,290
"1521","Upper Sauk (Skagit)-Chinook","Chinook",2008,2717,983,16,87,1986,628,NA,NA,NA,NA,NA,NA,NA,NA,NA,NA,NA,NA,NA,NA,NA,NA,NA,NA,NA,NA,NA,NA,NA,NA,NA,NA,NA,1.01667448927918,290
"1522","Upper Sauk (Skagit)-Chinook","Chinook",2009,1157,373,6,151,721,279,NA,NA,NA,NA,NA,NA,NA,NA,NA,NA,NA,NA,NA,NA,NA,NA,NA,NA,NA,NA,NA,NA,NA,NA,NA,NA,NA,1.13200730754986,290
"1523","Upper Sauk (Skagit)-Chinook","Chinook",2010,1330,784,28,157,810,335,NA,NA,NA,NA,NA,NA,NA,NA,NA,NA,NA,NA,NA,NA,NA,NA,NA,NA,NA,NA,NA,NA,NA,NA,NA,NA,NA,0.528525200865392,290
"1524","Upper Sauk (Skagit)-Chinook","Chinook",2011,875,351,12,87,482,294,NA,NA,NA,NA,NA,NA,NA,NA,NA,NA,NA,NA,NA,NA,NA,NA,NA,NA,NA,NA,NA,NA,NA,NA,NA,NA,NA,0.913437662891749,290
"1525","Upper Sauk (Skagit)-Chinook","Chinook",2012,2242,1854,24,143,1434,641,NA,NA,NA,NA,NA,NA,NA,NA,NA,NA,NA,NA,NA,NA,NA,NA,NA,NA,NA,NA,NA,NA,NA,NA,NA,NA,NA,0.190022857506305,290
"1526","Upper Sauk (Skagit)-Chinook","Chinook",2013,2010,1092,17,184,1283,526,NA,NA,NA,NA,NA,NA,NA,NA,NA,NA,NA,NA,NA,NA,NA,NA,NA,NA,NA,NA,NA,NA,NA,NA,NA,NA,NA,0.610123844748271,290
"1527","Upper Skagit-Chinook","Chinook",1954,53536,5953,454,3427,33083,16572,NA,NA,NA,NA,NA,NA,NA,NA,NA,NA,NA,NA,NA,NA,NA,NA,NA,NA,NA,NA,NA,NA,NA,NA,NA,NA,NA,2.19645903063316,291
"1528","Upper Skagit-Chinook","Chinook",1955,65702,5735,422,4172,39212,21896,NA,NA,NA,NA,NA,NA,NA,NA,NA,NA,NA,NA,NA,NA,NA,NA,NA,NA,NA,NA,NA,NA,NA,NA,NA,NA,NA,2.43854161584621,291
"1529","Upper Skagit-Chinook","Chinook",1956,102594,5650,757,7143,76023,18671,NA,NA,NA,NA,NA,NA,NA,NA,NA,NA,NA,NA,NA,NA,NA,NA,NA,NA,NA,NA,NA,NA,NA,NA,NA,NA,NA,2.89912390633616,291
"1530","Upper Skagit-Chinook","Chinook",1957,26880,5611,311,3375,15835,7359,NA,NA,NA,NA,NA,NA,NA,NA,NA,NA,NA,NA,NA,NA,NA,NA,NA,NA,NA,NA,NA,NA,NA,NA,NA,NA,NA,1.56665355888611,291
"1531","Upper Skagit-Chinook","Chinook",1958,52281,8917,842,4023,35195,12221,NA,NA,NA,NA,NA,NA,NA,NA,NA,NA,NA,NA,NA,NA,NA,NA,NA,NA,NA,NA,NA,NA,NA,NA,NA,NA,NA,1.76867344919387,291
"1532","Upper Skagit-Chinook","Chinook",1959,23594,9419,249,2223,14857,6265,NA,NA,NA,NA,NA,NA,NA,NA,NA,NA,NA,NA,NA,NA,NA,NA,NA,NA,NA,NA,NA,NA,NA,NA,NA,NA,NA,0.918263516578971,291
"1533","Upper Skagit-Chinook","Chinook",1960,30445,14791,340,2358,18598,9149,NA,NA,NA,NA,NA,NA,NA,NA,NA,NA,NA,NA,NA,NA,NA,NA,NA,NA,NA,NA,NA,NA,NA,NA,NA,NA,NA,0.721902889371305,291
"1534","Upper Skagit-Chinook","Chinook",1961,43713,5553,380,3070,28478,11785,NA,NA,NA,NA,NA,NA,NA,NA,NA,NA,NA,NA,NA,NA,NA,NA,NA,NA,NA,NA,NA,NA,NA,NA,NA,NA,NA,2.06330721844036,291
"1535","Upper Skagit-Chinook","Chinook",1962,41277,6640,380,3605,28139,9153,NA,NA,NA,NA,NA,NA,NA,NA,NA,NA,NA,NA,NA,NA,NA,NA,NA,NA,NA,NA,NA,NA,NA,NA,NA,NA,NA,1.82719348062545,291
"1536","Upper Skagit-Chinook","Chinook",1963,13494,5494,164,1309,8015,4006,NA,NA,NA,NA,NA,NA,NA,NA,NA,NA,NA,NA,NA,NA,NA,NA,NA,NA,NA,NA,NA,NA,NA,NA,NA,NA,NA,0.898588554532151,291
"1537","Upper Skagit-Chinook","Chinook",1964,43982,5453,463,2897,26954,13668,NA,NA,NA,NA,NA,NA,NA,NA,NA,NA,NA,NA,NA,NA,NA,NA,NA,NA,NA,NA,NA,NA,NA,NA,NA,NA,NA,2.08761454336473,291
"1538","Upper Skagit-Chinook","Chinook",1965,13341,7834,113,1073,7760,4395,NA,NA,NA,NA,NA,NA,NA,NA,NA,NA,NA,NA,NA,NA,NA,NA,NA,NA,NA,NA,NA,NA,NA,NA,NA,NA,NA,0.53236876495303,291
"1539","Upper Skagit-Chinook","Chinook",1966,61459,7664,519,3836,40295,16809,NA,NA,NA,NA,NA,NA,NA,NA,NA,NA,NA,NA,NA,NA,NA,NA,NA,NA,NA,NA,NA,NA,NA,NA,NA,NA,NA,2.08183624515621,291
"1540","Upper Skagit-Chinook","Chinook",1967,44266,3781,324,3476,27498,12968,NA,NA,NA,NA,NA,NA,NA,NA,NA,NA,NA,NA,NA,NA,NA,NA,NA,NA,NA,NA,NA,NA,NA,NA,NA,NA,NA,2.46022836311106,291
"1541","Upper Skagit-Chinook","Chinook",1968,63003,6157,577,4693,41431,16302,NA,NA,NA,NA,NA,NA,NA,NA,NA,NA,NA,NA,NA,NA,NA,NA,NA,NA,NA,NA,NA,NA,NA,NA,NA,NA,NA,2.32559269837633,291
"1542","Upper Skagit-Chinook","Chinook",1969,52494,4774,514,4612,34218,13150,NA,NA,NA,NA,NA,NA,NA,NA,NA,NA,NA,NA,NA,NA,NA,NA,NA,NA,NA,NA,NA,NA,NA,NA,NA,NA,NA,2.39751434943554,291
"1543","Upper Skagit-Chinook","Chinook",1970,44856,9359,525,3971,28965,11395,NA,NA,NA,NA,NA,NA,NA,NA,NA,NA,NA,NA,NA,NA,NA,NA,NA,NA,NA,NA,NA,NA,NA,NA,NA,NA,NA,1.56711891164625,291
"1544","Upper Skagit-Chinook","Chinook",1971,40233,9268,150,1801,24765,13517,NA,NA,NA,NA,NA,NA,NA,NA,NA,NA,NA,NA,NA,NA,NA,NA,NA,NA,NA,NA,NA,NA,NA,NA,NA,NA,NA,1.46811994782678,291
"1545","Upper Skagit-Chinook","Chinook",1972,48313,11454,219,3823,35225,9046,NA,NA,NA,NA,NA,NA,NA,NA,NA,NA,NA,NA,NA,NA,NA,NA,NA,NA,NA,NA,NA,NA,NA,NA,NA,NA,NA,1.43936166161091,291
"1546","Upper Skagit-Chinook","Chinook",1973,50028,9982,274,5160,27285,17309,NA,NA,NA,NA,NA,NA,NA,NA,NA,NA,NA,NA,NA,NA,NA,NA,NA,NA,NA,NA,NA,NA,NA,NA,NA,NA,NA,1.61179937763924,291
"1547","Upper Skagit-Chinook","Chinook",1974,62330,8529,735,4475,38215,18905,NA,NA,NA,NA,NA,NA,NA,NA,NA,NA,NA,NA,NA,NA,NA,NA,NA,NA,NA,NA,NA,NA,NA,NA,NA,NA,NA,1.98897072948379,291
"1548","Upper Skagit-Chinook","Chinook",1975,45111,7272,410,3158,24776,16767,NA,NA,NA,NA,NA,NA,NA,NA,NA,NA,NA,NA,NA,NA,NA,NA,NA,NA,NA,NA,NA,NA,NA,NA,NA,NA,NA,1.82509476233312,291
"1549","Upper Skagit-Chinook","Chinook",1976,72987,6918,678,5311,53085,13913,NA,NA,NA,NA,NA,NA,NA,NA,NA,NA,NA,NA,NA,NA,NA,NA,NA,NA,NA,NA,NA,NA,NA,NA,NA,NA,NA,2.35615463258312,291
"1550","Upper Skagit-Chinook","Chinook",1977,10585,5911,121,1229,6080,3155,NA,NA,NA,NA,NA,NA,NA,NA,NA,NA,NA,NA,NA,NA,NA,NA,NA,NA,NA,NA,NA,NA,NA,NA,NA,NA,NA,0.582622882744596,291
"1551","Upper Skagit-Chinook","Chinook",1978,63472,8679,433,5841,43581,13617,NA,NA,NA,NA,NA,NA,NA,NA,NA,NA,NA,NA,NA,NA,NA,NA,NA,NA,NA,NA,NA,NA,NA,NA,NA,NA,NA,1.98969254910987,291
"1552","Upper Skagit-Chinook","Chinook",1979,30024,7880,522,3089,19074,7339,NA,NA,NA,NA,NA,NA,NA,NA,NA,NA,NA,NA,NA,NA,NA,NA,NA,NA,NA,NA,NA,NA,NA,NA,NA,NA,NA,1.33766915796293,291
"1553","Upper Skagit-Chinook","Chinook",1980,44414,12620,437,4324,26060,13593,NA,NA,NA,NA,NA,NA,NA,NA,NA,NA,NA,NA,NA,NA,NA,NA,NA,NA,NA,NA,NA,NA,NA,NA,NA,NA,NA,1.258271877939,291
"1554","Upper Skagit-Chinook","Chinook",1981,91309,4294,1671,3851,53135,32652,NA,NA,NA,NA,NA,NA,NA,NA,NA,NA,NA,NA,NA,NA,NA,NA,NA,NA,NA,NA,NA,NA,NA,NA,NA,NA,NA,3.0570306594087,291
"1555","Upper Skagit-Chinook","Chinook",1982,46518,7015,326,15330,16000,14862,NA,NA,NA,NA,NA,NA,NA,NA,NA,NA,NA,NA,NA,NA,NA,NA,NA,NA,NA,NA,NA,NA,NA,NA,NA,NA,NA,1.89178862091045,291
"1556","Upper Skagit-Chinook","Chinook",1983,14772,5359,1202,1504,9018,3048,NA,NA,NA,NA,NA,NA,NA,NA,NA,NA,NA,NA,NA,NA,NA,NA,NA,NA,NA,NA,NA,NA,NA,NA,NA,NA,NA,1.0139561064776,291
"1557","Upper Skagit-Chinook","Chinook",1984,46825,9816,377,2180,19561,24707,NA,NA,NA,NA,NA,NA,NA,NA,NA,NA,NA,NA,NA,NA,NA,NA,NA,NA,NA,NA,NA,NA,NA,NA,NA,NA,NA,1.56240354092154,291
"1558","Upper Skagit-Chinook","Chinook",1985,20898,13936,126,811,6928,13033,NA,NA,NA,NA,NA,NA,NA,NA,NA,NA,NA,NA,NA,NA,NA,NA,NA,NA,NA,NA,NA,NA,NA,NA,NA,NA,NA,0.405178040501772,291
"1559","Upper Skagit-Chinook","Chinook",1986,35936,12443,388,3398,20638,11512,NA,NA,NA,NA,NA,NA,NA,NA,NA,NA,NA,NA,NA,NA,NA,NA,NA,NA,NA,NA,NA,NA,NA,NA,NA,NA,NA,1.06058136276254,291
"1560","Upper Skagit-Chinook","Chinook",1987,10694,6041,197,1147,6104,3246,NA,NA,NA,NA,NA,NA,NA,NA,NA,NA,NA,NA,NA,NA,NA,NA,NA,NA,NA,NA,NA,NA,NA,NA,NA,NA,NA,0.571113275369936,291
"1561","Upper Skagit-Chinook","Chinook",1988,30095,8268,0,603,22479,7013,NA,NA,NA,NA,NA,NA,NA,NA,NA,NA,NA,NA,NA,NA,NA,NA,NA,NA,NA,NA,NA,NA,NA,NA,NA,NA,NA,1.29196640318021,291
"1562","Upper Skagit-Chinook","Chinook",1989,7637,4842,0,585,5379,1673,NA,NA,NA,NA,NA,NA,NA,NA,NA,NA,NA,NA,NA,NA,NA,NA,NA,NA,NA,NA,NA,NA,NA,NA,NA,NA,NA,0.45567699739038,291
"1563","Upper Skagit-Chinook","Chinook",1990,5962,11793,94,541,2812,2515,NA,NA,NA,NA,NA,NA,NA,NA,NA,NA,NA,NA,NA,NA,NA,NA,NA,NA,NA,NA,NA,NA,NA,NA,NA,NA,NA,-0.682100139851953,291
"1564","Upper Skagit-Chinook","Chinook",1991,14437,3656,171,940,9465,3861,NA,NA,NA,NA,NA,NA,NA,NA,NA,NA,NA,NA,NA,NA,NA,NA,NA,NA,NA,NA,NA,NA,NA,NA,NA,NA,NA,1.37342470205577,291
"1565","Upper Skagit-Chinook","Chinook",1992,15365,5588,155,1550,10613,3047,NA,NA,NA,NA,NA,NA,NA,NA,NA,NA,NA,NA,NA,NA,NA,NA,NA,NA,NA,NA,NA,NA,NA,NA,NA,NA,NA,1.01147075418773,291
"1566","Upper Skagit-Chinook","Chinook",1993,17994,4799,169,1274,10153,6398,NA,NA,NA,NA,NA,NA,NA,NA,NA,NA,NA,NA,NA,NA,NA,NA,NA,NA,NA,NA,NA,NA,NA,NA,NA,NA,NA,1.32163080611882,291
"1567","Upper Skagit-Chinook","Chinook",1994,17040,4777,180,173,13039,3648,NA,NA,NA,NA,NA,NA,NA,NA,NA,NA,NA,NA,NA,NA,NA,NA,NA,NA,NA,NA,NA,NA,NA,NA,NA,NA,NA,1.27175078699334,291
"1568","Upper Skagit-Chinook","Chinook",1995,5146,6073,0,795,2414,1937,NA,NA,NA,NA,NA,NA,NA,NA,NA,NA,NA,NA,NA,NA,NA,NA,NA,NA,NA,NA,NA,NA,NA,NA,NA,NA,NA,-0.165633003055886,291
"1569","Upper Skagit-Chinook","Chinook",1996,20406,8162,311,615,13743,5737,NA,NA,NA,NA,NA,NA,NA,NA,NA,NA,NA,NA,NA,NA,NA,NA,NA,NA,NA,NA,NA,NA,NA,NA,NA,NA,NA,0.9163397382695,291
"1570","Upper Skagit-Chinook","Chinook",1997,15819,4168,39,1888,8166,5726,NA,NA,NA,NA,NA,NA,NA,NA,NA,NA,NA,NA,NA,NA,NA,NA,NA,NA,NA,NA,NA,NA,NA,NA,NA,NA,NA,1.33377544476538,291
"1571","Upper Skagit-Chinook","Chinook",1998,13680,12085,323,613,9232,3512,NA,NA,NA,NA,NA,NA,NA,NA,NA,NA,NA,NA,NA,NA,NA,NA,NA,NA,NA,NA,NA,NA,NA,NA,NA,NA,NA,0.123969898038958,291
"1572","Upper Skagit-Chinook","Chinook",1999,14636,3625,31,1431,5710,7464,NA,NA,NA,NA,NA,NA,NA,NA,NA,NA,NA,NA,NA,NA,NA,NA,NA,NA,NA,NA,NA,NA,NA,NA,NA,NA,NA,1.39562995885032,291
"1573","Upper Skagit-Chinook","Chinook",2000,22613,13418,527,657,14423,7006,NA,NA,NA,NA,NA,NA,NA,NA,NA,NA,NA,NA,NA,NA,NA,NA,NA,NA,NA,NA,NA,NA,NA,NA,NA,NA,NA,0.521927873000161,291
"1574","Upper Skagit-Chinook","Chinook",2001,15918,10117,0,2161,10464,3293,NA,NA,NA,NA,NA,NA,NA,NA,NA,NA,NA,NA,NA,NA,NA,NA,NA,NA,NA,NA,NA,NA,NA,NA,NA,NA,NA,0.453233367159904,291
"1575","Upper Skagit-Chinook","Chinook",2002,15154,14445,995,2085,9342,2732,NA,NA,NA,NA,NA,NA,NA,NA,NA,NA,NA,NA,NA,NA,NA,NA,NA,NA,NA,NA,NA,NA,NA,NA,NA,NA,NA,0.047916189590983,291
"1576","Upper Skagit-Chinook","Chinook",2003,10895,7123,0,1236,7628,2031,NA,NA,NA,NA,NA,NA,NA,NA,NA,NA,NA,NA,NA,NA,NA,NA,NA,NA,NA,NA,NA,NA,NA,NA,NA,NA,NA,0.424974983400366,291
"1577","Upper Skagit-Chinook","Chinook",2004,13662,21077,425,1497,9233,2507,NA,NA,NA,NA,NA,NA,NA,NA,NA,NA,NA,NA,NA,NA,NA,NA,NA,NA,NA,NA,NA,NA,NA,NA,NA,NA,NA,-0.433564142245253,291
"1578","Upper Skagit-Chinook","Chinook",2005,22019,16608,195,2411,12642,6771,NA,NA,NA,NA,NA,NA,NA,NA,NA,NA,NA,NA,NA,NA,NA,NA,NA,NA,NA,NA,NA,NA,NA,NA,NA,NA,NA,0.28202121001917,291
"1579","Upper Skagit-Chinook","Chinook",2006,5346,16753,189,876,3763,518,NA,NA,NA,NA,NA,NA,NA,NA,NA,NA,NA,NA,NA,NA,NA,NA,NA,NA,NA,NA,NA,NA,NA,NA,NA,NA,NA,-1.14222872899467,291
"1580","Upper Skagit-Chinook","Chinook",2007,10523,10048,77,1413,6760,2273,NA,NA,NA,NA,NA,NA,NA,NA,NA,NA,NA,NA,NA,NA,NA,NA,NA,NA,NA,NA,NA,NA,NA,NA,NA,NA,NA,0.0461897280328323,291
"1581","Upper Skagit-Chinook","Chinook",2008,18001,8617,182,1801,8482,7536,NA,NA,NA,NA,NA,NA,NA,NA,NA,NA,NA,NA,NA,NA,NA,NA,NA,NA,NA,NA,NA,NA,NA,NA,NA,NA,NA,0.736690315650938,291
"1582","Upper Skagit-Chinook","Chinook",2009,16854,5362,28,2383,10325,4118,NA,NA,NA,NA,NA,NA,NA,NA,NA,NA,NA,NA,NA,NA,NA,NA,NA,NA,NA,NA,NA,NA,NA,NA,NA,NA,NA,1.14525097753639,291
"1583","Upper Skagit-Chinook","Chinook",2010,19429,6829,258,1143,12574,5454,NA,NA,NA,NA,NA,NA,NA,NA,NA,NA,NA,NA,NA,NA,NA,NA,NA,NA,NA,NA,NA,NA,NA,NA,NA,NA,NA,1.04558854528202,291
"1584","Upper Skagit-Chinook","Chinook",2011,20230,4507,63,2520,12130,5517,NA,NA,NA,NA,NA,NA,NA,NA,NA,NA,NA,NA,NA,NA,NA,NA,NA,NA,NA,NA,NA,NA,NA,NA,NA,NA,NA,1.50153490747114,291
"1585","Upper Skagit-Chinook","Chinook",2012,24014,10064,88,1924,20023,1979,NA,NA,NA,NA,NA,NA,NA,NA,NA,NA,NA,NA,NA,NA,NA,NA,NA,NA,NA,NA,NA,NA,NA,NA,NA,NA,NA,0.869672293650442,291
"1586","Upper Skagit-Chinook","Chinook",2013,28522,8864,38,4800,21521,2163,NA,NA,NA,NA,NA,NA,NA,NA,NA,NA,NA,NA,NA,NA,NA,NA,NA,NA,NA,NA,NA,NA,NA,NA,NA,NA,NA,1.16867758930965,291
"1587","White River-Chinook","Chinook",1967,219,711,31,59,111,18,NA,NA,NA,NA,NA,NA,NA,NA,NA,NA,NA,NA,NA,NA,NA,NA,NA,NA,NA,NA,NA,NA,NA,NA,NA,NA,NA,-1.17760069998674,292
"1588","White River-Chinook","Chinook",1968,1347,578,203,368,693,83,NA,NA,NA,NA,NA,NA,NA,NA,NA,NA,NA,NA,NA,NA,NA,NA,NA,NA,NA,NA,NA,NA,NA,NA,NA,NA,NA,0.846061307737986,292
"1589","White River-Chinook","Chinook",1969,17,559,3,5,7,2,NA,NA,NA,NA,NA,NA,NA,NA,NA,NA,NA,NA,NA,NA,NA,NA,NA,NA,NA,NA,NA,NA,NA,NA,NA,NA,NA,-3.49293612909888,292
"1590","White River-Chinook","Chinook",1970,743,722,100,135,424,84,NA,NA,NA,NA,NA,NA,NA,NA,NA,NA,NA,NA,NA,NA,NA,NA,NA,NA,NA,NA,NA,NA,NA,NA,NA,NA,NA,0.028670905824933,292
"1591","White River-Chinook","Chinook",1971,777,395,69,207,446,55,NA,NA,NA,NA,NA,NA,NA,NA,NA,NA,NA,NA,NA,NA,NA,NA,NA,NA,NA,NA,NA,NA,NA,NA,NA,NA,NA,0.676554585466526,292
"1592","White River-Chinook","Chinook",1972,915,473,123,285,450,57,NA,NA,NA,NA,NA,NA,NA,NA,NA,NA,NA,NA,NA,NA,NA,NA,NA,NA,NA,NA,NA,NA,NA,NA,NA,NA,NA,0.659828676783588,292
"1593","White River-Chinook","Chinook",1973,14,194,3,4,6,1,NA,NA,NA,NA,NA,NA,NA,NA,NA,NA,NA,NA,NA,NA,NA,NA,NA,NA,NA,NA,NA,NA,NA,NA,NA,NA,NA,-2.62880082944807,292
"1594","White River-Chinook","Chinook",1974,417,483,38,82,268,29,NA,NA,NA,NA,NA,NA,NA,NA,NA,NA,NA,NA,NA,NA,NA,NA,NA,NA,NA,NA,NA,NA,NA,NA,NA,NA,NA,-0.146930431853771,292
"1595","White River-Chinook","Chinook",1975,291,491,21,89,169,12,NA,NA,NA,NA,NA,NA,NA,NA,NA,NA,NA,NA,NA,NA,NA,NA,NA,NA,NA,NA,NA,NA,NA,NA,NA,NA,NA,-0.523120860623028,292
"1596","White River-Chinook","Chinook",1976,14,264,3,4,5,2,NA,NA,NA,NA,NA,NA,NA,NA,NA,NA,NA,NA,NA,NA,NA,NA,NA,NA,NA,NA,NA,NA,NA,NA,NA,NA,NA,-2.93689177353106,292
"1597","White River-Chinook","Chinook",1977,525,85,64,72,358,31,NA,NA,NA,NA,NA,NA,NA,NA,NA,NA,NA,NA,NA,NA,NA,NA,NA,NA,NA,NA,NA,NA,NA,NA,NA,NA,NA,1.82074700610131,292
"1598","White River-Chinook","Chinook",1978,12,142,1,5,5,1,NA,NA,NA,NA,NA,NA,NA,NA,NA,NA,NA,NA,NA,NA,NA,NA,NA,NA,NA,NA,NA,NA,NA,NA,NA,NA,NA,-2.47092040781326,292
"1599","White River-Chinook","Chinook",1979,59,122,8,9,40,2,NA,NA,NA,NA,NA,NA,NA,NA,NA,NA,NA,NA,NA,NA,NA,NA,NA,NA,NA,NA,NA,NA,NA,NA,NA,NA,NA,-0.726483600827537,292
"1600","White River-Chinook","Chinook",1980,13,58,3,5,3,2,NA,NA,NA,NA,NA,NA,NA,NA,NA,NA,NA,NA,NA,NA,NA,NA,NA,NA,NA,NA,NA,NA,NA,NA,NA,NA,NA,-1.49549365308488,292
"1601","White River-Chinook","Chinook",1981,53,185,10,5,37,1,NA,NA,NA,NA,NA,NA,NA,NA,NA,NA,NA,NA,NA,NA,NA,NA,NA,NA,NA,NA,NA,NA,NA,NA,NA,NA,NA,-1.2500639115262,292
"1602","White River-Chinook","Chinook",1982,9,21,1,5,1,2,NA,NA,NA,NA,NA,NA,NA,NA,NA,NA,NA,NA,NA,NA,NA,NA,NA,NA,NA,NA,NA,NA,NA,NA,NA,NA,NA,-0.847297860387204,292
"1603","White River-Chinook","Chinook",1983,100,30,17,4,65,14,NA,NA,NA,NA,NA,NA,NA,NA,NA,NA,NA,NA,NA,NA,NA,NA,NA,NA,NA,NA,NA,NA,NA,NA,NA,NA,NA,1.20397280432594,292
"1604","White River-Chinook","Chinook",1984,344,8,7,108,201,28,NA,NA,NA,NA,NA,NA,NA,NA,NA,NA,NA,NA,NA,NA,NA,NA,NA,NA,NA,NA,NA,NA,NA,NA,NA,NA,NA,3.76120011569356,292
"1605","White River-Chinook","Chinook",1985,16,37,3,4,6,3,NA,NA,NA,NA,NA,NA,NA,NA,NA,NA,NA,NA,NA,NA,NA,NA,NA,NA,NA,NA,NA,NA,NA,NA,NA,NA,NA,-0.838329190404443,292
"1606","White River-Chinook","Chinook",1986,648,14,76,98,361,113,NA,NA,NA,NA,NA,NA,NA,NA,NA,NA,NA,NA,NA,NA,NA,NA,NA,NA,NA,NA,NA,NA,NA,NA,NA,NA,NA,3.83483336673702,292
"1607","White River-Chinook","Chinook",1987,314,119,30,92,137,55,NA,NA,NA,NA,NA,NA,NA,NA,NA,NA,NA,NA,NA,NA,NA,NA,NA,NA,NA,NA,NA,NA,NA,NA,NA,NA,NA,0.970269492796724,292
"1608","White River-Chinook","Chinook",1988,405,189,52,100,217,36,NA,NA,NA,NA,NA,NA,NA,NA,NA,NA,NA,NA,NA,NA,NA,NA,NA,NA,NA,NA,NA,NA,NA,NA,NA,NA,NA,0.762140052046897,292
"1609","White River-Chinook","Chinook",1989,1036,103,525,150,317,44,NA,NA,NA,NA,NA,NA,NA,NA,NA,NA,NA,NA,NA,NA,NA,NA,NA,NA,NA,NA,NA,NA,NA,NA,NA,NA,NA,2.30839343458979,292
"1610","White River-Chinook","Chinook",1990,398,326,62,114,167,55,NA,NA,NA,NA,NA,NA,NA,NA,NA,NA,NA,NA,NA,NA,NA,NA,NA,NA,NA,NA,NA,NA,NA,NA,NA,NA,NA,0.19955462391773,292
"1611","White River-Chinook","Chinook",1991,380,244,64,55,220,41,NA,NA,NA,NA,NA,NA,NA,NA,NA,NA,NA,NA,NA,NA,NA,NA,NA,NA,NA,NA,NA,NA,NA,NA,NA,NA,NA,0.44300302742723,292
"1612","White River-Chinook","Chinook",1992,728,487,19,194,462,53,NA,NA,NA,NA,NA,NA,NA,NA,NA,NA,NA,NA,NA,NA,NA,NA,NA,NA,NA,NA,NA,NA,NA,NA,NA,NA,NA,0.402036925114096,292
"1613","White River-Chinook","Chinook",1993,1018,478,132,338,548,0,NA,NA,NA,NA,NA,NA,NA,NA,NA,NA,NA,NA,NA,NA,NA,NA,NA,NA,NA,NA,NA,NA,NA,NA,NA,NA,NA,0.755984464619012,292
"1614","White River-Chinook","Chinook",1994,51,418,14,24,9,4,NA,NA,NA,NA,NA,NA,NA,NA,NA,NA,NA,NA,NA,NA,NA,NA,NA,NA,NA,NA,NA,NA,NA,NA,NA,NA,NA,-2.10365579980043,292
"1615","White River-Chinook","Chinook",1995,136,820,27,20,60,29,NA,NA,NA,NA,NA,NA,NA,NA,NA,NA,NA,NA,NA,NA,NA,NA,NA,NA,NA,NA,NA,NA,NA,NA,NA,NA,NA,-1.79664945452225,292
"1616","White River-Chinook","Chinook",1996,492,633,9,75,361,47,NA,NA,NA,NA,NA,NA,NA,NA,NA,NA,NA,NA,NA,NA,NA,NA,NA,NA,NA,NA,NA,NA,NA,NA,NA,NA,NA,-0.251991705651868,292
"1617","White River-Chinook","Chinook",1997,6321,429,195,980,4470,676,NA,NA,NA,NA,NA,NA,NA,NA,NA,NA,NA,NA,NA,NA,NA,NA,NA,NA,NA,NA,NA,NA,NA,NA,NA,NA,NA,2.69017578354428,292
"1618","White River-Chinook","Chinook",1998,454,336,5,89,310,50,NA,NA,NA,NA,NA,NA,NA,NA,NA,NA,NA,NA,NA,NA,NA,NA,NA,NA,NA,NA,NA,NA,NA,NA,NA,NA,NA,0.300986038078144,292
"1619","White River-Chinook","Chinook",1999,1476,1189,27,249,977,223,NA,NA,NA,NA,NA,NA,NA,NA,NA,NA,NA,NA,NA,NA,NA,NA,NA,NA,NA,NA,NA,NA,NA,NA,NA,NA,NA,0.216223108469636,292
"1620","White River-Chinook","Chinook",2000,2319,1465,120,551,1381,267,NA,NA,NA,NA,NA,NA,NA,NA,NA,NA,NA,NA,NA,NA,NA,NA,NA,NA,NA,NA,NA,NA,NA,NA,NA,NA,NA,0.459280815804364,292
"1621","White River-Chinook","Chinook",2001,1200,2075,47,306,756,91,NA,NA,NA,NA,NA,NA,NA,NA,NA,NA,NA,NA,NA,NA,NA,NA,NA,NA,NA,NA,NA,NA,NA,NA,NA,NA,NA,-0.547639596888707,292
"1622","White River-Chinook","Chinook",2002,1625,802,353,469,793,10,NA,NA,NA,NA,NA,NA,NA,NA,NA,NA,NA,NA,NA,NA,NA,NA,NA,NA,NA,NA,NA,NA,NA,NA,NA,NA,NA,0.706154486897323,292
"1623","White River-Chinook","Chinook",2003,739,1457,50,300,364,25,NA,NA,NA,NA,NA,NA,NA,NA,NA,NA,NA,NA,NA,NA,NA,NA,NA,NA,NA,NA,NA,NA,NA,NA,NA,NA,NA,-0.678836885247003,292
"1624","White River-Chinook","Chinook",2004,2106,1875,276,781,1017,32,NA,NA,NA,NA,NA,NA,NA,NA,NA,NA,NA,NA,NA,NA,NA,NA,NA,NA,NA,NA,NA,NA,NA,NA,NA,NA,NA,0.11618175428941,292
"1625","White River-Chinook","Chinook",2005,280,1752,29,103,131,17,NA,NA,NA,NA,NA,NA,NA,NA,NA,NA,NA,NA,NA,NA,NA,NA,NA,NA,NA,NA,NA,NA,NA,NA,NA,NA,NA,-1.83372366832709,292
"1626","White River-Chinook","Chinook",2006,552,2349,72,174,247,59,NA,NA,NA,NA,NA,NA,NA,NA,NA,NA,NA,NA,NA,NA,NA,NA,NA,NA,NA,NA,NA,NA,NA,NA,NA,NA,NA,-1.44819693838182,292
"1627","White River-Chinook","Chinook",2007,414,4853,9,82,299,24,NA,NA,NA,NA,NA,NA,NA,NA,NA,NA,NA,NA,NA,NA,NA,NA,NA,NA,NA,NA,NA,NA,NA,NA,NA,NA,NA,-2.4614863755799,292
"1628","White River-Chinook","Chinook",2008,779,2302,22,265,475,17,NA,NA,NA,NA,NA,NA,NA,NA,NA,NA,NA,NA,NA,NA,NA,NA,NA,NA,NA,NA,NA,NA,NA,NA,NA,NA,NA,-1.08352254341108,292
"1629","White River-Chinook","Chinook",2009,1917,887,421,669,796,31,NA,NA,NA,NA,NA,NA,NA,NA,NA,NA,NA,NA,NA,NA,NA,NA,NA,NA,NA,NA,NA,NA,NA,NA,NA,NA,NA,0.770671760736065,292
"1630","White River-Chinook","Chinook",2010,403,848,81,128,174,20,NA,NA,NA,NA,NA,NA,NA,NA,NA,NA,NA,NA,NA,NA,NA,NA,NA,NA,NA,NA,NA,NA,NA,NA,NA,NA,NA,-0.74394407384522,292
"1631","White River-Chinook","Chinook",2011,240,3267,28,60,132,20,NA,NA,NA,NA,NA,NA,NA,NA,NA,NA,NA,NA,NA,NA,NA,NA,NA,NA,NA,NA,NA,NA,NA,NA,NA,NA,NA,-2.61098848825908,292
"1632","White River-Chinook","Chinook",2012,808,2603,109,269,391,39,NA,NA,NA,NA,NA,NA,NA,NA,NA,NA,NA,NA,NA,NA,NA,NA,NA,NA,NA,NA,NA,NA,NA,NA,NA,NA,NA,-1.16985784647347,292
"1633","White River-Chinook","Chinook",2013,1062,4654,320,406,336,0,NA,NA,NA,NA,NA,NA,NA,NA,NA,NA,NA,NA,NA,NA,NA,NA,NA,NA,NA,NA,NA,NA,NA,NA,NA,NA,NA,-1.47757314206035,292
"1634","White River-Chinook","Chinook",2014,821,1404,436,379,0,6,NA,NA,NA,NA,NA,NA,NA,NA,NA,NA,NA,NA,NA,NA,NA,NA,NA,NA,NA,NA,NA,NA,NA,NA,NA,NA,NA,-0.536557475133328,292
"1635","Willapa Bay-Chum","Chum",1968,102452,13200,NA,NA,37698,58088,6666,NA,NA,NA,NA,NA,NA,NA,NA,NA,NA,NA,NA,NA,NA,NA,NA,NA,NA,NA,NA,NA,NA,NA,NA,NA,NA,2.04917756661995,100
"1636","Willapa Bay-Chum","Chum",1969,49559,33900,NA,NA,17844,30950,764,NA,NA,NA,NA,NA,NA,NA,NA,NA,NA,NA,NA,NA,NA,NA,NA,NA,NA,NA,NA,NA,NA,NA,NA,NA,NA,0.379748864608417,100
"1637","Willapa Bay-Chum","Chum",1970,32833,23100,NA,NA,9999,22833,0,NA,NA,NA,NA,NA,NA,NA,NA,NA,NA,NA,NA,NA,NA,NA,NA,NA,NA,NA,NA,NA,NA,NA,NA,NA,NA,0.351601489646387,100
"1638","Willapa Bay-Chum","Chum",1971,28026,37600,NA,NA,21350,6531,145,NA,NA,NA,NA,NA,NA,NA,NA,NA,NA,NA,NA,NA,NA,NA,NA,NA,NA,NA,NA,NA,NA,NA,NA,NA,NA,-0.293871399647823,100
"1639","Willapa Bay-Chum","Chum",1972,70218,22400,NA,NA,27309,42910,0,NA,NA,NA,NA,NA,NA,NA,NA,NA,NA,NA,NA,NA,NA,NA,NA,NA,NA,NA,NA,NA,NA,NA,NA,NA,NA,1.14254372955969,100
"1640","Willapa Bay-Chum","Chum",1973,10955,14500,NA,NA,5213,5742,0,NA,NA,NA,NA,NA,NA,NA,NA,NA,NA,NA,NA,NA,NA,NA,NA,NA,NA,NA,NA,NA,NA,NA,NA,NA,NA,-0.280352676379099,100
"1641","Willapa Bay-Chum","Chum",1974,86085,12200,NA,NA,42111,43012,963,NA,NA,NA,NA,NA,NA,NA,NA,NA,NA,NA,NA,NA,NA,NA,NA,NA,NA,NA,NA,NA,NA,NA,NA,NA,NA,1.95389922848922,100
"1642","Willapa Bay-Chum","Chum",1975,5535,12600,NA,NA,3689,1846,0,NA,NA,NA,NA,NA,NA,NA,NA,NA,NA,NA,NA,NA,NA,NA,NA,NA,NA,NA,NA,NA,NA,NA,NA,NA,NA,-0.822605247796832,100
"1643","Willapa Bay-Chum","Chum",1976,38112,16500,NA,NA,5216,30579,2318,NA,NA,NA,NA,NA,NA,NA,NA,NA,NA,NA,NA,NA,NA,NA,NA,NA,NA,NA,NA,NA,NA,NA,NA,NA,NA,0.837168812266355,100
"1644","Willapa Bay-Chum","Chum",1977,60299,40200,NA,NA,34344,25415,539,NA,NA,NA,NA,NA,NA,NA,NA,NA,NA,NA,NA,NA,NA,NA,NA,NA,NA,NA,NA,NA,NA,NA,NA,NA,NA,0.405448524222725,100
"1645","Willapa Bay-Chum","Chum",1978,157372,18900,NA,NA,12809,118238,26324,NA,NA,NA,NA,NA,NA,NA,NA,NA,NA,NA,NA,NA,NA,NA,NA,NA,NA,NA,NA,NA,NA,NA,NA,NA,NA,2.11945050736901,100
"1646","Willapa Bay-Chum","Chum",1979,40598,6915,NA,NA,16044,22651,1903,NA,NA,NA,NA,NA,NA,NA,NA,NA,NA,NA,NA,NA,NA,NA,NA,NA,NA,NA,NA,NA,NA,NA,NA,NA,NA,1.77002583919385,100
"1647","Willapa Bay-Chum","Chum",1980,49807,37300,NA,NA,19046,30188,572,NA,NA,NA,NA,NA,NA,NA,NA,NA,NA,NA,NA,NA,NA,NA,NA,NA,NA,NA,NA,NA,NA,NA,NA,NA,NA,0.289162209751886,100
"1648","Willapa Bay-Chum","Chum",1981,57537,22120,NA,NA,33273,23396,869,NA,NA,NA,NA,NA,NA,NA,NA,NA,NA,NA,NA,NA,NA,NA,NA,NA,NA,NA,NA,NA,NA,NA,NA,NA,NA,0.955946042466675,100
"1649","Willapa Bay-Chum","Chum",1982,115368,66889,NA,NA,47578,61141,6649,NA,NA,NA,NA,NA,NA,NA,NA,NA,NA,NA,NA,NA,NA,NA,NA,NA,NA,NA,NA,NA,NA,NA,NA,NA,NA,0.545092490158979,100
"1650","Willapa Bay-Chum","Chum",1983,42103,20871,NA,NA,4811,30519,6773,NA,NA,NA,NA,NA,NA,NA,NA,NA,NA,NA,NA,NA,NA,NA,NA,NA,NA,NA,NA,NA,NA,NA,NA,NA,NA,0.70175836144729,100
"1651","Willapa Bay-Chum","Chum",1984,250667,42635,NA,NA,59197,173355,18115,NA,NA,NA,NA,NA,NA,NA,NA,NA,NA,NA,NA,NA,NA,NA,NA,NA,NA,NA,NA,NA,NA,NA,NA,NA,NA,1.77144985287407,100
"1652","Willapa Bay-Chum","Chum",1985,16437,52703,NA,NA,2746,12135,1556,NA,NA,NA,NA,NA,NA,NA,NA,NA,NA,NA,NA,NA,NA,NA,NA,NA,NA,NA,NA,NA,NA,NA,NA,NA,NA,-1.16513748869891,100
"1653","Willapa Bay-Chum","Chum",1986,34375,34040,NA,NA,4924,18420,11030,NA,NA,NA,NA,NA,NA,NA,NA,NA,NA,NA,NA,NA,NA,NA,NA,NA,NA,NA,NA,NA,NA,NA,NA,NA,NA,0.00979325228156203,100
"1654","Willapa Bay-Chum","Chum",1987,45533,31884,NA,NA,643,39726,5164,NA,NA,NA,NA,NA,NA,NA,NA,NA,NA,NA,NA,NA,NA,NA,NA,NA,NA,NA,NA,NA,NA,NA,NA,NA,NA,0.35633302123189,100
"1655","Willapa Bay-Chum","Chum",1988,138232,61947,NA,NA,16606,93331,28295,NA,NA,NA,NA,NA,NA,NA,NA,NA,NA,NA,NA,NA,NA,NA,NA,NA,NA,NA,NA,NA,NA,NA,NA,NA,NA,0.802654252258374,100
"1656","Willapa Bay-Chum","Chum",1989,23074,17056,NA,NA,2245,16260,4569,NA,NA,NA,NA,NA,NA,NA,NA,NA,NA,NA,NA,NA,NA,NA,NA,NA,NA,NA,NA,NA,NA,NA,NA,NA,NA,0.302204394521664,100
"1657","Willapa Bay-Chum","Chum",1990,26924,17762,NA,NA,3554,19151,4219,NA,NA,NA,NA,NA,NA,NA,NA,NA,NA,NA,NA,NA,NA,NA,NA,NA,NA,NA,NA,NA,NA,NA,NA,NA,NA,0.415956738312154,100
"1658","Willapa Bay-Chum","Chum",1991,23160,33959,NA,NA,7660,14806,694,NA,NA,NA,NA,NA,NA,NA,NA,NA,NA,NA,NA,NA,NA,NA,NA,NA,NA,NA,NA,NA,NA,NA,NA,NA,NA,-0.38272726189726,100
"1659","Willapa Bay-Chum","Chum",1992,27442,37068,NA,NA,7540,18898,1005,NA,NA,NA,NA,NA,NA,NA,NA,NA,NA,NA,NA,NA,NA,NA,NA,NA,NA,NA,NA,NA,NA,NA,NA,NA,NA,-0.300679377225462,100
"1660","Willapa Bay-Chum","Chum",1993,25933,31017,NA,NA,2211,18052,5670,NA,NA,NA,NA,NA,NA,NA,NA,NA,NA,NA,NA,NA,NA,NA,NA,NA,NA,NA,NA,NA,NA,NA,NA,NA,NA,-0.179019152309473,100
"1661","Willapa Bay-Chum","Chum",1994,79110,30526,NA,NA,14435,59548,5127,NA,NA,NA,NA,NA,NA,NA,NA,NA,NA,NA,NA,NA,NA,NA,NA,NA,NA,NA,NA,NA,NA,NA,NA,NA,NA,0.952260509540375,100
"1662","Willapa Bay-Chum","Chum",1995,18093,24695,NA,NA,10016,7590,487,NA,NA,NA,NA,NA,NA,NA,NA,NA,NA,NA,NA,NA,NA,NA,NA,NA,NA,NA,NA,NA,NA,NA,NA,NA,NA,-0.311075670855629,100
"1663","Willapa Bay-Chum","Chum",1996,50096,20011,NA,NA,13080,34269,2747,NA,NA,NA,NA,NA,NA,NA,NA,NA,NA,NA,NA,NA,NA,NA,NA,NA,NA,NA,NA,NA,NA,NA,NA,NA,NA,0.917659042224623,100
"1664","Willapa Bay-Chum","Chum",1997,50276,33314,NA,NA,11915,30841,7520,NA,NA,NA,NA,NA,NA,NA,NA,NA,NA,NA,NA,NA,NA,NA,NA,NA,NA,NA,NA,NA,NA,NA,NA,NA,NA,0.411550097007675,100
"1665","Willapa Bay-Chum","Chum",1998,61052,65101,NA,NA,18931,39345,2777,NA,NA,NA,NA,NA,NA,NA,NA,NA,NA,NA,NA,NA,NA,NA,NA,NA,NA,NA,NA,NA,NA,NA,NA,NA,NA,-0.0642139500267722,100
"1666","Willapa Bay-Chum","Chum",1999,131944,24512,NA,NA,44017,74465,13463,NA,NA,NA,NA,NA,NA,NA,NA,NA,NA,NA,NA,NA,NA,NA,NA,NA,NA,NA,NA,NA,NA,NA,NA,NA,NA,1.68321479658767,100
"1667","Willapa Bay-Chum","Chum",2000,98884,40030,NA,NA,6641,85882,6361,NA,NA,NA,NA,NA,NA,NA,NA,NA,NA,NA,NA,NA,NA,NA,NA,NA,NA,NA,NA,NA,NA,NA,NA,NA,NA,0.904318272961129,100
"1668","Willapa Bay-Chum","Chum",2001,32312,29389,NA,NA,14158,16946,1208,NA,NA,NA,NA,NA,NA,NA,NA,NA,NA,NA,NA,NA,NA,NA,NA,NA,NA,NA,NA,NA,NA,NA,NA,NA,NA,0.0948182235877874,100
"1669","Willapa Bay-Chum","Chum",2002,24546,59243,NA,NA,4612,18390,1544,NA,NA,NA,NA,NA,NA,NA,NA,NA,NA,NA,NA,NA,NA,NA,NA,NA,NA,NA,NA,NA,NA,NA,NA,NA,NA,-0.88109872140052,100
"1670","Willapa Bay-Chum","Chum",2003,17236,47347,NA,NA,2940,13475,821,NA,NA,NA,NA,NA,NA,NA,NA,NA,NA,NA,NA,NA,NA,NA,NA,NA,NA,NA,NA,NA,NA,NA,NA,NA,NA,-1.01050323989875,100
"1671","Willapa Bay-Chum","Chum",2004,13317,84021,NA,NA,2337,9521,1458,NA,NA,NA,NA,NA,NA,NA,NA,NA,NA,NA,NA,NA,NA,NA,NA,NA,NA,NA,NA,NA,NA,NA,NA,NA,NA,-1.84202535307851,100
"1672","Willapa Bay-Chum","Chum",2005,8590,11924,NA,NA,2184,5796,610,NA,NA,NA,NA,NA,NA,NA,NA,NA,NA,NA,NA,NA,NA,NA,NA,NA,NA,NA,NA,NA,NA,NA,NA,NA,NA,-0.327954439819661,100
"1673","Willapa Bay-Chum","Chum",2006,31604,14717,NA,NA,9984,20111,1509,NA,NA,NA,NA,NA,NA,NA,NA,NA,NA,NA,NA,NA,NA,NA,NA,NA,NA,NA,NA,NA,NA,NA,NA,NA,NA,0.764280406678511,100
"1674","Willapa Bay-Chum","Chum",2007,91053,17085,NA,NA,5665,67096,18292,NA,NA,NA,NA,NA,NA,NA,NA,NA,NA,NA,NA,NA,NA,NA,NA,NA,NA,NA,NA,NA,NA,NA,NA,NA,NA,1.67324086899272,100
"1675","Willapa Bay-Chum","Chum",2008,22096,9008,NA,NA,1082,18883,2131,NA,NA,NA,NA,NA,NA,NA,NA,NA,NA,NA,NA,NA,NA,NA,NA,NA,NA,NA,NA,NA,NA,NA,NA,NA,NA,0.897283525269602,100
"1676","Willapa Bay-Chum","Chum",2009,18332,12629,NA,NA,5414,11735,1183,NA,NA,NA,NA,NA,NA,NA,NA,NA,NA,NA,NA,NA,NA,NA,NA,NA,NA,NA,NA,NA,NA,NA,NA,NA,NA,0.372652409982845,100
"1677","Willapa Bay-Chum","Chum",2010,32520,24546,NA,NA,7417,22766,2337,NA,NA,NA,NA,NA,NA,NA,NA,NA,NA,NA,NA,NA,NA,NA,NA,NA,NA,NA,NA,NA,NA,NA,NA,NA,NA,0.281306376504293,100
"1678","Willapa Bay-Chum","Chum",2011,50834,65764,NA,NA,6185,35278,9371,NA,NA,NA,NA,NA,NA,NA,NA,NA,NA,NA,NA,NA,NA,NA,NA,NA,NA,NA,NA,NA,NA,NA,NA,NA,NA,-0.257507154101173,100
"1679","Willapa Bay-Chum","Chum",2012,89138,25519,NA,NA,10694,72275,6169,NA,NA,NA,NA,NA,NA,NA,NA,NA,NA,NA,NA,NA,NA,NA,NA,NA,NA,NA,NA,NA,NA,NA,NA,NA,NA,1.25076245789429,100
"1680","Willapa Bay-Chum","Chum",2013,13633,23642,NA,NA,4341,8836,457,NA,NA,NA,NA,NA,NA,NA,NA,NA,NA,NA,NA,NA,NA,NA,NA,NA,NA,NA,NA,NA,NA,NA,NA,NA,NA,-0.550531467124193,100
"1681","Willapa Bay-Chum","Chum",2014,19190,25612,NA,NA,6901,9546,2743,NA,NA,NA,NA,NA,NA,NA,NA,NA,NA,NA,NA,NA,NA,NA,NA,NA,NA,NA,NA,NA,NA,NA,NA,NA,NA,-0.288671681636947,100
"1682","Willapa Bay-Chum","Chum",2015,59001,44147,NA,NA,33660,21454,3887,NA,NA,NA,NA,NA,NA,NA,NA,NA,NA,NA,NA,NA,NA,NA,NA,NA,NA,NA,NA,NA,NA,NA,NA,NA,NA,0.29002941834325,100
"1683","Willapa Bay-Chum","Chum",2016,54632,78725,NA,NA,19356,28385,6891,NA,NA,NA,NA,NA,NA,NA,NA,NA,NA,NA,NA,NA,NA,NA,NA,NA,NA,NA,NA,NA,NA,NA,NA,NA,NA,-0.3653409753283,100
"1684","Grays Harbour-Chum","Chum",1969,46156,11150,NA,NA,14133,30493,1530,NA,NA,NA,NA,NA,NA,NA,NA,NA,NA,NA,NA,NA,NA,NA,NA,NA,NA,NA,NA,NA,NA,NA,NA,NA,NA,1.42058746542629,101
"1685","Grays Harbour-Chum","Chum",1970,39290,15700,NA,NA,13211,25666,413,NA,NA,NA,NA,NA,NA,NA,NA,NA,NA,NA,NA,NA,NA,NA,NA,NA,NA,NA,NA,NA,NA,NA,NA,NA,NA,0.917309321216106,101
"1686","Grays Harbour-Chum","Chum",1971,16839,10250,NA,NA,11054,5785,0,NA,NA,NA,NA,NA,NA,NA,NA,NA,NA,NA,NA,NA,NA,NA,NA,NA,NA,NA,NA,NA,NA,NA,NA,NA,NA,0.496419919043755,101
"1687","Grays Harbour-Chum","Chum",1972,48667,8000,NA,NA,18110,29710,847,NA,NA,NA,NA,NA,NA,NA,NA,NA,NA,NA,NA,NA,NA,NA,NA,NA,NA,NA,NA,NA,NA,NA,NA,NA,NA,1.805559640652,101
"1688","Grays Harbour-Chum","Chum",1973,19861,12350,NA,NA,3486,16137,238,NA,NA,NA,NA,NA,NA,NA,NA,NA,NA,NA,NA,NA,NA,NA,NA,NA,NA,NA,NA,NA,NA,NA,NA,NA,NA,0.475101946742668,101
"1689","Grays Harbour-Chum","Chum",1977,55516,21000,NA,NA,24623,26436,4457,NA,NA,NA,NA,NA,NA,NA,NA,NA,NA,NA,NA,NA,NA,NA,NA,NA,NA,NA,NA,NA,NA,NA,NA,NA,NA,0.97214882977017,101
"1690","Grays Harbour-Chum","Chum",1978,99949,11000,NA,NA,10243,79956,9750,NA,NA,NA,NA,NA,NA,NA,NA,NA,NA,NA,NA,NA,NA,NA,NA,NA,NA,NA,NA,NA,NA,NA,NA,NA,NA,2.20676478309549,101
"1691","Grays Harbour-Chum","Chum",1980,32511,24700,NA,NA,19268,13019,224,NA,NA,NA,NA,NA,NA,NA,NA,NA,NA,NA,NA,NA,NA,NA,NA,NA,NA,NA,NA,NA,NA,NA,NA,NA,NA,0.274775249975036,101
"1692","Grays Harbour-Chum","Chum",1981,56008,18050,NA,NA,33012,20380,2616,NA,NA,NA,NA,NA,NA,NA,NA,NA,NA,NA,NA,NA,NA,NA,NA,NA,NA,NA,NA,NA,NA,NA,NA,NA,NA,1.13234885289601,101
"1693","Grays Harbour-Chum","Chum",1982,75005,35100,NA,NA,24187,47770,3048,NA,NA,NA,NA,NA,NA,NA,NA,NA,NA,NA,NA,NA,NA,NA,NA,NA,NA,NA,NA,NA,NA,NA,NA,NA,NA,0.759353647509034,101
"1694","Grays Harbour-Chum","Chum",1983,19300,21000,NA,NA,1936,15308,2056,NA,NA,NA,NA,NA,NA,NA,NA,NA,NA,NA,NA,NA,NA,NA,NA,NA,NA,NA,NA,NA,NA,NA,NA,NA,NA,-0.0844173418125832,101
"1695","Grays Harbour-Chum","Chum",1984,193236,23700,NA,NA,49377,132554,11305,NA,NA,NA,NA,NA,NA,NA,NA,NA,NA,NA,NA,NA,NA,NA,NA,NA,NA,NA,NA,NA,NA,NA,NA,NA,NA,2.09843719168277,101
"1696","Grays Harbour-Chum","Chum",1985,10289,31300,NA,NA,2330,6760,1199,NA,NA,NA,NA,NA,NA,NA,NA,NA,NA,NA,NA,NA,NA,NA,NA,NA,NA,NA,NA,NA,NA,NA,NA,NA,NA,-1.11254273415243,101
"1697","Grays Harbour-Chum","Chum",1986,13438,19550,NA,NA,991,9133,3314,NA,NA,NA,NA,NA,NA,NA,NA,NA,NA,NA,NA,NA,NA,NA,NA,NA,NA,NA,NA,NA,NA,NA,NA,NA,NA,-0.374888771933417,101
"1698","Grays Harbour-Chum","Chum",1987,34178,9475,NA,NA,1618,29740,2820,NA,NA,NA,NA,NA,NA,NA,NA,NA,NA,NA,NA,NA,NA,NA,NA,NA,NA,NA,NA,NA,NA,NA,NA,NA,NA,1.28292541125623,101
"1699","Grays Harbour-Chum","Chum",1988,108456,62175,NA,NA,12350,78548,17558,NA,NA,NA,NA,NA,NA,NA,NA,NA,NA,NA,NA,NA,NA,NA,NA,NA,NA,NA,NA,NA,NA,NA,NA,NA,NA,0.55639157108762,101
"1700","Grays Harbour-Chum","Chum",1989,25037,9080,NA,NA,1576,16837,6624,NA,NA,NA,NA,NA,NA,NA,NA,NA,NA,NA,NA,NA,NA,NA,NA,NA,NA,NA,NA,NA,NA,NA,NA,NA,NA,1.0142805381344,101
"1701","Grays Harbour-Chum","Chum",1990,24885,8972,NA,NA,3489,15741,5655,NA,NA,NA,NA,NA,NA,NA,NA,NA,NA,NA,NA,NA,NA,NA,NA,NA,NA,NA,NA,NA,NA,NA,NA,NA,NA,1.02015659565256,101
"1702","Grays Harbour-Chum","Chum",1991,9414,17936,NA,NA,2594,6300,520,NA,NA,NA,NA,NA,NA,NA,NA,NA,NA,NA,NA,NA,NA,NA,NA,NA,NA,NA,NA,NA,NA,NA,NA,NA,NA,-0.644611923350853,101
"1703","Grays Harbour-Chum","Chum",1992,21960,38300,NA,NA,8442,13197,321,NA,NA,NA,NA,NA,NA,NA,NA,NA,NA,NA,NA,NA,NA,NA,NA,NA,NA,NA,NA,NA,NA,NA,NA,NA,NA,-0.55622727954527,101
"1704","Grays Harbour-Chum","Chum",1993,18932,21059,NA,NA,3022,11031,4879,NA,NA,NA,NA,NA,NA,NA,NA,NA,NA,NA,NA,NA,NA,NA,NA,NA,NA,NA,NA,NA,NA,NA,NA,NA,NA,-0.10647441015364,101
"1705","Grays Harbour-Chum","Chum",1994,34802,24592,NA,NA,2611,29657,2534,NA,NA,NA,NA,NA,NA,NA,NA,NA,NA,NA,NA,NA,NA,NA,NA,NA,NA,NA,NA,NA,NA,NA,NA,NA,NA,0.347253669597147,101
"1706","Grays Harbour-Chum","Chum",1995,6968,12616,NA,NA,3918,2979,71,NA,NA,NA,NA,NA,NA,NA,NA,NA,NA,NA,NA,NA,NA,NA,NA,NA,NA,NA,NA,NA,NA,NA,NA,NA,NA,-0.593637610110536,101
"1707","Grays Harbour-Chum","Chum",1996,17627,12413,NA,NA,9623,6804,1200,NA,NA,NA,NA,NA,NA,NA,NA,NA,NA,NA,NA,NA,NA,NA,NA,NA,NA,NA,NA,NA,NA,NA,NA,NA,NA,0.350687506904006,101
"1708","Grays Harbour-Chum","Chum",1997,28370,13456,NA,NA,3901,17651,6818,NA,NA,NA,NA,NA,NA,NA,NA,NA,NA,NA,NA,NA,NA,NA,NA,NA,NA,NA,NA,NA,NA,NA,NA,NA,NA,0.745907145590168,101
"1709","Grays Harbour-Chum","Chum",1998,33306,35188,NA,NA,7026,24927,1353,NA,NA,NA,NA,NA,NA,NA,NA,NA,NA,NA,NA,NA,NA,NA,NA,NA,NA,NA,NA,NA,NA,NA,NA,NA,NA,-0.0549675544543489,101
"1710","Grays Harbour-Chum","Chum",1999,79870,12260,NA,NA,32917,42768,4185,NA,NA,NA,NA,NA,NA,NA,NA,NA,NA,NA,NA,NA,NA,NA,NA,NA,NA,NA,NA,NA,NA,NA,NA,NA,NA,1.87405838242123,101
"1711","Grays Harbour-Chum","Chum",2000,29957,8936,NA,NA,4547,22821,2589,NA,NA,NA,NA,NA,NA,NA,NA,NA,NA,NA,NA,NA,NA,NA,NA,NA,NA,NA,NA,NA,NA,NA,NA,NA,NA,1.20967495835708,101
"1712","Grays Harbour-Chum","Chum",2001,23219,24898,NA,NA,4931,16971,1317,NA,NA,NA,NA,NA,NA,NA,NA,NA,NA,NA,NA,NA,NA,NA,NA,NA,NA,NA,NA,NA,NA,NA,NA,NA,NA,-0.0698165699393655,101
"1713","Grays Harbour-Chum","Chum",2002,16985,56175,NA,NA,1783,12714,2488,NA,NA,NA,NA,NA,NA,NA,NA,NA,NA,NA,NA,NA,NA,NA,NA,NA,NA,NA,NA,NA,NA,NA,NA,NA,NA,-1.19614121645885,101
"1714","Grays Harbour-Chum","Chum",2003,9163,37947,NA,NA,1135,7784,244,NA,NA,NA,NA,NA,NA,NA,NA,NA,NA,NA,NA,NA,NA,NA,NA,NA,NA,NA,NA,NA,NA,NA,NA,NA,NA,-1.42101681335044,101
"1715","Grays Harbour-Chum","Chum",2004,5724,17063,NA,NA,1485,3555,684,NA,NA,NA,NA,NA,NA,NA,NA,NA,NA,NA,NA,NA,NA,NA,NA,NA,NA,NA,NA,NA,NA,NA,NA,NA,NA,-1.09224451485092,101
"1716","Grays Harbour-Chum","Chum",2005,16412,14490,NA,NA,2497,11125,2790,NA,NA,NA,NA,NA,NA,NA,NA,NA,NA,NA,NA,NA,NA,NA,NA,NA,NA,NA,NA,NA,NA,NA,NA,NA,NA,0.124554018247349,101
"1717","Grays Harbour-Chum","Chum",2006,41414,10826,NA,NA,7147,32857,1410,NA,NA,NA,NA,NA,NA,NA,NA,NA,NA,NA,NA,NA,NA,NA,NA,NA,NA,NA,NA,NA,NA,NA,NA,NA,NA,1.34166833954305,101
"1718","Grays Harbour-Chum","Chum",2007,62104,11051,NA,NA,6543,44681,10880,NA,NA,NA,NA,NA,NA,NA,NA,NA,NA,NA,NA,NA,NA,NA,NA,NA,NA,NA,NA,NA,NA,NA,NA,NA,NA,1.72628947749673,101
"1719","Grays Harbour-Chum","Chum",2008,27664,3938,NA,NA,2244,22593,2827,NA,NA,NA,NA,NA,NA,NA,NA,NA,NA,NA,NA,NA,NA,NA,NA,NA,NA,NA,NA,NA,NA,NA,NA,NA,NA,1.949458948724,101
"1720","Grays Harbour-Chum","Chum",2009,33754,14585,NA,NA,3593,27437,2724,NA,NA,NA,NA,NA,NA,NA,NA,NA,NA,NA,NA,NA,NA,NA,NA,NA,NA,NA,NA,NA,NA,NA,NA,NA,NA,0.839105325494608,101
"1721","Grays Harbour-Chum","Chum",2010,34120,33537,NA,NA,8924,21858,3338,NA,NA,NA,NA,NA,NA,NA,NA,NA,NA,NA,NA,NA,NA,NA,NA,NA,NA,NA,NA,NA,NA,NA,NA,NA,NA,0.0172344156671801,101
"1722","Grays Harbour-Chum","Chum",2011,41731,29043,NA,NA,2923,33644,5164,NA,NA,NA,NA,NA,NA,NA,NA,NA,NA,NA,NA,NA,NA,NA,NA,NA,NA,NA,NA,NA,NA,NA,NA,NA,NA,0.362466767485661,101
"1723","Grays Harbour-Chum","Chum",2012,77763,25452,NA,NA,9813,60898,7052,NA,NA,NA,NA,NA,NA,NA,NA,NA,NA,NA,NA,NA,NA,NA,NA,NA,NA,NA,NA,NA,NA,NA,NA,NA,NA,1.11687141428435,101
"1724","Grays Harbour-Chum","Chum",2013,14147,21284,NA,NA,2311,11229,607,NA,NA,NA,NA,NA,NA,NA,NA,NA,NA,NA,NA,NA,NA,NA,NA,NA,NA,NA,NA,NA,NA,NA,NA,NA,NA,-0.408453029257326,101
"1725","Grays Harbour-Chum","Chum",2014,26417,14711,NA,NA,9837,16047,533,NA,NA,NA,NA,NA,NA,NA,NA,NA,NA,NA,NA,NA,NA,NA,NA,NA,NA,NA,NA,NA,NA,NA,NA,NA,NA,0.585412229038125,101
"1726","Grays Harbour-Chum","Chum",2015,55818,33705,NA,NA,25532,29879,407,NA,NA,NA,NA,NA,NA,NA,NA,NA,NA,NA,NA,NA,NA,NA,NA,NA,NA,NA,NA,NA,NA,NA,NA,NA,NA,0.504450203709074,101
"1727","Grays Harbour-Chum","Chum",2016,22044,62811,NA,NA,8117,13295,632,NA,NA,NA,NA,NA,NA,NA,NA,NA,NA,NA,NA,NA,NA,NA,NA,NA,NA,NA,NA,NA,NA,NA,NA,NA,NA,-1.04708976135025,101
"1728","S Sound Summer-Chum","Chum",1968,128509,22007,NA,NA,10005,116155,2349,NA,NA,NA,NA,NA,NA,NA,NA,NA,NA,NA,NA,NA,NA,NA,NA,NA,NA,NA,NA,NA,NA,NA,NA,NA,NA,1.76463835622577,102
"1729","S Sound Summer-Chum","Chum",1969,41801,3439,NA,NA,17193,23863,745,NA,NA,NA,NA,NA,NA,NA,NA,NA,NA,NA,NA,NA,NA,NA,NA,NA,NA,NA,NA,NA,NA,NA,NA,NA,NA,2.4977395312394,102
"1730","S Sound Summer-Chum","Chum",1970,29271,5410,NA,NA,15002,14125,144,NA,NA,NA,NA,NA,NA,NA,NA,NA,NA,NA,NA,NA,NA,NA,NA,NA,NA,NA,NA,NA,NA,NA,NA,NA,NA,1.68834817193553,102
"1731","S Sound Summer-Chum","Chum",1971,13754,4809,NA,NA,7762,5916,77,NA,NA,NA,NA,NA,NA,NA,NA,NA,NA,NA,NA,NA,NA,NA,NA,NA,NA,NA,NA,NA,NA,NA,NA,NA,NA,1.05084052860212,102
"1732","S Sound Summer-Chum","Chum",1972,74853,33523,NA,NA,2392,72371,90,NA,NA,NA,NA,NA,NA,NA,NA,NA,NA,NA,NA,NA,NA,NA,NA,NA,NA,NA,NA,NA,NA,NA,NA,NA,NA,0.803294419806984,102
"1733","S Sound Summer-Chum","Chum",1973,10407,9643,NA,NA,4289,5938,180,NA,NA,NA,NA,NA,NA,NA,NA,NA,NA,NA,NA,NA,NA,NA,NA,NA,NA,NA,NA,NA,NA,NA,NA,NA,NA,0.076246393127475,102
"1734","S Sound Summer-Chum","Chum",1974,13738,19729,NA,NA,4009,9678,50,NA,NA,NA,NA,NA,NA,NA,NA,NA,NA,NA,NA,NA,NA,NA,NA,NA,NA,NA,NA,NA,NA,NA,NA,NA,NA,-0.361923918721143,102
"1735","S Sound Summer-Chum","Chum",1975,5537,5803,NA,NA,5101,406,30,NA,NA,NA,NA,NA,NA,NA,NA,NA,NA,NA,NA,NA,NA,NA,NA,NA,NA,NA,NA,NA,NA,NA,NA,NA,NA,-0.0469221873676411,102
"1736","S Sound Summer-Chum","Chum",1976,7693,32743,NA,NA,1065,5299,1329,NA,NA,NA,NA,NA,NA,NA,NA,NA,NA,NA,NA,NA,NA,NA,NA,NA,NA,NA,NA,NA,NA,NA,NA,NA,NA,-1.4483783743007,102
"1737","S Sound Summer-Chum","Chum",1977,22231,3835,NA,NA,9752,11656,822,NA,NA,NA,NA,NA,NA,NA,NA,NA,NA,NA,NA,NA,NA,NA,NA,NA,NA,NA,NA,NA,NA,NA,NA,NA,NA,1.75731827640063,102
"1738","S Sound Summer-Chum","Chum",1978,4838,5875,NA,NA,1007,3303,527,NA,NA,NA,NA,NA,NA,NA,NA,NA,NA,NA,NA,NA,NA,NA,NA,NA,NA,NA,NA,NA,NA,NA,NA,NA,NA,-0.194204647842387,102
"1739","S Sound Summer-Chum","Chum",1979,5448,1005,NA,NA,2753,2524,171,NA,NA,NA,NA,NA,NA,NA,NA,NA,NA,NA,NA,NA,NA,NA,NA,NA,NA,NA,NA,NA,NA,NA,NA,NA,NA,1.69026102733617,102
"1740","S Sound Summer-Chum","Chum",1980,15112,7555,NA,NA,1789,13013,310,NA,NA,NA,NA,NA,NA,NA,NA,NA,NA,NA,NA,NA,NA,NA,NA,NA,NA,NA,NA,NA,NA,NA,NA,NA,NA,0.693279534474506,102
"1741","S Sound Summer-Chum","Chum",1981,10129,6294,NA,NA,5813,3867,449,NA,NA,NA,NA,NA,NA,NA,NA,NA,NA,NA,NA,NA,NA,NA,NA,NA,NA,NA,NA,NA,NA,NA,NA,NA,NA,0.475805798062445,102
"1742","S Sound Summer-Chum","Chum",1982,19455,4089,NA,NA,3330,14690,1435,NA,NA,NA,NA,NA,NA,NA,NA,NA,NA,NA,NA,NA,NA,NA,NA,NA,NA,NA,NA,NA,NA,NA,NA,NA,NA,1.55980366505401,102
"1743","S Sound Summer-Chum","Chum",1983,16975,1769,NA,NA,4351,10540,2085,NA,NA,NA,NA,NA,NA,NA,NA,NA,NA,NA,NA,NA,NA,NA,NA,NA,NA,NA,NA,NA,NA,NA,NA,NA,NA,2.26132725826711,102
"1744","S Sound Summer-Chum","Chum",1984,91579,8034,NA,NA,15780,72281,3518,NA,NA,NA,NA,NA,NA,NA,NA,NA,NA,NA,NA,NA,NA,NA,NA,NA,NA,NA,NA,NA,NA,NA,NA,NA,NA,2.43351945181752,102
"1745","S Sound Summer-Chum","Chum",1985,43916,4022,NA,NA,11902,28070,3944,NA,NA,NA,NA,NA,NA,NA,NA,NA,NA,NA,NA,NA,NA,NA,NA,NA,NA,NA,NA,NA,NA,NA,NA,NA,NA,2.39049942702203,102
"1746","S Sound Summer-Chum","Chum",1986,61065,10019,NA,NA,5370,48864,6831,NA,NA,NA,NA,NA,NA,NA,NA,NA,NA,NA,NA,NA,NA,NA,NA,NA,NA,NA,NA,NA,NA,NA,NA,NA,NA,1.80745558034593,102
"1747","S Sound Summer-Chum","Chum",1987,28878,19058,NA,NA,1972,21447,5459,NA,NA,NA,NA,NA,NA,NA,NA,NA,NA,NA,NA,NA,NA,NA,NA,NA,NA,NA,NA,NA,NA,NA,NA,NA,NA,0.415593098623031,102
"1748","S Sound Summer-Chum","Chum",1988,150291,31282,NA,NA,11438,130441,8411,NA,NA,NA,NA,NA,NA,NA,NA,NA,NA,NA,NA,NA,NA,NA,NA,NA,NA,NA,NA,NA,NA,NA,NA,NA,NA,1.56953056247447,102
"1749","S Sound Summer-Chum","Chum",1989,31869,7424,NA,NA,5459,19899,6511,NA,NA,NA,NA,NA,NA,NA,NA,NA,NA,NA,NA,NA,NA,NA,NA,NA,NA,NA,NA,NA,NA,NA,NA,NA,NA,1.45691575498209,102
"1750","S Sound Summer-Chum","Chum",1990,69011,14385,NA,NA,7301,55085,6625,NA,NA,NA,NA,NA,NA,NA,NA,NA,NA,NA,NA,NA,NA,NA,NA,NA,NA,NA,NA,NA,NA,NA,NA,NA,NA,1.56807991517754,102
"1751","S Sound Summer-Chum","Chum",1991,7442,12181,NA,NA,2234,4523,686,NA,NA,NA,NA,NA,NA,NA,NA,NA,NA,NA,NA,NA,NA,NA,NA,NA,NA,NA,NA,NA,NA,NA,NA,NA,NA,-0.492737730793391,102
"1752","S Sound Summer-Chum","Chum",1992,177629,27760,NA,NA,52425,121402,3802,NA,NA,NA,NA,NA,NA,NA,NA,NA,NA,NA,NA,NA,NA,NA,NA,NA,NA,NA,NA,NA,NA,NA,NA,NA,NA,1.85610096987767,102
"1753","S Sound Summer-Chum","Chum",1993,17264,33177,NA,NA,2985,10840,3439,NA,NA,NA,NA,NA,NA,NA,NA,NA,NA,NA,NA,NA,NA,NA,NA,NA,NA,NA,NA,NA,NA,NA,NA,NA,NA,-0.653233456245554,102
"1754","S Sound Summer-Chum","Chum",1994,54085,54391,NA,NA,2055,49547,2482,NA,NA,NA,NA,NA,NA,NA,NA,NA,NA,NA,NA,NA,NA,NA,NA,NA,NA,NA,NA,NA,NA,NA,NA,NA,NA,-0.00564181591627245,102
"1755","S Sound Summer-Chum","Chum",1995,50146,55179,NA,NA,34518,14964,665,NA,NA,NA,NA,NA,NA,NA,NA,NA,NA,NA,NA,NA,NA,NA,NA,NA,NA,NA,NA,NA,NA,NA,NA,NA,NA,-0.0956436956077274,102
"1756","S Sound Summer-Chum","Chum",1996,47511,114316,NA,NA,6099,37176,4236,NA,NA,NA,NA,NA,NA,NA,NA,NA,NA,NA,NA,NA,NA,NA,NA,NA,NA,NA,NA,NA,NA,NA,NA,NA,NA,-0.878005280328617,102
"1757","S Sound Summer-Chum","Chum",1997,56728,16001,NA,NA,1140,52040,3548,NA,NA,NA,NA,NA,NA,NA,NA,NA,NA,NA,NA,NA,NA,NA,NA,NA,NA,NA,NA,NA,NA,NA,NA,NA,NA,1.26561669571496,102
"1758","S Sound Summer-Chum","Chum",1998,75468,80404,NA,NA,27835,45239,2394,NA,NA,NA,NA,NA,NA,NA,NA,NA,NA,NA,NA,NA,NA,NA,NA,NA,NA,NA,NA,NA,NA,NA,NA,NA,NA,-0.063355200841783,102
"1759","S Sound Summer-Chum","Chum",1999,42079,23461,NA,NA,9758,25133,7188,NA,NA,NA,NA,NA,NA,NA,NA,NA,NA,NA,NA,NA,NA,NA,NA,NA,NA,NA,NA,NA,NA,NA,NA,NA,NA,0.584209335825696,102
"1760","S Sound Summer-Chum","Chum",2000,201832,27705,NA,NA,21543,161930,18359,NA,NA,NA,NA,NA,NA,NA,NA,NA,NA,NA,NA,NA,NA,NA,NA,NA,NA,NA,NA,NA,NA,NA,NA,NA,NA,1.98582276587325,102
"1761","S Sound Summer-Chum","Chum",2001,30102,62821,NA,NA,9080,21022,0,NA,NA,NA,NA,NA,NA,NA,NA,NA,NA,NA,NA,NA,NA,NA,NA,NA,NA,NA,NA,NA,NA,NA,NA,NA,NA,-0.735697797750925,102
"1762","S Sound Summer-Chum","Chum",2002,78678,46798,NA,NA,5612,70917,2148,NA,NA,NA,NA,NA,NA,NA,NA,NA,NA,NA,NA,NA,NA,NA,NA,NA,NA,NA,NA,NA,NA,NA,NA,NA,NA,0.519523106809644,102
"1763","S Sound Summer-Chum","Chum",2003,51969,45945,NA,NA,7880,41932,2158,NA,NA,NA,NA,NA,NA,NA,NA,NA,NA,NA,NA,NA,NA,NA,NA,NA,NA,NA,NA,NA,NA,NA,NA,NA,NA,0.123202358012065,102
"1764","S Sound Summer-Chum","Chum",2004,42582,120782,NA,NA,13632,25825,3126,NA,NA,NA,NA,NA,NA,NA,NA,NA,NA,NA,NA,NA,NA,NA,NA,NA,NA,NA,NA,NA,NA,NA,NA,NA,NA,-1.04255563900471,102
"1765","S Sound Summer-Chum","Chum",2005,29100,24701,NA,NA,4083,18758,6260,NA,NA,NA,NA,NA,NA,NA,NA,NA,NA,NA,NA,NA,NA,NA,NA,NA,NA,NA,NA,NA,NA,NA,NA,NA,NA,0.163894445533085,102
"1766","S Sound Summer-Chum","Chum",2006,41794,63345,NA,NA,3126,35824,2843,NA,NA,NA,NA,NA,NA,NA,NA,NA,NA,NA,NA,NA,NA,NA,NA,NA,NA,NA,NA,NA,NA,NA,NA,NA,NA,-0.41584318849611,102
"1767","S Sound Summer-Chum","Chum",2007,44996,52669,NA,NA,7001,31147,6848,NA,NA,NA,NA,NA,NA,NA,NA,NA,NA,NA,NA,NA,NA,NA,NA,NA,NA,NA,NA,NA,NA,NA,NA,NA,NA,-0.157453450244362,102
"1768","S Sound Summer-Chum","Chum",2008,30153,20872,NA,NA,5821,20153,4180,NA,NA,NA,NA,NA,NA,NA,NA,NA,NA,NA,NA,NA,NA,NA,NA,NA,NA,NA,NA,NA,NA,NA,NA,NA,NA,0.367875872876285,102
"1769","S Sound Summer-Chum","Chum",2009,46599,21659,NA,NA,11935,32521,2142,NA,NA,NA,NA,NA,NA,NA,NA,NA,NA,NA,NA,NA,NA,NA,NA,NA,NA,NA,NA,NA,NA,NA,NA,NA,NA,0.766158009218521,102
"1770","S Sound Summer-Chum","Chum",2010,28681,43739,NA,NA,1631,21485,5565,NA,NA,NA,NA,NA,NA,NA,NA,NA,NA,NA,NA,NA,NA,NA,NA,NA,NA,NA,NA,NA,NA,NA,NA,NA,NA,-0.422005269991683,102
"1771","S Sound Summer-Chum","Chum",2011,14928,38515,NA,NA,1690,11784,1454,NA,NA,NA,NA,NA,NA,NA,NA,NA,NA,NA,NA,NA,NA,NA,NA,NA,NA,NA,NA,NA,NA,NA,NA,NA,NA,-0.947809131699941,102
"1772","S Sound Summer-Chum","Chum",2012,28601,24521,NA,NA,15221,11828,1552,NA,NA,NA,NA,NA,NA,NA,NA,NA,NA,NA,NA,NA,NA,NA,NA,NA,NA,NA,NA,NA,NA,NA,NA,NA,NA,0.153911788978846,102
"1773","S Sound Summer-Chum","Chum",2013,37381,35441,NA,NA,6011,30844,525,NA,NA,NA,NA,NA,NA,NA,NA,NA,NA,NA,NA,NA,NA,NA,NA,NA,NA,NA,NA,NA,NA,NA,NA,NA,NA,0.0532932119004389,102
"1774","S Sound Summer-Chum","Chum",2014,20139,20593,NA,NA,6402,13654,83,NA,NA,NA,NA,NA,NA,NA,NA,NA,NA,NA,NA,NA,NA,NA,NA,NA,NA,NA,NA,NA,NA,NA,NA,NA,NA,-0.0222929785984868,102
"1775","S Sound Summer-Chum","Chum",2015,21360,32521,NA,NA,11816,8021,1523,NA,NA,NA,NA,NA,NA,NA,NA,NA,NA,NA,NA,NA,NA,NA,NA,NA,NA,NA,NA,NA,NA,NA,NA,NA,NA,-0.420366020422338,102
"1776","S Sound Summer-Chum","Chum",2016,23326,19068,NA,NA,8104,13605,1618,NA,NA,NA,NA,NA,NA,NA,NA,NA,NA,NA,NA,NA,NA,NA,NA,NA,NA,NA,NA,NA,NA,NA,NA,NA,NA,0.201557080926279,102
"1777","S Sound Fall-Chum","Chum",1968,327937,46975,NA,NA,77278,239838,10821,NA,NA,NA,NA,NA,NA,NA,NA,NA,NA,NA,NA,NA,NA,NA,NA,NA,NA,NA,NA,NA,NA,NA,NA,NA,NA,1.94320597146547,103
"1778","S Sound Fall-Chum","Chum",1969,151089,35602,NA,NA,35500,109917,5671,NA,NA,NA,NA,NA,NA,NA,NA,NA,NA,NA,NA,NA,NA,NA,NA,NA,NA,NA,NA,NA,NA,NA,NA,NA,NA,1.44546725110289,103
"1779","S Sound Fall-Chum","Chum",1970,177181,41655,NA,NA,69102,107058,1021,NA,NA,NA,NA,NA,NA,NA,NA,NA,NA,NA,NA,NA,NA,NA,NA,NA,NA,NA,NA,NA,NA,NA,NA,NA,NA,1.44775039951896,103
"1780","S Sound Fall-Chum","Chum",1971,101659,43698,NA,NA,59114,42049,496,NA,NA,NA,NA,NA,NA,NA,NA,NA,NA,NA,NA,NA,NA,NA,NA,NA,NA,NA,NA,NA,NA,NA,NA,NA,NA,0.844321740795939,103
"1781","S Sound Fall-Chum","Chum",1972,101964,65211,NA,NA,17000,83024,1940,NA,NA,NA,NA,NA,NA,NA,NA,NA,NA,NA,NA,NA,NA,NA,NA,NA,NA,NA,NA,NA,NA,NA,NA,NA,NA,0.446991643450567,103
"1782","S Sound Fall-Chum","Chum",1973,293525,55301,NA,NA,164313,127418,1793,NA,NA,NA,NA,NA,NA,NA,NA,NA,NA,NA,NA,NA,NA,NA,NA,NA,NA,NA,NA,NA,NA,NA,NA,NA,NA,1.66917182296885,103
"1783","S Sound Fall-Chum","Chum",1974,296197,99537,NA,NA,86024,208567,1607,NA,NA,NA,NA,NA,NA,NA,NA,NA,NA,NA,NA,NA,NA,NA,NA,NA,NA,NA,NA,NA,NA,NA,NA,NA,NA,1.09049533915222,103
"1784","S Sound Fall-Chum","Chum",1975,100748,31104,NA,NA,88447,11438,864,NA,NA,NA,NA,NA,NA,NA,NA,NA,NA,NA,NA,NA,NA,NA,NA,NA,NA,NA,NA,NA,NA,NA,NA,NA,NA,1.1752859212351,103
"1785","S Sound Fall-Chum","Chum",1976,62192,53313,NA,NA,13607,47504,1081,NA,NA,NA,NA,NA,NA,NA,NA,NA,NA,NA,NA,NA,NA,NA,NA,NA,NA,NA,NA,NA,NA,NA,NA,NA,NA,0.154046170238408,103
"1786","S Sound Fall-Chum","Chum",1977,379120,54084,NA,NA,239824,134345,4950,NA,NA,NA,NA,NA,NA,NA,NA,NA,NA,NA,NA,NA,NA,NA,NA,NA,NA,NA,NA,NA,NA,NA,NA,NA,NA,1.94731438416282,103
"1787","S Sound Fall-Chum","Chum",1978,107106,105465,NA,NA,18839,79602,8665,NA,NA,NA,NA,NA,NA,NA,NA,NA,NA,NA,NA,NA,NA,NA,NA,NA,NA,NA,NA,NA,NA,NA,NA,NA,NA,0.0154398539742358,103
"1788","S Sound Fall-Chum","Chum",1979,233700,18750,NA,NA,113463,114291,5946,NA,NA,NA,NA,NA,NA,NA,NA,NA,NA,NA,NA,NA,NA,NA,NA,NA,NA,NA,NA,NA,NA,NA,NA,NA,NA,2.52284448912839,103
"1789","S Sound Fall-Chum","Chum",1980,102442,85454,NA,NA,14304,84392,3746,NA,NA,NA,NA,NA,NA,NA,NA,NA,NA,NA,NA,NA,NA,NA,NA,NA,NA,NA,NA,NA,NA,NA,NA,NA,NA,0.181318565297741,103
"1790","S Sound Fall-Chum","Chum",1981,313764,43268,NA,NA,138367,165588,9809,NA,NA,NA,NA,NA,NA,NA,NA,NA,NA,NA,NA,NA,NA,NA,NA,NA,NA,NA,NA,NA,NA,NA,NA,NA,NA,1.98122777919638,103
"1791","S Sound Fall-Chum","Chum",1982,212998,31149,NA,NA,80172,121386,11440,NA,NA,NA,NA,NA,NA,NA,NA,NA,NA,NA,NA,NA,NA,NA,NA,NA,NA,NA,NA,NA,NA,NA,NA,NA,NA,1.92250063400455,103
"1792","S Sound Fall-Chum","Chum",1983,237140,36686,NA,NA,43965,179339,13836,NA,NA,NA,NA,NA,NA,NA,NA,NA,NA,NA,NA,NA,NA,NA,NA,NA,NA,NA,NA,NA,NA,NA,NA,NA,NA,1.86625547313777,103
"1793","S Sound Fall-Chum","Chum",1984,452560,73317,NA,NA,145692,294672,12196,NA,NA,NA,NA,NA,NA,NA,NA,NA,NA,NA,NA,NA,NA,NA,NA,NA,NA,NA,NA,NA,NA,NA,NA,NA,NA,1.82012784543078,103
"1794","S Sound Fall-Chum","Chum",1985,176062,99351,NA,NA,65067,95916,15080,NA,NA,NA,NA,NA,NA,NA,NA,NA,NA,NA,NA,NA,NA,NA,NA,NA,NA,NA,NA,NA,NA,NA,NA,NA,NA,0.572177171359521,103
"1795","S Sound Fall-Chum","Chum",1986,325908,89809,NA,NA,42612,259483,23812,NA,NA,NA,NA,NA,NA,NA,NA,NA,NA,NA,NA,NA,NA,NA,NA,NA,NA,NA,NA,NA,NA,NA,NA,NA,NA,1.28892993994607,103
"1796","S Sound Fall-Chum","Chum",1987,144861,153538,NA,NA,9958,117487,17415,NA,NA,NA,NA,NA,NA,NA,NA,NA,NA,NA,NA,NA,NA,NA,NA,NA,NA,NA,NA,NA,NA,NA,NA,NA,NA,-0.0581734314330785,103
"1797","S Sound Fall-Chum","Chum",1988,520249,93893,NA,NA,83117,384438,52694,NA,NA,NA,NA,NA,NA,NA,NA,NA,NA,NA,NA,NA,NA,NA,NA,NA,NA,NA,NA,NA,NA,NA,NA,NA,NA,1.7121517070745,103
"1798","S Sound Fall-Chum","Chum",1989,158981,47908,NA,NA,33089,111806,14087,NA,NA,NA,NA,NA,NA,NA,NA,NA,NA,NA,NA,NA,NA,NA,NA,NA,NA,NA,NA,NA,NA,NA,NA,NA,NA,1.19950219313931,103
"1799","S Sound Fall-Chum","Chum",1990,529139,106807,NA,NA,172944,327750,28445,NA,NA,NA,NA,NA,NA,NA,NA,NA,NA,NA,NA,NA,NA,NA,NA,NA,NA,NA,NA,NA,NA,NA,NA,NA,NA,1.60022768981794,103
"1800","S Sound Fall-Chum","Chum",1991,193974,82943,NA,NA,127719,63323,2932,NA,NA,NA,NA,NA,NA,NA,NA,NA,NA,NA,NA,NA,NA,NA,NA,NA,NA,NA,NA,NA,NA,NA,NA,NA,NA,0.84957050457329,103
"1801","S Sound Fall-Chum","Chum",1992,735924,138805,NA,NA,247197,469115,19612,NA,NA,NA,NA,NA,NA,NA,NA,NA,NA,NA,NA,NA,NA,NA,NA,NA,NA,NA,NA,NA,NA,NA,NA,NA,NA,1.6680567820489,103
"1802","S Sound Fall-Chum","Chum",1993,133065,133691,NA,NA,71540,53363,8162,NA,NA,NA,NA,NA,NA,NA,NA,NA,NA,NA,NA,NA,NA,NA,NA,NA,NA,NA,NA,NA,NA,NA,NA,NA,NA,-0.00469343631742031,103
"1803","S Sound Fall-Chum","Chum",1994,299491,237123,NA,NA,35424,256441,7626,NA,NA,NA,NA,NA,NA,NA,NA,NA,NA,NA,NA,NA,NA,NA,NA,NA,NA,NA,NA,NA,NA,NA,NA,NA,NA,0.233505373170968,103
"1804","S Sound Fall-Chum","Chum",1995,457066,200592,NA,NA,317328,137516,2222,NA,NA,NA,NA,NA,NA,NA,NA,NA,NA,NA,NA,NA,NA,NA,NA,NA,NA,NA,NA,NA,NA,NA,NA,NA,NA,0.823554806224243,103
"1805","S Sound Fall-Chum","Chum",1996,263613,329074,NA,NA,71771,176590,15252,NA,NA,NA,NA,NA,NA,NA,NA,NA,NA,NA,NA,NA,NA,NA,NA,NA,NA,NA,NA,NA,NA,NA,NA,NA,NA,-0.221800530926422,103
"1806","S Sound Fall-Chum","Chum",1997,395768,69872,NA,NA,41769,324492,29507,NA,NA,NA,NA,NA,NA,NA,NA,NA,NA,NA,NA,NA,NA,NA,NA,NA,NA,NA,NA,NA,NA,NA,NA,NA,NA,1.73416318424322,103
"1807","S Sound Fall-Chum","Chum",1998,951198,367456,NA,NA,485950,452801,12446,NA,NA,NA,NA,NA,NA,NA,NA,NA,NA,NA,NA,NA,NA,NA,NA,NA,NA,NA,NA,NA,NA,NA,NA,NA,NA,0.95111865917335,103
"1808","S Sound Fall-Chum","Chum",1999,805863,149638,NA,NA,288875,465646,51343,NA,NA,NA,NA,NA,NA,NA,NA,NA,NA,NA,NA,NA,NA,NA,NA,NA,NA,NA,NA,NA,NA,NA,NA,NA,NA,1.6836947088928,103
"1809","S Sound Fall-Chum","Chum",2000,837397,95136,NA,NA,107322,681900,48175,NA,NA,NA,NA,NA,NA,NA,NA,NA,NA,NA,NA,NA,NA,NA,NA,NA,NA,NA,NA,NA,NA,NA,NA,NA,NA,2.17499082424562,103
"1810","S Sound Fall-Chum","Chum",2001,370716,274278,NA,NA,137434,218597,14684,NA,NA,NA,NA,NA,NA,NA,NA,NA,NA,NA,NA,NA,NA,NA,NA,NA,NA,NA,NA,NA,NA,NA,NA,NA,NA,0.301294080240442,103
"1811","S Sound Fall-Chum","Chum",2002,430803,262335,NA,NA,108881,308702,13220,NA,NA,NA,NA,NA,NA,NA,NA,NA,NA,NA,NA,NA,NA,NA,NA,NA,NA,NA,NA,NA,NA,NA,NA,NA,NA,0.496028596077023,103
"1812","S Sound Fall-Chum","Chum",2003,1113891,262203,NA,NA,449537,647794,16560,NA,NA,NA,NA,NA,NA,NA,NA,NA,NA,NA,NA,NA,NA,NA,NA,NA,NA,NA,NA,NA,NA,NA,NA,NA,NA,1.44649555718686,103
"1813","S Sound Fall-Chum","Chum",2004,469919,311832,NA,NA,241882,218960,9076,NA,NA,NA,NA,NA,NA,NA,NA,NA,NA,NA,NA,NA,NA,NA,NA,NA,NA,NA,NA,NA,NA,NA,NA,NA,NA,0.41009575817771,103
"1814","S Sound Fall-Chum","Chum",2005,324302,131369,NA,NA,127328,186408,10567,NA,NA,NA,NA,NA,NA,NA,NA,NA,NA,NA,NA,NA,NA,NA,NA,NA,NA,NA,NA,NA,NA,NA,NA,NA,NA,0.903665023059008,103
"1815","S Sound Fall-Chum","Chum",2006,410386,310561,NA,NA,103256,288939,18191,NA,NA,NA,NA,NA,NA,NA,NA,NA,NA,NA,NA,NA,NA,NA,NA,NA,NA,NA,NA,NA,NA,NA,NA,NA,NA,0.278717840809055,103
"1816","S Sound Fall-Chum","Chum",2007,643504,328520,NA,NA,177902,412902,52700,NA,NA,NA,NA,NA,NA,NA,NA,NA,NA,NA,NA,NA,NA,NA,NA,NA,NA,NA,NA,NA,NA,NA,NA,NA,NA,0.672330524151087,103
"1817","S Sound Fall-Chum","Chum",2008,248581,127068,NA,NA,12709,209841,26031,NA,NA,NA,NA,NA,NA,NA,NA,NA,NA,NA,NA,NA,NA,NA,NA,NA,NA,NA,NA,NA,NA,NA,NA,NA,NA,0.671046371922743,103
"1818","S Sound Fall-Chum","Chum",2009,569175,136462,NA,NA,191875,349796,27504,NA,NA,NA,NA,NA,NA,NA,NA,NA,NA,NA,NA,NA,NA,NA,NA,NA,NA,NA,NA,NA,NA,NA,NA,NA,NA,1.42814175636867,103
"1819","S Sound Fall-Chum","Chum",2010,581957,162410,NA,NA,120937,417330,43690,NA,NA,NA,NA,NA,NA,NA,NA,NA,NA,NA,NA,NA,NA,NA,NA,NA,NA,NA,NA,NA,NA,NA,NA,NA,NA,1.27627255965392,103
"1820","S Sound Fall-Chum","Chum",2011,233288,143589,NA,NA,52507,170801,9980,NA,NA,NA,NA,NA,NA,NA,NA,NA,NA,NA,NA,NA,NA,NA,NA,NA,NA,NA,NA,NA,NA,NA,NA,NA,NA,0.485318689776338,103
"1821","S Sound Fall-Chum","Chum",2012,381450,150384,NA,NA,187408,184771,9271,NA,NA,NA,NA,NA,NA,NA,NA,NA,NA,NA,NA,NA,NA,NA,NA,NA,NA,NA,NA,NA,NA,NA,NA,NA,NA,0.930787757658293,103
"1822","S Sound Fall-Chum","Chum",2013,349797,156817,NA,NA,105623,240824,3351,NA,NA,NA,NA,NA,NA,NA,NA,NA,NA,NA,NA,NA,NA,NA,NA,NA,NA,NA,NA,NA,NA,NA,NA,NA,NA,0.802273465811586,103
"1823","S Sound Fall-Chum","Chum",2014,321391,172625,NA,NA,207493,113338,560,NA,NA,NA,NA,NA,NA,NA,NA,NA,NA,NA,NA,NA,NA,NA,NA,NA,NA,NA,NA,NA,NA,NA,NA,NA,NA,0.621536838692769,103
"1824","S Sound Fall-Chum","Chum",2015,301165,135244,NA,NA,239094,59379,2692,NA,NA,NA,NA,NA,NA,NA,NA,NA,NA,NA,NA,NA,NA,NA,NA,NA,NA,NA,NA,NA,NA,NA,NA,NA,NA,0.800577732864046,103
"1825","S Sound Fall-Chum","Chum",2016,161474,136253,NA,NA,50556,108576,2342,NA,NA,NA,NA,NA,NA,NA,NA,NA,NA,NA,NA,NA,NA,NA,NA,NA,NA,NA,NA,NA,NA,NA,NA,NA,NA,0.169830687340664,103
"1826","S Sound Winter-Chum","Chum",1968,70080,27553,NA,NA,15542,51411,3128,NA,NA,NA,NA,NA,NA,NA,NA,NA,NA,NA,NA,NA,NA,NA,NA,NA,NA,NA,NA,NA,NA,NA,NA,NA,NA,0.933526024035656,104
"1827","S Sound Winter-Chum","Chum",1969,41947,20292,NA,NA,7610,31769,2568,NA,NA,NA,NA,NA,NA,NA,NA,NA,NA,NA,NA,NA,NA,NA,NA,NA,NA,NA,NA,NA,NA,NA,NA,NA,NA,0.726180196944751,104
"1828","S Sound Winter-Chum","Chum",1970,65156,34068,NA,NA,19972,45184,0,NA,NA,NA,NA,NA,NA,NA,NA,NA,NA,NA,NA,NA,NA,NA,NA,NA,NA,NA,NA,NA,NA,NA,NA,NA,NA,0.648425867216524,104
"1829","S Sound Winter-Chum","Chum",1971,18352,9937,NA,NA,13390,4962,0,NA,NA,NA,NA,NA,NA,NA,NA,NA,NA,NA,NA,NA,NA,NA,NA,NA,NA,NA,NA,NA,NA,NA,NA,NA,NA,0.613473396137789,104
"1830","S Sound Winter-Chum","Chum",1972,30412,34388,NA,NA,9762,20169,481,NA,NA,NA,NA,NA,NA,NA,NA,NA,NA,NA,NA,NA,NA,NA,NA,NA,NA,NA,NA,NA,NA,NA,NA,NA,NA,-0.122870398946007,104
"1831","S Sound Winter-Chum","Chum",1973,66739,29825,NA,NA,34048,31582,1108,NA,NA,NA,NA,NA,NA,NA,NA,NA,NA,NA,NA,NA,NA,NA,NA,NA,NA,NA,NA,NA,NA,NA,NA,NA,NA,0.805442521708864,104
"1832","S Sound Winter-Chum","Chum",1974,45413,34676,NA,NA,21322,23773,318,NA,NA,NA,NA,NA,NA,NA,NA,NA,NA,NA,NA,NA,NA,NA,NA,NA,NA,NA,NA,NA,NA,NA,NA,NA,NA,0.269750602664735,104
"1833","S Sound Winter-Chum","Chum",1975,47754,9936,NA,NA,30533,17075,146,NA,NA,NA,NA,NA,NA,NA,NA,NA,NA,NA,NA,NA,NA,NA,NA,NA,NA,NA,NA,NA,NA,NA,NA,NA,NA,1.56989830786064,104
"1834","S Sound Winter-Chum","Chum",1976,25340,23311,NA,NA,11547,13069,723,NA,NA,NA,NA,NA,NA,NA,NA,NA,NA,NA,NA,NA,NA,NA,NA,NA,NA,NA,NA,NA,NA,NA,NA,NA,NA,0.0834588227226077,104
"1835","S Sound Winter-Chum","Chum",1977,100120,23590,NA,NA,59795,37921,2403,NA,NA,NA,NA,NA,NA,NA,NA,NA,NA,NA,NA,NA,NA,NA,NA,NA,NA,NA,NA,NA,NA,NA,NA,NA,NA,1.44554657314399,104
"1836","S Sound Winter-Chum","Chum",1978,37188,29608,NA,NA,12968,23163,1057,NA,NA,NA,NA,NA,NA,NA,NA,NA,NA,NA,NA,NA,NA,NA,NA,NA,NA,NA,NA,NA,NA,NA,NA,NA,NA,0.227941533509757,104
"1837","S Sound Winter-Chum","Chum",1979,41419,22613,NA,NA,25567,14822,1030,NA,NA,NA,NA,NA,NA,NA,NA,NA,NA,NA,NA,NA,NA,NA,NA,NA,NA,NA,NA,NA,NA,NA,NA,NA,NA,0.605214750609013,104
"1838","S Sound Winter-Chum","Chum",1980,58843,41015,NA,NA,11930,44306,2607,NA,NA,NA,NA,NA,NA,NA,NA,NA,NA,NA,NA,NA,NA,NA,NA,NA,NA,NA,NA,NA,NA,NA,NA,NA,NA,0.360935026702793,104
"1839","S Sound Winter-Chum","Chum",1981,56758,31326,NA,NA,18997,36161,1600,NA,NA,NA,NA,NA,NA,NA,NA,NA,NA,NA,NA,NA,NA,NA,NA,NA,NA,NA,NA,NA,NA,NA,NA,NA,NA,0.594348191932819,104
"1840","S Sound Winter-Chum","Chum",1982,38729,30573,NA,NA,16694,20349,1685,NA,NA,NA,NA,NA,NA,NA,NA,NA,NA,NA,NA,NA,NA,NA,NA,NA,NA,NA,NA,NA,NA,NA,NA,NA,NA,0.236471406900709,104
"1841","S Sound Winter-Chum","Chum",1983,104537,14013,NA,NA,22527,77393,4617,NA,NA,NA,NA,NA,NA,NA,NA,NA,NA,NA,NA,NA,NA,NA,NA,NA,NA,NA,NA,NA,NA,NA,NA,NA,NA,2.00955560553551,104
"1842","S Sound Winter-Chum","Chum",1984,130567,33726,NA,NA,50558,77175,2833,NA,NA,NA,NA,NA,NA,NA,NA,NA,NA,NA,NA,NA,NA,NA,NA,NA,NA,NA,NA,NA,NA,NA,NA,NA,NA,1.35361745172664,104
"1843","S Sound Winter-Chum","Chum",1985,62715,26068,NA,NA,12344,48019,2352,NA,NA,NA,NA,NA,NA,NA,NA,NA,NA,NA,NA,NA,NA,NA,NA,NA,NA,NA,NA,NA,NA,NA,NA,NA,NA,0.877892145006504,104
"1844","S Sound Winter-Chum","Chum",1986,77581,21826,NA,NA,20043,52520,5017,NA,NA,NA,NA,NA,NA,NA,NA,NA,NA,NA,NA,NA,NA,NA,NA,NA,NA,NA,NA,NA,NA,NA,NA,NA,NA,1.26822063215793,104
"1845","S Sound Winter-Chum","Chum",1987,30066,73990,NA,NA,5246,23336,1484,NA,NA,NA,NA,NA,NA,NA,NA,NA,NA,NA,NA,NA,NA,NA,NA,NA,NA,NA,NA,NA,NA,NA,NA,NA,NA,-0.900534983731817,104
"1846","S Sound Winter-Chum","Chum",1988,38799,42681,NA,NA,10540,24398,3860,NA,NA,NA,NA,NA,NA,NA,NA,NA,NA,NA,NA,NA,NA,NA,NA,NA,NA,NA,NA,NA,NA,NA,NA,NA,NA,-0.0953593832359227,104
"1847","S Sound Winter-Chum","Chum",1989,16530,28185,NA,NA,1080,12344,3106,NA,NA,NA,NA,NA,NA,NA,NA,NA,NA,NA,NA,NA,NA,NA,NA,NA,NA,NA,NA,NA,NA,NA,NA,NA,NA,-0.533613009700605,104
"1848","S Sound Winter-Chum","Chum",1990,127482,15990,NA,NA,28684,94330,4468,NA,NA,NA,NA,NA,NA,NA,NA,NA,NA,NA,NA,NA,NA,NA,NA,NA,NA,NA,NA,NA,NA,NA,NA,NA,NA,2.07601165131569,104
"1849","S Sound Winter-Chum","Chum",1991,27465,30727,NA,NA,17601,9650,214,NA,NA,NA,NA,NA,NA,NA,NA,NA,NA,NA,NA,NA,NA,NA,NA,NA,NA,NA,NA,NA,NA,NA,NA,NA,NA,-0.11222928011103,104
"1850","S Sound Winter-Chum","Chum",1992,42656,8093,NA,NA,27483,15007,167,NA,NA,NA,NA,NA,NA,NA,NA,NA,NA,NA,NA,NA,NA,NA,NA,NA,NA,NA,NA,NA,NA,NA,NA,NA,NA,1.66216845348273,104
"1851","S Sound Winter-Chum","Chum",1993,6420,22854,NA,NA,2201,3610,609,NA,NA,NA,NA,NA,NA,NA,NA,NA,NA,NA,NA,NA,NA,NA,NA,NA,NA,NA,NA,NA,NA,NA,NA,NA,NA,-1.26970803902265,104
"1852","S Sound Winter-Chum","Chum",1994,67391,86797,NA,NA,6803,59640,949,NA,NA,NA,NA,NA,NA,NA,NA,NA,NA,NA,NA,NA,NA,NA,NA,NA,NA,NA,NA,NA,NA,NA,NA,NA,NA,-0.253060581012123,104
"1853","S Sound Winter-Chum","Chum",1995,14033,22606,NA,NA,9970,4047,16,NA,NA,NA,NA,NA,NA,NA,NA,NA,NA,NA,NA,NA,NA,NA,NA,NA,NA,NA,NA,NA,NA,NA,NA,NA,NA,-0.476803658999541,104
"1854","S Sound Winter-Chum","Chum",1996,16174,16999,NA,NA,10258,5335,580,NA,NA,NA,NA,NA,NA,NA,NA,NA,NA,NA,NA,NA,NA,NA,NA,NA,NA,NA,NA,NA,NA,NA,NA,NA,NA,-0.0497495041230022,104
"1855","S Sound Winter-Chum","Chum",1997,12420,7371,NA,NA,1107,9284,2029,NA,NA,NA,NA,NA,NA,NA,NA,NA,NA,NA,NA,NA,NA,NA,NA,NA,NA,NA,NA,NA,NA,NA,NA,NA,NA,0.521754694298181,104
"1856","S Sound Winter-Chum","Chum",1998,347441,71152,NA,NA,111756,230726,4959,NA,NA,NA,NA,NA,NA,NA,NA,NA,NA,NA,NA,NA,NA,NA,NA,NA,NA,NA,NA,NA,NA,NA,NA,NA,NA,1.58577643264888,104
"1857","S Sound Winter-Chum","Chum",1999,37820,12770,NA,NA,14300,22275,1246,NA,NA,NA,NA,NA,NA,NA,NA,NA,NA,NA,NA,NA,NA,NA,NA,NA,NA,NA,NA,NA,NA,NA,NA,NA,NA,1.08573939318586,104
"1858","S Sound Winter-Chum","Chum",2000,48484,3828,NA,NA,8678,36814,2992,NA,NA,NA,NA,NA,NA,NA,NA,NA,NA,NA,NA,NA,NA,NA,NA,NA,NA,NA,NA,NA,NA,NA,NA,NA,NA,2.53889137301756,104
"1859","S Sound Winter-Chum","Chum",2001,119716,105477,NA,NA,50792,63845,5079,NA,NA,NA,NA,NA,NA,NA,NA,NA,NA,NA,NA,NA,NA,NA,NA,NA,NA,NA,NA,NA,NA,NA,NA,NA,NA,0.126629351463384,104
"1860","S Sound Winter-Chum","Chum",2002,34455,203571,NA,NA,2126,30105,2225,NA,NA,NA,NA,NA,NA,NA,NA,NA,NA,NA,NA,NA,NA,NA,NA,NA,NA,NA,NA,NA,NA,NA,NA,NA,NA,-1.77636071357289,104
"1861","S Sound Winter-Chum","Chum",2003,63438,31654,NA,NA,26983,35435,1020,NA,NA,NA,NA,NA,NA,NA,NA,NA,NA,NA,NA,NA,NA,NA,NA,NA,NA,NA,NA,NA,NA,NA,NA,NA,NA,0.695198528067353,104
"1862","S Sound Winter-Chum","Chum",2004,77639,55528,NA,NA,45604,31433,602,NA,NA,NA,NA,NA,NA,NA,NA,NA,NA,NA,NA,NA,NA,NA,NA,NA,NA,NA,NA,NA,NA,NA,NA,NA,NA,0.335182480221795,104
"1863","S Sound Winter-Chum","Chum",2005,69644,38814,NA,NA,39411,28387,1845,NA,NA,NA,NA,NA,NA,NA,NA,NA,NA,NA,NA,NA,NA,NA,NA,NA,NA,NA,NA,NA,NA,NA,NA,NA,NA,0.584615545214449,104
"1864","S Sound Winter-Chum","Chum",2006,35768,45898,NA,NA,2809,31486,1474,NA,NA,NA,NA,NA,NA,NA,NA,NA,NA,NA,NA,NA,NA,NA,NA,NA,NA,NA,NA,NA,NA,NA,NA,NA,NA,-0.249367904200741,104
"1865","S Sound Winter-Chum","Chum",2007,139066,51923,NA,NA,45015,90788,3263,NA,NA,NA,NA,NA,NA,NA,NA,NA,NA,NA,NA,NA,NA,NA,NA,NA,NA,NA,NA,NA,NA,NA,NA,NA,NA,0.985186788654749,104
"1866","S Sound Winter-Chum","Chum",2008,11594,27529,NA,NA,2128,9025,440,NA,NA,NA,NA,NA,NA,NA,NA,NA,NA,NA,NA,NA,NA,NA,NA,NA,NA,NA,NA,NA,NA,NA,NA,NA,NA,-0.864752271567071,104
"1867","S Sound Winter-Chum","Chum",2009,24556,11598,NA,NA,11178,13197,182,NA,NA,NA,NA,NA,NA,NA,NA,NA,NA,NA,NA,NA,NA,NA,NA,NA,NA,NA,NA,NA,NA,NA,NA,NA,NA,0.750123554111001,104
"1868","S Sound Winter-Chum","Chum",2010,72716,55231,NA,NA,17995,51436,3285,NA,NA,NA,NA,NA,NA,NA,NA,NA,NA,NA,NA,NA,NA,NA,NA,NA,NA,NA,NA,NA,NA,NA,NA,NA,NA,0.275037053004876,104
"1869","S Sound Winter-Chum","Chum",2011,17158,47322,NA,NA,2549,14416,193,NA,NA,NA,NA,NA,NA,NA,NA,NA,NA,NA,NA,NA,NA,NA,NA,NA,NA,NA,NA,NA,NA,NA,NA,NA,NA,-1.01451076649314,104
"1870","S Sound Winter-Chum","Chum",2012,15429,15125,NA,NA,8820,5783,826,NA,NA,NA,NA,NA,NA,NA,NA,NA,NA,NA,NA,NA,NA,NA,NA,NA,NA,NA,NA,NA,NA,NA,NA,NA,NA,0.0198998515439837,104
"1871","S Sound Winter-Chum","Chum",2013,12240,15974,NA,NA,8385,3815,40,NA,NA,NA,NA,NA,NA,NA,NA,NA,NA,NA,NA,NA,NA,NA,NA,NA,NA,NA,NA,NA,NA,NA,NA,NA,NA,-0.266253123411017,104
"1872","S Sound Winter-Chum","Chum",2014,72233,38659,NA,NA,57186,15047,0,NA,NA,NA,NA,NA,NA,NA,NA,NA,NA,NA,NA,NA,NA,NA,NA,NA,NA,NA,NA,NA,NA,NA,NA,NA,NA,0.625117398271962,104
"1873","S Sound Winter-Chum","Chum",2015,21550,20029,NA,NA,20695,856,0,NA,NA,NA,NA,NA,NA,NA,NA,NA,NA,NA,NA,NA,NA,NA,NA,NA,NA,NA,NA,NA,NA,NA,NA,NA,NA,0.0731945932306613,104
"1874","S Sound Winter-Chum","Chum",2016,4662,14247,NA,NA,1606,3055,0,NA,NA,NA,NA,NA,NA,NA,NA,NA,NA,NA,NA,NA,NA,NA,NA,NA,NA,NA,NA,NA,NA,NA,NA,NA,NA,-1.11710181762153,104
"1875","Hood Canal-Chum","Chum",1968,111005,47801,NA,NA,28131,78318,4556,NA,NA,NA,NA,NA,NA,NA,NA,NA,NA,NA,NA,NA,NA,NA,NA,NA,NA,NA,NA,NA,NA,NA,NA,NA,NA,0.84252868556221,105
"1876","Hood Canal-Chum","Chum",1969,53940,30070,NA,NA,16643,34512,2786,NA,NA,NA,NA,NA,NA,NA,NA,NA,NA,NA,NA,NA,NA,NA,NA,NA,NA,NA,NA,NA,NA,NA,NA,NA,NA,0.584344320711146,105
"1877","Hood Canal-Chum","Chum",1970,89814,41699,NA,NA,23341,65925,548,NA,NA,NA,NA,NA,NA,NA,NA,NA,NA,NA,NA,NA,NA,NA,NA,NA,NA,NA,NA,NA,NA,NA,NA,NA,NA,0.76726371745929,105
"1878","Hood Canal-Chum","Chum",1971,54908,41138,NA,NA,24142,16971,13796,NA,NA,NA,NA,NA,NA,NA,NA,NA,NA,NA,NA,NA,NA,NA,NA,NA,NA,NA,NA,NA,NA,NA,NA,NA,NA,0.288726788833442,105
"1879","Hood Canal-Chum","Chum",1972,64226,41602,NA,NA,11066,53160,0,NA,NA,NA,NA,NA,NA,NA,NA,NA,NA,NA,NA,NA,NA,NA,NA,NA,NA,NA,NA,NA,NA,NA,NA,NA,NA,0.434259870100898,105
"1880","Hood Canal-Chum","Chum",1973,124108,27870,NA,NA,49450,72584,2074,NA,NA,NA,NA,NA,NA,NA,NA,NA,NA,NA,NA,NA,NA,NA,NA,NA,NA,NA,NA,NA,NA,NA,NA,NA,NA,1.4936013127808,105
"1881","Hood Canal-Chum","Chum",1974,277257,52223,NA,NA,42331,231226,3699,NA,NA,NA,NA,NA,NA,NA,NA,NA,NA,NA,NA,NA,NA,NA,NA,NA,NA,NA,NA,NA,NA,NA,NA,NA,NA,1.6694218630089,105
"1882","Hood Canal-Chum","Chum",1975,121037,16265,NA,NA,120219,818,0,NA,NA,NA,NA,NA,NA,NA,NA,NA,NA,NA,NA,NA,NA,NA,NA,NA,NA,NA,NA,NA,NA,NA,NA,NA,NA,2.00708072405265,105
"1883","Hood Canal-Chum","Chum",1976,37184,48079,NA,NA,25533,10073,1579,NA,NA,NA,NA,NA,NA,NA,NA,NA,NA,NA,NA,NA,NA,NA,NA,NA,NA,NA,NA,NA,NA,NA,NA,NA,NA,-0.256966930112326,105
"1884","Hood Canal-Chum","Chum",1977,144087,26074,NA,NA,68778,71752,3556,NA,NA,NA,NA,NA,NA,NA,NA,NA,NA,NA,NA,NA,NA,NA,NA,NA,NA,NA,NA,NA,NA,NA,NA,NA,NA,1.70947863456688,105
"1885","Hood Canal-Chum","Chum",1978,52361,79156,NA,NA,0,47906,4455,NA,NA,NA,NA,NA,NA,NA,NA,NA,NA,NA,NA,NA,NA,NA,NA,NA,NA,NA,NA,NA,NA,NA,NA,NA,NA,-0.413258549478823,105
"1886","Hood Canal-Chum","Chum",1979,57734,14323,NA,NA,27296,30438,0,NA,NA,NA,NA,NA,NA,NA,NA,NA,NA,NA,NA,NA,NA,NA,NA,NA,NA,NA,NA,NA,NA,NA,NA,NA,NA,1.39397961793994,105
"1887","Hood Canal-Chum","Chum",1980,62694,21672,NA,NA,11266,46439,4989,NA,NA,NA,NA,NA,NA,NA,NA,NA,NA,NA,NA,NA,NA,NA,NA,NA,NA,NA,NA,NA,NA,NA,NA,NA,NA,1.06224464449723,105
"1888","Hood Canal-Chum","Chum",1981,239004,14310,NA,NA,50030,179963,9010,NA,NA,NA,NA,NA,NA,NA,NA,NA,NA,NA,NA,NA,NA,NA,NA,NA,NA,NA,NA,NA,NA,NA,NA,NA,NA,2.81552169462477,105
"1889","Hood Canal-Chum","Chum",1982,132399,12133,NA,NA,34989,85956,11454,NA,NA,NA,NA,NA,NA,NA,NA,NA,NA,NA,NA,NA,NA,NA,NA,NA,NA,NA,NA,NA,NA,NA,NA,NA,NA,2.38989107753456,105
"1890","Hood Canal-Chum","Chum",1983,246068,7120,NA,NA,64510,173490,8068,NA,NA,NA,NA,NA,NA,NA,NA,NA,NA,NA,NA,NA,NA,NA,NA,NA,NA,NA,NA,NA,NA,NA,NA,NA,NA,3.54270019507497,105
"1891","Hood Canal-Chum","Chum",1984,171830,22751,NA,NA,29422,133842,8566,NA,NA,NA,NA,NA,NA,NA,NA,NA,NA,NA,NA,NA,NA,NA,NA,NA,NA,NA,NA,NA,NA,NA,NA,NA,NA,2.02189651548378,105
"1892","Hood Canal-Chum","Chum",1985,177495,50909,NA,NA,24225,135991,17279,NA,NA,NA,NA,NA,NA,NA,NA,NA,NA,NA,NA,NA,NA,NA,NA,NA,NA,NA,NA,NA,NA,NA,NA,NA,NA,1.24890271428969,105
"1893","Hood Canal-Chum","Chum",1986,106338,29548,NA,NA,0,93232,13107,NA,NA,NA,NA,NA,NA,NA,NA,NA,NA,NA,NA,NA,NA,NA,NA,NA,NA,NA,NA,NA,NA,NA,NA,NA,NA,1.28060664063457,105
"1894","Hood Canal-Chum","Chum",1987,112422,24483,NA,NA,0,86802,25620,NA,NA,NA,NA,NA,NA,NA,NA,NA,NA,NA,NA,NA,NA,NA,NA,NA,NA,NA,NA,NA,NA,NA,NA,NA,NA,1.52428064868921,105
"1895","Hood Canal-Chum","Chum",1988,354123,30703,NA,NA,46489,263735,43899,NA,NA,NA,NA,NA,NA,NA,NA,NA,NA,NA,NA,NA,NA,NA,NA,NA,NA,NA,NA,NA,NA,NA,NA,NA,NA,2.44528394072289,105
"1896","Hood Canal-Chum","Chum",1989,305796,24872,NA,NA,2782,160765,142249,NA,NA,NA,NA,NA,NA,NA,NA,NA,NA,NA,NA,NA,NA,NA,NA,NA,NA,NA,NA,NA,NA,NA,NA,NA,NA,2.50917554020822,105
"1897","Hood Canal-Chum","Chum",1990,217330,20811,NA,NA,30856,172047,14428,NA,NA,NA,NA,NA,NA,NA,NA,NA,NA,NA,NA,NA,NA,NA,NA,NA,NA,NA,NA,NA,NA,NA,NA,NA,NA,2.34593524264634,105
"1898","Hood Canal-Chum","Chum",1991,103527,44745,NA,NA,26737,70986,5805,NA,NA,NA,NA,NA,NA,NA,NA,NA,NA,NA,NA,NA,NA,NA,NA,NA,NA,NA,NA,NA,NA,NA,NA,NA,NA,0.838852741615271,105
"1899","Hood Canal-Chum","Chum",1992,638817,96382,NA,NA,213233,406295,19289,NA,NA,NA,NA,NA,NA,NA,NA,NA,NA,NA,NA,NA,NA,NA,NA,NA,NA,NA,NA,NA,NA,NA,NA,NA,NA,1.89129856619492,105
"1900","Hood Canal-Chum","Chum",1993,173856,67770,NA,NA,72838,94153,6865,NA,NA,NA,NA,NA,NA,NA,NA,NA,NA,NA,NA,NA,NA,NA,NA,NA,NA,NA,NA,NA,NA,NA,NA,NA,NA,0.942107751221091,105
"1901","Hood Canal-Chum","Chum",1994,184097,151821,NA,NA,47041,134704,2352,NA,NA,NA,NA,NA,NA,NA,NA,NA,NA,NA,NA,NA,NA,NA,NA,NA,NA,NA,NA,NA,NA,NA,NA,NA,NA,0.192760597300285,105
"1902","Hood Canal-Chum","Chum",1995,119022,119344,NA,NA,69629,47865,1528,NA,NA,NA,NA,NA,NA,NA,NA,NA,NA,NA,NA,NA,NA,NA,NA,NA,NA,NA,NA,NA,NA,NA,NA,NA,NA,-0.00270172923878093,105
"1903","Hood Canal-Chum","Chum",1996,56070,251803,NA,NA,5034,51036,0,NA,NA,NA,NA,NA,NA,NA,NA,NA,NA,NA,NA,NA,NA,NA,NA,NA,NA,NA,NA,NA,NA,NA,NA,NA,NA,-1.50204612562132,105
"1904","Hood Canal-Chum","Chum",1997,160209,53492,NA,NA,28636,110046,21527,NA,NA,NA,NA,NA,NA,NA,NA,NA,NA,NA,NA,NA,NA,NA,NA,NA,NA,NA,NA,NA,NA,NA,NA,NA,NA,1.09694710282097,105
"1905","Hood Canal-Chum","Chum",1998,380331,101631,NA,NA,157078,221288,1964,NA,NA,NA,NA,NA,NA,NA,NA,NA,NA,NA,NA,NA,NA,NA,NA,NA,NA,NA,NA,NA,NA,NA,NA,NA,NA,1.31969331949027,105
"1906","Hood Canal-Chum","Chum",1999,431453,33924,NA,NA,98005,283838,49610,NA,NA,NA,NA,NA,NA,NA,NA,NA,NA,NA,NA,NA,NA,NA,NA,NA,NA,NA,NA,NA,NA,NA,NA,NA,NA,2.54303585372771,105
"1907","Hood Canal-Chum","Chum",2000,579571,37131,NA,NA,109698,460594,9279,NA,NA,NA,NA,NA,NA,NA,NA,NA,NA,NA,NA,NA,NA,NA,NA,NA,NA,NA,NA,NA,NA,NA,NA,NA,NA,2.74783597446221,105
"1908","Hood Canal-Chum","Chum",2001,282543,103713,NA,NA,199325,74380,8838,NA,NA,NA,NA,NA,NA,NA,NA,NA,NA,NA,NA,NA,NA,NA,NA,NA,NA,NA,NA,NA,NA,NA,NA,NA,NA,1.00220328239432,105
"1909","Hood Canal-Chum","Chum",2002,361313,173037,NA,NA,63081,280537,17695,NA,NA,NA,NA,NA,NA,NA,NA,NA,NA,NA,NA,NA,NA,NA,NA,NA,NA,NA,NA,NA,NA,NA,NA,NA,NA,0.736239174222748,105
"1910","Hood Canal-Chum","Chum",2003,261043,148512,NA,NA,31929,197528,31586,NA,NA,NA,NA,NA,NA,NA,NA,NA,NA,NA,NA,NA,NA,NA,NA,NA,NA,NA,NA,NA,NA,NA,NA,NA,NA,0.564019381651834,105
"1911","Hood Canal-Chum","Chum",2004,187988,168126,NA,NA,24518,154480,8990,NA,NA,NA,NA,NA,NA,NA,NA,NA,NA,NA,NA,NA,NA,NA,NA,NA,NA,NA,NA,NA,NA,NA,NA,NA,NA,0.111664432711703,105
"1912","Hood Canal-Chum","Chum",2005,132744,47598,NA,NA,84103,48641,0,NA,NA,NA,NA,NA,NA,NA,NA,NA,NA,NA,NA,NA,NA,NA,NA,NA,NA,NA,NA,NA,NA,NA,NA,NA,NA,1.02563171781257,105
"1913","Hood Canal-Chum","Chum",2006,66044,97103,NA,NA,16567,43754,5724,NA,NA,NA,NA,NA,NA,NA,NA,NA,NA,NA,NA,NA,NA,NA,NA,NA,NA,NA,NA,NA,NA,NA,NA,NA,NA,-0.385451084233944,105
"1914","Hood Canal-Chum","Chum",2007,300009,78218,NA,NA,55794,191858,52357,NA,NA,NA,NA,NA,NA,NA,NA,NA,NA,NA,NA,NA,NA,NA,NA,NA,NA,NA,NA,NA,NA,NA,NA,NA,NA,1.34431267411394,105
"1915","Hood Canal-Chum","Chum",2008,67697,38425,NA,NA,0,57995,9702,NA,NA,NA,NA,NA,NA,NA,NA,NA,NA,NA,NA,NA,NA,NA,NA,NA,NA,NA,NA,NA,NA,NA,NA,NA,NA,0.56633357636548,105
"1916","Hood Canal-Chum","Chum",2009,403617,13961,NA,NA,94827,278138,30652,NA,NA,NA,NA,NA,NA,NA,NA,NA,NA,NA,NA,NA,NA,NA,NA,NA,NA,NA,NA,NA,NA,NA,NA,NA,NA,3.36419868049768,105
"1917","Hood Canal-Chum","Chum",2010,264105,17223,NA,NA,0,213052,51053,NA,NA,NA,NA,NA,NA,NA,NA,NA,NA,NA,NA,NA,NA,NA,NA,NA,NA,NA,NA,NA,NA,NA,NA,NA,NA,2.73010105149291,105
"1918","Hood Canal-Chum","Chum",2011,182882,48446,NA,NA,19407,151459,12016,NA,NA,NA,NA,NA,NA,NA,NA,NA,NA,NA,NA,NA,NA,NA,NA,NA,NA,NA,NA,NA,NA,NA,NA,NA,NA,1.32839136053064,105
"1919","Hood Canal-Chum","Chum",2012,129478,38102,NA,NA,59949,67089,2440,NA,NA,NA,NA,NA,NA,NA,NA,NA,NA,NA,NA,NA,NA,NA,NA,NA,NA,NA,NA,NA,NA,NA,NA,NA,NA,1.22324420834451,105
"1920","Hood Canal-Chum","Chum",2013,285947,61190,NA,NA,108590,173328,4029,NA,NA,NA,NA,NA,NA,NA,NA,NA,NA,NA,NA,NA,NA,NA,NA,NA,NA,NA,NA,NA,NA,NA,NA,NA,NA,1.5418227014872,105
"1921","Hood Canal-Chum","Chum",2014,49464,49675,NA,NA,49464,0,0,NA,NA,NA,NA,NA,NA,NA,NA,NA,NA,NA,NA,NA,NA,NA,NA,NA,NA,NA,NA,NA,NA,NA,NA,NA,NA,-0.00425665618161291,105
"1922","Hood Canal-Chum","Chum",2015,86661,63236,NA,NA,74213,11879,569,NA,NA,NA,NA,NA,NA,NA,NA,NA,NA,NA,NA,NA,NA,NA,NA,NA,NA,NA,NA,NA,NA,NA,NA,NA,NA,0.315130196360425,105
"1923","Hood Canal-Chum","Chum",2016,64417,59905,NA,NA,19364,42886,2167,NA,NA,NA,NA,NA,NA,NA,NA,NA,NA,NA,NA,NA,NA,NA,NA,NA,NA,NA,NA,NA,NA,NA,NA,NA,NA,0.072617599338414,105
"1924","Port Susan-Chum","Chum",1968,74482,39260,NA,NA,6270,62317,5896,NA,NA,NA,NA,NA,NA,NA,NA,NA,NA,NA,NA,NA,NA,NA,NA,NA,NA,NA,NA,NA,NA,NA,NA,NA,NA,0.640351296606367,106
"1925","Port Susan-Chum","Chum",1969,30367,27500,NA,NA,6743,21658,1966,NA,NA,NA,NA,NA,NA,NA,NA,NA,NA,NA,NA,NA,NA,NA,NA,NA,NA,NA,NA,NA,NA,NA,NA,NA,NA,0.0991704878134393,106
"1926","Port Susan-Chum","Chum",1970,63610,75223,NA,NA,3475,59688,447,NA,NA,NA,NA,NA,NA,NA,NA,NA,NA,NA,NA,NA,NA,NA,NA,NA,NA,NA,NA,NA,NA,NA,NA,NA,NA,-0.167686344566009,106
"1927","Port Susan-Chum","Chum",1971,22780,17790,NA,NA,16908,5693,179,NA,NA,NA,NA,NA,NA,NA,NA,NA,NA,NA,NA,NA,NA,NA,NA,NA,NA,NA,NA,NA,NA,NA,NA,NA,NA,0.247246456341292,106
"1928","Port Susan-Chum","Chum",1972,90166,32751,NA,NA,6290,82449,1428,NA,NA,NA,NA,NA,NA,NA,NA,NA,NA,NA,NA,NA,NA,NA,NA,NA,NA,NA,NA,NA,NA,NA,NA,NA,NA,1.01271891990951,106
"1929","Port Susan-Chum","Chum",1973,39740,16200,NA,NA,6901,31010,1829,NA,NA,NA,NA,NA,NA,NA,NA,NA,NA,NA,NA,NA,NA,NA,NA,NA,NA,NA,NA,NA,NA,NA,NA,NA,NA,0.897346994885332,106
"1930","Port Susan-Chum","Chum",1974,117613,56110,NA,NA,5272,110570,1771,NA,NA,NA,NA,NA,NA,NA,NA,NA,NA,NA,NA,NA,NA,NA,NA,NA,NA,NA,NA,NA,NA,NA,NA,NA,NA,0.740085523809771,106
"1931","Port Susan-Chum","Chum",1975,13142,9774,NA,NA,9509,3010,624,NA,NA,NA,NA,NA,NA,NA,NA,NA,NA,NA,NA,NA,NA,NA,NA,NA,NA,NA,NA,NA,NA,NA,NA,NA,NA,0.296087409627713,106
"1932","Port Susan-Chum","Chum",1976,59247,43325,NA,NA,3827,49612,5809,NA,NA,NA,NA,NA,NA,NA,NA,NA,NA,NA,NA,NA,NA,NA,NA,NA,NA,NA,NA,NA,NA,NA,NA,NA,NA,0.312985310220289,106
"1933","Port Susan-Chum","Chum",1977,65377,28730,NA,NA,19055,39118,7204,NA,NA,NA,NA,NA,NA,NA,NA,NA,NA,NA,NA,NA,NA,NA,NA,NA,NA,NA,NA,NA,NA,NA,NA,NA,NA,0.822228641660166,106
"1934","Port Susan-Chum","Chum",1978,263861,98504,NA,NA,16871,234511,12479,NA,NA,NA,NA,NA,NA,NA,NA,NA,NA,NA,NA,NA,NA,NA,NA,NA,NA,NA,NA,NA,NA,NA,NA,NA,NA,0.985325292846456,106
"1935","Port Susan-Chum","Chum",1979,13175,7877,NA,NA,6707,5670,798,NA,NA,NA,NA,NA,NA,NA,NA,NA,NA,NA,NA,NA,NA,NA,NA,NA,NA,NA,NA,NA,NA,NA,NA,NA,NA,0.514373973706239,106
"1936","Port Susan-Chum","Chum",1980,71045,42701,NA,NA,5089,61208,4748,NA,NA,NA,NA,NA,NA,NA,NA,NA,NA,NA,NA,NA,NA,NA,NA,NA,NA,NA,NA,NA,NA,NA,NA,NA,NA,0.509091139925938,106
"1937","Port Susan-Chum","Chum",1981,215181,21325,NA,NA,37682,163455,14044,NA,NA,NA,NA,NA,NA,NA,NA,NA,NA,NA,NA,NA,NA,NA,NA,NA,NA,NA,NA,NA,NA,NA,NA,NA,NA,2.31159944104927,106
"1938","Port Susan-Chum","Chum",1982,326011,108074,NA,NA,58102,248471,19438,NA,NA,NA,NA,NA,NA,NA,NA,NA,NA,NA,NA,NA,NA,NA,NA,NA,NA,NA,NA,NA,NA,NA,NA,NA,NA,1.10411494545153,106
"1939","Port Susan-Chum","Chum",1983,73181,9014,NA,NA,7562,55185,10434,NA,NA,NA,NA,NA,NA,NA,NA,NA,NA,NA,NA,NA,NA,NA,NA,NA,NA,NA,NA,NA,NA,NA,NA,NA,NA,2.09415690016501,106
"1940","Port Susan-Chum","Chum",1984,453414,87841,NA,NA,90107,349539,13768,NA,NA,NA,NA,NA,NA,NA,NA,NA,NA,NA,NA,NA,NA,NA,NA,NA,NA,NA,NA,NA,NA,NA,NA,NA,NA,1.64127725337723,106
"1941","Port Susan-Chum","Chum",1985,60179,125704,NA,NA,12670,40472,7037,NA,NA,NA,NA,NA,NA,NA,NA,NA,NA,NA,NA,NA,NA,NA,NA,NA,NA,NA,NA,NA,NA,NA,NA,NA,NA,-0.73660648264021,106
"1942","Port Susan-Chum","Chum",1986,252467,145866,NA,NA,21408,187791,43268,NA,NA,NA,NA,NA,NA,NA,NA,NA,NA,NA,NA,NA,NA,NA,NA,NA,NA,NA,NA,NA,NA,NA,NA,NA,NA,0.548592155059719,106
"1943","Port Susan-Chum","Chum",1987,54349,45714,NA,NA,6032,42783,5534,NA,NA,NA,NA,NA,NA,NA,NA,NA,NA,NA,NA,NA,NA,NA,NA,NA,NA,NA,NA,NA,NA,NA,NA,NA,NA,0.173021617414993,106
"1944","Port Susan-Chum","Chum",1988,180728,149010,NA,NA,10962,139122,30643,NA,NA,NA,NA,NA,NA,NA,NA,NA,NA,NA,NA,NA,NA,NA,NA,NA,NA,NA,NA,NA,NA,NA,NA,NA,NA,0.192979720767552,106
"1945","Port Susan-Chum","Chum",1989,58364,15618,NA,NA,5688,39748,12928,NA,NA,NA,NA,NA,NA,NA,NA,NA,NA,NA,NA,NA,NA,NA,NA,NA,NA,NA,NA,NA,NA,NA,NA,NA,NA,1.31827516616129,106
"1946","Port Susan-Chum","Chum",1990,329373,67811,NA,NA,27510,288832,13030,NA,NA,NA,NA,NA,NA,NA,NA,NA,NA,NA,NA,NA,NA,NA,NA,NA,NA,NA,NA,NA,NA,NA,NA,NA,NA,1.58046642349647,106
"1947","Port Susan-Chum","Chum",1991,52003,23220,NA,NA,38103,12779,1121,NA,NA,NA,NA,NA,NA,NA,NA,NA,NA,NA,NA,NA,NA,NA,NA,NA,NA,NA,NA,NA,NA,NA,NA,NA,NA,0.806287432955237,106
"1948","Port Susan-Chum","Chum",1992,212648,69250,NA,NA,57549,153960,1138,NA,NA,NA,NA,NA,NA,NA,NA,NA,NA,NA,NA,NA,NA,NA,NA,NA,NA,NA,NA,NA,NA,NA,NA,NA,NA,1.12191507146217,106
"1949","Port Susan-Chum","Chum",1993,27650,20573,NA,NA,17256,6187,4207,NA,NA,NA,NA,NA,NA,NA,NA,NA,NA,NA,NA,NA,NA,NA,NA,NA,NA,NA,NA,NA,NA,NA,NA,NA,NA,0.29564619147625,106
"1950","Port Susan-Chum","Chum",1994,151711,237889,NA,NA,6862,139169,5680,NA,NA,NA,NA,NA,NA,NA,NA,NA,NA,NA,NA,NA,NA,NA,NA,NA,NA,NA,NA,NA,NA,NA,NA,NA,NA,-0.449826783063238,106
"1951","Port Susan-Chum","Chum",1995,207773,49436,NA,NA,121992,84967,815,NA,NA,NA,NA,NA,NA,NA,NA,NA,NA,NA,NA,NA,NA,NA,NA,NA,NA,NA,NA,NA,NA,NA,NA,NA,NA,1.43576723386814,106
"1952","Port Susan-Chum","Chum",1996,56448,146771,NA,NA,23549,31546,1353,NA,NA,NA,NA,NA,NA,NA,NA,NA,NA,NA,NA,NA,NA,NA,NA,NA,NA,NA,NA,NA,NA,NA,NA,NA,NA,-0.955553688597052,106
"1953","Port Susan-Chum","Chum",1997,37694,11228,NA,NA,7333,23459,6901,NA,NA,NA,NA,NA,NA,NA,NA,NA,NA,NA,NA,NA,NA,NA,NA,NA,NA,NA,NA,NA,NA,NA,NA,NA,NA,1.2110902720948,106
"1954","Port Susan-Chum","Chum",1998,654809,234404,NA,NA,89776,546703,18330,NA,NA,NA,NA,NA,NA,NA,NA,NA,NA,NA,NA,NA,NA,NA,NA,NA,NA,NA,NA,NA,NA,NA,NA,NA,NA,1.02729746765371,106
"1955","Port Susan-Chum","Chum",1999,237159,87862,NA,NA,57507,155474,24177,NA,NA,NA,NA,NA,NA,NA,NA,NA,NA,NA,NA,NA,NA,NA,NA,NA,NA,NA,NA,NA,NA,NA,NA,NA,NA,0.992963400491704,106
"1956","Port Susan-Chum","Chum",2000,160137,34352,NA,NA,19655,137398,3084,NA,NA,NA,NA,NA,NA,NA,NA,NA,NA,NA,NA,NA,NA,NA,NA,NA,NA,NA,NA,NA,NA,NA,NA,NA,NA,1.53936945772449,106
"1957","Port Susan-Chum","Chum",2001,125719,76488,NA,NA,93466,29131,3122,NA,NA,NA,NA,NA,NA,NA,NA,NA,NA,NA,NA,NA,NA,NA,NA,NA,NA,NA,NA,NA,NA,NA,NA,NA,NA,0.496915391930686,106
"1958","Port Susan-Chum","Chum",2002,346951,370502,NA,NA,23489,321577,1886,NA,NA,NA,NA,NA,NA,NA,NA,NA,NA,NA,NA,NA,NA,NA,NA,NA,NA,NA,NA,NA,NA,NA,NA,NA,NA,-0.0656752832311374,106
"1959","Port Susan-Chum","Chum",2003,112727,162245,NA,NA,86218,24559,1950,NA,NA,NA,NA,NA,NA,NA,NA,NA,NA,NA,NA,NA,NA,NA,NA,NA,NA,NA,NA,NA,NA,NA,NA,NA,NA,-0.364138572025424,106
"1960","Port Susan-Chum","Chum",2004,86768,197287,NA,NA,43875,40898,1995,NA,NA,NA,NA,NA,NA,NA,NA,NA,NA,NA,NA,NA,NA,NA,NA,NA,NA,NA,NA,NA,NA,NA,NA,NA,NA,-0.821421631250693,106
"1961","Port Susan-Chum","Chum",2005,54332,33600,NA,NA,34506,18949,877,NA,NA,NA,NA,NA,NA,NA,NA,NA,NA,NA,NA,NA,NA,NA,NA,NA,NA,NA,NA,NA,NA,NA,NA,NA,NA,0.480587304991086,106
"1962","Port Susan-Chum","Chum",2006,28170,266104,NA,NA,4654,19871,3645,NA,NA,NA,NA,NA,NA,NA,NA,NA,NA,NA,NA,NA,NA,NA,NA,NA,NA,NA,NA,NA,NA,NA,NA,NA,NA,-2.24562962792526,106
"1963","Port Susan-Chum","Chum",2007,57005,35215,NA,NA,7773,41420,7812,NA,NA,NA,NA,NA,NA,NA,NA,NA,NA,NA,NA,NA,NA,NA,NA,NA,NA,NA,NA,NA,NA,NA,NA,NA,NA,0.481666855088309,106
"1964","Port Susan-Chum","Chum",2008,17706,35836,NA,NA,0,15023,2683,NA,NA,NA,NA,NA,NA,NA,NA,NA,NA,NA,NA,NA,NA,NA,NA,NA,NA,NA,NA,NA,NA,NA,NA,NA,NA,-0.705049409546475,106
"1965","Port Susan-Chum","Chum",2009,22266,22514,NA,NA,10416,10542,1309,NA,NA,NA,NA,NA,NA,NA,NA,NA,NA,NA,NA,NA,NA,NA,NA,NA,NA,NA,NA,NA,NA,NA,NA,NA,NA,-0.0110764866260967,106
"1966","Port Susan-Chum","Chum",2010,43593,27544,NA,NA,2875,40078,640,NA,NA,NA,NA,NA,NA,NA,NA,NA,NA,NA,NA,NA,NA,NA,NA,NA,NA,NA,NA,NA,NA,NA,NA,NA,NA,0.459111860970446,106
"1967","Port Susan-Chum","Chum",2011,6452,44474,NA,NA,654,4328,1470,NA,NA,NA,NA,NA,NA,NA,NA,NA,NA,NA,NA,NA,NA,NA,NA,NA,NA,NA,NA,NA,NA,NA,NA,NA,NA,-1.93051458849428,106
"1968","Port Susan-Chum","Chum",2012,12259,31410,NA,NA,918,9940,1402,NA,NA,NA,NA,NA,NA,NA,NA,NA,NA,NA,NA,NA,NA,NA,NA,NA,NA,NA,NA,NA,NA,NA,NA,NA,NA,-0.940865952437698,106
"1969","Port Susan-Chum","Chum",2013,7026,16123,NA,NA,2108,1726,3193,NA,NA,NA,NA,NA,NA,NA,NA,NA,NA,NA,NA,NA,NA,NA,NA,NA,NA,NA,NA,NA,NA,NA,NA,NA,NA,-0.830629270137967,106
"1970","Port Susan-Chum","Chum",2014,19275,40522,NA,NA,3181,15707,386,NA,NA,NA,NA,NA,NA,NA,NA,NA,NA,NA,NA,NA,NA,NA,NA,NA,NA,NA,NA,NA,NA,NA,NA,NA,NA,-0.743036117054566,106
"1971","Port Susan-Chum","Chum",2015,8229,5702,NA,NA,5912,2317,0,NA,NA,NA,NA,NA,NA,NA,NA,NA,NA,NA,NA,NA,NA,NA,NA,NA,NA,NA,NA,NA,NA,NA,NA,NA,NA,0.366847510133096,106
"1972","Port Susan-Chum","Chum",2016,34140,12850,NA,NA,1159,31976,1006,NA,NA,NA,NA,NA,NA,NA,NA,NA,NA,NA,NA,NA,NA,NA,NA,NA,NA,NA,NA,NA,NA,NA,NA,NA,NA,0.977125906025066,106
"1973","Skagit-Chum","Chum",1968,179283,44049,NA,NA,14202,147602,17478,NA,NA,NA,NA,NA,NA,NA,NA,NA,NA,NA,NA,NA,NA,NA,NA,NA,NA,NA,NA,NA,NA,NA,NA,NA,NA,1.40366291230483,107
"1974","Skagit-Chum","Chum",1969,84704,22393,NA,NA,15971,64209,4524,NA,NA,NA,NA,NA,NA,NA,NA,NA,NA,NA,NA,NA,NA,NA,NA,NA,NA,NA,NA,NA,NA,NA,NA,NA,NA,1.330414416022,107
"1975","Skagit-Chum","Chum",1970,148368,127588,NA,NA,10303,137357,709,NA,NA,NA,NA,NA,NA,NA,NA,NA,NA,NA,NA,NA,NA,NA,NA,NA,NA,NA,NA,NA,NA,NA,NA,NA,NA,0.150889351456732,107
"1976","Skagit-Chum","Chum",1971,48324,48827,NA,NA,38909,9014,401,NA,NA,NA,NA,NA,NA,NA,NA,NA,NA,NA,NA,NA,NA,NA,NA,NA,NA,NA,NA,NA,NA,NA,NA,NA,NA,-0.0103551068880877,107
"1977","Skagit-Chum","Chum",1972,134852,144732,NA,NA,9959,122819,2075,NA,NA,NA,NA,NA,NA,NA,NA,NA,NA,NA,NA,NA,NA,NA,NA,NA,NA,NA,NA,NA,NA,NA,NA,NA,NA,-0.0707058756193194,107
"1978","Skagit-Chum","Chum",1973,48137,83497,NA,NA,10424,37482,231,NA,NA,NA,NA,NA,NA,NA,NA,NA,NA,NA,NA,NA,NA,NA,NA,NA,NA,NA,NA,NA,NA,NA,NA,NA,NA,-0.550759590893073,107
"1979","Skagit-Chum","Chum",1974,213873,160248,NA,NA,4636,200928,8310,NA,NA,NA,NA,NA,NA,NA,NA,NA,NA,NA,NA,NA,NA,NA,NA,NA,NA,NA,NA,NA,NA,NA,NA,NA,NA,0.288659765688382,107
"1980","Skagit-Chum","Chum",1975,43009,15762,NA,NA,27515,15044,450,NA,NA,NA,NA,NA,NA,NA,NA,NA,NA,NA,NA,NA,NA,NA,NA,NA,NA,NA,NA,NA,NA,NA,NA,NA,NA,1.00380741618701,107
"1981","Skagit-Chum","Chum",1976,117787,93000,NA,NA,16068,95572,6147,NA,NA,NA,NA,NA,NA,NA,NA,NA,NA,NA,NA,NA,NA,NA,NA,NA,NA,NA,NA,NA,NA,NA,NA,NA,NA,0.236278415437997,107
"1982","Skagit-Chum","Chum",1977,77427,36000,NA,NA,16548,55403,5476,NA,NA,NA,NA,NA,NA,NA,NA,NA,NA,NA,NA,NA,NA,NA,NA,NA,NA,NA,NA,NA,NA,NA,NA,NA,NA,0.76581661851932,107
"1983","Skagit-Chum","Chum",1978,292631,132895,NA,NA,15292,257356,19984,NA,NA,NA,NA,NA,NA,NA,NA,NA,NA,NA,NA,NA,NA,NA,NA,NA,NA,NA,NA,NA,NA,NA,NA,NA,NA,0.789353086919885,107
"1984","Skagit-Chum","Chum",1979,22023,23513,NA,NA,11225,10024,774,NA,NA,NA,NA,NA,NA,NA,NA,NA,NA,NA,NA,NA,NA,NA,NA,NA,NA,NA,NA,NA,NA,NA,NA,NA,NA,-0.065466097888715,107
"1985","Skagit-Chum","Chum",1980,35363,19425,NA,NA,1915,31163,2285,NA,NA,NA,NA,NA,NA,NA,NA,NA,NA,NA,NA,NA,NA,NA,NA,NA,NA,NA,NA,NA,NA,NA,NA,NA,NA,0.599105179545843,107
"1986","Skagit-Chum","Chum",1981,95996,16939,NA,NA,19657,67072,9266,NA,NA,NA,NA,NA,NA,NA,NA,NA,NA,NA,NA,NA,NA,NA,NA,NA,NA,NA,NA,NA,NA,NA,NA,NA,NA,1.73468786832885,107
"1987","Skagit-Chum","Chum",1982,381365,142541,NA,NA,44905,308031,28430,NA,NA,NA,NA,NA,NA,NA,NA,NA,NA,NA,NA,NA,NA,NA,NA,NA,NA,NA,NA,NA,NA,NA,NA,NA,NA,0.984127244158192,107
"1988","Skagit-Chum","Chum",1983,23594,3932,NA,NA,2556,15130,5907,NA,NA,NA,NA,NA,NA,NA,NA,NA,NA,NA,NA,NA,NA,NA,NA,NA,NA,NA,NA,NA,NA,NA,NA,NA,NA,1.79184424013473,107
"1989","Skagit-Chum","Chum",1984,185672,46817,NA,NA,17448,159827,8397,NA,NA,NA,NA,NA,NA,NA,NA,NA,NA,NA,NA,NA,NA,NA,NA,NA,NA,NA,NA,NA,NA,NA,NA,NA,NA,1.37773529133248,107
"1990","Skagit-Chum","Chum",1985,25219,45190,NA,NA,3446,14573,7200,NA,NA,NA,NA,NA,NA,NA,NA,NA,NA,NA,NA,NA,NA,NA,NA,NA,NA,NA,NA,NA,NA,NA,NA,NA,NA,-0.583278144743118,107
"1991","Skagit-Chum","Chum",1986,322086,81869,NA,NA,2527,268351,51208,NA,NA,NA,NA,NA,NA,NA,NA,NA,NA,NA,NA,NA,NA,NA,NA,NA,NA,NA,NA,NA,NA,NA,NA,NA,NA,1.36969818180266,107
"1992","Skagit-Chum","Chum",1987,33928,42853,NA,NA,1385,23035,9508,NA,NA,NA,NA,NA,NA,NA,NA,NA,NA,NA,NA,NA,NA,NA,NA,NA,NA,NA,NA,NA,NA,NA,NA,NA,NA,-0.233535022089408,107
"1993","Skagit-Chum","Chum",1988,203829,119791,NA,NA,11389,172793,19647,NA,NA,NA,NA,NA,NA,NA,NA,NA,NA,NA,NA,NA,NA,NA,NA,NA,NA,NA,NA,NA,NA,NA,NA,NA,NA,0.531532849383818,107
"1994","Skagit-Chum","Chum",1989,32751,13904,NA,NA,549,16961,15241,NA,NA,NA,NA,NA,NA,NA,NA,NA,NA,NA,NA,NA,NA,NA,NA,NA,NA,NA,NA,NA,NA,NA,NA,NA,NA,0.856756927443206,107
"1995","Skagit-Chum","Chum",1990,304243,110567,NA,NA,10507,267307,26429,NA,NA,NA,NA,NA,NA,NA,NA,NA,NA,NA,NA,NA,NA,NA,NA,NA,NA,NA,NA,NA,NA,NA,NA,NA,NA,1.01220505215499,107
"1996","Skagit-Chum","Chum",1991,27208,22000,NA,NA,10845,14397,1966,NA,NA,NA,NA,NA,NA,NA,NA,NA,NA,NA,NA,NA,NA,NA,NA,NA,NA,NA,NA,NA,NA,NA,NA,NA,NA,0.212468594346578,107
"1997","Skagit-Chum","Chum",1992,144439,95940,NA,NA,28655,112451,3334,NA,NA,NA,NA,NA,NA,NA,NA,NA,NA,NA,NA,NA,NA,NA,NA,NA,NA,NA,NA,NA,NA,NA,NA,NA,NA,0.409134277021426,107
"1998","Skagit-Chum","Chum",1993,17449,16673,NA,NA,2798,10308,4344,NA,NA,NA,NA,NA,NA,NA,NA,NA,NA,NA,NA,NA,NA,NA,NA,NA,NA,NA,NA,NA,NA,NA,NA,NA,NA,0.0454916958377711,107
"1999","Skagit-Chum","Chum",1994,130375,121775,NA,NA,3312,121109,5954,NA,NA,NA,NA,NA,NA,NA,NA,NA,NA,NA,NA,NA,NA,NA,NA,NA,NA,NA,NA,NA,NA,NA,NA,NA,NA,0.0682398336283301,107
"2000","Skagit-Chum","Chum",1995,49278,38666,NA,NA,20568,28102,608,NA,NA,NA,NA,NA,NA,NA,NA,NA,NA,NA,NA,NA,NA,NA,NA,NA,NA,NA,NA,NA,NA,NA,NA,NA,NA,0.2425170730758,107
"2001","Skagit-Chum","Chum",1996,56906,74474,NA,NA,14635,39440,2830,NA,NA,NA,NA,NA,NA,NA,NA,NA,NA,NA,NA,NA,NA,NA,NA,NA,NA,NA,NA,NA,NA,NA,NA,NA,NA,-0.269049287456916,107
"2002","Skagit-Chum","Chum",1997,53817,14392,NA,NA,1418,41035,11364,NA,NA,NA,NA,NA,NA,NA,NA,NA,NA,NA,NA,NA,NA,NA,NA,NA,NA,NA,NA,NA,NA,NA,NA,NA,NA,1.31891690573683,107
"2003","Skagit-Chum","Chum",1998,432486,120850,NA,NA,52921,375608,3957,NA,NA,NA,NA,NA,NA,NA,NA,NA,NA,NA,NA,NA,NA,NA,NA,NA,NA,NA,NA,NA,NA,NA,NA,NA,NA,1.27499984875633,107
"2004","Skagit-Chum","Chum",1999,56377,34311,NA,NA,18541,27198,10638,NA,NA,NA,NA,NA,NA,NA,NA,NA,NA,NA,NA,NA,NA,NA,NA,NA,NA,NA,NA,NA,NA,NA,NA,NA,NA,0.496595271444773,107
"2005","Skagit-Chum","Chum",2000,164513,22321,NA,NA,5261,147869,11383,NA,NA,NA,NA,NA,NA,NA,NA,NA,NA,NA,NA,NA,NA,NA,NA,NA,NA,NA,NA,NA,NA,NA,NA,NA,NA,1.99746165506168,107
"2006","Skagit-Chum","Chum",2001,44931,72980,NA,NA,12056,30025,2850,NA,NA,NA,NA,NA,NA,NA,NA,NA,NA,NA,NA,NA,NA,NA,NA,NA,NA,NA,NA,NA,NA,NA,NA,NA,NA,-0.485057451329933,107
"2007","Skagit-Chum","Chum",2002,220263,209478,NA,NA,11310,201263,7690,NA,NA,NA,NA,NA,NA,NA,NA,NA,NA,NA,NA,NA,NA,NA,NA,NA,NA,NA,NA,NA,NA,NA,NA,NA,NA,0.0502035649961211,107
"2008","Skagit-Chum","Chum",2003,33463,17629,NA,NA,8857,23755,851,NA,NA,NA,NA,NA,NA,NA,NA,NA,NA,NA,NA,NA,NA,NA,NA,NA,NA,NA,NA,NA,NA,NA,NA,NA,NA,0.640895077530597,107
"2009","Skagit-Chum","Chum",2004,32088,149700,NA,NA,5922,24610,1557,NA,NA,NA,NA,NA,NA,NA,NA,NA,NA,NA,NA,NA,NA,NA,NA,NA,NA,NA,NA,NA,NA,NA,NA,NA,NA,-1.54015116295783,107
"2010","Skagit-Chum","Chum",2005,29396,34000,NA,NA,4107,22981,2308,NA,NA,NA,NA,NA,NA,NA,NA,NA,NA,NA,NA,NA,NA,NA,NA,NA,NA,NA,NA,NA,NA,NA,NA,NA,NA,-0.145501913949537,107
"2011","Skagit-Chum","Chum",2006,49716,104983,NA,NA,4557,42778,2382,NA,NA,NA,NA,NA,NA,NA,NA,NA,NA,NA,NA,NA,NA,NA,NA,NA,NA,NA,NA,NA,NA,NA,NA,NA,NA,-0.747471619404363,107
"2012","Skagit-Chum","Chum",2007,19838,19450,NA,NA,974,12505,6359,NA,NA,NA,NA,NA,NA,NA,NA,NA,NA,NA,NA,NA,NA,NA,NA,NA,NA,NA,NA,NA,NA,NA,NA,NA,NA,0.0197522202593468,107
"2013","Skagit-Chum","Chum",2008,35479,21789,NA,NA,744,32571,2164,NA,NA,NA,NA,NA,NA,NA,NA,NA,NA,NA,NA,NA,NA,NA,NA,NA,NA,NA,NA,NA,NA,NA,NA,NA,NA,0.487535716859139,107
"2014","Skagit-Chum","Chum",2009,14014,26395,NA,NA,2420,4928,6666,NA,NA,NA,NA,NA,NA,NA,NA,NA,NA,NA,NA,NA,NA,NA,NA,NA,NA,NA,NA,NA,NA,NA,NA,NA,NA,-0.633117768327238,107
"2015","Skagit-Chum","Chum",2010,63827,39535,NA,NA,2644,58547,2635,NA,NA,NA,NA,NA,NA,NA,NA,NA,NA,NA,NA,NA,NA,NA,NA,NA,NA,NA,NA,NA,NA,NA,NA,NA,NA,0.478989942797214,107
"2016","Skagit-Chum","Chum",2011,4698,15280,NA,NA,870,2082,1746,NA,NA,NA,NA,NA,NA,NA,NA,NA,NA,NA,NA,NA,NA,NA,NA,NA,NA,NA,NA,NA,NA,NA,NA,NA,NA,-1.17940789750165,107
"2017","Skagit-Chum","Chum",2012,36945,36408,NA,NA,3436,33176,332,NA,NA,NA,NA,NA,NA,NA,NA,NA,NA,NA,NA,NA,NA,NA,NA,NA,NA,NA,NA,NA,NA,NA,NA,NA,NA,0.0146417895262701,107
"2018","Skagit-Chum","Chum",2013,2556,8545,NA,NA,374,1736,445,NA,NA,NA,NA,NA,NA,NA,NA,NA,NA,NA,NA,NA,NA,NA,NA,NA,NA,NA,NA,NA,NA,NA,NA,NA,NA,-1.20690278005227,107
"2019","Skagit-Chum","Chum",2014,22171,63360,NA,NA,4987,17117,67,NA,NA,NA,NA,NA,NA,NA,NA,NA,NA,NA,NA,NA,NA,NA,NA,NA,NA,NA,NA,NA,NA,NA,NA,NA,NA,-1.0500476188961,107
"2020","Skagit-Chum","Chum",2015,3263,7964,NA,NA,1781,1192,290,NA,NA,NA,NA,NA,NA,NA,NA,NA,NA,NA,NA,NA,NA,NA,NA,NA,NA,NA,NA,NA,NA,NA,NA,NA,NA,-0.892284368590766,107
"2021","Skagit-Chum","Chum",2016,15328,33709,NA,NA,2069,11015,2244,NA,NA,NA,NA,NA,NA,NA,NA,NA,NA,NA,NA,NA,NA,NA,NA,NA,NA,NA,NA,NA,NA,NA,NA,NA,NA,-0.788083642789559,107
"2022","Bellingham-Chum","Chum",1968,39806,10684,NA,NA,3517,27996,8293,NA,NA,NA,NA,NA,NA,NA,NA,NA,NA,NA,NA,NA,NA,NA,NA,NA,NA,NA,NA,NA,NA,NA,NA,NA,NA,1.31527035944931,108
"2023","Bellingham-Chum","Chum",1969,34028,26459,NA,NA,3029,30466,533,NA,NA,NA,NA,NA,NA,NA,NA,NA,NA,NA,NA,NA,NA,NA,NA,NA,NA,NA,NA,NA,NA,NA,NA,NA,NA,0.251587350035933,108
"2024","Bellingham-Chum","Chum",1970,21582,33404,NA,NA,4888,16183,511,NA,NA,NA,NA,NA,NA,NA,NA,NA,NA,NA,NA,NA,NA,NA,NA,NA,NA,NA,NA,NA,NA,NA,NA,NA,NA,-0.436816019349441,108
"2025","Bellingham-Chum","Chum",1971,11130,9208,NA,NA,4584,6496,49,NA,NA,NA,NA,NA,NA,NA,NA,NA,NA,NA,NA,NA,NA,NA,NA,NA,NA,NA,NA,NA,NA,NA,NA,NA,NA,0.189571493867872,108
"2026","Bellingham-Chum","Chum",1972,31884,26727,NA,NA,7177,22661,2047,NA,NA,NA,NA,NA,NA,NA,NA,NA,NA,NA,NA,NA,NA,NA,NA,NA,NA,NA,NA,NA,NA,NA,NA,NA,NA,0.17643002615906,108
"2027","Bellingham-Chum","Chum",1973,46831,25825,NA,NA,1897,44449,486,NA,NA,NA,NA,NA,NA,NA,NA,NA,NA,NA,NA,NA,NA,NA,NA,NA,NA,NA,NA,NA,NA,NA,NA,NA,NA,0.595202361794771,108
"2028","Bellingham-Chum","Chum",1974,36832,9589,NA,NA,5982,29377,1473,NA,NA,NA,NA,NA,NA,NA,NA,NA,NA,NA,NA,NA,NA,NA,NA,NA,NA,NA,NA,NA,NA,NA,NA,NA,NA,1.34575042436793,108
"2029","Bellingham-Chum","Chum",1975,29864,5976,NA,NA,2526,26391,947,NA,NA,NA,NA,NA,NA,NA,NA,NA,NA,NA,NA,NA,NA,NA,NA,NA,NA,NA,NA,NA,NA,NA,NA,NA,NA,1.60890229378177,108
"2030","Bellingham-Chum","Chum",1976,13524,4847,NA,NA,2823,9846,855,NA,NA,NA,NA,NA,NA,NA,NA,NA,NA,NA,NA,NA,NA,NA,NA,NA,NA,NA,NA,NA,NA,NA,NA,NA,NA,1.0261059279824,108
"2031","Bellingham-Chum","Chum",1977,88463,21233,NA,NA,20765,64245,3453,NA,NA,NA,NA,NA,NA,NA,NA,NA,NA,NA,NA,NA,NA,NA,NA,NA,NA,NA,NA,NA,NA,NA,NA,NA,NA,1.42702781029875,108
"2032","Bellingham-Chum","Chum",1978,106136,14622,NA,NA,12585,84603,8949,NA,NA,NA,NA,NA,NA,NA,NA,NA,NA,NA,NA,NA,NA,NA,NA,NA,NA,NA,NA,NA,NA,NA,NA,NA,NA,1.98219404674349,108
"2033","Bellingham-Chum","Chum",1979,51454,27333,NA,NA,13305,35510,2639,NA,NA,NA,NA,NA,NA,NA,NA,NA,NA,NA,NA,NA,NA,NA,NA,NA,NA,NA,NA,NA,NA,NA,NA,NA,NA,0.63259344124208,108
"2034","Bellingham-Chum","Chum",1980,92712,25242,NA,NA,26561,64293,1857,NA,NA,NA,NA,NA,NA,NA,NA,NA,NA,NA,NA,NA,NA,NA,NA,NA,NA,NA,NA,NA,NA,NA,NA,NA,NA,1.30098864019565,108
"2035","Bellingham-Chum","Chum",1981,175640,61938,NA,NA,53138,115144,7359,NA,NA,NA,NA,NA,NA,NA,NA,NA,NA,NA,NA,NA,NA,NA,NA,NA,NA,NA,NA,NA,NA,NA,NA,NA,NA,1.04230256098201,108
"2036","Bellingham-Chum","Chum",1982,85474,44172,NA,NA,25572,53872,6030,NA,NA,NA,NA,NA,NA,NA,NA,NA,NA,NA,NA,NA,NA,NA,NA,NA,NA,NA,NA,NA,NA,NA,NA,NA,NA,0.660121131944754,108
"2037","Bellingham-Chum","Chum",1983,68014,20899,NA,NA,8886,53803,5325,NA,NA,NA,NA,NA,NA,NA,NA,NA,NA,NA,NA,NA,NA,NA,NA,NA,NA,NA,NA,NA,NA,NA,NA,NA,NA,1.18001225540207,108
"2038","Bellingham-Chum","Chum",1984,108304,45960,NA,NA,18483,84172,5649,NA,NA,NA,NA,NA,NA,NA,NA,NA,NA,NA,NA,NA,NA,NA,NA,NA,NA,NA,NA,NA,NA,NA,NA,NA,NA,0.857170634785697,108
"2039","Bellingham-Chum","Chum",1985,37118,40349,NA,NA,3924,26273,6921,NA,NA,NA,NA,NA,NA,NA,NA,NA,NA,NA,NA,NA,NA,NA,NA,NA,NA,NA,NA,NA,NA,NA,NA,NA,NA,-0.0834645841052779,108
"2040","Bellingham-Chum","Chum",1986,81131,20298,NA,NA,2110,54132,24888,NA,NA,NA,NA,NA,NA,NA,NA,NA,NA,NA,NA,NA,NA,NA,NA,NA,NA,NA,NA,NA,NA,NA,NA,NA,NA,1.38554277320109,108
"2041","Bellingham-Chum","Chum",1987,44407,15836,NA,NA,680,36285,7442,NA,NA,NA,NA,NA,NA,NA,NA,NA,NA,NA,NA,NA,NA,NA,NA,NA,NA,NA,NA,NA,NA,NA,NA,NA,NA,1.03111128542529,108
"2042","Bellingham-Chum","Chum",1988,72740,35206,NA,NA,4323,61803,6614,NA,NA,NA,NA,NA,NA,NA,NA,NA,NA,NA,NA,NA,NA,NA,NA,NA,NA,NA,NA,NA,NA,NA,NA,NA,NA,0.725674916935063,108
"2043","Bellingham-Chum","Chum",1989,66438,11668,NA,NA,11487,36581,18370,NA,NA,NA,NA,NA,NA,NA,NA,NA,NA,NA,NA,NA,NA,NA,NA,NA,NA,NA,NA,NA,NA,NA,NA,NA,NA,1.73941912993855,108
"2044","Bellingham-Chum","Chum",1990,156864,31087,NA,NA,7683,134418,14763,NA,NA,NA,NA,NA,NA,NA,NA,NA,NA,NA,NA,NA,NA,NA,NA,NA,NA,NA,NA,NA,NA,NA,NA,NA,NA,1.61858946254037,108
"2045","Bellingham-Chum","Chum",1991,61102,31303,NA,NA,23846,34759,2498,NA,NA,NA,NA,NA,NA,NA,NA,NA,NA,NA,NA,NA,NA,NA,NA,NA,NA,NA,NA,NA,NA,NA,NA,NA,NA,0.668830659267573,108
"2046","Bellingham-Chum","Chum",1992,69604,43283,NA,NA,28588,38912,2105,NA,NA,NA,NA,NA,NA,NA,NA,NA,NA,NA,NA,NA,NA,NA,NA,NA,NA,NA,NA,NA,NA,NA,NA,NA,NA,0.475062088736023,108
"2047","Bellingham-Chum","Chum",1993,52196,25304,NA,NA,10047,35539,6610,NA,NA,NA,NA,NA,NA,NA,NA,NA,NA,NA,NA,NA,NA,NA,NA,NA,NA,NA,NA,NA,NA,NA,NA,NA,NA,0.724043377596653,108
"2048","Bellingham-Chum","Chum",1994,75757,92157,NA,NA,5931,63756,6070,NA,NA,NA,NA,NA,NA,NA,NA,NA,NA,NA,NA,NA,NA,NA,NA,NA,NA,NA,NA,NA,NA,NA,NA,NA,NA,-0.195962794973485,108
"2049","Bellingham-Chum","Chum",1995,102156,35856,NA,NA,36249,65306,600,NA,NA,NA,NA,NA,NA,NA,NA,NA,NA,NA,NA,NA,NA,NA,NA,NA,NA,NA,NA,NA,NA,NA,NA,NA,NA,1.04699013963135,108
"2050","Bellingham-Chum","Chum",1996,24435,36010,NA,NA,13815,9981,638,NA,NA,NA,NA,NA,NA,NA,NA,NA,NA,NA,NA,NA,NA,NA,NA,NA,NA,NA,NA,NA,NA,NA,NA,NA,NA,-0.387780146938666,108
"2051","Bellingham-Chum","Chum",1997,64917,15123,NA,NA,6113,52461,6342,NA,NA,NA,NA,NA,NA,NA,NA,NA,NA,NA,NA,NA,NA,NA,NA,NA,NA,NA,NA,NA,NA,NA,NA,NA,NA,1.45689276708915,108
"2052","Bellingham-Chum","Chum",1998,101600,62682,NA,NA,30327,65327,5946,NA,NA,NA,NA,NA,NA,NA,NA,NA,NA,NA,NA,NA,NA,NA,NA,NA,NA,NA,NA,NA,NA,NA,NA,NA,NA,0.482969210060956,108
"2053","Bellingham-Chum","Chum",1999,128994,30393,NA,NA,8626,107714,12655,NA,NA,NA,NA,NA,NA,NA,NA,NA,NA,NA,NA,NA,NA,NA,NA,NA,NA,NA,NA,NA,NA,NA,NA,NA,NA,1.44555357291242,108
"2054","Bellingham-Chum","Chum",2000,58629,4604,NA,NA,10062,42156,6410,NA,NA,NA,NA,NA,NA,NA,NA,NA,NA,NA,NA,NA,NA,NA,NA,NA,NA,NA,NA,NA,NA,NA,NA,NA,NA,2.54430396385641,108
"2055","Bellingham-Chum","Chum",2001,56840,45410,NA,NA,15372,40275,1193,NA,NA,NA,NA,NA,NA,NA,NA,NA,NA,NA,NA,NA,NA,NA,NA,NA,NA,NA,NA,NA,NA,NA,NA,NA,NA,0.22450795811904,108
"2056","Bellingham-Chum","Chum",2002,63997,62263,NA,NA,9736,50048,4213,NA,NA,NA,NA,NA,NA,NA,NA,NA,NA,NA,NA,NA,NA,NA,NA,NA,NA,NA,NA,NA,NA,NA,NA,NA,NA,0.0274688583778867,108
"2057","Bellingham-Chum","Chum",2003,50098,104127,NA,NA,9877,36547,3675,NA,NA,NA,NA,NA,NA,NA,NA,NA,NA,NA,NA,NA,NA,NA,NA,NA,NA,NA,NA,NA,NA,NA,NA,NA,NA,-0.731630220851307,108
"2058","Bellingham-Chum","Chum",2004,23998,40758,NA,NA,5977,16481,1540,NA,NA,NA,NA,NA,NA,NA,NA,NA,NA,NA,NA,NA,NA,NA,NA,NA,NA,NA,NA,NA,NA,NA,NA,NA,NA,-0.529681645895023,108
"2059","Bellingham-Chum","Chum",2005,31355,38997,NA,NA,6162,22839,2355,NA,NA,NA,NA,NA,NA,NA,NA,NA,NA,NA,NA,NA,NA,NA,NA,NA,NA,NA,NA,NA,NA,NA,NA,NA,NA,-0.218110976099008,108
"2060","Bellingham-Chum","Chum",2006,51062,26976,NA,NA,5261,33675,12127,NA,NA,NA,NA,NA,NA,NA,NA,NA,NA,NA,NA,NA,NA,NA,NA,NA,NA,NA,NA,NA,NA,NA,NA,NA,NA,0.638092998831171,108
"2061","Bellingham-Chum","Chum",2007,128878,20798,NA,NA,5416,109911,13551,NA,NA,NA,NA,NA,NA,NA,NA,NA,NA,NA,NA,NA,NA,NA,NA,NA,NA,NA,NA,NA,NA,NA,NA,NA,NA,1.82400939219866,108
"2062","Bellingham-Chum","Chum",2008,42596,15332,NA,NA,26762,12917,2917,NA,NA,NA,NA,NA,NA,NA,NA,NA,NA,NA,NA,NA,NA,NA,NA,NA,NA,NA,NA,NA,NA,NA,NA,NA,NA,1.02181820463483,108
"2063","Bellingham-Chum","Chum",2009,64931,24088,NA,NA,9351,52711,2869,NA,NA,NA,NA,NA,NA,NA,NA,NA,NA,NA,NA,NA,NA,NA,NA,NA,NA,NA,NA,NA,NA,NA,NA,NA,NA,0.991611376423659,108
"2064","Bellingham-Chum","Chum",2010,90989,25567,NA,NA,3118,74106,13765,NA,NA,NA,NA,NA,NA,NA,NA,NA,NA,NA,NA,NA,NA,NA,NA,NA,NA,NA,NA,NA,NA,NA,NA,NA,NA,1.26943616265974,108
"2065","Bellingham-Chum","Chum",2011,63842,97704,NA,NA,2391,54605,6846,NA,NA,NA,NA,NA,NA,NA,NA,NA,NA,NA,NA,NA,NA,NA,NA,NA,NA,NA,NA,NA,NA,NA,NA,NA,NA,-0.425531218897154,108
"2066","Bellingham-Chum","Chum",2012,105156,18993,NA,NA,25483,76130,3544,NA,NA,NA,NA,NA,NA,NA,NA,NA,NA,NA,NA,NA,NA,NA,NA,NA,NA,NA,NA,NA,NA,NA,NA,NA,NA,1.71137447163161,108
"2067","Bellingham-Chum","Chum",2013,40143,40036,NA,NA,12865,26934,344,NA,NA,NA,NA,NA,NA,NA,NA,NA,NA,NA,NA,NA,NA,NA,NA,NA,NA,NA,NA,NA,NA,NA,NA,NA,NA,0.002669029634189,108
"2068","Bellingham-Chum","Chum",2014,25837,47811,NA,NA,11025,14375,436,NA,NA,NA,NA,NA,NA,NA,NA,NA,NA,NA,NA,NA,NA,NA,NA,NA,NA,NA,NA,NA,NA,NA,NA,NA,NA,-0.615448165442432,108
"2069","Bellingham-Chum","Chum",2015,20240,54805,NA,NA,7428,12812,0,NA,NA,NA,NA,NA,NA,NA,NA,NA,NA,NA,NA,NA,NA,NA,NA,NA,NA,NA,NA,NA,NA,NA,NA,NA,NA,-0.996120586248422,108
"2070","Bellingham-Chum","Chum",2016,39371,50126,NA,NA,7973,29585,1814,NA,NA,NA,NA,NA,NA,NA,NA,NA,NA,NA,NA,NA,NA,NA,NA,NA,NA,NA,NA,NA,NA,NA,NA,NA,NA,-0.24151033086855,108
"2071","Strait of Juan de Fuca-Chum","Chum",1968,1438,299,NA,NA,267,1106,66,NA,NA,NA,NA,NA,NA,NA,NA,NA,NA,NA,NA,NA,NA,NA,NA,NA,NA,NA,NA,NA,NA,NA,NA,NA,NA,1.57056496489031,109
"2072","Strait of Juan de Fuca-Chum","Chum",1969,751,258,NA,NA,235,497,19,NA,NA,NA,NA,NA,NA,NA,NA,NA,NA,NA,NA,NA,NA,NA,NA,NA,NA,NA,NA,NA,NA,NA,NA,NA,NA,1.06844606684252,109
"2073","Strait of Juan de Fuca-Chum","Chum",1970,802,393,NA,NA,336,454,12,NA,NA,NA,NA,NA,NA,NA,NA,NA,NA,NA,NA,NA,NA,NA,NA,NA,NA,NA,NA,NA,NA,NA,NA,NA,NA,0.713298995997253,109
"2074","Strait of Juan de Fuca-Chum","Chum",1971,985,556,NA,NA,166,374,444,NA,NA,NA,NA,NA,NA,NA,NA,NA,NA,NA,NA,NA,NA,NA,NA,NA,NA,NA,NA,NA,NA,NA,NA,NA,NA,0.571873346921507,109
"2075","Strait of Juan de Fuca-Chum","Chum",1972,1955,1198,NA,NA,244,1711,0,NA,NA,NA,NA,NA,NA,NA,NA,NA,NA,NA,NA,NA,NA,NA,NA,NA,NA,NA,NA,NA,NA,NA,NA,NA,NA,0.489736693744071,109
"2076","Strait of Juan de Fuca-Chum","Chum",1973,2510,673,NA,NA,1592,910,9,NA,NA,NA,NA,NA,NA,NA,NA,NA,NA,NA,NA,NA,NA,NA,NA,NA,NA,NA,NA,NA,NA,NA,NA,NA,NA,1.3162927024811,109
"2077","Strait of Juan de Fuca-Chum","Chum",1974,1530,148,NA,NA,530,958,42,NA,NA,NA,NA,NA,NA,NA,NA,NA,NA,NA,NA,NA,NA,NA,NA,NA,NA,NA,NA,NA,NA,NA,NA,NA,NA,2.33581074062237,109
"2078","Strait of Juan de Fuca-Chum","Chum",1975,507,171,NA,NA,498,9,0,NA,NA,NA,NA,NA,NA,NA,NA,NA,NA,NA,NA,NA,NA,NA,NA,NA,NA,NA,NA,NA,NA,NA,NA,NA,NA,1.08684744708852,109
"2079","Strait of Juan de Fuca-Chum","Chum",1976,978,1171,NA,NA,291,554,132,NA,NA,NA,NA,NA,NA,NA,NA,NA,NA,NA,NA,NA,NA,NA,NA,NA,NA,NA,NA,NA,NA,NA,NA,NA,NA,-0.1801036935629,109
"2080","Strait of Juan de Fuca-Chum","Chum",1977,10041,1244,NA,NA,3784,6014,244,NA,NA,NA,NA,NA,NA,NA,NA,NA,NA,NA,NA,NA,NA,NA,NA,NA,NA,NA,NA,NA,NA,NA,NA,NA,NA,2.08834471658031,109
"2081","Strait of Juan de Fuca-Chum","Chum",1978,3431,856,NA,NA,0,3285,146,NA,NA,NA,NA,NA,NA,NA,NA,NA,NA,NA,NA,NA,NA,NA,NA,NA,NA,NA,NA,NA,NA,NA,NA,NA,NA,1.38833666671671,109
"2082","Strait of Juan de Fuca-Chum","Chum",1979,2872,288,NA,NA,1872,1000,0,NA,NA,NA,NA,NA,NA,NA,NA,NA,NA,NA,NA,NA,NA,NA,NA,NA,NA,NA,NA,NA,NA,NA,NA,NA,NA,2.29980345003217,109
"2083","Strait of Juan de Fuca-Chum","Chum",1980,3971,3726,NA,NA,370,3426,174,NA,NA,NA,NA,NA,NA,NA,NA,NA,NA,NA,NA,NA,NA,NA,NA,NA,NA,NA,NA,NA,NA,NA,NA,NA,NA,0.0636826799697178,109
"2084","Strait of Juan de Fuca-Chum","Chum",1981,10071,5441,NA,NA,3691,6286,95,NA,NA,NA,NA,NA,NA,NA,NA,NA,NA,NA,NA,NA,NA,NA,NA,NA,NA,NA,NA,NA,NA,NA,NA,NA,NA,0.615697139162219,109
"2085","Strait of Juan de Fuca-Chum","Chum",1982,2467,4578,NA,NA,1222,903,342,NA,NA,NA,NA,NA,NA,NA,NA,NA,NA,NA,NA,NA,NA,NA,NA,NA,NA,NA,NA,NA,NA,NA,NA,NA,NA,-0.618259383983155,109
"2086","Strait of Juan de Fuca-Chum","Chum",1983,6532,1326,NA,NA,678,5176,678,NA,NA,NA,NA,NA,NA,NA,NA,NA,NA,NA,NA,NA,NA,NA,NA,NA,NA,NA,NA,NA,NA,NA,NA,NA,NA,1.59454628334455,109
"2087","Strait of Juan de Fuca-Chum","Chum",1984,12375,6988,NA,NA,878,11248,249,NA,NA,NA,NA,NA,NA,NA,NA,NA,NA,NA,NA,NA,NA,NA,NA,NA,NA,NA,NA,NA,NA,NA,NA,NA,NA,0.571483916182944,109
"2088","Strait of Juan de Fuca-Chum","Chum",1985,6170,7322,NA,NA,2036,3961,173,NA,NA,NA,NA,NA,NA,NA,NA,NA,NA,NA,NA,NA,NA,NA,NA,NA,NA,NA,NA,NA,NA,NA,NA,NA,NA,-0.171184676780748,109
"2089","Strait of Juan de Fuca-Chum","Chum",1986,1108,1384,NA,NA,0,936,172,NA,NA,NA,NA,NA,NA,NA,NA,NA,NA,NA,NA,NA,NA,NA,NA,NA,NA,NA,NA,NA,NA,NA,NA,NA,NA,-0.222421268870386,109
"2090","Strait of Juan de Fuca-Chum","Chum",1987,1633,5726,NA,NA,0,1140,493,NA,NA,NA,NA,NA,NA,NA,NA,NA,NA,NA,NA,NA,NA,NA,NA,NA,NA,NA,NA,NA,NA,NA,NA,NA,NA,-1.2545983926876,109
"2091","Strait of Juan de Fuca-Chum","Chum",1988,6755,12552,NA,NA,610,5075,1069,NA,NA,NA,NA,NA,NA,NA,NA,NA,NA,NA,NA,NA,NA,NA,NA,NA,NA,NA,NA,NA,NA,NA,NA,NA,NA,-0.619597044018569,109
"2092","Strait of Juan de Fuca-Chum","Chum",1989,5037,3652,NA,NA,54,3914,1069,NA,NA,NA,NA,NA,NA,NA,NA,NA,NA,NA,NA,NA,NA,NA,NA,NA,NA,NA,NA,NA,NA,NA,NA,NA,NA,0.321535704030791,109
"2093","Strait of Juan de Fuca-Chum","Chum",1990,2071,946,NA,NA,751,1294,26,NA,NA,NA,NA,NA,NA,NA,NA,NA,NA,NA,NA,NA,NA,NA,NA,NA,NA,NA,NA,NA,NA,NA,NA,NA,NA,0.783544292343706,109
"2094","Strait of Juan de Fuca-Chum","Chum",1991,356,1752,NA,NA,201,129,25,NA,NA,NA,NA,NA,NA,NA,NA,NA,NA,NA,NA,NA,NA,NA,NA,NA,NA,NA,NA,NA,NA,NA,NA,NA,NA,-1.59358254064431,109
"2095","Strait of Juan de Fuca-Chum","Chum",1992,2616,5331,NA,NA,388,1764,463,NA,NA,NA,NA,NA,NA,NA,NA,NA,NA,NA,NA,NA,NA,NA,NA,NA,NA,NA,NA,NA,NA,NA,NA,NA,NA,-0.711892404245672,109
"2096","Strait of Juan de Fuca-Chum","Chum",1993,2628,5611,NA,NA,316,2262,50,NA,NA,NA,NA,NA,NA,NA,NA,NA,NA,NA,NA,NA,NA,NA,NA,NA,NA,NA,NA,NA,NA,NA,NA,NA,NA,-0.758505856146471,109
"2097","Strait of Juan de Fuca-Chum","Chum",1994,2162,2491,NA,NA,1130,978,55,NA,NA,NA,NA,NA,NA,NA,NA,NA,NA,NA,NA,NA,NA,NA,NA,NA,NA,NA,NA,NA,NA,NA,NA,NA,NA,-0.141650517063027,109
"2098","Strait of Juan de Fuca-Chum","Chum",1995,1621,517,NA,NA,505,1111,5,NA,NA,NA,NA,NA,NA,NA,NA,NA,NA,NA,NA,NA,NA,NA,NA,NA,NA,NA,NA,NA,NA,NA,NA,NA,NA,1.14275564722725,109
"2099","Strait of Juan de Fuca-Chum","Chum",1996,287,2068,NA,NA,117,170,0,NA,NA,NA,NA,NA,NA,NA,NA,NA,NA,NA,NA,NA,NA,NA,NA,NA,NA,NA,NA,NA,NA,NA,NA,NA,NA,-1.9748550198687,109
"2100","Strait of Juan de Fuca-Chum","Chum",1997,1100,3709,NA,NA,95,698,307,NA,NA,NA,NA,NA,NA,NA,NA,NA,NA,NA,NA,NA,NA,NA,NA,NA,NA,NA,NA,NA,NA,NA,NA,NA,NA,-1.21545211870313,109
"2101","Strait of Juan de Fuca-Chum","Chum",1998,4158,1419,NA,NA,996,3157,6,NA,NA,NA,NA,NA,NA,NA,NA,NA,NA,NA,NA,NA,NA,NA,NA,NA,NA,NA,NA,NA,NA,NA,NA,NA,NA,1.07508179125792,109
"2102","Strait of Juan de Fuca-Chum","Chum",1999,2420,1272,NA,NA,1398,798,224,NA,NA,NA,NA,NA,NA,NA,NA,NA,NA,NA,NA,NA,NA,NA,NA,NA,NA,NA,NA,NA,NA,NA,NA,NA,NA,0.643177075250665,109
"2103","Strait of Juan de Fuca-Chum","Chum",2000,2535,219,NA,NA,308,2076,150,NA,NA,NA,NA,NA,NA,NA,NA,NA,NA,NA,NA,NA,NA,NA,NA,NA,NA,NA,NA,NA,NA,NA,NA,NA,NA,2.44887718620878,109
"2104","Strait of Juan de Fuca-Chum","Chum",2001,2146,1519,NA,NA,898,1205,42,NA,NA,NA,NA,NA,NA,NA,NA,NA,NA,NA,NA,NA,NA,NA,NA,NA,NA,NA,NA,NA,NA,NA,NA,NA,NA,0.345553420594871,109
"2105","Strait of Juan de Fuca-Chum","Chum",2002,2407,4573,NA,NA,1022,1329,56,NA,NA,NA,NA,NA,NA,NA,NA,NA,NA,NA,NA,NA,NA,NA,NA,NA,NA,NA,NA,NA,NA,NA,NA,NA,NA,-0.641788285874983,109
"2106","Strait of Juan de Fuca-Chum","Chum",2003,873,1005,NA,NA,151,628,94,NA,NA,NA,NA,NA,NA,NA,NA,NA,NA,NA,NA,NA,NA,NA,NA,NA,NA,NA,NA,NA,NA,NA,NA,NA,NA,-0.140807264653574,109
"2107","Strait of Juan de Fuca-Chum","Chum",2004,706,2713,NA,NA,78,458,170,NA,NA,NA,NA,NA,NA,NA,NA,NA,NA,NA,NA,NA,NA,NA,NA,NA,NA,NA,NA,NA,NA,NA,NA,NA,NA,-1.34619507516569,109
"2108","Strait of Juan de Fuca-Chum","Chum",2005,1169,2032,NA,NA,249,920,0,NA,NA,NA,NA,NA,NA,NA,NA,NA,NA,NA,NA,NA,NA,NA,NA,NA,NA,NA,NA,NA,NA,NA,NA,NA,NA,-0.552871847226304,109
"2109","Strait of Juan de Fuca-Chum","Chum",2006,1264,1271,NA,NA,313,813,138,NA,NA,NA,NA,NA,NA,NA,NA,NA,NA,NA,NA,NA,NA,NA,NA,NA,NA,NA,NA,NA,NA,NA,NA,NA,NA,-0.0055226964826513,109
"2110","Strait of Juan de Fuca-Chum","Chum",2007,6416,499,NA,NA,1036,4622,758,NA,NA,NA,NA,NA,NA,NA,NA,NA,NA,NA,NA,NA,NA,NA,NA,NA,NA,NA,NA,NA,NA,NA,NA,NA,NA,2.55394405379483,109
"2111","Strait of Juan de Fuca-Chum","Chum",2008,886,433,NA,NA,0,839,46,NA,NA,NA,NA,NA,NA,NA,NA,NA,NA,NA,NA,NA,NA,NA,NA,NA,NA,NA,NA,NA,NA,NA,NA,NA,NA,0.715979222602591,109
"2112","Strait of Juan de Fuca-Chum","Chum",2009,2932,1265,NA,NA,1372,1330,230,NA,NA,NA,NA,NA,NA,NA,NA,NA,NA,NA,NA,NA,NA,NA,NA,NA,NA,NA,NA,NA,NA,NA,NA,NA,NA,0.840612661844921,109
"2113","Strait of Juan de Fuca-Chum","Chum",2010,2170,1343,NA,NA,0,1598,572,NA,NA,NA,NA,NA,NA,NA,NA,NA,NA,NA,NA,NA,NA,NA,NA,NA,NA,NA,NA,NA,NA,NA,NA,NA,NA,0.479821250011268,109
"2114","Strait of Juan de Fuca-Chum","Chum",2011,2025,4638,NA,NA,146,1697,182,NA,NA,NA,NA,NA,NA,NA,NA,NA,NA,NA,NA,NA,NA,NA,NA,NA,NA,NA,NA,NA,NA,NA,NA,NA,NA,-0.828713538274838,109
"2115","Strait of Juan de Fuca-Chum","Chum",2012,1694,2770,NA,NA,672,1018,5,NA,NA,NA,NA,NA,NA,NA,NA,NA,NA,NA,NA,NA,NA,NA,NA,NA,NA,NA,NA,NA,NA,NA,NA,NA,NA,-0.491754723969384,109
"2116","Strait of Juan de Fuca-Chum","Chum",2013,2038,1303,NA,NA,1648,334,56,NA,NA,NA,NA,NA,NA,NA,NA,NA,NA,NA,NA,NA,NA,NA,NA,NA,NA,NA,NA,NA,NA,NA,NA,NA,NA,0.447299636657825,109
"2117","Strait of Juan de Fuca-Chum","Chum",2014,95,1881,NA,NA,95,0,0,NA,NA,NA,NA,NA,NA,NA,NA,NA,NA,NA,NA,NA,NA,NA,NA,NA,NA,NA,NA,NA,NA,NA,NA,NA,NA,-2.98568193770049,109
"2118","Strait of Juan de Fuca-Chum","Chum",2015,1378,2825,NA,NA,1038,302,39,NA,NA,NA,NA,NA,NA,NA,NA,NA,NA,NA,NA,NA,NA,NA,NA,NA,NA,NA,NA,NA,NA,NA,NA,NA,NA,-0.717875192006938,109
"2119","Strait of Juan de Fuca-Chum","Chum",2016,3419,2735,NA,NA,492,2905,22,NA,NA,NA,NA,NA,NA,NA,NA,NA,NA,NA,NA,NA,NA,NA,NA,NA,NA,NA,NA,NA,NA,NA,NA,NA,NA,0.22321667478322,109
"2120","Fraser-Chum","Chum",1959,394310.8074,152300,NA,NA,175683.033,210819.6396,7808.1348,NA,NA,NA,NA,NA,NA,NA,NA,NA,NA,NA,NA,NA,NA,NA,NA,NA,NA,NA,NA,NA,NA,NA,NA,NA,NA,0.951287189686224,110
"2121","Fraser-Chum","Chum",1960,400116.37,144782,NA,NA,128037.2384,268077.9679,4001.1637,NA,NA,NA,NA,NA,NA,NA,NA,NA,NA,NA,NA,NA,NA,NA,NA,NA,NA,NA,NA,NA,NA,NA,NA,NA,NA,1.01652626696521,110
"2122","Fraser-Chum","Chum",1961,156512.52,103945,NA,NA,54779.382,97037.7624,4695.3756,NA,NA,NA,NA,NA,NA,NA,NA,NA,NA,NA,NA,NA,NA,NA,NA,NA,NA,NA,NA,NA,NA,NA,NA,NA,NA,0.409274093681301,110
"2123","Fraser-Chum","Chum",1962,315789.99,130357,NA,NA,56842.1982,255789.8919,3157.8999,NA,NA,NA,NA,NA,NA,NA,NA,NA,NA,NA,NA,NA,NA,NA,NA,NA,NA,NA,NA,NA,NA,NA,NA,NA,NA,0.884800563532093,110
"2124","Fraser-Chum","Chum",1963,151652.27,192245,NA,NA,40946.1129,106156.589,4549.5681,NA,NA,NA,NA,NA,NA,NA,NA,NA,NA,NA,NA,NA,NA,NA,NA,NA,NA,NA,NA,NA,NA,NA,NA,NA,NA,-0.237180397544767,110
"2125","Fraser-Chum","Chum",1964,1063848.75,246741,NA,NA,180854.2875,861717.4875,21276.975,NA,NA,NA,NA,NA,NA,NA,NA,NA,NA,NA,NA,NA,NA,NA,NA,NA,NA,NA,NA,NA,NA,NA,NA,NA,NA,1.4613093040571,110
"2126","Fraser-Chum","Chum",1965,491327.14,129484,NA,NA,181791.0418,304622.8268,4913.2714,NA,NA,NA,NA,NA,NA,NA,NA,NA,NA,NA,NA,NA,NA,NA,NA,NA,NA,NA,NA,NA,NA,NA,NA,NA,NA,1.33355285746284,110
"2127","Fraser-Chum","Chum",1966,1009655.46,360835,NA,NA,282703.5288,686565.7128,40386.2184,NA,NA,NA,NA,NA,NA,NA,NA,NA,NA,NA,NA,NA,NA,NA,NA,NA,NA,NA,NA,NA,NA,NA,NA,NA,NA,1.02894363278929,110
"2128","Fraser-Chum","Chum",1967,268774.16,213873,NA,NA,56442.5736,185454.1704,26877.416,NA,NA,NA,NA,NA,NA,NA,NA,NA,NA,NA,NA,NA,NA,NA,NA,NA,NA,NA,NA,NA,NA,NA,NA,NA,NA,0.228489092163678,110
"2129","Fraser-Chum","Chum",1968,1865063.01,670528,NA,NA,149205.0408,1324194.737,391663.2321,NA,NA,NA,NA,NA,NA,NA,NA,NA,NA,NA,NA,NA,NA,NA,NA,NA,NA,NA,NA,NA,NA,NA,NA,NA,NA,1.02298465529949,110
"2130","Fraser-Chum","Chum",1969,1861495.941,309245,NA,NA,94014.9465,1598254.091,169226.9037,NA,NA,NA,NA,NA,NA,NA,NA,NA,NA,NA,NA,NA,NA,NA,NA,NA,NA,NA,NA,NA,NA,NA,NA,NA,NA,1.79500186981765,110
"2131","Fraser-Chum","Chum",1970,435789.36,284275,NA,NA,47936.8296,370420.956,17431.5744,NA,NA,NA,NA,NA,NA,NA,NA,NA,NA,NA,NA,NA,NA,NA,NA,NA,NA,NA,NA,NA,NA,NA,NA,NA,NA,0.427216927832479,110
"2132","Fraser-Chum","Chum",1971,385428.82,290150,NA,NA,146462.9516,223548.7156,15417.1528,NA,NA,NA,NA,NA,NA,NA,NA,NA,NA,NA,NA,NA,NA,NA,NA,NA,NA,NA,NA,NA,NA,NA,NA,NA,NA,0.283958501997727,110
"2133","Fraser-Chum","Chum",1972,1162286.265,423290,NA,NA,281766.3672,868779.6322,11740.2653,NA,NA,NA,NA,NA,NA,NA,NA,NA,NA,NA,NA,NA,NA,NA,NA,NA,NA,NA,NA,NA,NA,NA,NA,NA,NA,1.01008673915259,110
"2134","Fraser-Chum","Chum",1973,736699.04,267105,NA,NA,162073.7888,545157.2896,29467.9616,NA,NA,NA,NA,NA,NA,NA,NA,NA,NA,NA,NA,NA,NA,NA,NA,NA,NA,NA,NA,NA,NA,NA,NA,NA,NA,1.01453761105807,110
"2135","Fraser-Chum","Chum",1974,1446851.74,350390,NA,NA,188090.7262,1215355.462,43405.5522,NA,NA,NA,NA,NA,NA,NA,NA,NA,NA,NA,NA,NA,NA,NA,NA,NA,NA,NA,NA,NA,NA,NA,NA,NA,NA,1.41809844127725,110
"2136","Fraser-Chum","Chum",1975,344975.01,191445,NA,NA,206985.006,131090.5038,6899.5002,NA,NA,NA,NA,NA,NA,NA,NA,NA,NA,NA,NA,NA,NA,NA,NA,NA,NA,NA,NA,NA,NA,NA,NA,NA,NA,0.588871418522462,110
"2137","Fraser-Chum","Chum",1976,902606,340542,NA,NA,126364.84,740136.92,36104.24,NA,NA,NA,NA,NA,NA,NA,NA,NA,NA,NA,NA,NA,NA,NA,NA,NA,NA,NA,NA,NA,NA,NA,NA,NA,NA,0.974747668833244,110
"2138","Fraser-Chum","Chum",1977,755062.82,599366,NA,NA,302025.128,400183.2946,52854.3974,NA,NA,NA,NA,NA,NA,NA,NA,NA,NA,NA,NA,NA,NA,NA,NA,NA,NA,NA,NA,NA,NA,NA,NA,NA,NA,0.230928521201995,110
"2139","Fraser-Chum","Chum",1978,641220.95,359065,NA,NA,70534.3045,455266.8745,115419.771,NA,NA,NA,NA,NA,NA,NA,NA,NA,NA,NA,NA,NA,NA,NA,NA,NA,NA,NA,NA,NA,NA,NA,NA,NA,NA,0.579870662719567,110
"2140","Fraser-Chum","Chum",1979,387245.8755,255634,NA,NA,121258.8095,246429.1935,19557.8725,NA,NA,NA,NA,NA,NA,NA,NA,NA,NA,NA,NA,NA,NA,NA,NA,NA,NA,NA,NA,NA,NA,NA,NA,NA,NA,0.415313094496598,110
"2141","Fraser-Chum","Chum",1980,329015.65,312141,NA,NA,78963.756,210570.016,39481.878,NA,NA,NA,NA,NA,NA,NA,NA,NA,NA,NA,NA,NA,NA,NA,NA,NA,NA,NA,NA,NA,NA,NA,NA,NA,NA,0.0526503092231624,110
"2142","Fraser-Chum","Chum",1981,1338996.76,435316,NA,NA,229928.7366,1000866.265,108201.7584,NA,NA,NA,NA,NA,NA,NA,NA,NA,NA,NA,NA,NA,NA,NA,NA,NA,NA,NA,NA,NA,NA,NA,NA,NA,NA,1.12360372182923,110
"2143","Fraser-Chum","Chum",1982,1799067.18,320291,NA,NA,611682.8412,1133412.323,53972.0154,NA,NA,NA,NA,NA,NA,NA,NA,NA,NA,NA,NA,NA,NA,NA,NA,NA,NA,NA,NA,NA,NA,NA,NA,NA,NA,1.72579361865879,110
"2144","Fraser-Chum","Chum",1983,623636.8281,364991,NA,NA,170082.7713,327566.8188,125987.238,NA,NA,NA,NA,NA,NA,NA,NA,NA,NA,NA,NA,NA,NA,NA,NA,NA,NA,NA,NA,NA,NA,NA,NA,NA,NA,0.535695496943804,110
"2145","Fraser-Chum","Chum",1984,987083.92,433266,NA,NA,49354.196,740312.94,197416.784,NA,NA,NA,NA,NA,NA,NA,NA,NA,NA,NA,NA,NA,NA,NA,NA,NA,NA,NA,NA,NA,NA,NA,NA,NA,NA,0.82340320305562,110
"2146","Fraser-Chum","Chum",1985,695229.0147,1295255,NA,NA,63202.6377,540733.6781,91292.6989,NA,NA,NA,NA,NA,NA,NA,NA,NA,NA,NA,NA,NA,NA,NA,NA,NA,NA,NA,NA,NA,NA,NA,NA,NA,NA,-0.622221557106321,110
"2147","Fraser-Chum","Chum",1986,2040923.63,972927,NA,NA,122455.4178,1469465.014,449003.1986,NA,NA,NA,NA,NA,NA,NA,NA,NA,NA,NA,NA,NA,NA,NA,NA,NA,NA,NA,NA,NA,NA,NA,NA,NA,NA,0.740848690499684,110
"2148","Fraser-Chum","Chum",1987,606706.7688,398343,NA,NA,18385.0536,508653.1496,79668.5656,NA,NA,NA,NA,NA,NA,NA,NA,NA,NA,NA,NA,NA,NA,NA,NA,NA,NA,NA,NA,NA,NA,NA,NA,NA,NA,0.420732148450175,110
"2149","Fraser-Chum","Chum",1988,1270880.612,585317,NA,NA,141208.9569,834416.5635,295255.0917,NA,NA,NA,NA,NA,NA,NA,NA,NA,NA,NA,NA,NA,NA,NA,NA,NA,NA,NA,NA,NA,NA,NA,NA,NA,NA,0.775311753631192,110
"2150","Fraser-Chum","Chum",1989,1341783.204,585552,NA,NA,40660.0971,813201.942,487921.1652,NA,NA,NA,NA,NA,NA,NA,NA,NA,NA,NA,NA,NA,NA,NA,NA,NA,NA,NA,NA,NA,NA,NA,NA,NA,NA,0.829199765462164,110
"2151","Fraser-Chum","Chum",1990,1645552.03,988875,NA,NA,49366.5609,1217708.502,378476.9669,NA,NA,NA,NA,NA,NA,NA,NA,NA,NA,NA,NA,NA,NA,NA,NA,NA,NA,NA,NA,NA,NA,NA,NA,NA,NA,0.509263254110466,110
"2152","Fraser-Chum","Chum",1991,1286122.43,859274,NA,NA,180057.1402,1028897.944,77167.3458,NA,NA,NA,NA,NA,NA,NA,NA,NA,NA,NA,NA,NA,NA,NA,NA,NA,NA,NA,NA,NA,NA,NA,NA,NA,NA,0.403299255768081,110
"2153","Fraser-Chum","Chum",1992,988585.03,741618,NA,NA,365776.4611,593151.018,29657.5509,NA,NA,NA,NA,NA,NA,NA,NA,NA,NA,NA,NA,NA,NA,NA,NA,NA,NA,NA,NA,NA,NA,NA,NA,NA,NA,0.287440372330523,110
"2154","BC South (no Fraser)-Chum","Chum",1953,1206646,800625,NA,NA,NA,1206646,NA,NA,NA,NA,NA,NA,NA,NA,NA,NA,NA,NA,NA,NA,NA,NA,NA,NA,NA,NA,NA,NA,NA,NA,NA,NA,NA,0.410207216282215,111
"2155","BC South (no Fraser)-Chum","Chum",1954,1834771,988200,NA,NA,NA,1834771,NA,NA,NA,NA,NA,NA,NA,NA,NA,NA,NA,NA,NA,NA,NA,NA,NA,NA,NA,NA,NA,NA,NA,NA,NA,NA,NA,0.61878985064907,111
"2156","BC South (no Fraser)-Chum","Chum",1955,1382516,495250,NA,NA,NA,1382516,NA,NA,NA,NA,NA,NA,NA,NA,NA,NA,NA,NA,NA,NA,NA,NA,NA,NA,NA,NA,NA,NA,NA,NA,NA,NA,NA,1.02659762098775,111
"2157","BC South (no Fraser)-Chum","Chum",1956,827371,439676,NA,NA,NA,827371,NA,NA,NA,NA,NA,NA,NA,NA,NA,NA,NA,NA,NA,NA,NA,NA,NA,NA,NA,NA,NA,NA,NA,NA,NA,NA,NA,0.632215111833171,111
"2158","BC South (no Fraser)-Chum","Chum",1957,678383,920575,NA,NA,NA,678383,NA,NA,NA,NA,NA,NA,NA,NA,NA,NA,NA,NA,NA,NA,NA,NA,NA,NA,NA,NA,NA,NA,NA,NA,NA,NA,NA,-0.30528644961048,111
"2159","BC South (no Fraser)-Chum","Chum",1958,661769,1002950,NA,NA,NA,661769,NA,NA,NA,NA,NA,NA,NA,NA,NA,NA,NA,NA,NA,NA,NA,NA,NA,NA,NA,NA,NA,NA,NA,NA,NA,NA,NA,-0.41578438382652,111
"2160","BC South (no Fraser)-Chum","Chum",1959,644399,680950,NA,NA,NA,644399,NA,NA,NA,NA,NA,NA,NA,NA,NA,NA,NA,NA,NA,NA,NA,NA,NA,NA,NA,NA,NA,NA,NA,NA,NA,NA,NA,-0.0551707825445119,111
"2161","BC South (no Fraser)-Chum","Chum",1960,601146,406145,NA,NA,NA,601146,NA,NA,NA,NA,NA,NA,NA,NA,NA,NA,NA,NA,NA,NA,NA,NA,NA,NA,NA,NA,NA,NA,NA,NA,NA,NA,NA,0.392127594786902,111
"2162","BC South (no Fraser)-Chum","Chum",1961,214411,461354,NA,NA,NA,214411,NA,NA,NA,NA,NA,NA,NA,NA,NA,NA,NA,NA,NA,NA,NA,NA,NA,NA,NA,NA,NA,NA,NA,NA,NA,NA,NA,-0.76627091034329,111
"2163","BC South (no Fraser)-Chum","Chum",1962,547665,499277,NA,NA,NA,547665,NA,NA,NA,NA,NA,NA,NA,NA,NA,NA,NA,NA,NA,NA,NA,NA,NA,NA,NA,NA,NA,NA,NA,NA,NA,NA,NA,0.0925027341956183,111
"2164","BC South (no Fraser)-Chum","Chum",1963,550498,442075,NA,NA,NA,550498,NA,NA,NA,NA,NA,NA,NA,NA,NA,NA,NA,NA,NA,NA,NA,NA,NA,NA,NA,NA,NA,NA,NA,NA,NA,NA,NA,0.21934377215424,111
"2165","BC South (no Fraser)-Chum","Chum",1964,1321900,532525,NA,NA,NA,1321900,NA,NA,NA,NA,NA,NA,NA,NA,NA,NA,NA,NA,NA,NA,NA,NA,NA,NA,NA,NA,NA,NA,NA,NA,NA,NA,NA,0.909195529747006,111
"2166","BC South (no Fraser)-Chum","Chum",1965,972557,197725,NA,NA,NA,972557,NA,NA,NA,NA,NA,NA,NA,NA,NA,NA,NA,NA,NA,NA,NA,NA,NA,NA,NA,NA,NA,NA,NA,NA,NA,NA,NA,1.59305150919471,111
"2167","BC South (no Fraser)-Chum","Chum",1966,1327912,519925,NA,NA,NA,1327912,NA,NA,NA,NA,NA,NA,NA,NA,NA,NA,NA,NA,NA,NA,NA,NA,NA,NA,NA,NA,NA,NA,NA,NA,NA,NA,NA,0.937678492376528,111
"2168","BC South (no Fraser)-Chum","Chum",1967,350578,461082,NA,NA,NA,350578,NA,NA,NA,NA,NA,NA,NA,NA,NA,NA,NA,NA,NA,NA,NA,NA,NA,NA,NA,NA,NA,NA,NA,NA,NA,NA,NA,-0.273992680419327,111
"2169","BC South (no Fraser)-Chum","Chum",1968,2663833,928273,NA,NA,NA,2663833,NA,NA,NA,NA,NA,NA,NA,NA,NA,NA,NA,NA,NA,NA,NA,NA,NA,NA,NA,NA,NA,NA,NA,NA,NA,NA,NA,1.05419547144971,111
"2170","BC South (no Fraser)-Chum","Chum",1969,3017923,604105,NA,NA,NA,3017923,NA,NA,NA,NA,NA,NA,NA,NA,NA,NA,NA,NA,NA,NA,NA,NA,NA,NA,NA,NA,NA,NA,NA,NA,NA,NA,NA,1.60857610153135,111
"2171","BC South (no Fraser)-Chum","Chum",1970,1010218,746606,NA,NA,NA,1010218,NA,NA,NA,NA,NA,NA,NA,NA,NA,NA,NA,NA,NA,NA,NA,NA,NA,NA,NA,NA,NA,NA,NA,NA,NA,NA,NA,0.302383825249004,111
"2172","BC South (no Fraser)-Chum","Chum",1971,647204,281664,NA,NA,NA,647204,NA,NA,NA,NA,NA,NA,NA,NA,NA,NA,NA,NA,NA,NA,NA,NA,NA,NA,NA,NA,NA,NA,NA,NA,NA,NA,NA,0.831946675006272,111
"2173","BC South (no Fraser)-Chum","Chum",1972,1083731,1338569,NA,NA,NA,1083731,NA,NA,NA,NA,NA,NA,NA,NA,NA,NA,NA,NA,NA,NA,NA,NA,NA,NA,NA,NA,NA,NA,NA,NA,NA,NA,NA,-0.211191415652049,111
"2174","BC South (no Fraser)-Chum","Chum",1973,846011,1158806,NA,NA,NA,846011,NA,NA,NA,NA,NA,NA,NA,NA,NA,NA,NA,NA,NA,NA,NA,NA,NA,NA,NA,NA,NA,NA,NA,NA,NA,NA,NA,-0.314613081766138,111
"2175","BC South (no Fraser)-Chum","Chum",1974,1727652,792812,NA,NA,NA,1727652,NA,NA,NA,NA,NA,NA,NA,NA,NA,NA,NA,NA,NA,NA,NA,NA,NA,NA,NA,NA,NA,NA,NA,NA,NA,NA,NA,0.778932421066386,111
"2176","BC South (no Fraser)-Chum","Chum",1975,921301,371076,NA,NA,NA,921301,NA,NA,NA,NA,NA,NA,NA,NA,NA,NA,NA,NA,NA,NA,NA,NA,NA,NA,NA,NA,NA,NA,NA,NA,NA,NA,NA,0.909379908156868,111
"2177","BC South (no Fraser)-Chum","Chum",1976,2546175,538672,NA,NA,NA,2546175,NA,NA,NA,NA,NA,NA,NA,NA,NA,NA,NA,NA,NA,NA,NA,NA,NA,NA,NA,NA,NA,NA,NA,NA,NA,NA,NA,1.55324066067219,111
"2178","BC South (no Fraser)-Chum","Chum",1977,1715022,758139,NA,NA,NA,1715022,NA,NA,NA,NA,NA,NA,NA,NA,NA,NA,NA,NA,NA,NA,NA,NA,NA,NA,NA,NA,NA,NA,NA,NA,NA,NA,NA,0.816314441366585,111
"2179","BC South (no Fraser)-Chum","Chum",1978,3070728,954590,NA,NA,NA,3070728,NA,NA,NA,NA,NA,NA,NA,NA,NA,NA,NA,NA,NA,NA,NA,NA,NA,NA,NA,NA,NA,NA,NA,NA,NA,NA,NA,1.16838801709496,111
"2180","BC South (no Fraser)-Chum","Chum",1979,820011,887186,NA,NA,NA,820011,NA,NA,NA,NA,NA,NA,NA,NA,NA,NA,NA,NA,NA,NA,NA,NA,NA,NA,NA,NA,NA,NA,NA,NA,NA,NA,NA,-0.0787369011272166,111
"2181","BC South (no Fraser)-Chum","Chum",1980,1074140,2025387,NA,NA,NA,1074140,NA,NA,NA,NA,NA,NA,NA,NA,NA,NA,NA,NA,NA,NA,NA,NA,NA,NA,NA,NA,NA,NA,NA,NA,NA,NA,NA,-0.634240452001354,111
"2182","BC South (no Fraser)-Chum","Chum",1981,1795562,1647057,NA,NA,NA,1795562,NA,NA,NA,NA,NA,NA,NA,NA,NA,NA,NA,NA,NA,NA,NA,NA,NA,NA,NA,NA,NA,NA,NA,NA,NA,NA,NA,0.0863280058836822,111
"2183","BC South (no Fraser)-Chum","Chum",1982,2093398,2106443,NA,NA,NA,2093398,NA,NA,NA,NA,NA,NA,NA,NA,NA,NA,NA,NA,NA,NA,NA,NA,NA,NA,NA,NA,NA,NA,NA,NA,NA,NA,NA,-0.00621215991344944,111
"2184","BC South (no Fraser)-Chum","Chum",1983,1197368,670553,NA,NA,NA,1197368,NA,NA,NA,NA,NA,NA,NA,NA,NA,NA,NA,NA,NA,NA,NA,NA,NA,NA,NA,NA,NA,NA,NA,NA,NA,NA,NA,0.579778348477998,111
"2185","BC South (no Fraser)-Chum","Chum",1984,1912493,910224,NA,NA,NA,1912493,NA,NA,NA,NA,NA,NA,NA,NA,NA,NA,NA,NA,NA,NA,NA,NA,NA,NA,NA,NA,NA,NA,NA,NA,NA,NA,NA,0.742472182497111,111
"2186","BC South (no Fraser)-Chum","Chum",1985,722309,1379098,NA,NA,NA,722309,NA,NA,NA,NA,NA,NA,NA,NA,NA,NA,NA,NA,NA,NA,NA,NA,NA,NA,NA,NA,NA,NA,NA,NA,NA,NA,NA,-0.646731916082314,111
"2187","BC South (no Fraser)-Chum","Chum",1986,1675906,1089814,NA,NA,NA,1675906,NA,NA,NA,NA,NA,NA,NA,NA,NA,NA,NA,NA,NA,NA,NA,NA,NA,NA,NA,NA,NA,NA,NA,NA,NA,NA,NA,0.430346875089982,111
"2188","BC South (no Fraser)-Chum","Chum",1987,1300771,795028,NA,NA,NA,1300771,NA,NA,NA,NA,NA,NA,NA,NA,NA,NA,NA,NA,NA,NA,NA,NA,NA,NA,NA,NA,NA,NA,NA,NA,NA,NA,NA,0.492335110412188,111
"2189","BC South (no Fraser)-Chum","Chum",1988,2474945,996321,NA,NA,NA,2474945,NA,NA,NA,NA,NA,NA,NA,NA,NA,NA,NA,NA,NA,NA,NA,NA,NA,NA,NA,NA,NA,NA,NA,NA,NA,NA,NA,0.909903957716421,111
"2190","BC South (no Fraser)-Chum","Chum",1989,2417552,376046,NA,NA,NA,2417552,NA,NA,NA,NA,NA,NA,NA,NA,NA,NA,NA,NA,NA,NA,NA,NA,NA,NA,NA,NA,NA,NA,NA,NA,NA,NA,NA,1.86079926058787,111
"2191","BC South (no Fraser)-Chum","Chum",1990,2109257,815806,NA,NA,NA,2109257,NA,NA,NA,NA,NA,NA,NA,NA,NA,NA,NA,NA,NA,NA,NA,NA,NA,NA,NA,NA,NA,NA,NA,NA,NA,NA,NA,0.94991445015519,111
"2192","BC South (no Fraser)-Chum","Chum",1991,723913,737044,NA,NA,NA,723913,NA,NA,NA,NA,NA,NA,NA,NA,NA,NA,NA,NA,NA,NA,NA,NA,NA,NA,NA,NA,NA,NA,NA,NA,NA,NA,NA,-0.0179763724804324,111
"2193","BC South (no Fraser)-Chum","Chum",1992,566438,1015857,NA,NA,NA,566438,NA,NA,NA,NA,NA,NA,NA,NA,NA,NA,NA,NA,NA,NA,NA,NA,NA,NA,NA,NA,NA,NA,NA,NA,NA,NA,NA,-0.584120239676467,111
"2194","BC South (no Fraser)-Chum","Chum",1993,636736,1016491,NA,NA,NA,636736,NA,NA,NA,NA,NA,NA,NA,NA,NA,NA,NA,NA,NA,NA,NA,NA,NA,NA,NA,NA,NA,NA,NA,NA,NA,NA,NA,-0.467756652151834,111
"2195","BC South (no Fraser)-Chum","Chum",1994,2795920,1006121,NA,NA,NA,2795920,NA,NA,NA,NA,NA,NA,NA,NA,NA,NA,NA,NA,NA,NA,NA,NA,NA,NA,NA,NA,NA,NA,NA,NA,NA,NA,NA,1.02205886888422,111
"2196","BC South (no Fraser)-Chum","Chum",1995,444384,497815,NA,NA,NA,444384,NA,NA,NA,NA,NA,NA,NA,NA,NA,NA,NA,NA,NA,NA,NA,NA,NA,NA,NA,NA,NA,NA,NA,NA,NA,NA,NA,-0.113539468545912,111
"2197","BC South (no Fraser)-Chum","Chum",1996,410824,477539,NA,NA,NA,410824,NA,NA,NA,NA,NA,NA,NA,NA,NA,NA,NA,NA,NA,NA,NA,NA,NA,NA,NA,NA,NA,NA,NA,NA,NA,NA,NA,-0.150480933040264,111
"2198","BC South (no Fraser)-Chum","Chum",1997,1106716,571584,NA,NA,NA,1106716,NA,NA,NA,NA,NA,NA,NA,NA,NA,NA,NA,NA,NA,NA,NA,NA,NA,NA,NA,NA,NA,NA,NA,NA,NA,NA,NA,0.660740896500673,111
"2199","BC South (no Fraser)-Chum","Chum",1998,1943871,1016990,NA,NA,NA,1943871,NA,NA,NA,NA,NA,NA,NA,NA,NA,NA,NA,NA,NA,NA,NA,NA,NA,NA,NA,NA,NA,NA,NA,NA,NA,NA,NA,0.647834061635376,111
"2200","BC South (no Fraser)-Chum","Chum",1999,1169365,406796,NA,NA,NA,1169365,NA,NA,NA,NA,NA,NA,NA,NA,NA,NA,NA,NA,NA,NA,NA,NA,NA,NA,NA,NA,NA,NA,NA,NA,NA,NA,NA,1.05590431413072,111
"2201","BC South (no Fraser)-Chum","Chum",2000,1890621,283075,NA,NA,NA,1890621,NA,NA,NA,NA,NA,NA,NA,NA,NA,NA,NA,NA,NA,NA,NA,NA,NA,NA,NA,NA,NA,NA,NA,NA,NA,NA,NA,1.89894874531439,111
"2202","BC South (no Fraser)-Chum","Chum",2001,974858,876998,NA,NA,NA,974858,NA,NA,NA,NA,NA,NA,NA,NA,NA,NA,NA,NA,NA,NA,NA,NA,NA,NA,NA,NA,NA,NA,NA,NA,NA,NA,NA,0.10578710749765,111
"2203","BC South (no Fraser)-Chum","Chum",2002,918498,1027156,NA,NA,NA,918498,NA,NA,NA,NA,NA,NA,NA,NA,NA,NA,NA,NA,NA,NA,NA,NA,NA,NA,NA,NA,NA,NA,NA,NA,NA,NA,NA,-0.111809369937736,111
"2204","Kadashan-Chum","Chum",1969,41166,15449,NA,NA,NA,41166,NA,NA,NA,NA,NA,NA,NA,NA,NA,NA,NA,NA,NA,NA,NA,NA,NA,NA,NA,NA,NA,NA,NA,NA,NA,NA,NA,0.980068396606896,112
"2205","Kadashan-Chum","Chum",1970,33642,32183,NA,NA,NA,33642,NA,NA,NA,NA,NA,NA,NA,NA,NA,NA,NA,NA,NA,NA,NA,NA,NA,NA,NA,NA,NA,NA,NA,NA,NA,NA,NA,0.0443369235446237,112
"2206","Kadashan-Chum","Chum",1971,5548,64928,NA,NA,NA,5548,NA,NA,NA,NA,NA,NA,NA,NA,NA,NA,NA,NA,NA,NA,NA,NA,NA,NA,NA,NA,NA,NA,NA,NA,NA,NA,NA,-2.45984146119082,112
"2207","Kadashan-Chum","Chum",1972,13693,45893,NA,NA,NA,13693,NA,NA,NA,NA,NA,NA,NA,NA,NA,NA,NA,NA,NA,NA,NA,NA,NA,NA,NA,NA,NA,NA,NA,NA,NA,NA,NA,-1.20942784663964,112
"2208","Kadashan-Chum","Chum",1973,19586,35340,NA,NA,NA,19586,NA,NA,NA,NA,NA,NA,NA,NA,NA,NA,NA,NA,NA,NA,NA,NA,NA,NA,NA,NA,NA,NA,NA,NA,NA,NA,NA,-0.590200441592948,112
"2209","Kadashan-Chum","Chum",1974,20366,26978,NA,NA,NA,20366,NA,NA,NA,NA,NA,NA,NA,NA,NA,NA,NA,NA,NA,NA,NA,NA,NA,NA,NA,NA,NA,NA,NA,NA,NA,NA,NA,-0.281154875298014,112
"2210","Kadashan-Chum","Chum",1975,14616,5548,NA,NA,NA,14616,NA,NA,NA,NA,NA,NA,NA,NA,NA,NA,NA,NA,NA,NA,NA,NA,NA,NA,NA,NA,NA,NA,NA,NA,NA,NA,NA,0.96867931662312,112
"2211","Kadashan-Chum","Chum",1976,50505,13693,NA,NA,NA,50505,NA,NA,NA,NA,NA,NA,NA,NA,NA,NA,NA,NA,NA,NA,NA,NA,NA,NA,NA,NA,NA,NA,NA,NA,NA,NA,NA,1.30518758793105,112
"2212","Kadashan-Chum","Chum",1977,26128,19586,NA,NA,NA,26128,NA,NA,NA,NA,NA,NA,NA,NA,NA,NA,NA,NA,NA,NA,NA,NA,NA,NA,NA,NA,NA,NA,NA,NA,NA,NA,NA,0.288192510929507,112
"2213","Kadashan-Chum","Chum",1978,62029,9248,NA,NA,NA,62029,NA,NA,NA,NA,NA,NA,NA,NA,NA,NA,NA,NA,NA,NA,NA,NA,NA,NA,NA,NA,NA,NA,NA,NA,NA,NA,NA,1.90319470569339,112
"2214","Kadashan-Chum","Chum",1979,88316,10516,NA,NA,NA,88316,NA,NA,NA,NA,NA,NA,NA,NA,NA,NA,NA,NA,NA,NA,NA,NA,NA,NA,NA,NA,NA,NA,NA,NA,NA,NA,NA,2.12802338478046,112
"2215","Kadashan-Chum","Chum",1980,188283,37034,NA,NA,NA,188283,NA,NA,NA,NA,NA,NA,NA,NA,NA,NA,NA,NA,NA,NA,NA,NA,NA,NA,NA,NA,NA,NA,NA,NA,NA,NA,NA,1.62610974050612,112
"2216","Kadashan-Chum","Chum",1981,126755,16648,NA,NA,NA,126755,NA,NA,NA,NA,NA,NA,NA,NA,NA,NA,NA,NA,NA,NA,NA,NA,NA,NA,NA,NA,NA,NA,NA,NA,NA,NA,NA,2.02996600033367,112
"2217","Kadashan-Chum","Chum",1982,24525,14150,NA,NA,NA,24525,NA,NA,NA,NA,NA,NA,NA,NA,NA,NA,NA,NA,NA,NA,NA,NA,NA,NA,NA,NA,NA,NA,NA,NA,NA,NA,NA,0.54997838136218,112
"2218","Kadashan-Chum","Chum",1983,40314,36059,NA,NA,NA,40314,NA,NA,NA,NA,NA,NA,NA,NA,NA,NA,NA,NA,NA,NA,NA,NA,NA,NA,NA,NA,NA,NA,NA,NA,NA,NA,NA,0.111542317333937,112
"2219","Kadashan-Chum","Chum",1984,214105,52539,NA,NA,NA,214105,NA,NA,NA,NA,NA,NA,NA,NA,NA,NA,NA,NA,NA,NA,NA,NA,NA,NA,NA,NA,NA,NA,NA,NA,NA,NA,NA,1.40491079793741,112
"2220","Chilkat-Chum","Chum",1994,140111.3162,29289,NA,NA,5258.493647,94299.32771,39699.31895,854.175914,NA,NA,NA,NA,NA,NA,NA,NA,NA,NA,NA,NA,NA,NA,NA,NA,NA,NA,NA,NA,NA,NA,NA,NA,NA,1.56522520347491,113
"2221","Chilkat-Chum","Chum",1995,324887.3608,71416,NA,NA,6882.385726,262827.897,53665.05774,1512.020368,NA,NA,NA,NA,NA,NA,NA,NA,NA,NA,NA,NA,NA,NA,NA,NA,NA,NA,NA,NA,NA,NA,NA,NA,NA,1.51495660622535,113
"2222","Chilkat-Chum","Chum",1996,444811.2272,65158,NA,NA,21693.57867,245879.4618,176799.2007,438.986,NA,NA,NA,NA,NA,NA,NA,NA,NA,NA,NA,NA,NA,NA,NA,NA,NA,NA,NA,NA,NA,NA,NA,NA,NA,1.92083489403934,113
"2223","Chilkat-Chum","Chum",1997,251911.8013,84577,NA,NA,1148.062347,188678.4452,61080.35343,1004.94035,NA,NA,NA,NA,NA,NA,NA,NA,NA,NA,NA,NA,NA,NA,NA,NA,NA,NA,NA,NA,NA,NA,NA,NA,NA,1.09141666937048,113
"2224","Chilkat-Chum","Chum",1998,189620.3088,125478,NA,NA,3829.333737,156640.7396,29035.30084,114.9346808,NA,NA,NA,NA,NA,NA,NA,NA,NA,NA,NA,NA,NA,NA,NA,NA,NA,NA,NA,NA,NA,NA,NA,NA,NA,0.412893253608259,113
"2225","Chilkat-Chum","Chum",1999,247732.6045,274116,NA,NA,14973.92101,158450.0791,73420.47194,888.1325176,NA,NA,NA,NA,NA,NA,NA,NA,NA,NA,NA,NA,NA,NA,NA,NA,NA,NA,NA,NA,NA,NA,NA,NA,NA,-0.101201417642077,113
"2226","Chilkat-Chum","Chum",2000,368250.2992,242182,NA,NA,14149.68139,280006.5855,74094.03232,0,NA,NA,NA,NA,NA,NA,NA,NA,NA,NA,NA,NA,NA,NA,NA,NA,NA,NA,NA,NA,NA,NA,NA,NA,NA,0.419073358221545,113
"2227","Chilkat-Chum","Chum",2001,351938.656,301921,NA,NA,9213.008407,187255.5103,152124.795,3345.342347,NA,NA,NA,NA,NA,NA,NA,NA,NA,NA,NA,NA,NA,NA,NA,NA,NA,NA,NA,NA,NA,NA,NA,NA,NA,0.153291493933148,113
"2228","Chilkat-Chum","Chum",2002,672333.8177,206000,NA,NA,10782.32415,555099.2483,104929.2272,1523.018114,NA,NA,NA,NA,NA,NA,NA,NA,NA,NA,NA,NA,NA,NA,NA,NA,NA,NA,NA,NA,NA,NA,NA,NA,NA,1.18287880092264,113
"2229","Chilkat-Chum","Chum",2003,380770.9542,166000,NA,NA,31589.95678,255423.0368,88816.82026,4941.140412,NA,NA,NA,NA,NA,NA,NA,NA,NA,NA,NA,NA,NA,NA,NA,NA,NA,NA,NA,NA,NA,NA,NA,NA,NA,0.830210235916231,113
"2230","Chilkat-Chum","Chum",2004,627813.8981,310000,NA,NA,24794.39368,416947.3638,184087.4889,1984.651703,NA,NA,NA,NA,NA,NA,NA,NA,NA,NA,NA,NA,NA,NA,NA,NA,NA,NA,NA,NA,NA,NA,NA,NA,NA,0.705671484466357,113
"2231","Chilkat-Chum","Chum",2005,237985.0653,202000,NA,NA,10340.79781,193906.8061,32950.68568,786.7757222,NA,NA,NA,NA,NA,NA,NA,NA,NA,NA,NA,NA,NA,NA,NA,NA,NA,NA,NA,NA,NA,NA,NA,NA,NA,0.163940223461017,113
"2232","East Alsek-Chum","Chum",1960,26481,2000,NA,NA,NA,26481,NA,NA,NA,NA,NA,NA,NA,NA,NA,NA,NA,NA,NA,NA,NA,NA,NA,NA,NA,NA,NA,NA,NA,NA,NA,NA,NA,2.58328031414626,114
"2233","East Alsek-Chum","Chum",1961,12094,13700,NA,NA,NA,12094,NA,NA,NA,NA,NA,NA,NA,NA,NA,NA,NA,NA,NA,NA,NA,NA,NA,NA,NA,NA,NA,NA,NA,NA,NA,NA,NA,-0.124686370983058,114
"2234","East Alsek-Chum","Chum",1962,11396,32500,NA,NA,NA,11396,NA,NA,NA,NA,NA,NA,NA,NA,NA,NA,NA,NA,NA,NA,NA,NA,NA,NA,NA,NA,NA,NA,NA,NA,NA,NA,NA,-1.04797767270003,114
"2235","East Alsek-Chum","Chum",1965,24935,8000,NA,NA,NA,24935,NA,NA,NA,NA,NA,NA,NA,NA,NA,NA,NA,NA,NA,NA,NA,NA,NA,NA,NA,NA,NA,NA,NA,NA,NA,NA,NA,1.13683089731825,114
"2236","East Alsek-Chum","Chum",1969,18995,10000,NA,NA,NA,18995,NA,NA,NA,NA,NA,NA,NA,NA,NA,NA,NA,NA,NA,NA,NA,NA,NA,NA,NA,NA,NA,NA,NA,NA,NA,NA,NA,0.641590693645543,114
"2237","East Alsek-Chum","Chum",1972,27749,8000,NA,NA,NA,27749,NA,NA,NA,NA,NA,NA,NA,NA,NA,NA,NA,NA,NA,NA,NA,NA,NA,NA,NA,NA,NA,NA,NA,NA,NA,NA,NA,1.24375826182726,114
"2238","East Alsek-Chum","Chum",1973,29059,10000,NA,NA,NA,29059,NA,NA,NA,NA,NA,NA,NA,NA,NA,NA,NA,NA,NA,NA,NA,NA,NA,NA,NA,NA,NA,NA,NA,NA,NA,NA,NA,1.06674315299371,114
"2239","East Alsek-Chum","Chum",1974,15049,5000,NA,NA,NA,15049,NA,NA,NA,NA,NA,NA,NA,NA,NA,NA,NA,NA,NA,NA,NA,NA,NA,NA,NA,NA,NA,NA,NA,NA,NA,NA,NA,1.10187363137048,114
"2240","East Alsek-Chum","Chum",1975,10853,2000,NA,NA,NA,10853,NA,NA,NA,NA,NA,NA,NA,NA,NA,NA,NA,NA,NA,NA,NA,NA,NA,NA,NA,NA,NA,NA,NA,NA,NA,NA,NA,1.69129435890393,114
"2241","East Alsek-Chum","Chum",1976,60214,20000,NA,NA,NA,60214,NA,NA,NA,NA,NA,NA,NA,NA,NA,NA,NA,NA,NA,NA,NA,NA,NA,NA,NA,NA,NA,NA,NA,NA,NA,NA,NA,1.10217260986287,114
"2242","East Alsek-Chum","Chum",1977,20833,20000,NA,NA,NA,20833,NA,NA,NA,NA,NA,NA,NA,NA,NA,NA,NA,NA,NA,NA,NA,NA,NA,NA,NA,NA,NA,NA,NA,NA,NA,NA,NA,0.0408059943922537,114
"2243","East Alsek-Chum","Chum",1978,9367,8000,NA,NA,NA,9367,NA,NA,NA,NA,NA,NA,NA,NA,NA,NA,NA,NA,NA,NA,NA,NA,NA,NA,NA,NA,NA,NA,NA,NA,NA,NA,NA,0.157751332547158,114
"2244","East Alsek-Chum","Chum",1979,21302,3000,NA,NA,NA,21302,NA,NA,NA,NA,NA,NA,NA,NA,NA,NA,NA,NA,NA,NA,NA,NA,NA,NA,NA,NA,NA,NA,NA,NA,NA,NA,NA,1.96018867635286,114
"2245","East Alsek-Chum","Chum",1980,47320,40000,NA,NA,NA,47320,NA,NA,NA,NA,NA,NA,NA,NA,NA,NA,NA,NA,NA,NA,NA,NA,NA,NA,NA,NA,NA,NA,NA,NA,NA,NA,NA,0.16805358499625,114
"2246","East Alsek-Chum","Chum",1981,20188,10000,NA,NA,NA,20188,NA,NA,NA,NA,NA,NA,NA,NA,NA,NA,NA,NA,NA,NA,NA,NA,NA,NA,NA,NA,NA,NA,NA,NA,NA,NA,NA,0.70250327548397,114
"2247","East Alsek-Chum","Chum",1982,38030,3000,NA,NA,NA,38030,NA,NA,NA,NA,NA,NA,NA,NA,NA,NA,NA,NA,NA,NA,NA,NA,NA,NA,NA,NA,NA,NA,NA,NA,NA,NA,NA,2.53976303327206,114
"2248","East Alsek-Chum","Chum",1983,15289,10000,NA,NA,NA,15289,NA,NA,NA,NA,NA,NA,NA,NA,NA,NA,NA,NA,NA,NA,NA,NA,NA,NA,NA,NA,NA,NA,NA,NA,NA,NA,NA,0.424548522584431,114
"2249","East Alsek-Chum","Chum",1984,34556,15000,NA,NA,NA,34556,NA,NA,NA,NA,NA,NA,NA,NA,NA,NA,NA,NA,NA,NA,NA,NA,NA,NA,NA,NA,NA,NA,NA,NA,NA,NA,NA,0.834530995394428,114
"2250","East Alsek-Chum","Chum",1985,23475,7000,NA,NA,NA,23475,NA,NA,NA,NA,NA,NA,NA,NA,NA,NA,NA,NA,NA,NA,NA,NA,NA,NA,NA,NA,NA,NA,NA,NA,NA,NA,NA,1.21002587603901,114
"2251","East Alsek-Chum","Chum",1986,9271,20000,NA,NA,NA,9271,NA,NA,NA,NA,NA,NA,NA,NA,NA,NA,NA,NA,NA,NA,NA,NA,NA,NA,NA,NA,NA,NA,NA,NA,NA,NA,NA,-0.768841024929146,114
"2252","East Alsek-Chum","Chum",1987,6238,600,NA,NA,NA,6238,NA,NA,NA,NA,NA,NA,NA,NA,NA,NA,NA,NA,NA,NA,NA,NA,NA,NA,NA,NA,NA,NA,NA,NA,NA,NA,NA,2.3414852419516,114
"2253","PWS-Chum","Chum",1965,412761,195644,NA,NA,NA,412761,NA,NA,NA,NA,NA,NA,NA,NA,NA,NA,NA,NA,NA,NA,NA,NA,NA,NA,NA,NA,NA,NA,NA,NA,NA,NA,NA,0.74657205178119,115
"2254","PWS-Chum","Chum",1966,293071,142560,NA,NA,NA,293071,NA,NA,NA,NA,NA,NA,NA,NA,NA,NA,NA,NA,NA,NA,NA,NA,NA,NA,NA,NA,NA,NA,NA,NA,NA,NA,NA,0.720651936758733,115
"2255","PWS-Chum","Chum",1967,689322,127210,NA,NA,NA,689322,NA,NA,NA,NA,NA,NA,NA,NA,NA,NA,NA,NA,NA,NA,NA,NA,NA,NA,NA,NA,NA,NA,NA,NA,NA,NA,NA,1.68986924165113,115
"2256","PWS-Chum","Chum",1968,315278,74570,NA,NA,NA,315278,NA,NA,NA,NA,NA,NA,NA,NA,NA,NA,NA,NA,NA,NA,NA,NA,NA,NA,NA,NA,NA,NA,NA,NA,NA,NA,NA,1.4417165077433,115
"2257","PWS-Chum","Chum",1969,1231287,91540,NA,NA,NA,1231287,NA,NA,NA,NA,NA,NA,NA,NA,NA,NA,NA,NA,NA,NA,NA,NA,NA,NA,NA,NA,NA,NA,NA,NA,NA,NA,NA,2.59903920757071,115
"2258","PWS-Chum","Chum",1970,256110,61550,NA,NA,NA,256110,NA,NA,NA,NA,NA,NA,NA,NA,NA,NA,NA,NA,NA,NA,NA,NA,NA,NA,NA,NA,NA,NA,NA,NA,NA,NA,NA,1.42575718705986,115
"2259","PWS-Chum","Chum",1971,148566,109770,NA,NA,NA,148566,NA,NA,NA,NA,NA,NA,NA,NA,NA,NA,NA,NA,NA,NA,NA,NA,NA,NA,NA,NA,NA,NA,NA,NA,NA,NA,NA,0.302642036251796,115
"2260","PWS-Chum","Chum",1972,444157,269190,NA,NA,NA,444157,NA,NA,NA,NA,NA,NA,NA,NA,NA,NA,NA,NA,NA,NA,NA,NA,NA,NA,NA,NA,NA,NA,NA,NA,NA,NA,NA,0.500760653554732,115
"2261","PWS-Chum","Chum",1973,738898,491270,NA,NA,NA,738898,NA,NA,NA,NA,NA,NA,NA,NA,NA,NA,NA,NA,NA,NA,NA,NA,NA,NA,NA,NA,NA,NA,NA,NA,NA,NA,NA,0.40816601224179,115
"2262","PWS-Chum","Chum",1974,646001,166900,NA,NA,NA,646001,NA,NA,NA,NA,NA,NA,NA,NA,NA,NA,NA,NA,NA,NA,NA,NA,NA,NA,NA,NA,NA,NA,NA,NA,NA,NA,NA,1.35340622110123,115
"2263","PWS-Chum","Chum",1975,434424,47290,NA,NA,NA,434424,NA,NA,NA,NA,NA,NA,NA,NA,NA,NA,NA,NA,NA,NA,NA,NA,NA,NA,NA,NA,NA,NA,NA,NA,NA,NA,NA,2.21772215905658,115
"2264","PWS-Chum","Chum",1976,554327,73500,NA,NA,NA,554327,NA,NA,NA,NA,NA,NA,NA,NA,NA,NA,NA,NA,NA,NA,NA,NA,NA,NA,NA,NA,NA,NA,NA,NA,NA,NA,NA,2.02046935910546,115
"2265","PWS-Chum","Chum",1977,2017468,166205,NA,NA,NA,2017468,NA,NA,NA,NA,NA,NA,NA,NA,NA,NA,NA,NA,NA,NA,NA,NA,NA,NA,NA,NA,NA,NA,NA,NA,NA,NA,NA,2.49637657259925,115
"2266","PWS-Chum","Chum",1978,1598758,156230,NA,NA,NA,1598758,NA,NA,NA,NA,NA,NA,NA,NA,NA,NA,NA,NA,NA,NA,NA,NA,NA,NA,NA,NA,NA,NA,NA,NA,NA,NA,NA,2.32565307636603,115
"2267","PWS-Chum","Chum",1979,1334614,84825,NA,NA,NA,1334614,NA,NA,NA,NA,NA,NA,NA,NA,NA,NA,NA,NA,NA,NA,NA,NA,NA,NA,NA,NA,NA,NA,NA,NA,NA,NA,NA,2.75580707977866,115
"2268","PWS-Chum","Chum",1980,1431521,72113,NA,NA,NA,1431521,NA,NA,NA,NA,NA,NA,NA,NA,NA,NA,NA,NA,NA,NA,NA,NA,NA,NA,NA,NA,NA,NA,NA,NA,NA,NA,NA,2.98825846118757,115
"2269","PWS-Chum","Chum",1981,1383316,128737,NA,NA,NA,1383316,NA,NA,NA,NA,NA,NA,NA,NA,NA,NA,NA,NA,NA,NA,NA,NA,NA,NA,NA,NA,NA,NA,NA,NA,NA,NA,NA,2.37446723078549,115
"2270","PWS-Chum","Chum",1982,1912281,261755,NA,NA,NA,1912281,NA,NA,NA,NA,NA,NA,NA,NA,NA,NA,NA,NA,NA,NA,NA,NA,NA,NA,NA,NA,NA,NA,NA,NA,NA,NA,NA,1.98864309757507,115
"2271","PWS-Chum","Chum",1983,2264012,285575,NA,NA,NA,2264012,NA,NA,NA,NA,NA,NA,NA,NA,NA,NA,NA,NA,NA,NA,NA,NA,NA,NA,NA,NA,NA,NA,NA,NA,NA,NA,NA,2.07038904804237,115
"2272","PWS-Chum","Chum",1984,2294355,168742,NA,NA,NA,2294355,NA,NA,NA,NA,NA,NA,NA,NA,NA,NA,NA,NA,NA,NA,NA,NA,NA,NA,NA,NA,NA,NA,NA,NA,NA,NA,NA,2.60983611602079,115
"2273","PWS-Chum","Chum",1985,882020,89611,NA,NA,NA,882020,NA,NA,NA,NA,NA,NA,NA,NA,NA,NA,NA,NA,NA,NA,NA,NA,NA,NA,NA,NA,NA,NA,NA,NA,NA,NA,NA,2.28673665118399,115
"2274","PWS-Chum","Chum",1986,1242222,227538,NA,NA,NA,1242222,NA,NA,NA,NA,NA,NA,NA,NA,NA,NA,NA,NA,NA,NA,NA,NA,NA,NA,NA,NA,NA,NA,NA,NA,NA,NA,NA,1.69733973307239,115
"2275","PWS-Chum","Chum",1987,451332,312902,NA,NA,NA,451332,NA,NA,NA,NA,NA,NA,NA,NA,NA,NA,NA,NA,NA,NA,NA,NA,NA,NA,NA,NA,NA,NA,NA,NA,NA,NA,NA,0.366313168117117,115
"2276","PWS-Chum","Chum",1988,359598,484980,NA,NA,NA,359598,NA,NA,NA,NA,NA,NA,NA,NA,NA,NA,NA,NA,NA,NA,NA,NA,NA,NA,NA,NA,NA,NA,NA,NA,NA,NA,NA,-0.299120912127071,115
"2277","PWS-Chum","Chum",1989,820800,239659,NA,NA,NA,820800,NA,NA,NA,NA,NA,NA,NA,NA,NA,NA,NA,NA,NA,NA,NA,NA,NA,NA,NA,NA,NA,NA,NA,NA,NA,NA,NA,1.23106239474866,115
"2278","PWS-Chum","Chum",1990,769812,301660,NA,NA,NA,769812,NA,NA,NA,NA,NA,NA,NA,NA,NA,NA,NA,NA,NA,NA,NA,NA,NA,NA,NA,NA,NA,NA,NA,NA,NA,NA,NA,0.936845773852577,115
"2279","PWS-Chum","Chum",1991,672304,112928,NA,NA,NA,672304,NA,NA,NA,NA,NA,NA,NA,NA,NA,NA,NA,NA,NA,NA,NA,NA,NA,NA,NA,NA,NA,NA,NA,NA,NA,NA,NA,1.78396017168926,115
"2280","PWS-Chum","Chum",1992,1329207,85506,NA,NA,NA,1329207,NA,NA,NA,NA,NA,NA,NA,NA,NA,NA,NA,NA,NA,NA,NA,NA,NA,NA,NA,NA,NA,NA,NA,NA,NA,NA,NA,2.74375125387305,115
"2281","PWS-Chum","Chum",1993,1588083,114718,NA,NA,NA,1588083,NA,NA,NA,NA,NA,NA,NA,NA,NA,NA,NA,NA,NA,NA,NA,NA,NA,NA,NA,NA,NA,NA,NA,NA,NA,NA,NA,2.62780596449613,115
"2282","PWS-Chum","Chum",1994,962530,97968,NA,NA,NA,962530,NA,NA,NA,NA,NA,NA,NA,NA,NA,NA,NA,NA,NA,NA,NA,NA,NA,NA,NA,NA,NA,NA,NA,NA,NA,NA,NA,2.28492433977177,115
"2283","PWS-Chum","Chum",1995,2519843,147483,NA,NA,NA,2519843,NA,NA,NA,NA,NA,NA,NA,NA,NA,NA,NA,NA,NA,NA,NA,NA,NA,NA,NA,NA,NA,NA,NA,NA,NA,NA,NA,2.83823896207704,115
"2284","PWS-Chum","Chum",1996,3796760,292331,NA,NA,NA,3796760,NA,NA,NA,NA,NA,NA,NA,NA,NA,NA,NA,NA,NA,NA,NA,NA,NA,NA,NA,NA,NA,NA,NA,NA,NA,NA,NA,2.56401662852224,115
"2285","PWS-Chum","Chum",1997,2509802,172137,NA,NA,NA,2509802,NA,NA,NA,NA,NA,NA,NA,NA,NA,NA,NA,NA,NA,NA,NA,NA,NA,NA,NA,NA,NA,NA,NA,NA,NA,NA,NA,2.67966847315782,115
"2286","PWS-Chum","Chum",1998,4050278,209806,NA,NA,NA,4050278,NA,NA,NA,NA,NA,NA,NA,NA,NA,NA,NA,NA,NA,NA,NA,NA,NA,NA,NA,NA,NA,NA,NA,NA,NA,NA,NA,2.96035750550148,115
"2287","PWS-Chum","Chum",1999,2655455,336499,NA,NA,NA,2655455,NA,NA,NA,NA,NA,NA,NA,NA,NA,NA,NA,NA,NA,NA,NA,NA,NA,NA,NA,NA,NA,NA,NA,NA,NA,NA,NA,2.06577611644549,115
"2288","PWS-Chum","Chum",2000,1692941,363173,NA,NA,NA,1692941,NA,NA,NA,NA,NA,NA,NA,NA,NA,NA,NA,NA,NA,NA,NA,NA,NA,NA,NA,NA,NA,NA,NA,NA,NA,NA,NA,1.53934322738929,115
"2289","PWS-Chum","Chum",2001,1657611,347738,NA,NA,NA,1657611,NA,NA,NA,NA,NA,NA,NA,NA,NA,NA,NA,NA,NA,NA,NA,NA,NA,NA,NA,NA,NA,NA,NA,NA,NA,NA,NA,1.5616833654839,115
"2290","PWS-Chum","Chum",2002,1605563,257717,NA,NA,NA,1605563,NA,NA,NA,NA,NA,NA,NA,NA,NA,NA,NA,NA,NA,NA,NA,NA,NA,NA,NA,NA,NA,NA,NA,NA,NA,NA,NA,1.82936766920924,115
"2291","PWS-Chum","Chum",2003,2758870,413580,NA,NA,NA,2758870,NA,NA,NA,NA,NA,NA,NA,NA,NA,NA,NA,NA,NA,NA,NA,NA,NA,NA,NA,NA,NA,NA,NA,NA,NA,NA,NA,1.89772548846035,115
"2292","PWS-Chum","Chum",2004,4645827,219669,NA,NA,NA,4645827,NA,NA,NA,NA,NA,NA,NA,NA,NA,NA,NA,NA,NA,NA,NA,NA,NA,NA,NA,NA,NA,NA,NA,NA,NA,NA,NA,3.05160280837197,115
"2293","Kamishak-Chum","Chum",1971,30868,23000,NA,NA,NA,30868,NA,NA,NA,NA,NA,NA,NA,NA,NA,NA,NA,NA,NA,NA,NA,NA,NA,NA,NA,NA,NA,NA,NA,NA,NA,NA,NA,0.294225832666207,116
"2294","Kamishak-Chum","Chum",1972,132348,16600,NA,NA,NA,132348,NA,NA,NA,NA,NA,NA,NA,NA,NA,NA,NA,NA,NA,NA,NA,NA,NA,NA,NA,NA,NA,NA,NA,NA,NA,NA,NA,2.07603212174951,116
"2295","Kamishak-Chum","Chum",1973,127359,42000,NA,NA,NA,127359,NA,NA,NA,NA,NA,NA,NA,NA,NA,NA,NA,NA,NA,NA,NA,NA,NA,NA,NA,NA,NA,NA,NA,NA,NA,NA,NA,1.10934025202309,116
"2296","Kamishak-Chum","Chum",1974,184269,25200,NA,NA,NA,184269,NA,NA,NA,NA,NA,NA,NA,NA,NA,NA,NA,NA,NA,NA,NA,NA,NA,NA,NA,NA,NA,NA,NA,NA,NA,NA,NA,1.98955265199533,116
"2297","Kamishak-Chum","Chum",1975,93211,26000,NA,NA,NA,93211,NA,NA,NA,NA,NA,NA,NA,NA,NA,NA,NA,NA,NA,NA,NA,NA,NA,NA,NA,NA,NA,NA,NA,NA,NA,NA,NA,1.27676920245665,116
"2298","Kamishak-Chum","Chum",1976,103421,83500,NA,NA,NA,103421,NA,NA,NA,NA,NA,NA,NA,NA,NA,NA,NA,NA,NA,NA,NA,NA,NA,NA,NA,NA,NA,NA,NA,NA,NA,NA,NA,0.213961404374129,116
"2299","Kamishak-Chum","Chum",1977,158501,61700,NA,NA,NA,158501,NA,NA,NA,NA,NA,NA,NA,NA,NA,NA,NA,NA,NA,NA,NA,NA,NA,NA,NA,NA,NA,NA,NA,NA,NA,NA,NA,0.943476971534356,116
"2300","Kamishak-Chum","Chum",1978,215746,135600,NA,NA,NA,215746,NA,NA,NA,NA,NA,NA,NA,NA,NA,NA,NA,NA,NA,NA,NA,NA,NA,NA,NA,NA,NA,NA,NA,NA,NA,NA,NA,0.46439241430855,116
"2301","Kamishak-Chum","Chum",1979,274401,64500,NA,NA,NA,274401,NA,NA,NA,NA,NA,NA,NA,NA,NA,NA,NA,NA,NA,NA,NA,NA,NA,NA,NA,NA,NA,NA,NA,NA,NA,NA,NA,1.44792531635823,116
"2302","Kamishak-Chum","Chum",1980,153895,67500,NA,NA,NA,153895,NA,NA,NA,NA,NA,NA,NA,NA,NA,NA,NA,NA,NA,NA,NA,NA,NA,NA,NA,NA,NA,NA,NA,NA,NA,NA,NA,0.824142953809603,116
"2303","Kamishak-Chum","Chum",1981,41139,85000,NA,NA,NA,41139,NA,NA,NA,NA,NA,NA,NA,NA,NA,NA,NA,NA,NA,NA,NA,NA,NA,NA,NA,NA,NA,NA,NA,NA,NA,NA,NA,-0.72569467980449,116
"2304","Kamishak-Chum","Chum",1982,153570,106800,NA,NA,NA,153570,NA,NA,NA,NA,NA,NA,NA,NA,NA,NA,NA,NA,NA,NA,NA,NA,NA,NA,NA,NA,NA,NA,NA,NA,NA,NA,NA,0.363198562611507,116
"2305","Kamishak-Chum","Chum",1983,212565,131500,NA,NA,NA,212565,NA,NA,NA,NA,NA,NA,NA,NA,NA,NA,NA,NA,NA,NA,NA,NA,NA,NA,NA,NA,NA,NA,NA,NA,NA,NA,NA,0.480240972327124,116
"2306","Kamishak-Chum","Chum",1984,339479,83300,NA,NA,NA,339479,NA,NA,NA,NA,NA,NA,NA,NA,NA,NA,NA,NA,NA,NA,NA,NA,NA,NA,NA,NA,NA,NA,NA,NA,NA,NA,NA,1.40496354024271,116
"2307","Kamishak-Chum","Chum",1985,112009,33000,NA,NA,NA,112009,NA,NA,NA,NA,NA,NA,NA,NA,NA,NA,NA,NA,NA,NA,NA,NA,NA,NA,NA,NA,NA,NA,NA,NA,NA,NA,NA,1.22207166374301,116
"2308","Kamishak-Chum","Chum",1986,42497,91900,NA,NA,NA,42497,NA,NA,NA,NA,NA,NA,NA,NA,NA,NA,NA,NA,NA,NA,NA,NA,NA,NA,NA,NA,NA,NA,NA,NA,NA,NA,NA,-0.771267544158031,116
"2309","Kamishak-Chum","Chum",1987,58249,102000,NA,NA,NA,58249,NA,NA,NA,NA,NA,NA,NA,NA,NA,NA,NA,NA,NA,NA,NA,NA,NA,NA,NA,NA,NA,NA,NA,NA,NA,NA,NA,-0.560245888367797,116
"2310","Kamishak-Chum","Chum",1988,70551,118900,NA,NA,NA,70551,NA,NA,NA,NA,NA,NA,NA,NA,NA,NA,NA,NA,NA,NA,NA,NA,NA,NA,NA,NA,NA,NA,NA,NA,NA,NA,NA,-0.521946951153932,116
"2311","Kamishak-Chum","Chum",1989,67100,104200,NA,NA,NA,67100,NA,NA,NA,NA,NA,NA,NA,NA,NA,NA,NA,NA,NA,NA,NA,NA,NA,NA,NA,NA,NA,NA,NA,NA,NA,NA,NA,-0.44012808534163,116
"2312","Kamishak-Chum","Chum",1990,65414,38900,NA,NA,NA,65414,NA,NA,NA,NA,NA,NA,NA,NA,NA,NA,NA,NA,NA,NA,NA,NA,NA,NA,NA,NA,NA,NA,NA,NA,NA,NA,NA,0.519742052207909,116
"2313","Kamishak-Chum","Chum",1991,80500,50400,NA,NA,NA,80500,NA,NA,NA,NA,NA,NA,NA,NA,NA,NA,NA,NA,NA,NA,NA,NA,NA,NA,NA,NA,NA,NA,NA,NA,NA,NA,NA,0.468266009347195,116
"2314","Kamishak-Chum","Chum",1993,63503,66500,NA,NA,NA,63503,NA,NA,NA,NA,NA,NA,NA,NA,NA,NA,NA,NA,NA,NA,NA,NA,NA,NA,NA,NA,NA,NA,NA,NA,NA,NA,NA,-0.0461147987846414,116
"2315","Kamishak-Chum","Chum",1994,75220,65400,NA,NA,NA,75220,NA,NA,NA,NA,NA,NA,NA,NA,NA,NA,NA,NA,NA,NA,NA,NA,NA,NA,NA,NA,NA,NA,NA,NA,NA,NA,NA,0.139894894579037,116
"2316","Kamishak-Chum","Chum",1995,100623,70200,NA,NA,NA,100623,NA,NA,NA,NA,NA,NA,NA,NA,NA,NA,NA,NA,NA,NA,NA,NA,NA,NA,NA,NA,NA,NA,NA,NA,NA,NA,NA,0.360032548733039,116
"2317","Kamishak-Chum","Chum",1996,259869,78000,NA,NA,NA,259869,NA,NA,NA,NA,NA,NA,NA,NA,NA,NA,NA,NA,NA,NA,NA,NA,NA,NA,NA,NA,NA,NA,NA,NA,NA,NA,NA,1.20346883119896,116
"2318","Kamishak-Chum","Chum",1997,254466,63500,NA,NA,NA,254466,NA,NA,NA,NA,NA,NA,NA,NA,NA,NA,NA,NA,NA,NA,NA,NA,NA,NA,NA,NA,NA,NA,NA,NA,NA,NA,NA,1.38812732588241,116
"2319","Kamishak-Chum","Chum",1998,177404,75200,NA,NA,NA,177404,NA,NA,NA,NA,NA,NA,NA,NA,NA,NA,NA,NA,NA,NA,NA,NA,NA,NA,NA,NA,NA,NA,NA,NA,NA,NA,NA,0.858278386579802,116
"2320","Kamishak-Chum","Chum",2000,361995,193800,NA,NA,NA,361995,NA,NA,NA,NA,NA,NA,NA,NA,NA,NA,NA,NA,NA,NA,NA,NA,NA,NA,NA,NA,NA,NA,NA,NA,NA,NA,NA,0.62480370011902,116
"2321","Kamishak-Chum","Chum",2001,206943,169700,NA,NA,NA,206943,NA,NA,NA,NA,NA,NA,NA,NA,NA,NA,NA,NA,NA,NA,NA,NA,NA,NA,NA,NA,NA,NA,NA,NA,NA,NA,NA,0.198411220787183,116
"2322","Kamishak-Chum","Chum",2002,237294,142800,NA,NA,NA,237294,NA,NA,NA,NA,NA,NA,NA,NA,NA,NA,NA,NA,NA,NA,NA,NA,NA,NA,NA,NA,NA,NA,NA,NA,NA,NA,NA,0.507854828766514,116
"2323","Kamishak-Chum","Chum",2003,85837,196900,NA,NA,NA,85837,NA,NA,NA,NA,NA,NA,NA,NA,NA,NA,NA,NA,NA,NA,NA,NA,NA,NA,NA,NA,NA,NA,NA,NA,NA,NA,NA,-0.830245836675204,116
"2324","Kamishak-Chum","Chum",2004,164409,184600,NA,NA,NA,164409,NA,NA,NA,NA,NA,NA,NA,NA,NA,NA,NA,NA,NA,NA,NA,NA,NA,NA,NA,NA,NA,NA,NA,NA,NA,NA,NA,-0.115834096419552,116
"2325","Kamishak-Chum","Chum",2005,147774,123000,NA,NA,NA,147774,NA,NA,NA,NA,NA,NA,NA,NA,NA,NA,NA,NA,NA,NA,NA,NA,NA,NA,NA,NA,NA,NA,NA,NA,NA,NA,NA,0.183499724270626,116
"2326","Kamishak-Chum","Chum",2006,152782,180800,NA,NA,NA,152782,NA,NA,NA,NA,NA,NA,NA,NA,NA,NA,NA,NA,NA,NA,NA,NA,NA,NA,NA,NA,NA,NA,NA,NA,NA,NA,NA,-0.168379379211865,116
"2327","Outer CIn-Chum","Chum",1970,19324,19500,NA,NA,NA,19324,NA,NA,NA,NA,NA,NA,NA,NA,NA,NA,NA,NA,NA,NA,NA,NA,NA,NA,NA,NA,NA,NA,NA,NA,NA,NA,NA,-0.00906661887754093,117
"2328","Outer CIn-Chum","Chum",1971,52748,18500,NA,NA,NA,52748,NA,NA,NA,NA,NA,NA,NA,NA,NA,NA,NA,NA,NA,NA,NA,NA,NA,NA,NA,NA,NA,NA,NA,NA,NA,NA,NA,1.04775512486117,117
"2329","Outer CIn-Chum","Chum",1972,17912,14000,NA,NA,NA,17912,NA,NA,NA,NA,NA,NA,NA,NA,NA,NA,NA,NA,NA,NA,NA,NA,NA,NA,NA,NA,NA,NA,NA,NA,NA,NA,NA,0.246413549681195,117
"2330","Outer CIn-Chum","Chum",1973,103567,19000,NA,NA,NA,103567,NA,NA,NA,NA,NA,NA,NA,NA,NA,NA,NA,NA,NA,NA,NA,NA,NA,NA,NA,NA,NA,NA,NA,NA,NA,NA,NA,1.69577976709806,117
"2331","Outer CIn-Chum","Chum",1974,60724,7400,NA,NA,NA,60724,NA,NA,NA,NA,NA,NA,NA,NA,NA,NA,NA,NA,NA,NA,NA,NA,NA,NA,NA,NA,NA,NA,NA,NA,NA,NA,NA,2.10485900686034,117
"2332","Outer CIn-Chum","Chum",1975,244758,41400,NA,NA,NA,244758,NA,NA,NA,NA,NA,NA,NA,NA,NA,NA,NA,NA,NA,NA,NA,NA,NA,NA,NA,NA,NA,NA,NA,NA,NA,NA,NA,1.77698908645987,117
"2333","Outer CIn-Chum","Chum",1976,74446,17500,NA,NA,NA,74446,NA,NA,NA,NA,NA,NA,NA,NA,NA,NA,NA,NA,NA,NA,NA,NA,NA,NA,NA,NA,NA,NA,NA,NA,NA,NA,NA,1.4478731494234,117
"2334","Outer CIn-Chum","Chum",1977,285493,33400,NA,NA,NA,285493,NA,NA,NA,NA,NA,NA,NA,NA,NA,NA,NA,NA,NA,NA,NA,NA,NA,NA,NA,NA,NA,NA,NA,NA,NA,NA,NA,2.14566161042404,117
"2335","Outer CIn-Chum","Chum",1978,84775,41500,NA,NA,NA,84775,NA,NA,NA,NA,NA,NA,NA,NA,NA,NA,NA,NA,NA,NA,NA,NA,NA,NA,NA,NA,NA,NA,NA,NA,NA,NA,NA,0.71430726077505,117
"2336","Outer CIn-Chum","Chum",1979,77003,64200,NA,NA,NA,77003,NA,NA,NA,NA,NA,NA,NA,NA,NA,NA,NA,NA,NA,NA,NA,NA,NA,NA,NA,NA,NA,NA,NA,NA,NA,NA,NA,0.181841171437768,117
"2337","Outer CIn-Chum","Chum",1980,43877,42200,NA,NA,NA,43877,NA,NA,NA,NA,NA,NA,NA,NA,NA,NA,NA,NA,NA,NA,NA,NA,NA,NA,NA,NA,NA,NA,NA,NA,NA,NA,NA,0.0389700437507269,117
"2338","Outer CIn-Chum","Chum",1981,29344,47100,NA,NA,NA,29344,NA,NA,NA,NA,NA,NA,NA,NA,NA,NA,NA,NA,NA,NA,NA,NA,NA,NA,NA,NA,NA,NA,NA,NA,NA,NA,NA,-0.473184904948318,117
"2339","Outer CIn-Chum","Chum",1982,26501,21700,NA,NA,NA,26501,NA,NA,NA,NA,NA,NA,NA,NA,NA,NA,NA,NA,NA,NA,NA,NA,NA,NA,NA,NA,NA,NA,NA,NA,NA,NA,NA,0.19987020758284,117
"2340","Outer CIn-Chum","Chum",1983,49963,49800,NA,NA,NA,49963,NA,NA,NA,NA,NA,NA,NA,NA,NA,NA,NA,NA,NA,NA,NA,NA,NA,NA,NA,NA,NA,NA,NA,NA,NA,NA,NA,0.00326774746238915,117
"2341","Outer CIn-Chum","Chum",1984,96902,40800,NA,NA,NA,96902,NA,NA,NA,NA,NA,NA,NA,NA,NA,NA,NA,NA,NA,NA,NA,NA,NA,NA,NA,NA,NA,NA,NA,NA,NA,NA,NA,0.865018077108487,117
"2342","Outer CIn-Chum","Chum",1985,11143,17500,NA,NA,NA,11143,NA,NA,NA,NA,NA,NA,NA,NA,NA,NA,NA,NA,NA,NA,NA,NA,NA,NA,NA,NA,NA,NA,NA,NA,NA,NA,NA,-0.451389382864551,117
"2343","Outer CIn-Chum","Chum",1986,5814,14800,NA,NA,NA,5814,NA,NA,NA,NA,NA,NA,NA,NA,NA,NA,NA,NA,NA,NA,NA,NA,NA,NA,NA,NA,NA,NA,NA,NA,NA,NA,NA,-0.934358378633385,117
"2344","Outer CIn-Chum","Chum",1987,41837,21300,NA,NA,NA,41837,NA,NA,NA,NA,NA,NA,NA,NA,NA,NA,NA,NA,NA,NA,NA,NA,NA,NA,NA,NA,NA,NA,NA,NA,NA,NA,NA,0.675074042749755,117
"2345","Outer CIn-Chum","Chum",1988,14781,25700,NA,NA,NA,14781,NA,NA,NA,NA,NA,NA,NA,NA,NA,NA,NA,NA,NA,NA,NA,NA,NA,NA,NA,NA,NA,NA,NA,NA,NA,NA,NA,-0.553148419671238,117
"2346","Outer CIn-Chum","Chum",1989,12570,11100,NA,NA,NA,12570,NA,NA,NA,NA,NA,NA,NA,NA,NA,NA,NA,NA,NA,NA,NA,NA,NA,NA,NA,NA,NA,NA,NA,NA,NA,NA,NA,0.124367914283868,117
"2347","Outer CIn-Chum","Chum",1990,25232,5200,NA,NA,NA,25232,NA,NA,NA,NA,NA,NA,NA,NA,NA,NA,NA,NA,NA,NA,NA,NA,NA,NA,NA,NA,NA,NA,NA,NA,NA,NA,NA,1.5794544046333,117
"2348","Outer CIn-Chum","Chum",1991,20774,27500,NA,NA,NA,20774,NA,NA,NA,NA,NA,NA,NA,NA,NA,NA,NA,NA,NA,NA,NA,NA,NA,NA,NA,NA,NA,NA,NA,NA,NA,NA,NA,-0.280483799866906,117
"2349","Outer CIn-Chum","Chum",1992,17903,14600,NA,NA,NA,17903,NA,NA,NA,NA,NA,NA,NA,NA,NA,NA,NA,NA,NA,NA,NA,NA,NA,NA,NA,NA,NA,NA,NA,NA,NA,NA,NA,0.203946767854845,117
"2350","Outer CIn-Chum","Chum",1993,22775,11600,NA,NA,NA,22775,NA,NA,NA,NA,NA,NA,NA,NA,NA,NA,NA,NA,NA,NA,NA,NA,NA,NA,NA,NA,NA,NA,NA,NA,NA,NA,NA,0.674658345033703,117
"2351","Outer CIn-Chum","Chum",1994,16311,25200,NA,NA,NA,16311,NA,NA,NA,NA,NA,NA,NA,NA,NA,NA,NA,NA,NA,NA,NA,NA,NA,NA,NA,NA,NA,NA,NA,NA,NA,NA,NA,-0.435004267685484,117
"2352","Outer CIn-Chum","Chum",1995,45362,20300,NA,NA,NA,45362,NA,NA,NA,NA,NA,NA,NA,NA,NA,NA,NA,NA,NA,NA,NA,NA,NA,NA,NA,NA,NA,NA,NA,NA,NA,NA,NA,0.804053864110503,117
"2353","Outer CIn-Chum","Chum",1996,39902,17900,NA,NA,NA,39902,NA,NA,NA,NA,NA,NA,NA,NA,NA,NA,NA,NA,NA,NA,NA,NA,NA,NA,NA,NA,NA,NA,NA,NA,NA,NA,NA,0.80162573510616,117
"2354","Outer CIn-Chum","Chum",1997,17608,21200,NA,NA,NA,17608,NA,NA,NA,NA,NA,NA,NA,NA,NA,NA,NA,NA,NA,NA,NA,NA,NA,NA,NA,NA,NA,NA,NA,NA,NA,NA,NA,-0.185647837453806,117
"2355","Outer CIn-Chum","Chum",1998,46510,15700,NA,NA,NA,46510,NA,NA,NA,NA,NA,NA,NA,NA,NA,NA,NA,NA,NA,NA,NA,NA,NA,NA,NA,NA,NA,NA,NA,NA,NA,NA,NA,1.08600663088174,117
"2356","Outer CIn-Chum","Chum",1999,40237,43300,NA,NA,NA,40237,NA,NA,NA,NA,NA,NA,NA,NA,NA,NA,NA,NA,NA,NA,NA,NA,NA,NA,NA,NA,NA,NA,NA,NA,NA,NA,NA,-0.0733656646800465,117
"2357","Outer CIn-Chum","Chum",2000,72111,39600,NA,NA,NA,72111,NA,NA,NA,NA,NA,NA,NA,NA,NA,NA,NA,NA,NA,NA,NA,NA,NA,NA,NA,NA,NA,NA,NA,NA,NA,NA,NA,0.599377480274199,117
"2358","Outer CIn-Chum","Chum",2001,47124,17200,NA,NA,NA,47124,NA,NA,NA,NA,NA,NA,NA,NA,NA,NA,NA,NA,NA,NA,NA,NA,NA,NA,NA,NA,NA,NA,NA,NA,NA,NA,NA,1.00787304156447,117
"2359","Outer CIn-Chum","Chum",2002,37683,42700,NA,NA,NA,37683,NA,NA,NA,NA,NA,NA,NA,NA,NA,NA,NA,NA,NA,NA,NA,NA,NA,NA,NA,NA,NA,NA,NA,NA,NA,NA,NA,-0.124989855861353,117
"2360","Outer CIn-Chum","Chum",2003,12449,40100,NA,NA,NA,12449,NA,NA,NA,NA,NA,NA,NA,NA,NA,NA,NA,NA,NA,NA,NA,NA,NA,NA,NA,NA,NA,NA,NA,NA,NA,NA,NA,-1.16973603591287,117
"2361","Outer CIn-Chum","Chum",2004,135819,44200,NA,NA,NA,135819,NA,NA,NA,NA,NA,NA,NA,NA,NA,NA,NA,NA,NA,NA,NA,NA,NA,NA,NA,NA,NA,NA,NA,NA,NA,NA,NA,1.12259832788898,117
"2362","Outer CIn-Chum","Chum",2005,56926,34600,NA,NA,NA,56926,NA,NA,NA,NA,NA,NA,NA,NA,NA,NA,NA,NA,NA,NA,NA,NA,NA,NA,NA,NA,NA,NA,NA,NA,NA,NA,NA,0.497898496705916,117
"2363","Outer CIn-Chum","Chum",2006,42563,24800,NA,NA,NA,42563,NA,NA,NA,NA,NA,NA,NA,NA,NA,NA,NA,NA,NA,NA,NA,NA,NA,NA,NA,NA,NA,NA,NA,NA,NA,NA,NA,0.540141678100044,117
"2364","S CIn-Chum","Chum",1970,3225,900,NA,NA,NA,3225,NA,NA,NA,NA,NA,NA,NA,NA,NA,NA,NA,NA,NA,NA,NA,NA,NA,NA,NA,NA,NA,NA,NA,NA,NA,NA,NA,1.27629346590556,118
"2365","S CIn-Chum","Chum",1971,8428,1000,NA,NA,NA,8428,NA,NA,NA,NA,NA,NA,NA,NA,NA,NA,NA,NA,NA,NA,NA,NA,NA,NA,NA,NA,NA,NA,NA,NA,NA,NA,NA,2.13155949594194,118
"2366","S CIn-Chum","Chum",1972,1917,1500,NA,NA,NA,1917,NA,NA,NA,NA,NA,NA,NA,NA,NA,NA,NA,NA,NA,NA,NA,NA,NA,NA,NA,NA,NA,NA,NA,NA,NA,NA,NA,0.245296355955343,118
"2367","S CIn-Chum","Chum",1973,11934,2000,NA,NA,NA,11934,NA,NA,NA,NA,NA,NA,NA,NA,NA,NA,NA,NA,NA,NA,NA,NA,NA,NA,NA,NA,NA,NA,NA,NA,NA,NA,NA,1.78624428853994,118
"2368","S CIn-Chum","Chum",1974,10325,500,NA,NA,NA,10325,NA,NA,NA,NA,NA,NA,NA,NA,NA,NA,NA,NA,NA,NA,NA,NA,NA,NA,NA,NA,NA,NA,NA,NA,NA,NA,NA,3.02771531940704,118
"2369","S CIn-Chum","Chum",1975,10421,3000,NA,NA,NA,10421,NA,NA,NA,NA,NA,NA,NA,NA,NA,NA,NA,NA,NA,NA,NA,NA,NA,NA,NA,NA,NA,NA,NA,NA,NA,NA,NA,1.24521071234218,118
"2370","S CIn-Chum","Chum",1976,5705,400,NA,NA,NA,5705,NA,NA,NA,NA,NA,NA,NA,NA,NA,NA,NA,NA,NA,NA,NA,NA,NA,NA,NA,NA,NA,NA,NA,NA,NA,NA,NA,2.65763371518819,118
"2371","S CIn-Chum","Chum",1977,25720,5200,NA,NA,NA,25720,NA,NA,NA,NA,NA,NA,NA,NA,NA,NA,NA,NA,NA,NA,NA,NA,NA,NA,NA,NA,NA,NA,NA,NA,NA,NA,NA,1.59861027378204,118
"2372","S CIn-Chum","Chum",1978,20966,4800,NA,NA,NA,20966,NA,NA,NA,NA,NA,NA,NA,NA,NA,NA,NA,NA,NA,NA,NA,NA,NA,NA,NA,NA,NA,NA,NA,NA,NA,NA,NA,1.47428616011654,118
"2373","S CIn-Chum","Chum",1979,16181,2200,NA,NA,NA,16181,NA,NA,NA,NA,NA,NA,NA,NA,NA,NA,NA,NA,NA,NA,NA,NA,NA,NA,NA,NA,NA,NA,NA,NA,NA,NA,NA,1.9953803540534,118
"2374","S CIn-Chum","Chum",1980,11698,1100,NA,NA,NA,11698,NA,NA,NA,NA,NA,NA,NA,NA,NA,NA,NA,NA,NA,NA,NA,NA,NA,NA,NA,NA,NA,NA,NA,NA,NA,NA,NA,2.36410770721651,118
"2375","S CIn-Chum","Chum",1981,6009,4800,NA,NA,NA,6009,NA,NA,NA,NA,NA,NA,NA,NA,NA,NA,NA,NA,NA,NA,NA,NA,NA,NA,NA,NA,NA,NA,NA,NA,NA,NA,NA,0.224642427437946,118
"2376","S CIn-Chum","Chum",1982,6160,2500,NA,NA,NA,6160,NA,NA,NA,NA,NA,NA,NA,NA,NA,NA,NA,NA,NA,NA,NA,NA,NA,NA,NA,NA,NA,NA,NA,NA,NA,NA,NA,0.901786045671273,118
"2377","S CIn-Chum","Chum",1983,6530,1900,NA,NA,NA,6530,NA,NA,NA,NA,NA,NA,NA,NA,NA,NA,NA,NA,NA,NA,NA,NA,NA,NA,NA,NA,NA,NA,NA,NA,NA,NA,NA,1.23455305711594,118
"2378","S CIn-Chum","Chum",1984,10742,2100,NA,NA,NA,10742,NA,NA,NA,NA,NA,NA,NA,NA,NA,NA,NA,NA,NA,NA,NA,NA,NA,NA,NA,NA,NA,NA,NA,NA,NA,NA,NA,1.63222394675389,118
"2379","S CIn-Chum","Chum",1985,4441,500,NA,NA,NA,4441,NA,NA,NA,NA,NA,NA,NA,NA,NA,NA,NA,NA,NA,NA,NA,NA,NA,NA,NA,NA,NA,NA,NA,NA,NA,NA,NA,2.18402675686991,118
"2380","S CIn-Chum","Chum",1986,5033,600,NA,NA,NA,5033,NA,NA,NA,NA,NA,NA,NA,NA,NA,NA,NA,NA,NA,NA,NA,NA,NA,NA,NA,NA,NA,NA,NA,NA,NA,NA,NA,2.12684185156021,118
"2381","S CIn-Chum","Chum",1987,3034,1500,NA,NA,NA,3034,NA,NA,NA,NA,NA,NA,NA,NA,NA,NA,NA,NA,NA,NA,NA,NA,NA,NA,NA,NA,NA,NA,NA,NA,NA,NA,NA,0.704416772818176,118
"2382","S CIn-Chum","Chum",1988,3280,3000,NA,NA,NA,3280,NA,NA,NA,NA,NA,NA,NA,NA,NA,NA,NA,NA,NA,NA,NA,NA,NA,NA,NA,NA,NA,NA,NA,NA,NA,NA,NA,0.0892311337279426,118
"2383","S CIn-Chum","Chum",1989,5288,1300,NA,NA,NA,5288,NA,NA,NA,NA,NA,NA,NA,NA,NA,NA,NA,NA,NA,NA,NA,NA,NA,NA,NA,NA,NA,NA,NA,NA,NA,NA,NA,1.40307583808189,118
"2384","S CIn-Chum","Chum",1990,7830,2600,NA,NA,NA,7830,NA,NA,NA,NA,NA,NA,NA,NA,NA,NA,NA,NA,NA,NA,NA,NA,NA,NA,NA,NA,NA,NA,NA,NA,NA,NA,NA,1.10245106497528,118
"2385","S CIn-Chum","Chum",1991,8330,1100,NA,NA,NA,8330,NA,NA,NA,NA,NA,NA,NA,NA,NA,NA,NA,NA,NA,NA,NA,NA,NA,NA,NA,NA,NA,NA,NA,NA,NA,NA,NA,2.02455327637443,118
"2386","S CIn-Chum","Chum",1992,7211,1400,NA,NA,NA,7211,NA,NA,NA,NA,NA,NA,NA,NA,NA,NA,NA,NA,NA,NA,NA,NA,NA,NA,NA,NA,NA,NA,NA,NA,NA,NA,NA,1.63913540131341,118
"2387","S CIn-Chum","Chum",1993,8358,2500,NA,NA,NA,8358,NA,NA,NA,NA,NA,NA,NA,NA,NA,NA,NA,NA,NA,NA,NA,NA,NA,NA,NA,NA,NA,NA,NA,NA,NA,NA,NA,1.20692843215157,118
"2388","S CIn-Chum","Chum",1994,9055,5200,NA,NA,NA,9055,NA,NA,NA,NA,NA,NA,NA,NA,NA,NA,NA,NA,NA,NA,NA,NA,NA,NA,NA,NA,NA,NA,NA,NA,NA,NA,NA,0.554658465747995,118
"2389","S CIn-Chum","Chum",1995,11224,3800,NA,NA,NA,11224,NA,NA,NA,NA,NA,NA,NA,NA,NA,NA,NA,NA,NA,NA,NA,NA,NA,NA,NA,NA,NA,NA,NA,NA,NA,NA,NA,1.08305327606782,118
"2390","S CIn-Chum","Chum",1996,16739,3700,NA,NA,NA,16739,NA,NA,NA,NA,NA,NA,NA,NA,NA,NA,NA,NA,NA,NA,NA,NA,NA,NA,NA,NA,NA,NA,NA,NA,NA,NA,NA,1.5094085064703,118
"2391","S CIn-Chum","Chum",1997,9780,4100,NA,NA,NA,9780,NA,NA,NA,NA,NA,NA,NA,NA,NA,NA,NA,NA,NA,NA,NA,NA,NA,NA,NA,NA,NA,NA,NA,NA,NA,NA,NA,0.869352510336464,118
"2392","S CIn-Chum","Chum",1998,10103,5100,NA,NA,NA,10103,NA,NA,NA,NA,NA,NA,NA,NA,NA,NA,NA,NA,NA,NA,NA,NA,NA,NA,NA,NA,NA,NA,NA,NA,NA,NA,NA,0.683591869715315,118
"2393","S CIn-Chum","Chum",1999,8630,6600,NA,NA,NA,8630,NA,NA,NA,NA,NA,NA,NA,NA,NA,NA,NA,NA,NA,NA,NA,NA,NA,NA,NA,NA,NA,NA,NA,NA,NA,NA,NA,0.268174856062957,118
"2394","S CIn-Chum","Chum",2000,2572,11400,NA,NA,NA,2572,NA,NA,NA,NA,NA,NA,NA,NA,NA,NA,NA,NA,NA,NA,NA,NA,NA,NA,NA,NA,NA,NA,NA,NA,NA,NA,NA,-1.48892954902508,118
"2395","S CIn-Chum","Chum",2001,2448,6000,NA,NA,NA,2448,NA,NA,NA,NA,NA,NA,NA,NA,NA,NA,NA,NA,NA,NA,NA,NA,NA,NA,NA,NA,NA,NA,NA,NA,NA,NA,NA,-0.896488104577975,118
"2396","S CIn-Chum","Chum",2002,4382,5300,NA,NA,NA,4382,NA,NA,NA,NA,NA,NA,NA,NA,NA,NA,NA,NA,NA,NA,NA,NA,NA,NA,NA,NA,NA,NA,NA,NA,NA,NA,NA,-0.190201579384801,118
"2397","S CIn-Chum","Chum",2003,3464,2900,NA,NA,NA,3464,NA,NA,NA,NA,NA,NA,NA,NA,NA,NA,NA,NA,NA,NA,NA,NA,NA,NA,NA,NA,NA,NA,NA,NA,NA,NA,NA,0.17771325370776,118
"2398","S CIn-Chum","Chum",2004,3260,1200,NA,NA,NA,3260,NA,NA,NA,NA,NA,NA,NA,NA,NA,NA,NA,NA,NA,NA,NA,NA,NA,NA,NA,NA,NA,NA,NA,NA,NA,NA,NA,0.999405638584662,118
"2399","S CIn-Chum","Chum",2005,3274,700,NA,NA,NA,3274,NA,NA,NA,NA,NA,NA,NA,NA,NA,NA,NA,NA,NA,NA,NA,NA,NA,NA,NA,NA,NA,NA,NA,NA,NA,NA,NA,1.54268742288768,118
"2400","S CIn-Chum","Chum",2006,2903,2200,NA,NA,NA,2903,NA,NA,NA,NA,NA,NA,NA,NA,NA,NA,NA,NA,NA,NA,NA,NA,NA,NA,NA,NA,NA,NA,NA,NA,NA,NA,NA,0.277287324678223,118
"2401","Upper CIn-Chum","Chum",1971,25897,5000,NA,NA,NA,25897,NA,NA,NA,NA,NA,NA,NA,NA,NA,NA,NA,NA,NA,NA,NA,NA,NA,NA,NA,NA,NA,NA,NA,NA,NA,NA,NA,1.64468921944674,119
"2402","Upper CIn-Chum","Chum",1973,55283,8450,NA,NA,NA,55283,NA,NA,NA,NA,NA,NA,NA,NA,NA,NA,NA,NA,NA,NA,NA,NA,NA,NA,NA,NA,NA,NA,NA,NA,NA,NA,NA,1.87829900579292,119
"2403","Upper CIn-Chum","Chum",1974,32739,1800,NA,NA,NA,32739,NA,NA,NA,NA,NA,NA,NA,NA,NA,NA,NA,NA,NA,NA,NA,NA,NA,NA,NA,NA,NA,NA,NA,NA,NA,NA,NA,2.90078036289694,119
"2404","Upper CIn-Chum","Chum",1975,18204,4400,NA,NA,NA,18204,NA,NA,NA,NA,NA,NA,NA,NA,NA,NA,NA,NA,NA,NA,NA,NA,NA,NA,NA,NA,NA,NA,NA,NA,NA,NA,NA,1.42003680923018,119
"2405","Upper CIn-Chum","Chum",1976,33137,16900,NA,NA,NA,33137,NA,NA,NA,NA,NA,NA,NA,NA,NA,NA,NA,NA,NA,NA,NA,NA,NA,NA,NA,NA,NA,NA,NA,NA,NA,NA,NA,0.673336860926487,119
"2406","Upper CIn-Chum","Chum",1977,17812,12700,NA,NA,NA,17812,NA,NA,NA,NA,NA,NA,NA,NA,NA,NA,NA,NA,NA,NA,NA,NA,NA,NA,NA,NA,NA,NA,NA,NA,NA,NA,NA,0.33827039399491,119
"2407","Upper CIn-Chum","Chum",1978,34870,6950,NA,NA,NA,34870,NA,NA,NA,NA,NA,NA,NA,NA,NA,NA,NA,NA,NA,NA,NA,NA,NA,NA,NA,NA,NA,NA,NA,NA,NA,NA,NA,1.61288520111086,119
"2408","Upper CIn-Chum","Chum",1979,25169,2750,NA,NA,NA,25169,NA,NA,NA,NA,NA,NA,NA,NA,NA,NA,NA,NA,NA,NA,NA,NA,NA,NA,NA,NA,NA,NA,NA,NA,NA,NA,NA,2.21401216684239,119
"2409","Upper CIn-Chum","Chum",1980,26931,6100,NA,NA,NA,26931,NA,NA,NA,NA,NA,NA,NA,NA,NA,NA,NA,NA,NA,NA,NA,NA,NA,NA,NA,NA,NA,NA,NA,NA,NA,NA,NA,1.4849892682634,119
"2410","Upper CIn-Chum","Chum",1981,10481,9275,NA,NA,NA,10481,NA,NA,NA,NA,NA,NA,NA,NA,NA,NA,NA,NA,NA,NA,NA,NA,NA,NA,NA,NA,NA,NA,NA,NA,NA,NA,NA,0.122241485694541,119
"2411","Upper CIn-Chum","Chum",1982,27912,18100,NA,NA,NA,27912,NA,NA,NA,NA,NA,NA,NA,NA,NA,NA,NA,NA,NA,NA,NA,NA,NA,NA,NA,NA,NA,NA,NA,NA,NA,NA,NA,0.433144765612693,119
"2412","Upper CIn-Chum","Chum",1983,34635,12100,NA,NA,NA,34635,NA,NA,NA,NA,NA,NA,NA,NA,NA,NA,NA,NA,NA,NA,NA,NA,NA,NA,NA,NA,NA,NA,NA,NA,NA,NA,NA,1.05165927887187,119
"2413","Upper CIn-Chum","Chum",1985,10918,3750,NA,NA,NA,10918,NA,NA,NA,NA,NA,NA,NA,NA,NA,NA,NA,NA,NA,NA,NA,NA,NA,NA,NA,NA,NA,NA,NA,NA,NA,NA,NA,1.06865696337725,119
"2414","Upper CIn-Chum","Chum",1986,16550,9925,NA,NA,NA,16550,NA,NA,NA,NA,NA,NA,NA,NA,NA,NA,NA,NA,NA,NA,NA,NA,NA,NA,NA,NA,NA,NA,NA,NA,NA,NA,NA,0.511329275249818,119
"2415","Upper CIn-Chum","Chum",1987,23183,7725,NA,NA,NA,23183,NA,NA,NA,NA,NA,NA,NA,NA,NA,NA,NA,NA,NA,NA,NA,NA,NA,NA,NA,NA,NA,NA,NA,NA,NA,NA,NA,1.09895742866895,119
"2416","Upper CIn-Chum","Chum",1989,1809,2850,NA,NA,NA,1809,NA,NA,NA,NA,NA,NA,NA,NA,NA,NA,NA,NA,NA,NA,NA,NA,NA,NA,NA,NA,NA,NA,NA,NA,NA,NA,NA,-0.454544787867401,119
"2417","Upper CIn-Chum","Chum",1990,11125,5900,NA,NA,NA,11125,NA,NA,NA,NA,NA,NA,NA,NA,NA,NA,NA,NA,NA,NA,NA,NA,NA,NA,NA,NA,NA,NA,NA,NA,NA,NA,NA,0.63424247714063,119
"2418","Upper CIn-Chum","Chum",1991,15045,8240,NA,NA,NA,15045,NA,NA,NA,NA,NA,NA,NA,NA,NA,NA,NA,NA,NA,NA,NA,NA,NA,NA,NA,NA,NA,NA,NA,NA,NA,NA,NA,0.602045366160628,119
"2419","Upper CIn-Chum","Chum",1992,6855,8000,NA,NA,NA,6855,NA,NA,NA,NA,NA,NA,NA,NA,NA,NA,NA,NA,NA,NA,NA,NA,NA,NA,NA,NA,NA,NA,NA,NA,NA,NA,NA,-0.154463228665558,119
"2420","Upper CIn-Chum","Chum",1993,9292,1272,NA,NA,NA,9292,NA,NA,NA,NA,NA,NA,NA,NA,NA,NA,NA,NA,NA,NA,NA,NA,NA,NA,NA,NA,NA,NA,NA,NA,NA,NA,NA,1.98856334999023,119
"2421","Upper CIn-Chum","Chum",1994,4040,4350,NA,NA,NA,4040,NA,NA,NA,NA,NA,NA,NA,NA,NA,NA,NA,NA,NA,NA,NA,NA,NA,NA,NA,NA,NA,NA,NA,NA,NA,NA,NA,-0.073931153127534,119
"2422","Upper CIn-Chum","Chum",1995,7261,3950,NA,NA,NA,7261,NA,NA,NA,NA,NA,NA,NA,NA,NA,NA,NA,NA,NA,NA,NA,NA,NA,NA,NA,NA,NA,NA,NA,NA,NA,NA,NA,0.608801981485079,119
"2423","Upper CIn-Chum","Chum",1996,34100,6715,NA,NA,NA,34100,NA,NA,NA,NA,NA,NA,NA,NA,NA,NA,NA,NA,NA,NA,NA,NA,NA,NA,NA,NA,NA,NA,NA,NA,NA,NA,NA,1.62495355431427,119
"2424","Upper CIn-Chum","Chum",1997,18220,9190,NA,NA,NA,18220,NA,NA,NA,NA,NA,NA,NA,NA,NA,NA,NA,NA,NA,NA,NA,NA,NA,NA,NA,NA,NA,NA,NA,NA,NA,NA,NA,0.684403955464217,119
"2425","Upper CIn-Chum","Chum",1998,9824,3490,NA,NA,NA,9824,NA,NA,NA,NA,NA,NA,NA,NA,NA,NA,NA,NA,NA,NA,NA,NA,NA,NA,NA,NA,NA,NA,NA,NA,NA,NA,NA,1.03492663519045,119
"2426","Upper CIn-Chum","Chum",1999,9930,7140,NA,NA,NA,9930,NA,NA,NA,NA,NA,NA,NA,NA,NA,NA,NA,NA,NA,NA,NA,NA,NA,NA,NA,NA,NA,NA,NA,NA,NA,NA,NA,0.329847701705588,119
"2427","Upper CIn-Chum","Chum",2000,15200,34100,NA,NA,NA,15200,NA,NA,NA,NA,NA,NA,NA,NA,NA,NA,NA,NA,NA,NA,NA,NA,NA,NA,NA,NA,NA,NA,NA,NA,NA,NA,NA,-0.80800195643724,119
"2428","Upper CIn-Chum","Chum",2001,5582,18220,NA,NA,NA,5582,NA,NA,NA,NA,NA,NA,NA,NA,NA,NA,NA,NA,NA,NA,NA,NA,NA,NA,NA,NA,NA,NA,NA,NA,NA,NA,NA,-1.18297275671768,119
"2429","Upper CIn-Chum","Chum",2002,10934,9824,NA,NA,NA,10934,NA,NA,NA,NA,NA,NA,NA,NA,NA,NA,NA,NA,NA,NA,NA,NA,NA,NA,NA,NA,NA,NA,NA,NA,NA,NA,NA,0.107048829068021,119
"2430","Upper CIn-Chum","Chum",2003,12399,9930,NA,NA,NA,12399,NA,NA,NA,NA,NA,NA,NA,NA,NA,NA,NA,NA,NA,NA,NA,NA,NA,NA,NA,NA,NA,NA,NA,NA,NA,NA,NA,0.222055346140624,119
"2431","Upper CIn-Chum","Chum",2004,16830,15200,NA,NA,NA,16830,NA,NA,NA,NA,NA,NA,NA,NA,NA,NA,NA,NA,NA,NA,NA,NA,NA,NA,NA,NA,NA,NA,NA,NA,NA,NA,NA,0.101867580350484,119
"2432","Upper CIn-Chum","Chum",2005,11352,5570,NA,NA,NA,11352,NA,NA,NA,NA,NA,NA,NA,NA,NA,NA,NA,NA,NA,NA,NA,NA,NA,NA,NA,NA,NA,NA,NA,NA,NA,NA,NA,0.711998885918549,119
"2433","Upper CIn-Chum","Chum",2006,18662,10900,NA,NA,NA,18662,NA,NA,NA,NA,NA,NA,NA,NA,NA,NA,NA,NA,NA,NA,NA,NA,NA,NA,NA,NA,NA,NA,NA,NA,NA,NA,NA,0.537726581576732,119
"2434","Upper CIn-Chum","Chum",2007,12152,12390,NA,NA,NA,12152,NA,NA,NA,NA,NA,NA,NA,NA,NA,NA,NA,NA,NA,NA,NA,NA,NA,NA,NA,NA,NA,NA,NA,NA,NA,NA,NA,-0.0193959303475793,119
"2435","Upper CIn-Chum","Chum",2008,7068,16400,NA,NA,NA,7068,NA,NA,NA,NA,NA,NA,NA,NA,NA,NA,NA,NA,NA,NA,NA,NA,NA,NA,NA,NA,NA,NA,NA,NA,NA,NA,NA,-0.841703780372703,119
"2436","Alitak-Chum","Chum",1978,223443,36059,NA,NA,NA,223443,NA,NA,NA,NA,NA,NA,NA,NA,NA,NA,NA,NA,NA,NA,NA,NA,NA,NA,NA,NA,NA,NA,NA,NA,NA,NA,NA,1.82399986213786,120
"2437","Alitak-Chum","Chum",1979,225103,10165,NA,NA,NA,225103,NA,NA,NA,NA,NA,NA,NA,NA,NA,NA,NA,NA,NA,NA,NA,NA,NA,NA,NA,NA,NA,NA,NA,NA,NA,NA,NA,3.09760762815361,120
"2438","Alitak-Chum","Chum",1980,152999,86075,NA,NA,NA,152999,NA,NA,NA,NA,NA,NA,NA,NA,NA,NA,NA,NA,NA,NA,NA,NA,NA,NA,NA,NA,NA,NA,NA,NA,NA,NA,NA,0.575212376198776,120
"2439","Alitak-Chum","Chum",1981,127028,52310,NA,NA,NA,127028,NA,NA,NA,NA,NA,NA,NA,NA,NA,NA,NA,NA,NA,NA,NA,NA,NA,NA,NA,NA,NA,NA,NA,NA,NA,NA,NA,0.887219977216539,120
"2440","Alitak-Chum","Chum",1982,101277,121900,NA,NA,NA,101277,NA,NA,NA,NA,NA,NA,NA,NA,NA,NA,NA,NA,NA,NA,NA,NA,NA,NA,NA,NA,NA,NA,NA,NA,NA,NA,NA,-0.185341699383146,120
"2441","Alitak-Chum","Chum",1983,97727,117317,NA,NA,NA,97727,NA,NA,NA,NA,NA,NA,NA,NA,NA,NA,NA,NA,NA,NA,NA,NA,NA,NA,NA,NA,NA,NA,NA,NA,NA,NA,NA,-0.182701795632857,120
"2442","Alitak-Chum","Chum",1984,105001,68075,NA,NA,NA,105001,NA,NA,NA,NA,NA,NA,NA,NA,NA,NA,NA,NA,NA,NA,NA,NA,NA,NA,NA,NA,NA,NA,NA,NA,NA,NA,NA,0.433359835361873,120
"2443","Alitak-Chum","Chum",1985,61518,42268,NA,NA,NA,61518,NA,NA,NA,NA,NA,NA,NA,NA,NA,NA,NA,NA,NA,NA,NA,NA,NA,NA,NA,NA,NA,NA,NA,NA,NA,NA,NA,0.375299516337225,120
"2444","Alitak-Chum","Chum",1986,59027,25634,NA,NA,NA,59027,NA,NA,NA,NA,NA,NA,NA,NA,NA,NA,NA,NA,NA,NA,NA,NA,NA,NA,NA,NA,NA,NA,NA,NA,NA,NA,NA,0.834075371037376,120
"2445","Alitak-Chum","Chum",1987,182204,38000,NA,NA,NA,182204,NA,NA,NA,NA,NA,NA,NA,NA,NA,NA,NA,NA,NA,NA,NA,NA,NA,NA,NA,NA,NA,NA,NA,NA,NA,NA,NA,1.56754077875531,120
"2446","Alitak-Chum","Chum",1988,63371,11600,NA,NA,NA,63371,NA,NA,NA,NA,NA,NA,NA,NA,NA,NA,NA,NA,NA,NA,NA,NA,NA,NA,NA,NA,NA,NA,NA,NA,NA,NA,NA,1.6980012454363,120
"2447","Alitak-Chum","Chum",1989,72551,41599,NA,NA,NA,72551,NA,NA,NA,NA,NA,NA,NA,NA,NA,NA,NA,NA,NA,NA,NA,NA,NA,NA,NA,NA,NA,NA,NA,NA,NA,NA,NA,0.556213634315972,120
"2448","Alitak-Chum","Chum",1990,161023,8721,NA,NA,NA,161023,NA,NA,NA,NA,NA,NA,NA,NA,NA,NA,NA,NA,NA,NA,NA,NA,NA,NA,NA,NA,NA,NA,NA,NA,NA,NA,NA,2.91581330167936,120
"2449","Alitak-Chum","Chum",1991,163885,99187,NA,NA,NA,163885,NA,NA,NA,NA,NA,NA,NA,NA,NA,NA,NA,NA,NA,NA,NA,NA,NA,NA,NA,NA,NA,NA,NA,NA,NA,NA,NA,0.502158005026469,120
"2450","Alitak-Chum","Chum",1992,86653,28772,NA,NA,NA,86653,NA,NA,NA,NA,NA,NA,NA,NA,NA,NA,NA,NA,NA,NA,NA,NA,NA,NA,NA,NA,NA,NA,NA,NA,NA,NA,NA,1.10250894559988,120
"2451","Alitak-Chum","Chum",1993,103249,18912,NA,NA,NA,103249,NA,NA,NA,NA,NA,NA,NA,NA,NA,NA,NA,NA,NA,NA,NA,NA,NA,NA,NA,NA,NA,NA,NA,NA,NA,NA,NA,1.69734690534053,120
"2452","Alitak-Chum","Chum",1994,79210,48827,NA,NA,NA,79210,NA,NA,NA,NA,NA,NA,NA,NA,NA,NA,NA,NA,NA,NA,NA,NA,NA,NA,NA,NA,NA,NA,NA,NA,NA,NA,NA,0.483819114930783,120
"2453","Alitak-Chum","Chum",1995,119778,58661,NA,NA,NA,119778,NA,NA,NA,NA,NA,NA,NA,NA,NA,NA,NA,NA,NA,NA,NA,NA,NA,NA,NA,NA,NA,NA,NA,NA,NA,NA,NA,0.713864918622823,120
"2454","Alitak-Chum","Chum",1996,121066,21381,NA,NA,NA,121066,NA,NA,NA,NA,NA,NA,NA,NA,NA,NA,NA,NA,NA,NA,NA,NA,NA,NA,NA,NA,NA,NA,NA,NA,NA,NA,NA,1.73383317424809,120
"2455","Alitak-Chum","Chum",1997,81646,17474,NA,NA,NA,81646,NA,NA,NA,NA,NA,NA,NA,NA,NA,NA,NA,NA,NA,NA,NA,NA,NA,NA,NA,NA,NA,NA,NA,NA,NA,NA,NA,1.54167876675083,120
"2456","Alitak-Chum","Chum",1998,37840,38656,NA,NA,NA,37840,NA,NA,NA,NA,NA,NA,NA,NA,NA,NA,NA,NA,NA,NA,NA,NA,NA,NA,NA,NA,NA,NA,NA,NA,NA,NA,NA,-0.0213352581286722,120
"2457","Alitak-Chum","Chum",1999,92433,40778,NA,NA,NA,92433,NA,NA,NA,NA,NA,NA,NA,NA,NA,NA,NA,NA,NA,NA,NA,NA,NA,NA,NA,NA,NA,NA,NA,NA,NA,NA,NA,0.818341337449669,120
"2458","Alitak-Chum","Chum",2000,64262,53843,NA,NA,NA,64262,NA,NA,NA,NA,NA,NA,NA,NA,NA,NA,NA,NA,NA,NA,NA,NA,NA,NA,NA,NA,NA,NA,NA,NA,NA,NA,NA,0.176896072325996,120
"2459","Alitak-Chum","Chum",2001,69947,29086,NA,NA,NA,69947,NA,NA,NA,NA,NA,NA,NA,NA,NA,NA,NA,NA,NA,NA,NA,NA,NA,NA,NA,NA,NA,NA,NA,NA,NA,NA,NA,0.877480853659281,120
"2460","Alitak-Chum","Chum",2002,57519,27642,NA,NA,NA,57519,NA,NA,NA,NA,NA,NA,NA,NA,NA,NA,NA,NA,NA,NA,NA,NA,NA,NA,NA,NA,NA,NA,NA,NA,NA,NA,NA,0.732778972822529,120
"2461","Alitak-Chum","Chum",2003,72431,60525,NA,NA,NA,72431,NA,NA,NA,NA,NA,NA,NA,NA,NA,NA,NA,NA,NA,NA,NA,NA,NA,NA,NA,NA,NA,NA,NA,NA,NA,NA,NA,0.179577881721603,120
"2462","Alitak-Chum","Chum",2004,83194,25906,NA,NA,NA,83194,NA,NA,NA,NA,NA,NA,NA,NA,NA,NA,NA,NA,NA,NA,NA,NA,NA,NA,NA,NA,NA,NA,NA,NA,NA,NA,NA,1.16670062773404,120
"2463","Alitak-Chum","Chum",2005,99347,47100,NA,NA,NA,99347,NA,NA,NA,NA,NA,NA,NA,NA,NA,NA,NA,NA,NA,NA,NA,NA,NA,NA,NA,NA,NA,NA,NA,NA,NA,NA,NA,0.746345771243744,120
"2464","Alitak-Chum","Chum",2006,36736,10600,NA,NA,NA,36736,NA,NA,NA,NA,NA,NA,NA,NA,NA,NA,NA,NA,NA,NA,NA,NA,NA,NA,NA,NA,NA,NA,NA,NA,NA,NA,NA,1.24290319957908,120
"2465","Alitak-Chum","Chum",2007,64899,24500,NA,NA,NA,64899,NA,NA,NA,NA,NA,NA,NA,NA,NA,NA,NA,NA,NA,NA,NA,NA,NA,NA,NA,NA,NA,NA,NA,NA,NA,NA,NA,0.974159097720161,120
"2466","E Kod-Chum","Chum",1978,466138,65139,NA,NA,NA,466138,NA,NA,NA,NA,NA,NA,NA,NA,NA,NA,NA,NA,NA,NA,NA,NA,NA,NA,NA,NA,NA,NA,NA,NA,NA,NA,NA,1.96795827944495,121
"2467","E Kod-Chum","Chum",1979,455532,169495,NA,NA,NA,455532,NA,NA,NA,NA,NA,NA,NA,NA,NA,NA,NA,NA,NA,NA,NA,NA,NA,NA,NA,NA,NA,NA,NA,NA,NA,NA,NA,0.988642538841896,121
"2468","E Kod-Chum","Chum",1980,269302,165510,NA,NA,NA,269302,NA,NA,NA,NA,NA,NA,NA,NA,NA,NA,NA,NA,NA,NA,NA,NA,NA,NA,NA,NA,NA,NA,NA,NA,NA,NA,NA,0.486801810499242,121
"2469","E Kod-Chum","Chum",1981,173358,204070,NA,NA,NA,173358,NA,NA,NA,NA,NA,NA,NA,NA,NA,NA,NA,NA,NA,NA,NA,NA,NA,NA,NA,NA,NA,NA,NA,NA,NA,NA,NA,-0.163104251766102,121
"2470","E Kod-Chum","Chum",1982,120240,144720,NA,NA,NA,120240,NA,NA,NA,NA,NA,NA,NA,NA,NA,NA,NA,NA,NA,NA,NA,NA,NA,NA,NA,NA,NA,NA,NA,NA,NA,NA,NA,-0.185311095642321,121
"2471","E Kod-Chum","Chum",1983,133206,150657,NA,NA,NA,133206,NA,NA,NA,NA,NA,NA,NA,NA,NA,NA,NA,NA,NA,NA,NA,NA,NA,NA,NA,NA,NA,NA,NA,NA,NA,NA,NA,-0.123108927676954,121
"2472","E Kod-Chum","Chum",1984,260173,110360,NA,NA,NA,260173,NA,NA,NA,NA,NA,NA,NA,NA,NA,NA,NA,NA,NA,NA,NA,NA,NA,NA,NA,NA,NA,NA,NA,NA,NA,NA,NA,0.857599045011632,121
"2473","E Kod-Chum","Chum",1985,223645,129500,NA,NA,NA,223645,NA,NA,NA,NA,NA,NA,NA,NA,NA,NA,NA,NA,NA,NA,NA,NA,NA,NA,NA,NA,NA,NA,NA,NA,NA,NA,NA,0.546379092128973,121
"2474","E Kod-Chum","Chum",1986,133613,62973,NA,NA,NA,133613,NA,NA,NA,NA,NA,NA,NA,NA,NA,NA,NA,NA,NA,NA,NA,NA,NA,NA,NA,NA,NA,NA,NA,NA,NA,NA,NA,0.752241498657926,121
"2475","E Kod-Chum","Chum",1987,527808,42600,NA,NA,NA,527808,NA,NA,NA,NA,NA,NA,NA,NA,NA,NA,NA,NA,NA,NA,NA,NA,NA,NA,NA,NA,NA,NA,NA,NA,NA,NA,NA,2.51687832793557,121
"2476","E Kod-Chum","Chum",1988,216435,44080,NA,NA,NA,216435,NA,NA,NA,NA,NA,NA,NA,NA,NA,NA,NA,NA,NA,NA,NA,NA,NA,NA,NA,NA,NA,NA,NA,NA,NA,NA,NA,1.59128410657267,121
"2477","E Kod-Chum","Chum",1989,164550,223645,NA,NA,NA,164550,NA,NA,NA,NA,NA,NA,NA,NA,NA,NA,NA,NA,NA,NA,NA,NA,NA,NA,NA,NA,NA,NA,NA,NA,NA,NA,NA,-0.306845497879217,121
"2478","E Kod-Chum","Chum",1990,212298,46870,NA,NA,NA,212298,NA,NA,NA,NA,NA,NA,NA,NA,NA,NA,NA,NA,NA,NA,NA,NA,NA,NA,NA,NA,NA,NA,NA,NA,NA,NA,NA,1.51061313609904,121
"2479","E Kod-Chum","Chum",1991,343191,220951,NA,NA,NA,343191,NA,NA,NA,NA,NA,NA,NA,NA,NA,NA,NA,NA,NA,NA,NA,NA,NA,NA,NA,NA,NA,NA,NA,NA,NA,NA,NA,0.440346186016388,121
"2480","E Kod-Chum","Chum",1992,70289,32085,NA,NA,NA,70289,NA,NA,NA,NA,NA,NA,NA,NA,NA,NA,NA,NA,NA,NA,NA,NA,NA,NA,NA,NA,NA,NA,NA,NA,NA,NA,NA,0.784226683109344,121
"2481","E Kod-Chum","Chum",1993,161109,56650,NA,NA,NA,161109,NA,NA,NA,NA,NA,NA,NA,NA,NA,NA,NA,NA,NA,NA,NA,NA,NA,NA,NA,NA,NA,NA,NA,NA,NA,NA,NA,1.04518916707026,121
"2482","E Kod-Chum","Chum",1994,45063,44170,NA,NA,NA,45063,NA,NA,NA,NA,NA,NA,NA,NA,NA,NA,NA,NA,NA,NA,NA,NA,NA,NA,NA,NA,NA,NA,NA,NA,NA,NA,NA,0.0200156850755921,121
"2483","E Kod-Chum","Chum",1995,267651,21353,NA,NA,NA,267651,NA,NA,NA,NA,NA,NA,NA,NA,NA,NA,NA,NA,NA,NA,NA,NA,NA,NA,NA,NA,NA,NA,NA,NA,NA,NA,NA,2.52849164802931,121
"2484","E Kod-Chum","Chum",1996,260295,27365,NA,NA,NA,260295,NA,NA,NA,NA,NA,NA,NA,NA,NA,NA,NA,NA,NA,NA,NA,NA,NA,NA,NA,NA,NA,NA,NA,NA,NA,NA,NA,2.2525507786147,121
"2485","E Kod-Chum","Chum",1997,198351,26525,NA,NA,NA,198351,NA,NA,NA,NA,NA,NA,NA,NA,NA,NA,NA,NA,NA,NA,NA,NA,NA,NA,NA,NA,NA,NA,NA,NA,NA,NA,NA,2.01195050404073,121
"2486","E Kod-Chum","Chum",1998,250257,17925,NA,NA,NA,250257,NA,NA,NA,NA,NA,NA,NA,NA,NA,NA,NA,NA,NA,NA,NA,NA,NA,NA,NA,NA,NA,NA,NA,NA,NA,NA,NA,2.63629200334641,121
"2487","E Kod-Chum","Chum",1999,149598,87705,NA,NA,NA,149598,NA,NA,NA,NA,NA,NA,NA,NA,NA,NA,NA,NA,NA,NA,NA,NA,NA,NA,NA,NA,NA,NA,NA,NA,NA,NA,NA,0.53397278617131,121
"2488","E Kod-Chum","Chum",2000,110369,42100,NA,NA,NA,110369,NA,NA,NA,NA,NA,NA,NA,NA,NA,NA,NA,NA,NA,NA,NA,NA,NA,NA,NA,NA,NA,NA,NA,NA,NA,NA,NA,0.963781556622322,121
"2489","E Kod-Chum","Chum",2001,111197,18750,NA,NA,NA,111197,NA,NA,NA,NA,NA,NA,NA,NA,NA,NA,NA,NA,NA,NA,NA,NA,NA,NA,NA,NA,NA,NA,NA,NA,NA,NA,NA,1.78010965061887,121
"2490","E Kod-Chum","Chum",2002,574595,68400,NA,NA,NA,574595,NA,NA,NA,NA,NA,NA,NA,NA,NA,NA,NA,NA,NA,NA,NA,NA,NA,NA,NA,NA,NA,NA,NA,NA,NA,NA,NA,2.12829262017329,121
"2491","E Kod-Chum","Chum",2003,271410,68700,NA,NA,NA,271410,NA,NA,NA,NA,NA,NA,NA,NA,NA,NA,NA,NA,NA,NA,NA,NA,NA,NA,NA,NA,NA,NA,NA,NA,NA,NA,NA,1.37388139347746,121
"2492","E Kod-Chum","Chum",2004,311556,58500,NA,NA,NA,311556,NA,NA,NA,NA,NA,NA,NA,NA,NA,NA,NA,NA,NA,NA,NA,NA,NA,NA,NA,NA,NA,NA,NA,NA,NA,NA,NA,1.67255234311296,121
"2493","E Kod-Chum","Chum",2005,327005,49300,NA,NA,NA,327005,NA,NA,NA,NA,NA,NA,NA,NA,NA,NA,NA,NA,NA,NA,NA,NA,NA,NA,NA,NA,NA,NA,NA,NA,NA,NA,NA,1.89205138025159,121
"2494","E Kod-Chum","Chum",2006,180749,328700,NA,NA,NA,180749,NA,NA,NA,NA,NA,NA,NA,NA,NA,NA,NA,NA,NA,NA,NA,NA,NA,NA,NA,NA,NA,NA,NA,NA,NA,NA,NA,-0.598036152150062,121
"2495","E Kod-Chum","Chum",2007,238767,90650,NA,NA,NA,238767,NA,NA,NA,NA,NA,NA,NA,NA,NA,NA,NA,NA,NA,NA,NA,NA,NA,NA,NA,NA,NA,NA,NA,NA,NA,NA,NA,0.968482243813563,121
"2496","SW Kod-Chum","Chum",1978,93146,160339,NA,NA,NA,93146,NA,NA,NA,NA,NA,NA,NA,NA,NA,NA,NA,NA,NA,NA,NA,NA,NA,NA,NA,NA,NA,NA,NA,NA,NA,NA,NA,-0.543122169215076,122
"2497","SW Kod-Chum","Chum",1979,86109,97141,NA,NA,NA,86109,NA,NA,NA,NA,NA,NA,NA,NA,NA,NA,NA,NA,NA,NA,NA,NA,NA,NA,NA,NA,NA,NA,NA,NA,NA,NA,NA,-0.120549595697466,122
"2498","SW Kod-Chum","Chum",1980,104400,96108,NA,NA,NA,104400,NA,NA,NA,NA,NA,NA,NA,NA,NA,NA,NA,NA,NA,NA,NA,NA,NA,NA,NA,NA,NA,NA,NA,NA,NA,NA,NA,0.0827571163189929,122
"2499","SW Kod-Chum","Chum",1981,12555,97000,NA,NA,NA,12555,NA,NA,NA,NA,NA,NA,NA,NA,NA,NA,NA,NA,NA,NA,NA,NA,NA,NA,NA,NA,NA,NA,NA,NA,NA,NA,NA,-2.04459198589383,122
"2500","SW Kod-Chum","Chum",1982,148798,63675,NA,NA,NA,148798,NA,NA,NA,NA,NA,NA,NA,NA,NA,NA,NA,NA,NA,NA,NA,NA,NA,NA,NA,NA,NA,NA,NA,NA,NA,NA,NA,0.848797660582926,122
"2501","SW Kod-Chum","Chum",1983,37521,85189,NA,NA,NA,37521,NA,NA,NA,NA,NA,NA,NA,NA,NA,NA,NA,NA,NA,NA,NA,NA,NA,NA,NA,NA,NA,NA,NA,NA,NA,NA,NA,-0.819971541284017,122
"2502","SW Kod-Chum","Chum",1984,87616,80172,NA,NA,NA,87616,NA,NA,NA,NA,NA,NA,NA,NA,NA,NA,NA,NA,NA,NA,NA,NA,NA,NA,NA,NA,NA,NA,NA,NA,NA,NA,NA,0.088789302934643,122
"2503","SW Kod-Chum","Chum",1985,7298,1502,NA,NA,NA,7298,NA,NA,NA,NA,NA,NA,NA,NA,NA,NA,NA,NA,NA,NA,NA,NA,NA,NA,NA,NA,NA,NA,NA,NA,NA,NA,NA,1.58080278467231,122
"2504","SW Kod-Chum","Chum",1986,151012,92218,NA,NA,NA,151012,NA,NA,NA,NA,NA,NA,NA,NA,NA,NA,NA,NA,NA,NA,NA,NA,NA,NA,NA,NA,NA,NA,NA,NA,NA,NA,NA,0.493203964582196,122
"2505","SW Kod-Chum","Chum",1987,85528,12200,NA,NA,NA,85528,NA,NA,NA,NA,NA,NA,NA,NA,NA,NA,NA,NA,NA,NA,NA,NA,NA,NA,NA,NA,NA,NA,NA,NA,NA,NA,NA,1.94740785597199,122
"2506","SW Kod-Chum","Chum",1988,103466,58900,NA,NA,NA,103466,NA,NA,NA,NA,NA,NA,NA,NA,NA,NA,NA,NA,NA,NA,NA,NA,NA,NA,NA,NA,NA,NA,NA,NA,NA,NA,NA,0.563401965663686,122
"2507","SW Kod-Chum","Chum",1989,48874,7279,NA,NA,NA,48874,NA,NA,NA,NA,NA,NA,NA,NA,NA,NA,NA,NA,NA,NA,NA,NA,NA,NA,NA,NA,NA,NA,NA,NA,NA,NA,NA,1.90425206760204,122
"2508","SW Kod-Chum","Chum",1990,70613,118657,NA,NA,NA,70613,NA,NA,NA,NA,NA,NA,NA,NA,NA,NA,NA,NA,NA,NA,NA,NA,NA,NA,NA,NA,NA,NA,NA,NA,NA,NA,NA,-0.519022714666077,122
"2509","SW Kod-Chum","Chum",1991,131957,51765,NA,NA,NA,131957,NA,NA,NA,NA,NA,NA,NA,NA,NA,NA,NA,NA,NA,NA,NA,NA,NA,NA,NA,NA,NA,NA,NA,NA,NA,NA,NA,0.935761866722012,122
"2510","SW Kod-Chum","Chum",1992,87975,43874,NA,NA,NA,87975,NA,NA,NA,NA,NA,NA,NA,NA,NA,NA,NA,NA,NA,NA,NA,NA,NA,NA,NA,NA,NA,NA,NA,NA,NA,NA,NA,0.695730793704153,122
"2511","SW Kod-Chum","Chum",1993,15811,1978,NA,NA,NA,15811,NA,NA,NA,NA,NA,NA,NA,NA,NA,NA,NA,NA,NA,NA,NA,NA,NA,NA,NA,NA,NA,NA,NA,NA,NA,NA,NA,2.07861966712749,122
"2512","SW Kod-Chum","Chum",1994,78677,12538,NA,NA,NA,78677,NA,NA,NA,NA,NA,NA,NA,NA,NA,NA,NA,NA,NA,NA,NA,NA,NA,NA,NA,NA,NA,NA,NA,NA,NA,NA,NA,1.83658683081149,122
"2513","SW Kod-Chum","Chum",1995,145480,35191,NA,NA,NA,145480,NA,NA,NA,NA,NA,NA,NA,NA,NA,NA,NA,NA,NA,NA,NA,NA,NA,NA,NA,NA,NA,NA,NA,NA,NA,NA,NA,1.41924825202509,122
"2514","SW Kod-Chum","Chum",1996,84707,7757,NA,NA,NA,84707,NA,NA,NA,NA,NA,NA,NA,NA,NA,NA,NA,NA,NA,NA,NA,NA,NA,NA,NA,NA,NA,NA,NA,NA,NA,NA,NA,2.39060258136249,122
"2515","SW Kod-Chum","Chum",1997,52419,3778,NA,NA,NA,52419,NA,NA,NA,NA,NA,NA,NA,NA,NA,NA,NA,NA,NA,NA,NA,NA,NA,NA,NA,NA,NA,NA,NA,NA,NA,NA,NA,2.63007435194569,122
"2516","SW Kod-Chum","Chum",1998,79826,26596,NA,NA,NA,79826,NA,NA,NA,NA,NA,NA,NA,NA,NA,NA,NA,NA,NA,NA,NA,NA,NA,NA,NA,NA,NA,NA,NA,NA,NA,NA,NA,1.09908843738587,122
"2517","SW Kod-Chum","Chum",1999,41403,73850,NA,NA,NA,41403,NA,NA,NA,NA,NA,NA,NA,NA,NA,NA,NA,NA,NA,NA,NA,NA,NA,NA,NA,NA,NA,NA,NA,NA,NA,NA,NA,-0.578682667003376,122
"2518","SW Kod-Chum","Chum",2000,80113,15697,NA,NA,NA,80113,NA,NA,NA,NA,NA,NA,NA,NA,NA,NA,NA,NA,NA,NA,NA,NA,NA,NA,NA,NA,NA,NA,NA,NA,NA,NA,NA,1.62996852674108,122
"2519","SW Kod-Chum","Chum",2001,9451,1482,NA,NA,NA,9451,NA,NA,NA,NA,NA,NA,NA,NA,NA,NA,NA,NA,NA,NA,NA,NA,NA,NA,NA,NA,NA,NA,NA,NA,NA,NA,NA,1.85272802913902,122
"2520","SW Kod-Chum","Chum",2002,38797,55838,NA,NA,NA,38797,NA,NA,NA,NA,NA,NA,NA,NA,NA,NA,NA,NA,NA,NA,NA,NA,NA,NA,NA,NA,NA,NA,NA,NA,NA,NA,NA,-0.36411171714149,122
"2521","SW Kod-Chum","Chum",2003,27947,12900,NA,NA,NA,27947,NA,NA,NA,NA,NA,NA,NA,NA,NA,NA,NA,NA,NA,NA,NA,NA,NA,NA,NA,NA,NA,NA,NA,NA,NA,NA,NA,0.77308254794678,122
"2522","SW Kod-Chum","Chum",2004,12302,10243,NA,NA,NA,12302,NA,NA,NA,NA,NA,NA,NA,NA,NA,NA,NA,NA,NA,NA,NA,NA,NA,NA,NA,NA,NA,NA,NA,NA,NA,NA,NA,0.183167305331779,122
"2523","SW Kod-Chum","Chum",2005,1988,2000,NA,NA,NA,1988,NA,NA,NA,NA,NA,NA,NA,NA,NA,NA,NA,NA,NA,NA,NA,NA,NA,NA,NA,NA,NA,NA,NA,NA,NA,NA,NA,-0.00601807232556302,122
"2524","SW Kod-Chum","Chum",2006,20799,21400,NA,NA,NA,20799,NA,NA,NA,NA,NA,NA,NA,NA,NA,NA,NA,NA,NA,NA,NA,NA,NA,NA,NA,NA,NA,NA,NA,NA,NA,NA,NA,-0.0284860133993427,122
"2525","SW Kod-Chum","Chum",2007,19672,300,NA,NA,NA,19672,NA,NA,NA,NA,NA,NA,NA,NA,NA,NA,NA,NA,NA,NA,NA,NA,NA,NA,NA,NA,NA,NA,NA,NA,NA,NA,NA,4.18316910923983,122
"2526","NE Kod-Chum","Chum",1978,87203,10261,NA,NA,NA,87203,NA,NA,NA,NA,NA,NA,NA,NA,NA,NA,NA,NA,NA,NA,NA,NA,NA,NA,NA,NA,NA,NA,NA,NA,NA,NA,NA,2.13988843311279,123
"2527","NE Kod-Chum","Chum",1979,35905,11750,NA,NA,NA,35905,NA,NA,NA,NA,NA,NA,NA,NA,NA,NA,NA,NA,NA,NA,NA,NA,NA,NA,NA,NA,NA,NA,NA,NA,NA,NA,NA,1.11702332097211,123
"2528","NE Kod-Chum","Chum",1980,41404,17900,NA,NA,NA,41404,NA,NA,NA,NA,NA,NA,NA,NA,NA,NA,NA,NA,NA,NA,NA,NA,NA,NA,NA,NA,NA,NA,NA,NA,NA,NA,NA,0.838576781674794,123
"2529","NE Kod-Chum","Chum",1981,57474,3710,NA,NA,NA,57474,NA,NA,NA,NA,NA,NA,NA,NA,NA,NA,NA,NA,NA,NA,NA,NA,NA,NA,NA,NA,NA,NA,NA,NA,NA,NA,NA,2.74030079500947,123
"2530","NE Kod-Chum","Chum",1982,32225,50715,NA,NA,NA,32225,NA,NA,NA,NA,NA,NA,NA,NA,NA,NA,NA,NA,NA,NA,NA,NA,NA,NA,NA,NA,NA,NA,NA,NA,NA,NA,NA,-0.453479176002708,123
"2531","NE Kod-Chum","Chum",1983,37056,24100,NA,NA,NA,37056,NA,NA,NA,NA,NA,NA,NA,NA,NA,NA,NA,NA,NA,NA,NA,NA,NA,NA,NA,NA,NA,NA,NA,NA,NA,NA,NA,0.430218441453921,123
"2532","NE Kod-Chum","Chum",1984,103181,30600,NA,NA,NA,103181,NA,NA,NA,NA,NA,NA,NA,NA,NA,NA,NA,NA,NA,NA,NA,NA,NA,NA,NA,NA,NA,NA,NA,NA,NA,NA,NA,1.21548471861194,123
"2533","NE Kod-Chum","Chum",1985,17679,37110,NA,NA,NA,17679,NA,NA,NA,NA,NA,NA,NA,NA,NA,NA,NA,NA,NA,NA,NA,NA,NA,NA,NA,NA,NA,NA,NA,NA,NA,NA,NA,-0.74150898054862,123
"2534","NE Kod-Chum","Chum",1986,17983,21002,NA,NA,NA,17983,NA,NA,NA,NA,NA,NA,NA,NA,NA,NA,NA,NA,NA,NA,NA,NA,NA,NA,NA,NA,NA,NA,NA,NA,NA,NA,NA,-0.155190804100742,123
"2535","NE Kod-Chum","Chum",1987,49333,7643,NA,NA,NA,49333,NA,NA,NA,NA,NA,NA,NA,NA,NA,NA,NA,NA,NA,NA,NA,NA,NA,NA,NA,NA,NA,NA,NA,NA,NA,NA,NA,1.86480303205567,123
"2536","NE Kod-Chum","Chum",1988,27831,31501,NA,NA,NA,27831,NA,NA,NA,NA,NA,NA,NA,NA,NA,NA,NA,NA,NA,NA,NA,NA,NA,NA,NA,NA,NA,NA,NA,NA,NA,NA,NA,-0.123868784020195,123
"2537","NE Kod-Chum","Chum",1989,13416,17679,NA,NA,NA,13416,NA,NA,NA,NA,NA,NA,NA,NA,NA,NA,NA,NA,NA,NA,NA,NA,NA,NA,NA,NA,NA,NA,NA,NA,NA,NA,NA,-0.275929470002978,123
"2538","NE Kod-Chum","Chum",1990,27081,12300,NA,NA,NA,27081,NA,NA,NA,NA,NA,NA,NA,NA,NA,NA,NA,NA,NA,NA,NA,NA,NA,NA,NA,NA,NA,NA,NA,NA,NA,NA,NA,0.789233112605756,123
"2539","NE Kod-Chum","Chum",1991,43438,22116,NA,NA,NA,43438,NA,NA,NA,NA,NA,NA,NA,NA,NA,NA,NA,NA,NA,NA,NA,NA,NA,NA,NA,NA,NA,NA,NA,NA,NA,NA,NA,0.675033305574443,123
"2540","NE Kod-Chum","Chum",1992,6433,10605,NA,NA,NA,6433,NA,NA,NA,NA,NA,NA,NA,NA,NA,NA,NA,NA,NA,NA,NA,NA,NA,NA,NA,NA,NA,NA,NA,NA,NA,NA,NA,-0.499884595587783,123
"2541","NE Kod-Chum","Chum",1993,37549,10422,NA,NA,NA,37549,NA,NA,NA,NA,NA,NA,NA,NA,NA,NA,NA,NA,NA,NA,NA,NA,NA,NA,NA,NA,NA,NA,NA,NA,NA,NA,NA,1.28172779021005,123
"2542","NE Kod-Chum","Chum",1994,8152,8450,NA,NA,NA,8152,NA,NA,NA,NA,NA,NA,NA,NA,NA,NA,NA,NA,NA,NA,NA,NA,NA,NA,NA,NA,NA,NA,NA,NA,NA,NA,NA,-0.0359031454486588,123
"2543","NE Kod-Chum","Chum",1995,17108,9843,NA,NA,NA,17108,NA,NA,NA,NA,NA,NA,NA,NA,NA,NA,NA,NA,NA,NA,NA,NA,NA,NA,NA,NA,NA,NA,NA,NA,NA,NA,NA,0.552785647717588,123
"2544","NE Kod-Chum","Chum",1996,18675,4100,NA,NA,NA,18675,NA,NA,NA,NA,NA,NA,NA,NA,NA,NA,NA,NA,NA,NA,NA,NA,NA,NA,NA,NA,NA,NA,NA,NA,NA,NA,NA,1.51619875730862,123
"2545","NE Kod-Chum","Chum",1997,17934,7808,NA,NA,NA,17934,NA,NA,NA,NA,NA,NA,NA,NA,NA,NA,NA,NA,NA,NA,NA,NA,NA,NA,NA,NA,NA,NA,NA,NA,NA,NA,NA,0.831549503419064,123
"2546","NE Kod-Chum","Chum",1998,29719,7250,NA,NA,NA,29719,NA,NA,NA,NA,NA,NA,NA,NA,NA,NA,NA,NA,NA,NA,NA,NA,NA,NA,NA,NA,NA,NA,NA,NA,NA,NA,NA,1.41078510304138,123
"2547","NE Kod-Chum","Chum",1999,19612,2031,NA,NA,NA,19612,NA,NA,NA,NA,NA,NA,NA,NA,NA,NA,NA,NA,NA,NA,NA,NA,NA,NA,NA,NA,NA,NA,NA,NA,NA,NA,NA,2.26761334119074,123
"2548","NE Kod-Chum","Chum",2000,26794,8600,NA,NA,NA,26794,NA,NA,NA,NA,NA,NA,NA,NA,NA,NA,NA,NA,NA,NA,NA,NA,NA,NA,NA,NA,NA,NA,NA,NA,NA,NA,NA,1.13641577859533,123
"2549","NE Kod-Chum","Chum",2001,8759,16600,NA,NA,NA,8759,NA,NA,NA,NA,NA,NA,NA,NA,NA,NA,NA,NA,NA,NA,NA,NA,NA,NA,NA,NA,NA,NA,NA,NA,NA,NA,NA,-0.639320952181546,123
"2550","NE Kod-Chum","Chum",2002,34487,13200,NA,NA,NA,34487,NA,NA,NA,NA,NA,NA,NA,NA,NA,NA,NA,NA,NA,NA,NA,NA,NA,NA,NA,NA,NA,NA,NA,NA,NA,NA,NA,0.960365611839458,123
"2551","NE Kod-Chum","Chum",2003,27280,4500,NA,NA,NA,27280,NA,NA,NA,NA,NA,NA,NA,NA,NA,NA,NA,NA,NA,NA,NA,NA,NA,NA,NA,NA,NA,NA,NA,NA,NA,NA,NA,1.80207643619899,123
"2552","NE Kod-Chum","Chum",2004,6833,2156,NA,NA,NA,6833,NA,NA,NA,NA,NA,NA,NA,NA,NA,NA,NA,NA,NA,NA,NA,NA,NA,NA,NA,NA,NA,NA,NA,NA,NA,NA,NA,1.15350916275189,123
"2553","NE Kod-Chum","Chum",2005,37253,7300,NA,NA,NA,37253,NA,NA,NA,NA,NA,NA,NA,NA,NA,NA,NA,NA,NA,NA,NA,NA,NA,NA,NA,NA,NA,NA,NA,NA,NA,NA,NA,1.62985813034105,123
"2554","NE Kod-Chum","Chum",2006,18000,16500,NA,NA,NA,18000,NA,NA,NA,NA,NA,NA,NA,NA,NA,NA,NA,NA,NA,NA,NA,NA,NA,NA,NA,NA,NA,NA,NA,NA,NA,NA,NA,0.0870113769896297,123
"2555","NE Kod-Chum","Chum",2007,32845,21100,NA,NA,NA,32845,NA,NA,NA,NA,NA,NA,NA,NA,NA,NA,NA,NA,NA,NA,NA,NA,NA,NA,NA,NA,NA,NA,NA,NA,NA,NA,NA,0.442526485862415,123
"2556","NW Kod-Chum","Chum",1978,560371,47700,NA,NA,NA,560371,NA,NA,NA,NA,NA,NA,NA,NA,NA,NA,NA,NA,NA,NA,NA,NA,NA,NA,NA,NA,NA,NA,NA,NA,NA,NA,NA,2.46366766647865,124
"2557","NW Kod-Chum","Chum",1979,535388,75200,NA,NA,NA,535388,NA,NA,NA,NA,NA,NA,NA,NA,NA,NA,NA,NA,NA,NA,NA,NA,NA,NA,NA,NA,NA,NA,NA,NA,NA,NA,NA,1.96284048673023,124
"2558","NW Kod-Chum","Chum",1980,210613,43050,NA,NA,NA,210613,NA,NA,NA,NA,NA,NA,NA,NA,NA,NA,NA,NA,NA,NA,NA,NA,NA,NA,NA,NA,NA,NA,NA,NA,NA,NA,NA,1.58766009531608,124
"2559","NW Kod-Chum","Chum",1981,276352,99100,NA,NA,NA,276352,NA,NA,NA,NA,NA,NA,NA,NA,NA,NA,NA,NA,NA,NA,NA,NA,NA,NA,NA,NA,NA,NA,NA,NA,NA,NA,NA,1.02554597411635,124
"2560","NW Kod-Chum","Chum",1982,660420,147700,NA,NA,NA,660420,NA,NA,NA,NA,NA,NA,NA,NA,NA,NA,NA,NA,NA,NA,NA,NA,NA,NA,NA,NA,NA,NA,NA,NA,NA,NA,NA,1.49769280672602,124
"2561","NW Kod-Chum","Chum",1983,305733,169225,NA,NA,NA,305733,NA,NA,NA,NA,NA,NA,NA,NA,NA,NA,NA,NA,NA,NA,NA,NA,NA,NA,NA,NA,NA,NA,NA,NA,NA,NA,NA,0.591482981645625,124
"2562","NW Kod-Chum","Chum",1984,729033,75600,NA,NA,NA,729033,NA,NA,NA,NA,NA,NA,NA,NA,NA,NA,NA,NA,NA,NA,NA,NA,NA,NA,NA,NA,NA,NA,NA,NA,NA,NA,NA,2.26626271528834,124
"2563","NW Kod-Chum","Chum",1985,417134,61600,NA,NA,NA,417134,NA,NA,NA,NA,NA,NA,NA,NA,NA,NA,NA,NA,NA,NA,NA,NA,NA,NA,NA,NA,NA,NA,NA,NA,NA,NA,NA,1.91274564256541,124
"2564","NW Kod-Chum","Chum",1986,211693,162890,NA,NA,NA,211693,NA,NA,NA,NA,NA,NA,NA,NA,NA,NA,NA,NA,NA,NA,NA,NA,NA,NA,NA,NA,NA,NA,NA,NA,NA,NA,NA,0.262061985565674,124
"2565","NW Kod-Chum","Chum",1987,407085,76950,NA,NA,NA,407085,NA,NA,NA,NA,NA,NA,NA,NA,NA,NA,NA,NA,NA,NA,NA,NA,NA,NA,NA,NA,NA,NA,NA,NA,NA,NA,NA,1.66586614856143,124
"2566","NW Kod-Chum","Chum",1988,357683,192550,NA,NA,NA,357683,NA,NA,NA,NA,NA,NA,NA,NA,NA,NA,NA,NA,NA,NA,NA,NA,NA,NA,NA,NA,NA,NA,NA,NA,NA,NA,NA,0.619291259015006,124
"2567","NW Kod-Chum","Chum",1989,272828,417100,NA,NA,NA,272828,NA,NA,NA,NA,NA,NA,NA,NA,NA,NA,NA,NA,NA,NA,NA,NA,NA,NA,NA,NA,NA,NA,NA,NA,NA,NA,NA,-0.424484441204457,124
"2568","NW Kod-Chum","Chum",1990,303888,43920,NA,NA,NA,303888,NA,NA,NA,NA,NA,NA,NA,NA,NA,NA,NA,NA,NA,NA,NA,NA,NA,NA,NA,NA,NA,NA,NA,NA,NA,NA,NA,1.93428941526861,124
"2569","NW Kod-Chum","Chum",1991,679465,123503,NA,NA,NA,679465,NA,NA,NA,NA,NA,NA,NA,NA,NA,NA,NA,NA,NA,NA,NA,NA,NA,NA,NA,NA,NA,NA,NA,NA,NA,NA,NA,1.70504027653151,124
"2570","NW Kod-Chum","Chum",1992,333893,131710,NA,NA,NA,333893,NA,NA,NA,NA,NA,NA,NA,NA,NA,NA,NA,NA,NA,NA,NA,NA,NA,NA,NA,NA,NA,NA,NA,NA,NA,NA,NA,0.930218046358311,124
"2571","NW Kod-Chum","Chum",1993,252630,53825,NA,NA,NA,252630,NA,NA,NA,NA,NA,NA,NA,NA,NA,NA,NA,NA,NA,NA,NA,NA,NA,NA,NA,NA,NA,NA,NA,NA,NA,NA,NA,1.54618792445958,124
"2572","NW Kod-Chum","Chum",1994,149662,52950,NA,NA,NA,149662,NA,NA,NA,NA,NA,NA,NA,NA,NA,NA,NA,NA,NA,NA,NA,NA,NA,NA,NA,NA,NA,NA,NA,NA,NA,NA,NA,1.03903134613972,124
"2573","NW Kod-Chum","Chum",1995,242809,104800,NA,NA,NA,242809,NA,NA,NA,NA,NA,NA,NA,NA,NA,NA,NA,NA,NA,NA,NA,NA,NA,NA,NA,NA,NA,NA,NA,NA,NA,NA,NA,0.840221354156722,124
"2574","NW Kod-Chum","Chum",1996,448553,84900,NA,NA,NA,448553,NA,NA,NA,NA,NA,NA,NA,NA,NA,NA,NA,NA,NA,NA,NA,NA,NA,NA,NA,NA,NA,NA,NA,NA,NA,NA,NA,1.66455275288321,124
"2575","NW Kod-Chum","Chum",1997,430251,70900,NA,NA,NA,430251,NA,NA,NA,NA,NA,NA,NA,NA,NA,NA,NA,NA,NA,NA,NA,NA,NA,NA,NA,NA,NA,NA,NA,NA,NA,NA,NA,1.80309832578096,124
"2576","NW Kod-Chum","Chum",1998,245503,28250,NA,NA,NA,245503,NA,NA,NA,NA,NA,NA,NA,NA,NA,NA,NA,NA,NA,NA,NA,NA,NA,NA,NA,NA,NA,NA,NA,NA,NA,NA,NA,2.16221570952673,124
"2577","NW Kod-Chum","Chum",1999,330136,53300,NA,NA,NA,330136,NA,NA,NA,NA,NA,NA,NA,NA,NA,NA,NA,NA,NA,NA,NA,NA,NA,NA,NA,NA,NA,NA,NA,NA,NA,NA,NA,1.82356835960223,124
"2578","NW Kod-Chum","Chum",2000,507739,145800,NA,NA,NA,507739,NA,NA,NA,NA,NA,NA,NA,NA,NA,NA,NA,NA,NA,NA,NA,NA,NA,NA,NA,NA,NA,NA,NA,NA,NA,NA,NA,1.24773171644644,124
"2579","NW Kod-Chum","Chum",2001,265604,112550,NA,NA,NA,265604,NA,NA,NA,NA,NA,NA,NA,NA,NA,NA,NA,NA,NA,NA,NA,NA,NA,NA,NA,NA,NA,NA,NA,NA,NA,NA,NA,0.858608910377097,124
"2580","NW Kod-Chum","Chum",2002,395142,41200,NA,NA,NA,395142,NA,NA,NA,NA,NA,NA,NA,NA,NA,NA,NA,NA,NA,NA,NA,NA,NA,NA,NA,NA,NA,NA,NA,NA,NA,NA,NA,2.26080693761416,124
"2581","NW Kod-Chum","Chum",2003,202116,67700,NA,NA,NA,202116,NA,NA,NA,NA,NA,NA,NA,NA,NA,NA,NA,NA,NA,NA,NA,NA,NA,NA,NA,NA,NA,NA,NA,NA,NA,NA,NA,1.09375561008602,124
"2582","NW Kod-Chum","Chum",2004,242571,30700,NA,NA,NA,242571,NA,NA,NA,NA,NA,NA,NA,NA,NA,NA,NA,NA,NA,NA,NA,NA,NA,NA,NA,NA,NA,NA,NA,NA,NA,NA,NA,2.06703179643681,124
"2583","NW Kod-Chum","Chum",2005,402213,36150,NA,NA,NA,402213,NA,NA,NA,NA,NA,NA,NA,NA,NA,NA,NA,NA,NA,NA,NA,NA,NA,NA,NA,NA,NA,NA,NA,NA,NA,NA,NA,2.40930485043917,124
"2584","NW Kod-Chum","Chum",2006,234581,41800,NA,NA,NA,234581,NA,NA,NA,NA,NA,NA,NA,NA,NA,NA,NA,NA,NA,NA,NA,NA,NA,NA,NA,NA,NA,NA,NA,NA,NA,NA,NA,1.72490460449158,124
"2585","NW Kod-Chum","Chum",2007,194820,29510,NA,NA,NA,194820,NA,NA,NA,NA,NA,NA,NA,NA,NA,NA,NA,NA,NA,NA,NA,NA,NA,NA,NA,NA,NA,NA,NA,NA,NA,NA,NA,1.88734686638796,124
"2586","Mainland Kod-Chum","Chum",1978,769158,119850,NA,NA,NA,769158,NA,NA,NA,NA,NA,NA,NA,NA,NA,NA,NA,NA,NA,NA,NA,NA,NA,NA,NA,NA,NA,NA,NA,NA,NA,NA,NA,1.85905544915939,125
"2587","Mainland Kod-Chum","Chum",1979,512668,177310,NA,NA,NA,512668,NA,NA,NA,NA,NA,NA,NA,NA,NA,NA,NA,NA,NA,NA,NA,NA,NA,NA,NA,NA,NA,NA,NA,NA,NA,NA,NA,1.06172884910543,125
"2588","Mainland Kod-Chum","Chum",1980,467210,367250,NA,NA,NA,467210,NA,NA,NA,NA,NA,NA,NA,NA,NA,NA,NA,NA,NA,NA,NA,NA,NA,NA,NA,NA,NA,NA,NA,NA,NA,NA,NA,0.240736020340555,125
"2589","Mainland Kod-Chum","Chum",1981,311289,238850,NA,NA,NA,311289,NA,NA,NA,NA,NA,NA,NA,NA,NA,NA,NA,NA,NA,NA,NA,NA,NA,NA,NA,NA,NA,NA,NA,NA,NA,NA,NA,0.264886001298225,125
"2590","Mainland Kod-Chum","Chum",1982,645644,453148,NA,NA,NA,645644,NA,NA,NA,NA,NA,NA,NA,NA,NA,NA,NA,NA,NA,NA,NA,NA,NA,NA,NA,NA,NA,NA,NA,NA,NA,NA,NA,0.354029485347445,125
"2591","Mainland Kod-Chum","Chum",1983,456832,238810,NA,NA,NA,456832,NA,NA,NA,NA,NA,NA,NA,NA,NA,NA,NA,NA,NA,NA,NA,NA,NA,NA,NA,NA,NA,NA,NA,NA,NA,NA,NA,0.648647451739069,125
"2592","Mainland Kod-Chum","Chum",1984,577954,246450,NA,NA,NA,577954,NA,NA,NA,NA,NA,NA,NA,NA,NA,NA,NA,NA,NA,NA,NA,NA,NA,NA,NA,NA,NA,NA,NA,NA,NA,NA,NA,0.852335147578868,125
"2593","Mainland Kod-Chum","Chum",1985,346200,263100,NA,NA,NA,346200,NA,NA,NA,NA,NA,NA,NA,NA,NA,NA,NA,NA,NA,NA,NA,NA,NA,NA,NA,NA,NA,NA,NA,NA,NA,NA,NA,0.274482454695862,125
"2594","Mainland Kod-Chum","Chum",1986,407848,245175,NA,NA,NA,407848,NA,NA,NA,NA,NA,NA,NA,NA,NA,NA,NA,NA,NA,NA,NA,NA,NA,NA,NA,NA,NA,NA,NA,NA,NA,NA,NA,0.508922314692543,125
"2595","Mainland Kod-Chum","Chum",1987,556648,225600,NA,NA,NA,556648,NA,NA,NA,NA,NA,NA,NA,NA,NA,NA,NA,NA,NA,NA,NA,NA,NA,NA,NA,NA,NA,NA,NA,NA,NA,NA,NA,0.903169563622414,125
"2596","Mainland Kod-Chum","Chum",1988,327180,185800,NA,NA,NA,327180,NA,NA,NA,NA,NA,NA,NA,NA,NA,NA,NA,NA,NA,NA,NA,NA,NA,NA,NA,NA,NA,NA,NA,NA,NA,NA,NA,0.565839651786287,125
"2597","Mainland Kod-Chum","Chum",1989,136027,346200,NA,NA,NA,136027,NA,NA,NA,NA,NA,NA,NA,NA,NA,NA,NA,NA,NA,NA,NA,NA,NA,NA,NA,NA,NA,NA,NA,NA,NA,NA,NA,-0.934163247298648,125
"2598","Mainland Kod-Chum","Chum",1990,260065,207200,NA,NA,NA,260065,NA,NA,NA,NA,NA,NA,NA,NA,NA,NA,NA,NA,NA,NA,NA,NA,NA,NA,NA,NA,NA,NA,NA,NA,NA,NA,NA,0.227247089385407,125
"2599","Mainland Kod-Chum","Chum",1991,228774,334100,NA,NA,NA,228774,NA,NA,NA,NA,NA,NA,NA,NA,NA,NA,NA,NA,NA,NA,NA,NA,NA,NA,NA,NA,NA,NA,NA,NA,NA,NA,NA,-0.378705732677805,125
"2600","Mainland Kod-Chum","Chum",1992,199008,213100,NA,NA,NA,199008,NA,NA,NA,NA,NA,NA,NA,NA,NA,NA,NA,NA,NA,NA,NA,NA,NA,NA,NA,NA,NA,NA,NA,NA,NA,NA,NA,-0.0684165141830926,125
"2601","Mainland Kod-Chum","Chum",1993,115228,51790,NA,NA,NA,115228,NA,NA,NA,NA,NA,NA,NA,NA,NA,NA,NA,NA,NA,NA,NA,NA,NA,NA,NA,NA,NA,NA,NA,NA,NA,NA,NA,0.79971569384833,125
"2602","Mainland Kod-Chum","Chum",1994,128314,169100,NA,NA,NA,128314,NA,NA,NA,NA,NA,NA,NA,NA,NA,NA,NA,NA,NA,NA,NA,NA,NA,NA,NA,NA,NA,NA,NA,NA,NA,NA,NA,-0.276009870984263,125
"2603","Mainland Kod-Chum","Chum",1995,376272,127900,NA,NA,NA,376272,NA,NA,NA,NA,NA,NA,NA,NA,NA,NA,NA,NA,NA,NA,NA,NA,NA,NA,NA,NA,NA,NA,NA,NA,NA,NA,NA,1.07906357752968,125
"2604","Mainland Kod-Chum","Chum",1996,562674,158650,NA,NA,NA,562674,NA,NA,NA,NA,NA,NA,NA,NA,NA,NA,NA,NA,NA,NA,NA,NA,NA,NA,NA,NA,NA,NA,NA,NA,NA,NA,NA,1.26599990154901,125
"2605","Mainland Kod-Chum","Chum",1997,404545,80300,NA,NA,NA,404545,NA,NA,NA,NA,NA,NA,NA,NA,NA,NA,NA,NA,NA,NA,NA,NA,NA,NA,NA,NA,NA,NA,NA,NA,NA,NA,NA,1.61699335781306,125
"2606","Mainland Kod-Chum","Chum",1998,210652,103050,NA,NA,NA,210652,NA,NA,NA,NA,NA,NA,NA,NA,NA,NA,NA,NA,NA,NA,NA,NA,NA,NA,NA,NA,NA,NA,NA,NA,NA,NA,NA,0.714993175465513,125
"2607","Mainland Kod-Chum","Chum",1999,278326,166200,NA,NA,NA,278326,NA,NA,NA,NA,NA,NA,NA,NA,NA,NA,NA,NA,NA,NA,NA,NA,NA,NA,NA,NA,NA,NA,NA,NA,NA,NA,NA,0.515601206108912,125
"2608","Mainland Kod-Chum","Chum",2000,391038,367650,NA,NA,NA,391038,NA,NA,NA,NA,NA,NA,NA,NA,NA,NA,NA,NA,NA,NA,NA,NA,NA,NA,NA,NA,NA,NA,NA,NA,NA,NA,NA,0.0616733433215803,125
"2609","Mainland Kod-Chum","Chum",2001,72402,196100,NA,NA,NA,72402,NA,NA,NA,NA,NA,NA,NA,NA,NA,NA,NA,NA,NA,NA,NA,NA,NA,NA,NA,NA,NA,NA,NA,NA,NA,NA,NA,-0.996390809882782,125
"2610","Mainland Kod-Chum","Chum",2002,533279,120975,NA,NA,NA,533279,NA,NA,NA,NA,NA,NA,NA,NA,NA,NA,NA,NA,NA,NA,NA,NA,NA,NA,NA,NA,NA,NA,NA,NA,NA,NA,NA,1.48346082669077,125
"2611","Mainland Kod-Chum","Chum",2003,135013,73800,NA,NA,NA,135013,NA,NA,NA,NA,NA,NA,NA,NA,NA,NA,NA,NA,NA,NA,NA,NA,NA,NA,NA,NA,NA,NA,NA,NA,NA,NA,NA,0.604012338492108,125
"2612","Mainland Kod-Chum","Chum",2004,285810,241645,NA,NA,NA,285810,NA,NA,NA,NA,NA,NA,NA,NA,NA,NA,NA,NA,NA,NA,NA,NA,NA,NA,NA,NA,NA,NA,NA,NA,NA,NA,NA,0.167857547391912,125
"2613","Mainland Kod-Chum","Chum",2005,212913,22500,NA,NA,NA,212913,NA,NA,NA,NA,NA,NA,NA,NA,NA,NA,NA,NA,NA,NA,NA,NA,NA,NA,NA,NA,NA,NA,NA,NA,NA,NA,NA,2.24736832235612,125
"2614","Mainland Kod-Chum","Chum",2006,299840,346140,NA,NA,NA,299840,NA,NA,NA,NA,NA,NA,NA,NA,NA,NA,NA,NA,NA,NA,NA,NA,NA,NA,NA,NA,NA,NA,NA,NA,NA,NA,NA,-0.143594318446796,125
"2615","Mainland Kod-Chum","Chum",2007,240868,82600,NA,NA,NA,240868,NA,NA,NA,NA,NA,NA,NA,NA,NA,NA,NA,NA,NA,NA,NA,NA,NA,NA,NA,NA,NA,NA,NA,NA,NA,NA,NA,1.07023938506919,125
"2616","Perryville-Chum","Chum",1962,28300,10500,NA,NA,NA,28300,NA,NA,NA,NA,NA,NA,NA,NA,NA,NA,NA,NA,NA,NA,NA,NA,NA,NA,NA,NA,NA,NA,NA,NA,NA,NA,NA,0.991486547485714,126
"2617","Perryville-Chum","Chum",1963,7400,7000,NA,NA,NA,7400,NA,NA,NA,NA,NA,NA,NA,NA,NA,NA,NA,NA,NA,NA,NA,NA,NA,NA,NA,NA,NA,NA,NA,NA,NA,NA,NA,0.0555698511548108,126
"2618","Perryville-Chum","Chum",1964,15800,26000,NA,NA,NA,15800,NA,NA,NA,NA,NA,NA,NA,NA,NA,NA,NA,NA,NA,NA,NA,NA,NA,NA,NA,NA,NA,NA,NA,NA,NA,NA,NA,-0.498086597988561,126
"2619","Perryville-Chum","Chum",1965,22100,7000,NA,NA,NA,22100,NA,NA,NA,NA,NA,NA,NA,NA,NA,NA,NA,NA,NA,NA,NA,NA,NA,NA,NA,NA,NA,NA,NA,NA,NA,NA,NA,1.14966745946839,126
"2620","Perryville-Chum","Chum",1966,39300,20400,NA,NA,NA,39300,NA,NA,NA,NA,NA,NA,NA,NA,NA,NA,NA,NA,NA,NA,NA,NA,NA,NA,NA,NA,NA,NA,NA,NA,NA,NA,NA,0.655689618025045,126
"2621","Perryville-Chum","Chum",1967,70900,5700,NA,NA,NA,70900,NA,NA,NA,NA,NA,NA,NA,NA,NA,NA,NA,NA,NA,NA,NA,NA,NA,NA,NA,NA,NA,NA,NA,NA,NA,NA,NA,2.52080425869758,126
"2622","Perryville-Chum","Chum",1968,23800,1800,NA,NA,NA,23800,NA,NA,NA,NA,NA,NA,NA,NA,NA,NA,NA,NA,NA,NA,NA,NA,NA,NA,NA,NA,NA,NA,NA,NA,NA,NA,NA,2.58189891577531,126
"2623","Perryville-Chum","Chum",1969,9300,1000,NA,NA,NA,9300,NA,NA,NA,NA,NA,NA,NA,NA,NA,NA,NA,NA,NA,NA,NA,NA,NA,NA,NA,NA,NA,NA,NA,NA,NA,NA,NA,2.23001440015921,126
"2624","Perryville-Chum","Chum",1970,12500,13000,NA,NA,NA,12500,NA,NA,NA,NA,NA,NA,NA,NA,NA,NA,NA,NA,NA,NA,NA,NA,NA,NA,NA,NA,NA,NA,NA,NA,NA,NA,NA,-0.0392207131532813,126
"2625","Perryville-Chum","Chum",1971,20500,30000,NA,NA,NA,20500,NA,NA,NA,NA,NA,NA,NA,NA,NA,NA,NA,NA,NA,NA,NA,NA,NA,NA,NA,NA,NA,NA,NA,NA,NA,NA,NA,-0.380772495517793,126
"2626","Perryville-Chum","Chum",1972,24600,11500,NA,NA,NA,24600,NA,NA,NA,NA,NA,NA,NA,NA,NA,NA,NA,NA,NA,NA,NA,NA,NA,NA,NA,NA,NA,NA,NA,NA,NA,NA,NA,0.760399407569113,126
"2627","Perryville-Chum","Chum",1973,18800,9300,NA,NA,NA,18800,NA,NA,NA,NA,NA,NA,NA,NA,NA,NA,NA,NA,NA,NA,NA,NA,NA,NA,NA,NA,NA,NA,NA,NA,NA,NA,NA,0.703842469676693,126
"2628","Perryville-Chum","Chum",1974,37400,12500,NA,NA,NA,37400,NA,NA,NA,NA,NA,NA,NA,NA,NA,NA,NA,NA,NA,NA,NA,NA,NA,NA,NA,NA,NA,NA,NA,NA,NA,NA,NA,1.09594206011223,126
"2629","Perryville-Chum","Chum",1975,39700,20500,NA,NA,NA,39700,NA,NA,NA,NA,NA,NA,NA,NA,NA,NA,NA,NA,NA,NA,NA,NA,NA,NA,NA,NA,NA,NA,NA,NA,NA,NA,NA,0.660926301548782,126
"2630","Perryville-Chum","Chum",1976,74102,8900,NA,NA,NA,74102,NA,NA,NA,NA,NA,NA,NA,NA,NA,NA,NA,NA,NA,NA,NA,NA,NA,NA,NA,NA,NA,NA,NA,NA,NA,NA,NA,2.11939124575302,126
"2631","Perryville-Chum","Chum",1977,70594,15400,NA,NA,NA,70594,NA,NA,NA,NA,NA,NA,NA,NA,NA,NA,NA,NA,NA,NA,NA,NA,NA,NA,NA,NA,NA,NA,NA,NA,NA,NA,NA,1.52257764563242,126
"2632","Perryville-Chum","Chum",1978,46181,5300,NA,NA,NA,46181,NA,NA,NA,NA,NA,NA,NA,NA,NA,NA,NA,NA,NA,NA,NA,NA,NA,NA,NA,NA,NA,NA,NA,NA,NA,NA,NA,2.16486163752966,126
"2633","Perryville-Chum","Chum",1979,30841,12800,NA,NA,NA,30841,NA,NA,NA,NA,NA,NA,NA,NA,NA,NA,NA,NA,NA,NA,NA,NA,NA,NA,NA,NA,NA,NA,NA,NA,NA,NA,NA,0.879399802665395,126
"2634","Perryville-Chum","Chum",1980,46482,29100,NA,NA,NA,46482,NA,NA,NA,NA,NA,NA,NA,NA,NA,NA,NA,NA,NA,NA,NA,NA,NA,NA,NA,NA,NA,NA,NA,NA,NA,NA,NA,0.468326966700374,126
"2635","Perryville-Chum","Chum",1981,13990,19300,NA,NA,NA,13990,NA,NA,NA,NA,NA,NA,NA,NA,NA,NA,NA,NA,NA,NA,NA,NA,NA,NA,NA,NA,NA,NA,NA,NA,NA,NA,NA,-0.32176230723345,126
"2636","Perryville-Chum","Chum",1982,44721,23600,NA,NA,NA,44721,NA,NA,NA,NA,NA,NA,NA,NA,NA,NA,NA,NA,NA,NA,NA,NA,NA,NA,NA,NA,NA,NA,NA,NA,NA,NA,NA,0.639196477924839,126
"2637","Perryville-Chum","Chum",1983,26673,8200,NA,NA,NA,26673,NA,NA,NA,NA,NA,NA,NA,NA,NA,NA,NA,NA,NA,NA,NA,NA,NA,NA,NA,NA,NA,NA,NA,NA,NA,NA,NA,1.1795176635369,126
"2638","Perryville-Chum","Chum",1984,82605,46000,NA,NA,NA,82605,NA,NA,NA,NA,NA,NA,NA,NA,NA,NA,NA,NA,NA,NA,NA,NA,NA,NA,NA,NA,NA,NA,NA,NA,NA,NA,NA,0.58542881489346,126
"2639","Perryville-Chum","Chum",1985,15900,12900,NA,NA,NA,15900,NA,NA,NA,NA,NA,NA,NA,NA,NA,NA,NA,NA,NA,NA,NA,NA,NA,NA,NA,NA,NA,NA,NA,NA,NA,NA,NA,0.209091797858559,126
"2640","Perryville-Chum","Chum",1986,81537,7700,NA,NA,NA,81537,NA,NA,NA,NA,NA,NA,NA,NA,NA,NA,NA,NA,NA,NA,NA,NA,NA,NA,NA,NA,NA,NA,NA,NA,NA,NA,NA,2.35983657609599,126
"2641","Perryville-Chum","Chum",1987,431794,9800,NA,NA,NA,431794,NA,NA,NA,NA,NA,NA,NA,NA,NA,NA,NA,NA,NA,NA,NA,NA,NA,NA,NA,NA,NA,NA,NA,NA,NA,NA,NA,3.78556623698573,126
"2642","Perryville-Chum","Chum",1988,77479,41400,NA,NA,NA,77479,NA,NA,NA,NA,NA,NA,NA,NA,NA,NA,NA,NA,NA,NA,NA,NA,NA,NA,NA,NA,NA,NA,NA,NA,NA,NA,NA,0.626726051067705,126
"2643","Perryville-Chum","Chum",1989,91536,15900,NA,NA,NA,91536,NA,NA,NA,NA,NA,NA,NA,NA,NA,NA,NA,NA,NA,NA,NA,NA,NA,NA,NA,NA,NA,NA,NA,NA,NA,NA,NA,1.75041322829999,126
"2644","Perryville-Chum","Chum",1990,160025,55800,NA,NA,NA,160025,NA,NA,NA,NA,NA,NA,NA,NA,NA,NA,NA,NA,NA,NA,NA,NA,NA,NA,NA,NA,NA,NA,NA,NA,NA,NA,NA,1.0535561836408,126
"2645","Perryville-Chum","Chum",1991,227553,343200,NA,NA,NA,227553,NA,NA,NA,NA,NA,NA,NA,NA,NA,NA,NA,NA,NA,NA,NA,NA,NA,NA,NA,NA,NA,NA,NA,NA,NA,NA,NA,-0.41093018932244,126
"2646","Perryville-Chum","Chum",1992,148976,40300,NA,NA,NA,148976,NA,NA,NA,NA,NA,NA,NA,NA,NA,NA,NA,NA,NA,NA,NA,NA,NA,NA,NA,NA,NA,NA,NA,NA,NA,NA,NA,1.30743375019354,126
"2647","Perryville-Chum","Chum",1993,155791,66800,NA,NA,NA,155791,NA,NA,NA,NA,NA,NA,NA,NA,NA,NA,NA,NA,NA,NA,NA,NA,NA,NA,NA,NA,NA,NA,NA,NA,NA,NA,NA,0.84681228485837,126
"2648","Perryville-Chum","Chum",1994,246348,126000,NA,NA,NA,246348,NA,NA,NA,NA,NA,NA,NA,NA,NA,NA,NA,NA,NA,NA,NA,NA,NA,NA,NA,NA,NA,NA,NA,NA,NA,NA,NA,0.670463263474993,126
"2649","Perryville-Chum","Chum",1995,121831,134600,NA,NA,NA,121831,NA,NA,NA,NA,NA,NA,NA,NA,NA,NA,NA,NA,NA,NA,NA,NA,NA,NA,NA,NA,NA,NA,NA,NA,NA,NA,NA,-0.0996725787190881,126
"2650","Perryville-Chum","Chum",1996,54696,132000,NA,NA,NA,54696,NA,NA,NA,NA,NA,NA,NA,NA,NA,NA,NA,NA,NA,NA,NA,NA,NA,NA,NA,NA,NA,NA,NA,NA,NA,NA,NA,-0.881011341974878,126
"2651","Perryville-Chum","Chum",1997,82760,152800,NA,NA,NA,82760,NA,NA,NA,NA,NA,NA,NA,NA,NA,NA,NA,NA,NA,NA,NA,NA,NA,NA,NA,NA,NA,NA,NA,NA,NA,NA,NA,-0.613185023855078,126
"2652","Perryville-Chum","Chum",1998,32137,214500,NA,NA,NA,32137,NA,NA,NA,NA,NA,NA,NA,NA,NA,NA,NA,NA,NA,NA,NA,NA,NA,NA,NA,NA,NA,NA,NA,NA,NA,NA,NA,-1.89830172404567,126
"2653","Perryville-Chum","Chum",1999,66247,117300,NA,NA,NA,66247,NA,NA,NA,NA,NA,NA,NA,NA,NA,NA,NA,NA,NA,NA,NA,NA,NA,NA,NA,NA,NA,NA,NA,NA,NA,NA,NA,-0.571344574837273,126
"2654","Perryville-Chum","Chum",2000,38492,51900,NA,NA,NA,38492,NA,NA,NA,NA,NA,NA,NA,NA,NA,NA,NA,NA,NA,NA,NA,NA,NA,NA,NA,NA,NA,NA,NA,NA,NA,NA,NA,-0.298868362677688,126
"2655","Perryville-Chum","Chum",2001,61316,67800,NA,NA,NA,61316,NA,NA,NA,NA,NA,NA,NA,NA,NA,NA,NA,NA,NA,NA,NA,NA,NA,NA,NA,NA,NA,NA,NA,NA,NA,NA,NA,-0.100521374642489,126
"2656","Perryville-Chum","Chum",2002,29000,32020,NA,NA,NA,29000,NA,NA,NA,NA,NA,NA,NA,NA,NA,NA,NA,NA,NA,NA,NA,NA,NA,NA,NA,NA,NA,NA,NA,NA,NA,NA,NA,-0.0990648775820946,126
"2657","Perryville-Chum","Chum",2003,122615,64331,NA,NA,NA,122615,NA,NA,NA,NA,NA,NA,NA,NA,NA,NA,NA,NA,NA,NA,NA,NA,NA,NA,NA,NA,NA,NA,NA,NA,NA,NA,NA,0.645007734971871,126
"2658","Perryville-Chum","Chum",2004,92164,38492,NA,NA,NA,92164,NA,NA,NA,NA,NA,NA,NA,NA,NA,NA,NA,NA,NA,NA,NA,NA,NA,NA,NA,NA,NA,NA,NA,NA,NA,NA,NA,0.873119171289331,126
"2659","Perryville-Chum","Chum",2005,39192,61250,NA,NA,NA,39192,NA,NA,NA,NA,NA,NA,NA,NA,NA,NA,NA,NA,NA,NA,NA,NA,NA,NA,NA,NA,NA,NA,NA,NA,NA,NA,NA,-0.446491205088563,126
"2660","Perryville-Chum","Chum",2006,85393,29000,NA,NA,NA,85393,NA,NA,NA,NA,NA,NA,NA,NA,NA,NA,NA,NA,NA,NA,NA,NA,NA,NA,NA,NA,NA,NA,NA,NA,NA,NA,NA,1.07996830023544,126
"2661","Perryville-Chum","Chum",2007,71994,122280,NA,NA,NA,71994,NA,NA,NA,NA,NA,NA,NA,NA,NA,NA,NA,NA,NA,NA,NA,NA,NA,NA,NA,NA,NA,NA,NA,NA,NA,NA,NA,-0.529730714812327,126
"2662","W Chig-Chum","Chum",1962,85800,83100,NA,NA,NA,85800,NA,NA,NA,NA,NA,NA,NA,NA,NA,NA,NA,NA,NA,NA,NA,NA,NA,NA,NA,NA,NA,NA,NA,NA,NA,NA,NA,0.0319743046325141,127
"2663","W Chig-Chum","Chum",1963,57600,10000,NA,NA,NA,57600,NA,NA,NA,NA,NA,NA,NA,NA,NA,NA,NA,NA,NA,NA,NA,NA,NA,NA,NA,NA,NA,NA,NA,NA,NA,NA,NA,1.7509374747078,127
"2664","W Chig-Chum","Chum",1964,99700,37000,NA,NA,NA,99700,NA,NA,NA,NA,NA,NA,NA,NA,NA,NA,NA,NA,NA,NA,NA,NA,NA,NA,NA,NA,NA,NA,NA,NA,NA,NA,NA,0.991247764323568,127
"2665","W Chig-Chum","Chum",1965,64400,25000,NA,NA,NA,64400,NA,NA,NA,NA,NA,NA,NA,NA,NA,NA,NA,NA,NA,NA,NA,NA,NA,NA,NA,NA,NA,NA,NA,NA,NA,NA,NA,0.946237808242107,127
"2666","W Chig-Chum","Chum",1966,189300,12000,NA,NA,NA,189300,NA,NA,NA,NA,NA,NA,NA,NA,NA,NA,NA,NA,NA,NA,NA,NA,NA,NA,NA,NA,NA,NA,NA,NA,NA,NA,NA,2.75842640842728,127
"2667","W Chig-Chum","Chum",1967,361600,24000,NA,NA,NA,361600,NA,NA,NA,NA,NA,NA,NA,NA,NA,NA,NA,NA,NA,NA,NA,NA,NA,NA,NA,NA,NA,NA,NA,NA,NA,NA,NA,2.71248479817008,127
"2668","W Chig-Chum","Chum",1968,77500,9600,NA,NA,NA,77500,NA,NA,NA,NA,NA,NA,NA,NA,NA,NA,NA,NA,NA,NA,NA,NA,NA,NA,NA,NA,NA,NA,NA,NA,NA,NA,NA,2.08851483788551,127
"2669","W Chig-Chum","Chum",1969,35600,27600,NA,NA,NA,35600,NA,NA,NA,NA,NA,NA,NA,NA,NA,NA,NA,NA,NA,NA,NA,NA,NA,NA,NA,NA,NA,NA,NA,NA,NA,NA,NA,0.25452986513488,127
"2670","W Chig-Chum","Chum",1970,42600,49700,NA,NA,NA,42600,NA,NA,NA,NA,NA,NA,NA,NA,NA,NA,NA,NA,NA,NA,NA,NA,NA,NA,NA,NA,NA,NA,NA,NA,NA,NA,NA,-0.154150679827258,127
"2671","W Chig-Chum","Chum",1971,44200,184100,NA,NA,NA,44200,NA,NA,NA,NA,NA,NA,NA,NA,NA,NA,NA,NA,NA,NA,NA,NA,NA,NA,NA,NA,NA,NA,NA,NA,NA,NA,NA,-1.42675429915538,127
"2672","W Chig-Chum","Chum",1972,88100,59000,NA,NA,NA,88100,NA,NA,NA,NA,NA,NA,NA,NA,NA,NA,NA,NA,NA,NA,NA,NA,NA,NA,NA,NA,NA,NA,NA,NA,NA,NA,NA,0.400935089036414,127
"2673","W Chig-Chum","Chum",1973,158400,35600,NA,NA,NA,158400,NA,NA,NA,NA,NA,NA,NA,NA,NA,NA,NA,NA,NA,NA,NA,NA,NA,NA,NA,NA,NA,NA,NA,NA,NA,NA,NA,1.49277784152234,127
"2674","W Chig-Chum","Chum",1974,73300,39400,NA,NA,NA,73300,NA,NA,NA,NA,NA,NA,NA,NA,NA,NA,NA,NA,NA,NA,NA,NA,NA,NA,NA,NA,NA,NA,NA,NA,NA,NA,NA,0.620794792588718,127
"2675","W Chig-Chum","Chum",1975,124800,43400,NA,NA,NA,124800,NA,NA,NA,NA,NA,NA,NA,NA,NA,NA,NA,NA,NA,NA,NA,NA,NA,NA,NA,NA,NA,NA,NA,NA,NA,NA,NA,1.05625301482897,127
"2676","W Chig-Chum","Chum",1976,148368,55000,NA,NA,NA,148368,NA,NA,NA,NA,NA,NA,NA,NA,NA,NA,NA,NA,NA,NA,NA,NA,NA,NA,NA,NA,NA,NA,NA,NA,NA,NA,NA,0.992362488825399,127
"2677","W Chig-Chum","Chum",1977,291879,70400,NA,NA,NA,291879,NA,NA,NA,NA,NA,NA,NA,NA,NA,NA,NA,NA,NA,NA,NA,NA,NA,NA,NA,NA,NA,NA,NA,NA,NA,NA,NA,1.42214606966205,127
"2678","W Chig-Chum","Chum",1978,288699,27300,NA,NA,NA,288699,NA,NA,NA,NA,NA,NA,NA,NA,NA,NA,NA,NA,NA,NA,NA,NA,NA,NA,NA,NA,NA,NA,NA,NA,NA,NA,NA,2.35849792066872,127
"2679","W Chig-Chum","Chum",1979,122059,42500,NA,NA,NA,122059,NA,NA,NA,NA,NA,NA,NA,NA,NA,NA,NA,NA,NA,NA,NA,NA,NA,NA,NA,NA,NA,NA,NA,NA,NA,NA,NA,1.0550004584603,127
"2680","W Chig-Chum","Chum",1980,99164,56500,NA,NA,NA,99164,NA,NA,NA,NA,NA,NA,NA,NA,NA,NA,NA,NA,NA,NA,NA,NA,NA,NA,NA,NA,NA,NA,NA,NA,NA,NA,NA,0.562534407047314,127
"2681","W Chig-Chum","Chum",1981,45304,70300,NA,NA,NA,45304,NA,NA,NA,NA,NA,NA,NA,NA,NA,NA,NA,NA,NA,NA,NA,NA,NA,NA,NA,NA,NA,NA,NA,NA,NA,NA,NA,-0.439376470005115,127
"2682","W Chig-Chum","Chum",1982,79370,35400,NA,NA,NA,79370,NA,NA,NA,NA,NA,NA,NA,NA,NA,NA,NA,NA,NA,NA,NA,NA,NA,NA,NA,NA,NA,NA,NA,NA,NA,NA,NA,0.807408642963055,127
"2683","W Chig-Chum","Chum",1983,106598,20100,NA,NA,NA,106598,NA,NA,NA,NA,NA,NA,NA,NA,NA,NA,NA,NA,NA,NA,NA,NA,NA,NA,NA,NA,NA,NA,NA,NA,NA,NA,NA,1.66834493476463,127
"2684","W Chig-Chum","Chum",1984,130130,73800,NA,NA,NA,130130,NA,NA,NA,NA,NA,NA,NA,NA,NA,NA,NA,NA,NA,NA,NA,NA,NA,NA,NA,NA,NA,NA,NA,NA,NA,NA,NA,0.567175219182239,127
"2685","W Chig-Chum","Chum",1985,7400,34600,NA,NA,NA,7400,NA,NA,NA,NA,NA,NA,NA,NA,NA,NA,NA,NA,NA,NA,NA,NA,NA,NA,NA,NA,NA,NA,NA,NA,NA,NA,NA,-1.54237368185355,127
"2686","W Chig-Chum","Chum",1986,120403,5300,NA,NA,NA,120403,NA,NA,NA,NA,NA,NA,NA,NA,NA,NA,NA,NA,NA,NA,NA,NA,NA,NA,NA,NA,NA,NA,NA,NA,NA,NA,NA,3.12313762894974,127
"2687","W Chig-Chum","Chum",1987,136703,19700,NA,NA,NA,136703,NA,NA,NA,NA,NA,NA,NA,NA,NA,NA,NA,NA,NA,NA,NA,NA,NA,NA,NA,NA,NA,NA,NA,NA,NA,NA,NA,1.93719205361202,127
"2688","W Chig-Chum","Chum",1988,118766,27400,NA,NA,NA,118766,NA,NA,NA,NA,NA,NA,NA,NA,NA,NA,NA,NA,NA,NA,NA,NA,NA,NA,NA,NA,NA,NA,NA,NA,NA,NA,NA,1.46661215728664,127
"2689","W Chig-Chum","Chum",1989,39045,7400,NA,NA,NA,39045,NA,NA,NA,NA,NA,NA,NA,NA,NA,NA,NA,NA,NA,NA,NA,NA,NA,NA,NA,NA,NA,NA,NA,NA,NA,NA,NA,1.66323482690451,127
"2690","W Chig-Chum","Chum",1990,117116,28800,NA,NA,NA,117116,NA,NA,NA,NA,NA,NA,NA,NA,NA,NA,NA,NA,NA,NA,NA,NA,NA,NA,NA,NA,NA,NA,NA,NA,NA,NA,NA,1.40278950948241,127
"2691","W Chig-Chum","Chum",1991,203973,38100,NA,NA,NA,203973,NA,NA,NA,NA,NA,NA,NA,NA,NA,NA,NA,NA,NA,NA,NA,NA,NA,NA,NA,NA,NA,NA,NA,NA,NA,NA,NA,1.67777335001096,127
"2692","W Chig-Chum","Chum",1992,80803,53300,NA,NA,NA,80803,NA,NA,NA,NA,NA,NA,NA,NA,NA,NA,NA,NA,NA,NA,NA,NA,NA,NA,NA,NA,NA,NA,NA,NA,NA,NA,NA,0.416077762378868,127
"2693","W Chig-Chum","Chum",1993,76780,14000,NA,NA,NA,76780,NA,NA,NA,NA,NA,NA,NA,NA,NA,NA,NA,NA,NA,NA,NA,NA,NA,NA,NA,NA,NA,NA,NA,NA,NA,NA,NA,1.70188685995739,127
"2694","W Chig-Chum","Chum",1994,72025,23000,NA,NA,NA,72025,NA,NA,NA,NA,NA,NA,NA,NA,NA,NA,NA,NA,NA,NA,NA,NA,NA,NA,NA,NA,NA,NA,NA,NA,NA,NA,NA,1.14151906504144,127
"2695","W Chig-Chum","Chum",1995,53389,45700,NA,NA,NA,53389,NA,NA,NA,NA,NA,NA,NA,NA,NA,NA,NA,NA,NA,NA,NA,NA,NA,NA,NA,NA,NA,NA,NA,NA,NA,NA,NA,0.155506434337256,127
"2696","W Chig-Chum","Chum",1996,47523,44500,NA,NA,NA,47523,NA,NA,NA,NA,NA,NA,NA,NA,NA,NA,NA,NA,NA,NA,NA,NA,NA,NA,NA,NA,NA,NA,NA,NA,NA,NA,NA,0.0657246152026288,127
"2697","W Chig-Chum","Chum",1997,72966,60500,NA,NA,NA,72966,NA,NA,NA,NA,NA,NA,NA,NA,NA,NA,NA,NA,NA,NA,NA,NA,NA,NA,NA,NA,NA,NA,NA,NA,NA,NA,NA,0.187350214190122,127
"2698","W Chig-Chum","Chum",1998,57419,30600,NA,NA,NA,57419,NA,NA,NA,NA,NA,NA,NA,NA,NA,NA,NA,NA,NA,NA,NA,NA,NA,NA,NA,NA,NA,NA,NA,NA,NA,NA,NA,0.629375250048274,127
"2699","W Chig-Chum","Chum",1999,78933,16300,NA,NA,NA,78933,NA,NA,NA,NA,NA,NA,NA,NA,NA,NA,NA,NA,NA,NA,NA,NA,NA,NA,NA,NA,NA,NA,NA,NA,NA,NA,NA,1.57743428354713,127
"2700","W Chig-Chum","Chum",2000,3100,12700,NA,NA,NA,3100,NA,NA,NA,NA,NA,NA,NA,NA,NA,NA,NA,NA,NA,NA,NA,NA,NA,NA,NA,NA,NA,NA,NA,NA,NA,NA,NA,-1.41019988197344,127
"2701","W Chig-Chum","Chum",2001,23054,35500,NA,NA,NA,23054,NA,NA,NA,NA,NA,NA,NA,NA,NA,NA,NA,NA,NA,NA,NA,NA,NA,NA,NA,NA,NA,NA,NA,NA,NA,NA,NA,-0.431693406302549,127
"2702","W Chig-Chum","Chum",2002,55096,17082,NA,NA,NA,55096,NA,NA,NA,NA,NA,NA,NA,NA,NA,NA,NA,NA,NA,NA,NA,NA,NA,NA,NA,NA,NA,NA,NA,NA,NA,NA,NA,1.17105184071844,127
"2703","W Chig-Chum","Chum",2003,73443,39050,NA,NA,NA,73443,NA,NA,NA,NA,NA,NA,NA,NA,NA,NA,NA,NA,NA,NA,NA,NA,NA,NA,NA,NA,NA,NA,NA,NA,NA,NA,NA,0.631666718865417,127
"2704","W Chig-Chum","Chum",2004,109318,3100,NA,NA,NA,109318,NA,NA,NA,NA,NA,NA,NA,NA,NA,NA,NA,NA,NA,NA,NA,NA,NA,NA,NA,NA,NA,NA,NA,NA,NA,NA,NA,3.5628589544874,127
"2705","W Chig-Chum","Chum",2005,125431,22000,NA,NA,NA,125431,NA,NA,NA,NA,NA,NA,NA,NA,NA,NA,NA,NA,NA,NA,NA,NA,NA,NA,NA,NA,NA,NA,NA,NA,NA,NA,NA,1.74071335322083,127
"2706","W Chig-Chum","Chum",2006,224311,6000,NA,NA,NA,224311,NA,NA,NA,NA,NA,NA,NA,NA,NA,NA,NA,NA,NA,NA,NA,NA,NA,NA,NA,NA,NA,NA,NA,NA,NA,NA,NA,3.62127401255794,127
"2707","W Chig-Chum","Chum",2007,84363,26500,NA,NA,NA,84363,NA,NA,NA,NA,NA,NA,NA,NA,NA,NA,NA,NA,NA,NA,NA,NA,NA,NA,NA,NA,NA,NA,NA,NA,NA,NA,NA,1.15798418386376,127
"2708","Central Chig-Chum","Chum",1962,30900,40400,NA,NA,NA,30900,NA,NA,NA,NA,NA,NA,NA,NA,NA,NA,NA,NA,NA,NA,NA,NA,NA,NA,NA,NA,NA,NA,NA,NA,NA,NA,NA,-0.268073601063405,128
"2709","Central Chig-Chum","Chum",1963,27100,34000,NA,NA,NA,27100,NA,NA,NA,NA,NA,NA,NA,NA,NA,NA,NA,NA,NA,NA,NA,NA,NA,NA,NA,NA,NA,NA,NA,NA,NA,NA,NA,-0.226826796730506,128
"2710","Central Chig-Chum","Chum",1964,18700,24200,NA,NA,NA,18700,NA,NA,NA,NA,NA,NA,NA,NA,NA,NA,NA,NA,NA,NA,NA,NA,NA,NA,NA,NA,NA,NA,NA,NA,NA,NA,NA,-0.2578291093021,128
"2711","Central Chig-Chum","Chum",1965,9700,19200,NA,NA,NA,9700,NA,NA,NA,NA,NA,NA,NA,NA,NA,NA,NA,NA,NA,NA,NA,NA,NA,NA,NA,NA,NA,NA,NA,NA,NA,NA,NA,-0.682784393524399,128
"2712","Central Chig-Chum","Chum",1966,52000,10000,NA,NA,NA,52000,NA,NA,NA,NA,NA,NA,NA,NA,NA,NA,NA,NA,NA,NA,NA,NA,NA,NA,NA,NA,NA,NA,NA,NA,NA,NA,NA,1.64865862558738,128
"2713","Central Chig-Chum","Chum",1967,42800,17200,NA,NA,NA,42800,NA,NA,NA,NA,NA,NA,NA,NA,NA,NA,NA,NA,NA,NA,NA,NA,NA,NA,NA,NA,NA,NA,NA,NA,NA,NA,NA,0.911628718768344,128
"2714","Central Chig-Chum","Chum",1968,15800,14500,NA,NA,NA,15800,NA,NA,NA,NA,NA,NA,NA,NA,NA,NA,NA,NA,NA,NA,NA,NA,NA,NA,NA,NA,NA,NA,NA,NA,NA,NA,NA,0.0858612906063924,128
"2715","Central Chig-Chum","Chum",1969,12400,6500,NA,NA,NA,12400,NA,NA,NA,NA,NA,NA,NA,NA,NA,NA,NA,NA,NA,NA,NA,NA,NA,NA,NA,NA,NA,NA,NA,NA,NA,NA,NA,0.6458942957094,128
"2716","Central Chig-Chum","Chum",1970,31600,23400,NA,NA,NA,31600,NA,NA,NA,NA,NA,NA,NA,NA,NA,NA,NA,NA,NA,NA,NA,NA,NA,NA,NA,NA,NA,NA,NA,NA,NA,NA,NA,0.300421098229211,128
"2717","Central Chig-Chum","Chum",1971,22000,29100,NA,NA,NA,22000,NA,NA,NA,NA,NA,NA,NA,NA,NA,NA,NA,NA,NA,NA,NA,NA,NA,NA,NA,NA,NA,NA,NA,NA,NA,NA,NA,-0.279695720819131,128
"2718","Central Chig-Chum","Chum",1972,21200,14200,NA,NA,NA,21200,NA,NA,NA,NA,NA,NA,NA,NA,NA,NA,NA,NA,NA,NA,NA,NA,NA,NA,NA,NA,NA,NA,NA,NA,NA,NA,NA,0.400759217070752,128
"2719","Central Chig-Chum","Chum",1973,18200,12200,NA,NA,NA,18200,NA,NA,NA,NA,NA,NA,NA,NA,NA,NA,NA,NA,NA,NA,NA,NA,NA,NA,NA,NA,NA,NA,NA,NA,NA,NA,NA,0.399985642343539,128
"2720","Central Chig-Chum","Chum",1974,24100,18100,NA,NA,NA,24100,NA,NA,NA,NA,NA,NA,NA,NA,NA,NA,NA,NA,NA,NA,NA,NA,NA,NA,NA,NA,NA,NA,NA,NA,NA,NA,NA,0.286299902224829,128
"2721","Central Chig-Chum","Chum",1975,56200,18800,NA,NA,NA,56200,NA,NA,NA,NA,NA,NA,NA,NA,NA,NA,NA,NA,NA,NA,NA,NA,NA,NA,NA,NA,NA,NA,NA,NA,NA,NA,NA,1.09505988706374,128
"2722","Central Chig-Chum","Chum",1976,73102,17800,NA,NA,NA,73102,NA,NA,NA,NA,NA,NA,NA,NA,NA,NA,NA,NA,NA,NA,NA,NA,NA,NA,NA,NA,NA,NA,NA,NA,NA,NA,NA,1.41265726886454,128
"2723","Central Chig-Chum","Chum",1977,186830,9300,NA,NA,NA,186830,NA,NA,NA,NA,NA,NA,NA,NA,NA,NA,NA,NA,NA,NA,NA,NA,NA,NA,NA,NA,NA,NA,NA,NA,NA,NA,NA,3.00018471231254,128
"2724","Central Chig-Chum","Chum",1978,83069,13800,NA,NA,NA,83069,NA,NA,NA,NA,NA,NA,NA,NA,NA,NA,NA,NA,NA,NA,NA,NA,NA,NA,NA,NA,NA,NA,NA,NA,NA,NA,NA,1.79500299557516,128
"2725","Central Chig-Chum","Chum",1979,26815,44800,NA,NA,NA,26815,NA,NA,NA,NA,NA,NA,NA,NA,NA,NA,NA,NA,NA,NA,NA,NA,NA,NA,NA,NA,NA,NA,NA,NA,NA,NA,NA,-0.513246706986051,128
"2726","Central Chig-Chum","Chum",1980,43550,34200,NA,NA,NA,43550,NA,NA,NA,NA,NA,NA,NA,NA,NA,NA,NA,NA,NA,NA,NA,NA,NA,NA,NA,NA,NA,NA,NA,NA,NA,NA,NA,0.241684059229952,128
"2727","Central Chig-Chum","Chum",1981,14842,26100,NA,NA,NA,14842,NA,NA,NA,NA,NA,NA,NA,NA,NA,NA,NA,NA,NA,NA,NA,NA,NA,NA,NA,NA,NA,NA,NA,NA,NA,NA,NA,-0.564474314780706,128
"2728","Central Chig-Chum","Chum",1982,60502,49400,NA,NA,NA,60502,NA,NA,NA,NA,NA,NA,NA,NA,NA,NA,NA,NA,NA,NA,NA,NA,NA,NA,NA,NA,NA,NA,NA,NA,NA,NA,NA,0.20272599814776,128
"2729","Central Chig-Chum","Chum",1983,26937,17000,NA,NA,NA,26937,NA,NA,NA,NA,NA,NA,NA,NA,NA,NA,NA,NA,NA,NA,NA,NA,NA,NA,NA,NA,NA,NA,NA,NA,NA,NA,NA,0.460287462150565,128
"2730","Central Chig-Chum","Chum",1984,95116,35400,NA,NA,NA,95116,NA,NA,NA,NA,NA,NA,NA,NA,NA,NA,NA,NA,NA,NA,NA,NA,NA,NA,NA,NA,NA,NA,NA,NA,NA,NA,NA,0.988385379213922,128
"2731","Central Chig-Chum","Chum",1985,34734,9600,NA,NA,NA,34734,NA,NA,NA,NA,NA,NA,NA,NA,NA,NA,NA,NA,NA,NA,NA,NA,NA,NA,NA,NA,NA,NA,NA,NA,NA,NA,NA,1.28595593585113,128
"2732","Central Chig-Chum","Chum",1986,141741,31000,NA,NA,NA,141741,NA,NA,NA,NA,NA,NA,NA,NA,NA,NA,NA,NA,NA,NA,NA,NA,NA,NA,NA,NA,NA,NA,NA,NA,NA,NA,NA,1.52001424404352,128
"2733","Central Chig-Chum","Chum",1987,69429,17500,NA,NA,NA,69429,NA,NA,NA,NA,NA,NA,NA,NA,NA,NA,NA,NA,NA,NA,NA,NA,NA,NA,NA,NA,NA,NA,NA,NA,NA,NA,NA,1.37810376673617,128
"2734","Central Chig-Chum","Chum",1988,218669,55800,NA,NA,NA,218669,NA,NA,NA,NA,NA,NA,NA,NA,NA,NA,NA,NA,NA,NA,NA,NA,NA,NA,NA,NA,NA,NA,NA,NA,NA,NA,NA,1.36578530156349,128
"2735","Central Chig-Chum","Chum",1989,82706,34700,NA,NA,NA,82706,NA,NA,NA,NA,NA,NA,NA,NA,NA,NA,NA,NA,NA,NA,NA,NA,NA,NA,NA,NA,NA,NA,NA,NA,NA,NA,NA,0.868552463835676,128
"2736","Central Chig-Chum","Chum",1990,172152,28000,NA,NA,NA,172152,NA,NA,NA,NA,NA,NA,NA,NA,NA,NA,NA,NA,NA,NA,NA,NA,NA,NA,NA,NA,NA,NA,NA,NA,NA,NA,NA,1.81617329731704,128
"2737","Central Chig-Chum","Chum",1991,151566,18000,NA,NA,NA,151566,NA,NA,NA,NA,NA,NA,NA,NA,NA,NA,NA,NA,NA,NA,NA,NA,NA,NA,NA,NA,NA,NA,NA,NA,NA,NA,NA,2.13064941575251,128
"2738","Central Chig-Chum","Chum",1992,92093,173100,NA,NA,NA,92093,NA,NA,NA,NA,NA,NA,NA,NA,NA,NA,NA,NA,NA,NA,NA,NA,NA,NA,NA,NA,NA,NA,NA,NA,NA,NA,NA,-0.631070526152484,128
"2739","Central Chig-Chum","Chum",1993,169959,39400,NA,NA,NA,169959,NA,NA,NA,NA,NA,NA,NA,NA,NA,NA,NA,NA,NA,NA,NA,NA,NA,NA,NA,NA,NA,NA,NA,NA,NA,NA,NA,1.46179141518806,128
"2740","Central Chig-Chum","Chum",1994,75191,102600,NA,NA,NA,75191,NA,NA,NA,NA,NA,NA,NA,NA,NA,NA,NA,NA,NA,NA,NA,NA,NA,NA,NA,NA,NA,NA,NA,NA,NA,NA,NA,-0.310806389794263,128
"2741","Central Chig-Chum","Chum",1995,107895,44500,NA,NA,NA,107895,NA,NA,NA,NA,NA,NA,NA,NA,NA,NA,NA,NA,NA,NA,NA,NA,NA,NA,NA,NA,NA,NA,NA,NA,NA,NA,NA,0.885669342815235,128
"2742","Central Chig-Chum","Chum",1996,89604,45100,NA,NA,NA,89604,NA,NA,NA,NA,NA,NA,NA,NA,NA,NA,NA,NA,NA,NA,NA,NA,NA,NA,NA,NA,NA,NA,NA,NA,NA,NA,NA,0.686517715332932,128
"2743","Central Chig-Chum","Chum",1997,120632,65700,NA,NA,NA,120632,NA,NA,NA,NA,NA,NA,NA,NA,NA,NA,NA,NA,NA,NA,NA,NA,NA,NA,NA,NA,NA,NA,NA,NA,NA,NA,NA,0.60764566357293,128
"2744","Central Chig-Chum","Chum",1998,21258,32000,NA,NA,NA,21258,NA,NA,NA,NA,NA,NA,NA,NA,NA,NA,NA,NA,NA,NA,NA,NA,NA,NA,NA,NA,NA,NA,NA,NA,NA,NA,NA,-0.409002607688337,128
"2745","Central Chig-Chum","Chum",1999,54495,32400,NA,NA,NA,54495,NA,NA,NA,NA,NA,NA,NA,NA,NA,NA,NA,NA,NA,NA,NA,NA,NA,NA,NA,NA,NA,NA,NA,NA,NA,NA,NA,0.519950531542991,128
"2746","Central Chig-Chum","Chum",2000,30316,22700,NA,NA,NA,30316,NA,NA,NA,NA,NA,NA,NA,NA,NA,NA,NA,NA,NA,NA,NA,NA,NA,NA,NA,NA,NA,NA,NA,NA,NA,NA,NA,0.289310701462426,128
"2747","Central Chig-Chum","Chum",2001,164429,36500,NA,NA,NA,164429,NA,NA,NA,NA,NA,NA,NA,NA,NA,NA,NA,NA,NA,NA,NA,NA,NA,NA,NA,NA,NA,NA,NA,NA,NA,NA,NA,1.50516660550392,128
"2748","Central Chig-Chum","Chum",2002,12905,11615,NA,NA,NA,12905,NA,NA,NA,NA,NA,NA,NA,NA,NA,NA,NA,NA,NA,NA,NA,NA,NA,NA,NA,NA,NA,NA,NA,NA,NA,NA,NA,0.105317466948205,128
"2749","Central Chig-Chum","Chum",2003,44795,43191,NA,NA,NA,44795,NA,NA,NA,NA,NA,NA,NA,NA,NA,NA,NA,NA,NA,NA,NA,NA,NA,NA,NA,NA,NA,NA,NA,NA,NA,NA,NA,0.0364643858372138,128
"2750","Central Chig-Chum","Chum",2004,57980,30310,NA,NA,NA,57980,NA,NA,NA,NA,NA,NA,NA,NA,NA,NA,NA,NA,NA,NA,NA,NA,NA,NA,NA,NA,NA,NA,NA,NA,NA,NA,NA,0.648620432423798,128
"2751","Central Chig-Chum","Chum",2005,82699,159100,NA,NA,NA,82699,NA,NA,NA,NA,NA,NA,NA,NA,NA,NA,NA,NA,NA,NA,NA,NA,NA,NA,NA,NA,NA,NA,NA,NA,NA,NA,NA,-0.654325425285631,128
"2752","Central Chig-Chum","Chum",2006,243501,3450,NA,NA,NA,243501,NA,NA,NA,NA,NA,NA,NA,NA,NA,NA,NA,NA,NA,NA,NA,NA,NA,NA,NA,NA,NA,NA,NA,NA,NA,NA,NA,4.25674681824712,128
"2753","Central Chig-Chum","Chum",2007,149080,25200,NA,NA,NA,149080,NA,NA,NA,NA,NA,NA,NA,NA,NA,NA,NA,NA,NA,NA,NA,NA,NA,NA,NA,NA,NA,NA,NA,NA,NA,NA,NA,1.77763908009368,128
"2754","E Chig-Chum","Chum",1962,188100,79600,NA,NA,NA,188100,NA,NA,NA,NA,NA,NA,NA,NA,NA,NA,NA,NA,NA,NA,NA,NA,NA,NA,NA,NA,NA,NA,NA,NA,NA,NA,NA,0.859959643456647,129
"2755","E Chig-Chum","Chum",1963,114200,55200,NA,NA,NA,114200,NA,NA,NA,NA,NA,NA,NA,NA,NA,NA,NA,NA,NA,NA,NA,NA,NA,NA,NA,NA,NA,NA,NA,NA,NA,NA,NA,0.72698834393886,129
"2756","E Chig-Chum","Chum",1964,173100,165400,NA,NA,NA,173100,NA,NA,NA,NA,NA,NA,NA,NA,NA,NA,NA,NA,NA,NA,NA,NA,NA,NA,NA,NA,NA,NA,NA,NA,NA,NA,NA,0.0455026795925727,129
"2757","E Chig-Chum","Chum",1965,70200,58000,NA,NA,NA,70200,NA,NA,NA,NA,NA,NA,NA,NA,NA,NA,NA,NA,NA,NA,NA,NA,NA,NA,NA,NA,NA,NA,NA,NA,NA,NA,NA,0.190905300485346,129
"2758","E Chig-Chum","Chum",1966,367100,58000,NA,NA,NA,367100,NA,NA,NA,NA,NA,NA,NA,NA,NA,NA,NA,NA,NA,NA,NA,NA,NA,NA,NA,NA,NA,NA,NA,NA,NA,NA,NA,1.84519127995637,129
"2759","E Chig-Chum","Chum",1967,321500,89800,NA,NA,NA,321500,NA,NA,NA,NA,NA,NA,NA,NA,NA,NA,NA,NA,NA,NA,NA,NA,NA,NA,NA,NA,NA,NA,NA,NA,NA,NA,NA,1.27541256836952,129
"2760","E Chig-Chum","Chum",1968,135100,63000,NA,NA,NA,135100,NA,NA,NA,NA,NA,NA,NA,NA,NA,NA,NA,NA,NA,NA,NA,NA,NA,NA,NA,NA,NA,NA,NA,NA,NA,NA,NA,0.76288051857462,129
"2761","E Chig-Chum","Chum",1969,60300,66500,NA,NA,NA,60300,NA,NA,NA,NA,NA,NA,NA,NA,NA,NA,NA,NA,NA,NA,NA,NA,NA,NA,NA,NA,NA,NA,NA,NA,NA,NA,NA,-0.0978698439286687,129
"2762","E Chig-Chum","Chum",1970,76600,126000,NA,NA,NA,76600,NA,NA,NA,NA,NA,NA,NA,NA,NA,NA,NA,NA,NA,NA,NA,NA,NA,NA,NA,NA,NA,NA,NA,NA,NA,NA,NA,-0.497684830204932,129
"2763","E Chig-Chum","Chum",1971,41300,219200,NA,NA,NA,41300,NA,NA,NA,NA,NA,NA,NA,NA,NA,NA,NA,NA,NA,NA,NA,NA,NA,NA,NA,NA,NA,NA,NA,NA,NA,NA,NA,-1.66912205510687,129
"2764","E Chig-Chum","Chum",1972,132300,107400,NA,NA,NA,132300,NA,NA,NA,NA,NA,NA,NA,NA,NA,NA,NA,NA,NA,NA,NA,NA,NA,NA,NA,NA,NA,NA,NA,NA,NA,NA,NA,0.208511889046146,129
"2765","E Chig-Chum","Chum",1973,56000,59100,NA,NA,NA,56000,NA,NA,NA,NA,NA,NA,NA,NA,NA,NA,NA,NA,NA,NA,NA,NA,NA,NA,NA,NA,NA,NA,NA,NA,NA,NA,NA,-0.0538792336769033,129
"2766","E Chig-Chum","Chum",1974,73300,76300,NA,NA,NA,73300,NA,NA,NA,NA,NA,NA,NA,NA,NA,NA,NA,NA,NA,NA,NA,NA,NA,NA,NA,NA,NA,NA,NA,NA,NA,NA,NA,-0.0401123293978056,129
"2767","E Chig-Chum","Chum",1975,115600,41300,NA,NA,NA,115600,NA,NA,NA,NA,NA,NA,NA,NA,NA,NA,NA,NA,NA,NA,NA,NA,NA,NA,NA,NA,NA,NA,NA,NA,NA,NA,NA,1.02927345627129,129
"2768","E Chig-Chum","Chum",1976,163805,122300,NA,NA,NA,163805,NA,NA,NA,NA,NA,NA,NA,NA,NA,NA,NA,NA,NA,NA,NA,NA,NA,NA,NA,NA,NA,NA,NA,NA,NA,NA,NA,0.292199653290488,129
"2769","E Chig-Chum","Chum",1977,234668,54500,NA,NA,NA,234668,NA,NA,NA,NA,NA,NA,NA,NA,NA,NA,NA,NA,NA,NA,NA,NA,NA,NA,NA,NA,NA,NA,NA,NA,NA,NA,NA,1.45997104762277,129
"2770","E Chig-Chum","Chum",1978,209913,55800,NA,NA,NA,209913,NA,NA,NA,NA,NA,NA,NA,NA,NA,NA,NA,NA,NA,NA,NA,NA,NA,NA,NA,NA,NA,NA,NA,NA,NA,NA,NA,1.32491928977588,129
"2771","E Chig-Chum","Chum",1979,58450,79500,NA,NA,NA,58450,NA,NA,NA,NA,NA,NA,NA,NA,NA,NA,NA,NA,NA,NA,NA,NA,NA,NA,NA,NA,NA,NA,NA,NA,NA,NA,NA,-0.307585333742209,129
"2772","E Chig-Chum","Chum",1980,235834,107000,NA,NA,NA,235834,NA,NA,NA,NA,NA,NA,NA,NA,NA,NA,NA,NA,NA,NA,NA,NA,NA,NA,NA,NA,NA,NA,NA,NA,NA,NA,NA,0.790299333238505,129
"2773","E Chig-Chum","Chum",1981,5764,126000,NA,NA,NA,5764,NA,NA,NA,NA,NA,NA,NA,NA,NA,NA,NA,NA,NA,NA,NA,NA,NA,NA,NA,NA,NA,NA,NA,NA,NA,NA,NA,-3.0846502288142,129
"2774","E Chig-Chum","Chum",1982,26380,145400,NA,NA,NA,26380,NA,NA,NA,NA,NA,NA,NA,NA,NA,NA,NA,NA,NA,NA,NA,NA,NA,NA,NA,NA,NA,NA,NA,NA,NA,NA,NA,-1.70688241781025,129
"2775","E Chig-Chum","Chum",1983,47190,50200,NA,NA,NA,47190,NA,NA,NA,NA,NA,NA,NA,NA,NA,NA,NA,NA,NA,NA,NA,NA,NA,NA,NA,NA,NA,NA,NA,NA,NA,NA,NA,-0.0618330209593874,129
"2776","E Chig-Chum","Chum",1984,299411,214700,NA,NA,NA,299411,NA,NA,NA,NA,NA,NA,NA,NA,NA,NA,NA,NA,NA,NA,NA,NA,NA,NA,NA,NA,NA,NA,NA,NA,NA,NA,NA,0.332575506572851,129
"2777","E Chig-Chum","Chum",1985,74303,4900,NA,NA,NA,74303,NA,NA,NA,NA,NA,NA,NA,NA,NA,NA,NA,NA,NA,NA,NA,NA,NA,NA,NA,NA,NA,NA,NA,NA,NA,NA,NA,2.71891612264261,129
"2778","E Chig-Chum","Chum",1986,167163,8500,NA,NA,NA,167163,NA,NA,NA,NA,NA,NA,NA,NA,NA,NA,NA,NA,NA,NA,NA,NA,NA,NA,NA,NA,NA,NA,NA,NA,NA,NA,NA,2.97890322079964,129
"2779","E Chig-Chum","Chum",1987,75325,38300,NA,NA,NA,75325,NA,NA,NA,NA,NA,NA,NA,NA,NA,NA,NA,NA,NA,NA,NA,NA,NA,NA,NA,NA,NA,NA,NA,NA,NA,NA,NA,0.676362188829765,129
"2780","E Chig-Chum","Chum",1988,368109,221900,NA,NA,NA,368109,NA,NA,NA,NA,NA,NA,NA,NA,NA,NA,NA,NA,NA,NA,NA,NA,NA,NA,NA,NA,NA,NA,NA,NA,NA,NA,NA,0.506152260025284,129
"2781","E Chig-Chum","Chum",1989,156357,74300,NA,NA,NA,156357,NA,NA,NA,NA,NA,NA,NA,NA,NA,NA,NA,NA,NA,NA,NA,NA,NA,NA,NA,NA,NA,NA,NA,NA,NA,NA,NA,0.744030902524268,129
"2782","E Chig-Chum","Chum",1990,133533,139700,NA,NA,NA,133533,NA,NA,NA,NA,NA,NA,NA,NA,NA,NA,NA,NA,NA,NA,NA,NA,NA,NA,NA,NA,NA,NA,NA,NA,NA,NA,NA,-0.0451486279580402,129
"2783","E Chig-Chum","Chum",1991,120874,70400,NA,NA,NA,120874,NA,NA,NA,NA,NA,NA,NA,NA,NA,NA,NA,NA,NA,NA,NA,NA,NA,NA,NA,NA,NA,NA,NA,NA,NA,NA,NA,0.540555417565933,129
"2784","E Chig-Chum","Chum",1992,150337,306900,NA,NA,NA,150337,NA,NA,NA,NA,NA,NA,NA,NA,NA,NA,NA,NA,NA,NA,NA,NA,NA,NA,NA,NA,NA,NA,NA,NA,NA,NA,NA,-0.713642520844657,129
"2785","E Chig-Chum","Chum",1993,301397,135200,NA,NA,NA,301397,NA,NA,NA,NA,NA,NA,NA,NA,NA,NA,NA,NA,NA,NA,NA,NA,NA,NA,NA,NA,NA,NA,NA,NA,NA,NA,NA,0.801673168983895,129
"2786","E Chig-Chum","Chum",1994,102880,129200,NA,NA,NA,102880,NA,NA,NA,NA,NA,NA,NA,NA,NA,NA,NA,NA,NA,NA,NA,NA,NA,NA,NA,NA,NA,NA,NA,NA,NA,NA,NA,-0.227798330859192,129
"2787","E Chig-Chum","Chum",1995,178432,112800,NA,NA,NA,178432,NA,NA,NA,NA,NA,NA,NA,NA,NA,NA,NA,NA,NA,NA,NA,NA,NA,NA,NA,NA,NA,NA,NA,NA,NA,NA,NA,0.458591237193991,129
"2788","E Chig-Chum","Chum",1996,224045,130500,NA,NA,NA,224045,NA,NA,NA,NA,NA,NA,NA,NA,NA,NA,NA,NA,NA,NA,NA,NA,NA,NA,NA,NA,NA,NA,NA,NA,NA,NA,NA,0.540473697773167,129
"2789","E Chig-Chum","Chum",1997,457811,290000,NA,NA,NA,457811,NA,NA,NA,NA,NA,NA,NA,NA,NA,NA,NA,NA,NA,NA,NA,NA,NA,NA,NA,NA,NA,NA,NA,NA,NA,NA,NA,0.456575512209088,129
"2790","E Chig-Chum","Chum",1998,175363,97700,NA,NA,NA,175363,NA,NA,NA,NA,NA,NA,NA,NA,NA,NA,NA,NA,NA,NA,NA,NA,NA,NA,NA,NA,NA,NA,NA,NA,NA,NA,NA,0.584956552228813,129
"2791","E Chig-Chum","Chum",1999,152904,167100,NA,NA,NA,152904,NA,NA,NA,NA,NA,NA,NA,NA,NA,NA,NA,NA,NA,NA,NA,NA,NA,NA,NA,NA,NA,NA,NA,NA,NA,NA,NA,-0.0887821621190512,129
"2792","E Chig-Chum","Chum",2000,277240,216000,NA,NA,NA,277240,NA,NA,NA,NA,NA,NA,NA,NA,NA,NA,NA,NA,NA,NA,NA,NA,NA,NA,NA,NA,NA,NA,NA,NA,NA,NA,NA,0.249605149365619,129
"2793","E Chig-Chum","Chum",2001,36352,406900,NA,NA,NA,36352,NA,NA,NA,NA,NA,NA,NA,NA,NA,NA,NA,NA,NA,NA,NA,NA,NA,NA,NA,NA,NA,NA,NA,NA,NA,NA,NA,-2.41531823190896,129
"2794","E Chig-Chum","Chum",2002,54716,174850,NA,NA,NA,54716,NA,NA,NA,NA,NA,NA,NA,NA,NA,NA,NA,NA,NA,NA,NA,NA,NA,NA,NA,NA,NA,NA,NA,NA,NA,NA,NA,-1.16177229228219,129
"2795","E Chig-Chum","Chum",2003,65851,152854,NA,NA,NA,65851,NA,NA,NA,NA,NA,NA,NA,NA,NA,NA,NA,NA,NA,NA,NA,NA,NA,NA,NA,NA,NA,NA,NA,NA,NA,NA,NA,-0.842088603338763,129
"2796","E Chig-Chum","Chum",2004,116045,277240,NA,NA,NA,116045,NA,NA,NA,NA,NA,NA,NA,NA,NA,NA,NA,NA,NA,NA,NA,NA,NA,NA,NA,NA,NA,NA,NA,NA,NA,NA,NA,-0.870905510134726,129
"2797","E Chig-Chum","Chum",2005,198700,36350,NA,NA,NA,198700,NA,NA,NA,NA,NA,NA,NA,NA,NA,NA,NA,NA,NA,NA,NA,NA,NA,NA,NA,NA,NA,NA,NA,NA,NA,NA,NA,1.69860194557824,129
"2798","E Chig-Chum","Chum",2006,176861,53940,NA,NA,NA,176861,NA,NA,NA,NA,NA,NA,NA,NA,NA,NA,NA,NA,NA,NA,NA,NA,NA,NA,NA,NA,NA,NA,NA,NA,NA,NA,NA,1.18749179560978,129
"2799","E Chig-Chum","Chum",2007,228989,58000,NA,NA,NA,228989,NA,NA,NA,NA,NA,NA,NA,NA,NA,NA,NA,NA,NA,NA,NA,NA,NA,NA,NA,NA,NA,NA,NA,NA,NA,NA,NA,1.37323095691961,129
"2800","SW-Unimak-Chum","Chum",1962,103200,160800,NA,NA,NA,103200,NA,NA,NA,NA,NA,NA,NA,NA,NA,NA,NA,NA,NA,NA,NA,NA,NA,NA,NA,NA,NA,NA,NA,NA,NA,NA,NA,-0.443492503697404,130
"2801","SW-Unimak-Chum","Chum",1963,54600,183700,NA,NA,NA,54600,NA,NA,NA,NA,NA,NA,NA,NA,NA,NA,NA,NA,NA,NA,NA,NA,NA,NA,NA,NA,NA,NA,NA,NA,NA,NA,NA,-1.21327010947022,130
"2802","SW-Unimak-Chum","Chum",1964,135000,294000,NA,NA,NA,135000,NA,NA,NA,NA,NA,NA,NA,NA,NA,NA,NA,NA,NA,NA,NA,NA,NA,NA,NA,NA,NA,NA,NA,NA,NA,NA,NA,-0.778304988900252,130
"2803","SW-Unimak-Chum","Chum",1965,81000,24200,NA,NA,NA,81000,NA,NA,NA,NA,NA,NA,NA,NA,NA,NA,NA,NA,NA,NA,NA,NA,NA,NA,NA,NA,NA,NA,NA,NA,NA,NA,NA,1.2080965215098,130
"2804","SW-Unimak-Chum","Chum",1966,174054,67200,NA,NA,NA,174054,NA,NA,NA,NA,NA,NA,NA,NA,NA,NA,NA,NA,NA,NA,NA,NA,NA,NA,NA,NA,NA,NA,NA,NA,NA,NA,NA,0.951692348366017,130
"2805","SW-Unimak-Chum","Chum",1967,353768,50100,NA,NA,NA,353768,NA,NA,NA,NA,NA,NA,NA,NA,NA,NA,NA,NA,NA,NA,NA,NA,NA,NA,NA,NA,NA,NA,NA,NA,NA,NA,NA,1.95462032296434,130
"2806","SW-Unimak-Chum","Chum",1968,171221,87400,NA,NA,NA,171221,NA,NA,NA,NA,NA,NA,NA,NA,NA,NA,NA,NA,NA,NA,NA,NA,NA,NA,NA,NA,NA,NA,NA,NA,NA,NA,NA,0.672459837074996,130
"2807","SW-Unimak-Chum","Chum",1969,94041,37700,NA,NA,NA,94041,NA,NA,NA,NA,NA,NA,NA,NA,NA,NA,NA,NA,NA,NA,NA,NA,NA,NA,NA,NA,NA,NA,NA,NA,NA,NA,NA,0.914070762934228,130
"2808","SW-Unimak-Chum","Chum",1970,102817,108800,NA,NA,NA,102817,NA,NA,NA,NA,NA,NA,NA,NA,NA,NA,NA,NA,NA,NA,NA,NA,NA,NA,NA,NA,NA,NA,NA,NA,NA,NA,NA,-0.0565606254230253,130
"2809","SW-Unimak-Chum","Chum",1971,33609,144100,NA,NA,NA,33609,NA,NA,NA,NA,NA,NA,NA,NA,NA,NA,NA,NA,NA,NA,NA,NA,NA,NA,NA,NA,NA,NA,NA,NA,NA,NA,NA,-1.45571361476078,130
"2810","SW-Unimak-Chum","Chum",1972,116814,109500,NA,NA,NA,116814,NA,NA,NA,NA,NA,NA,NA,NA,NA,NA,NA,NA,NA,NA,NA,NA,NA,NA,NA,NA,NA,NA,NA,NA,NA,NA,NA,0.0646583769682728,130
"2811","SW-Unimak-Chum","Chum",1973,291630,81600,NA,NA,NA,291630,NA,NA,NA,NA,NA,NA,NA,NA,NA,NA,NA,NA,NA,NA,NA,NA,NA,NA,NA,NA,NA,NA,NA,NA,NA,NA,NA,1.27365661353103,130
"2812","SW-Unimak-Chum","Chum",1974,297513,87500,NA,NA,NA,297513,NA,NA,NA,NA,NA,NA,NA,NA,NA,NA,NA,NA,NA,NA,NA,NA,NA,NA,NA,NA,NA,NA,NA,NA,NA,NA,NA,1.2238191281464,130
"2813","SW-Unimak-Chum","Chum",1975,206826,33100,NA,NA,NA,206826,NA,NA,NA,NA,NA,NA,NA,NA,NA,NA,NA,NA,NA,NA,NA,NA,NA,NA,NA,NA,NA,NA,NA,NA,NA,NA,NA,1.83234457768698,130
"2814","SW-Unimak-Chum","Chum",1976,289941,101900,NA,NA,NA,289941,NA,NA,NA,NA,NA,NA,NA,NA,NA,NA,NA,NA,NA,NA,NA,NA,NA,NA,NA,NA,NA,NA,NA,NA,NA,NA,NA,1.04568551377757,130
"2815","SW-Unimak-Chum","Chum",1977,386798,274000,NA,NA,NA,386798,NA,NA,NA,NA,NA,NA,NA,NA,NA,NA,NA,NA,NA,NA,NA,NA,NA,NA,NA,NA,NA,NA,NA,NA,NA,NA,NA,0.344774486546884,130
"2816","SW-Unimak-Chum","Chum",1978,439561,214300,NA,NA,NA,439561,NA,NA,NA,NA,NA,NA,NA,NA,NA,NA,NA,NA,NA,NA,NA,NA,NA,NA,NA,NA,NA,NA,NA,NA,NA,NA,NA,0.718399599098879,130
"2817","SW-Unimak-Chum","Chum",1979,438745,108400,NA,NA,NA,438745,NA,NA,NA,NA,NA,NA,NA,NA,NA,NA,NA,NA,NA,NA,NA,NA,NA,NA,NA,NA,NA,NA,NA,NA,NA,NA,NA,1.3980902896982,130
"2818","SW-Unimak-Chum","Chum",1980,738330,120800,NA,NA,NA,738330,NA,NA,NA,NA,NA,NA,NA,NA,NA,NA,NA,NA,NA,NA,NA,NA,NA,NA,NA,NA,NA,NA,NA,NA,NA,NA,NA,1.81025459362753,130
"2819","SW-Unimak-Chum","Chum",1981,594632,146800,NA,NA,NA,594632,NA,NA,NA,NA,NA,NA,NA,NA,NA,NA,NA,NA,NA,NA,NA,NA,NA,NA,NA,NA,NA,NA,NA,NA,NA,NA,NA,1.39887161062803,130
"2820","SW-Unimak-Chum","Chum",1982,721697,183900,NA,NA,NA,721697,NA,NA,NA,NA,NA,NA,NA,NA,NA,NA,NA,NA,NA,NA,NA,NA,NA,NA,NA,NA,NA,NA,NA,NA,NA,NA,NA,1.36721325160743,130
"2821","SW-Unimak-Chum","Chum",1983,471000,117600,NA,NA,NA,471000,NA,NA,NA,NA,NA,NA,NA,NA,NA,NA,NA,NA,NA,NA,NA,NA,NA,NA,NA,NA,NA,NA,NA,NA,NA,NA,NA,1.38756905855189,130
"2822","SW-Unimak-Chum","Chum",1984,779578,253700,NA,NA,NA,779578,NA,NA,NA,NA,NA,NA,NA,NA,NA,NA,NA,NA,NA,NA,NA,NA,NA,NA,NA,NA,NA,NA,NA,NA,NA,NA,NA,1.12260028103019,130
"2823","SW-Unimak-Chum","Chum",1985,238962,218800,NA,NA,NA,238962,NA,NA,NA,NA,NA,NA,NA,NA,NA,NA,NA,NA,NA,NA,NA,NA,NA,NA,NA,NA,NA,NA,NA,NA,NA,NA,NA,0.0881464729266103,130
"2824","SW-Unimak-Chum","Chum",1986,299229,305000,NA,NA,NA,299229,NA,NA,NA,NA,NA,NA,NA,NA,NA,NA,NA,NA,NA,NA,NA,NA,NA,NA,NA,NA,NA,NA,NA,NA,NA,NA,NA,-0.0191026100703369,130
"2825","SW-Unimak-Chum","Chum",1987,479895,291500,NA,NA,NA,479895,NA,NA,NA,NA,NA,NA,NA,NA,NA,NA,NA,NA,NA,NA,NA,NA,NA,NA,NA,NA,NA,NA,NA,NA,NA,NA,NA,0.498527324182118,130
"2826","SW-Unimak-Chum","Chum",1988,433092,227300,NA,NA,NA,433092,NA,NA,NA,NA,NA,NA,NA,NA,NA,NA,NA,NA,NA,NA,NA,NA,NA,NA,NA,NA,NA,NA,NA,NA,NA,NA,NA,0.644679445706838,130
"2827","SW-Unimak-Chum","Chum",1989,408033,121300,NA,NA,NA,408033,NA,NA,NA,NA,NA,NA,NA,NA,NA,NA,NA,NA,NA,NA,NA,NA,NA,NA,NA,NA,NA,NA,NA,NA,NA,NA,NA,1.2130812375363,130
"2828","SW-Unimak-Chum","Chum",1990,1272981,143800,NA,NA,NA,1272981,NA,NA,NA,NA,NA,NA,NA,NA,NA,NA,NA,NA,NA,NA,NA,NA,NA,NA,NA,NA,NA,NA,NA,NA,NA,NA,NA,2.18069322778594,130
"2829","SW-Unimak-Chum","Chum",1991,912940,242200,NA,NA,NA,912940,NA,NA,NA,NA,NA,NA,NA,NA,NA,NA,NA,NA,NA,NA,NA,NA,NA,NA,NA,NA,NA,NA,NA,NA,NA,NA,NA,1.32690632990138,130
"2830","SW-Unimak-Chum","Chum",1992,431026,141400,NA,NA,NA,431026,NA,NA,NA,NA,NA,NA,NA,NA,NA,NA,NA,NA,NA,NA,NA,NA,NA,NA,NA,NA,NA,NA,NA,NA,NA,NA,NA,1.11457565964779,130
"2831","SW-Unimak-Chum","Chum",1993,449559,224630,NA,NA,NA,449559,NA,NA,NA,NA,NA,NA,NA,NA,NA,NA,NA,NA,NA,NA,NA,NA,NA,NA,NA,NA,NA,NA,NA,NA,NA,NA,NA,0.693812498073325,130
"2832","SW-Unimak-Chum","Chum",1994,524955,367400,NA,NA,NA,524955,NA,NA,NA,NA,NA,NA,NA,NA,NA,NA,NA,NA,NA,NA,NA,NA,NA,NA,NA,NA,NA,NA,NA,NA,NA,NA,NA,0.356861371851205,130
"2833","SW-Unimak-Chum","Chum",1995,564359,401650,NA,NA,NA,564359,NA,NA,NA,NA,NA,NA,NA,NA,NA,NA,NA,NA,NA,NA,NA,NA,NA,NA,NA,NA,NA,NA,NA,NA,NA,NA,NA,0.340109511204932,130
"2834","SW-Unimak-Chum","Chum",1996,635479,302900,NA,NA,NA,635479,NA,NA,NA,NA,NA,NA,NA,NA,NA,NA,NA,NA,NA,NA,NA,NA,NA,NA,NA,NA,NA,NA,NA,NA,NA,NA,NA,0.740976327203747,130
"2835","SW-Unimak-Chum","Chum",1997,709620,267000,NA,NA,NA,709620,NA,NA,NA,NA,NA,NA,NA,NA,NA,NA,NA,NA,NA,NA,NA,NA,NA,NA,NA,NA,NA,NA,NA,NA,NA,NA,NA,0.977480957090831,130
"2836","SW-Unimak-Chum","Chum",1998,500146,351910,NA,NA,NA,500146,NA,NA,NA,NA,NA,NA,NA,NA,NA,NA,NA,NA,NA,NA,NA,NA,NA,NA,NA,NA,NA,NA,NA,NA,NA,NA,NA,0.351524594710742,130
"2837","SW-Unimak-Chum","Chum",1999,422356,389130,NA,NA,NA,422356,NA,NA,NA,NA,NA,NA,NA,NA,NA,NA,NA,NA,NA,NA,NA,NA,NA,NA,NA,NA,NA,NA,NA,NA,NA,NA,NA,0.0819350822789697,130
"2838","SW-Unimak-Chum","Chum",2000,242574,258025,NA,NA,NA,242574,NA,NA,NA,NA,NA,NA,NA,NA,NA,NA,NA,NA,NA,NA,NA,NA,NA,NA,NA,NA,NA,NA,NA,NA,NA,NA,NA,-0.061749660985491,130
"2839","SW-Unimak-Chum","Chum",2001,407568,277421,NA,NA,NA,407568,NA,NA,NA,NA,NA,NA,NA,NA,NA,NA,NA,NA,NA,NA,NA,NA,NA,NA,NA,NA,NA,NA,NA,NA,NA,NA,NA,0.38467158195369,130
"2840","SW-Unimak-Chum","Chum",2002,550188,269200,NA,NA,NA,550188,NA,NA,NA,NA,NA,NA,NA,NA,NA,NA,NA,NA,NA,NA,NA,NA,NA,NA,NA,NA,NA,NA,NA,NA,NA,NA,NA,0.714805440231237,130
"2841","SW-Unimak-Chum","Chum",2003,772346,193230,NA,NA,NA,772346,NA,NA,NA,NA,NA,NA,NA,NA,NA,NA,NA,NA,NA,NA,NA,NA,NA,NA,NA,NA,NA,NA,NA,NA,NA,NA,NA,1.38555144692078,130
"2842","SW-Unimak-Chum","Chum",2004,283582,180400,NA,NA,NA,283582,NA,NA,NA,NA,NA,NA,NA,NA,NA,NA,NA,NA,NA,NA,NA,NA,NA,NA,NA,NA,NA,NA,NA,NA,NA,NA,NA,0.452324715339565,130
"2843","SW-Unimak-Chum","Chum",2005,925986,322110,NA,NA,NA,925986,NA,NA,NA,NA,NA,NA,NA,NA,NA,NA,NA,NA,NA,NA,NA,NA,NA,NA,NA,NA,NA,NA,NA,NA,NA,NA,NA,1.05596601362724,130
"2844","SW-Unimak-Chum","Chum",2006,258361,239850,NA,NA,NA,258361,NA,NA,NA,NA,NA,NA,NA,NA,NA,NA,NA,NA,NA,NA,NA,NA,NA,NA,NA,NA,NA,NA,NA,NA,NA,NA,NA,0.0743441037769077,130
"2845","SW-Unimak-Chum","Chum",2007,325696,399210,NA,NA,NA,325696,NA,NA,NA,NA,NA,NA,NA,NA,NA,NA,NA,NA,NA,NA,NA,NA,NA,NA,NA,NA,NA,NA,NA,NA,NA,NA,NA,-0.203523163257393,130
"2846","W-NW AKPen-Chum","Chum",1962,57200,48000,NA,NA,NA,57200,NA,NA,NA,NA,NA,NA,NA,NA,NA,NA,NA,NA,NA,NA,NA,NA,NA,NA,NA,NA,NA,NA,NA,NA,NA,NA,NA,0.175352887477861,131
"2847","W-NW AKPen-Chum","Chum",1963,24300,22300,NA,NA,NA,24300,NA,NA,NA,NA,NA,NA,NA,NA,NA,NA,NA,NA,NA,NA,NA,NA,NA,NA,NA,NA,NA,NA,NA,NA,NA,NA,NA,0.0858896718804297,131
"2848","W-NW AKPen-Chum","Chum",1964,20000,16000,NA,NA,NA,20000,NA,NA,NA,NA,NA,NA,NA,NA,NA,NA,NA,NA,NA,NA,NA,NA,NA,NA,NA,NA,NA,NA,NA,NA,NA,NA,NA,0.22314355131421,131
"2849","W-NW AKPen-Chum","Chum",1965,9400,1800,NA,NA,NA,9400,NA,NA,NA,NA,NA,NA,NA,NA,NA,NA,NA,NA,NA,NA,NA,NA,NA,NA,NA,NA,NA,NA,NA,NA,NA,NA,NA,1.65292302437384,131
"2850","W-NW AKPen-Chum","Chum",1966,8047,10000,NA,NA,NA,8047,NA,NA,NA,NA,NA,NA,NA,NA,NA,NA,NA,NA,NA,NA,NA,NA,NA,NA,NA,NA,NA,NA,NA,NA,NA,NA,NA,-0.21728574183005,131
"2851","W-NW AKPen-Chum","Chum",1967,13398,15400,NA,NA,NA,13398,NA,NA,NA,NA,NA,NA,NA,NA,NA,NA,NA,NA,NA,NA,NA,NA,NA,NA,NA,NA,NA,NA,NA,NA,NA,NA,NA,-0.139262067333508,131
"2852","W-NW AKPen-Chum","Chum",1968,12674,19800,NA,NA,NA,12674,NA,NA,NA,NA,NA,NA,NA,NA,NA,NA,NA,NA,NA,NA,NA,NA,NA,NA,NA,NA,NA,NA,NA,NA,NA,NA,NA,-0.446129286799164,131
"2853","W-NW AKPen-Chum","Chum",1969,13973,8000,NA,NA,NA,13973,NA,NA,NA,NA,NA,NA,NA,NA,NA,NA,NA,NA,NA,NA,NA,NA,NA,NA,NA,NA,NA,NA,NA,NA,NA,NA,NA,0.557685354418475,131
"2854","W-NW AKPen-Chum","Chum",1970,9179,5600,NA,NA,NA,9179,NA,NA,NA,NA,NA,NA,NA,NA,NA,NA,NA,NA,NA,NA,NA,NA,NA,NA,NA,NA,NA,NA,NA,NA,NA,NA,NA,0.49415166849585,131
"2855","W-NW AKPen-Chum","Chum",1971,17815,5900,NA,NA,NA,17815,NA,NA,NA,NA,NA,NA,NA,NA,NA,NA,NA,NA,NA,NA,NA,NA,NA,NA,NA,NA,NA,NA,NA,NA,NA,NA,NA,1.10508844814613,131
"2856","W-NW AKPen-Chum","Chum",1972,46201,11200,NA,NA,NA,46201,NA,NA,NA,NA,NA,NA,NA,NA,NA,NA,NA,NA,NA,NA,NA,NA,NA,NA,NA,NA,NA,NA,NA,NA,NA,NA,NA,1.41708766457404,131
"2857","W-NW AKPen-Chum","Chum",1973,76890,7500,NA,NA,NA,76890,NA,NA,NA,NA,NA,NA,NA,NA,NA,NA,NA,NA,NA,NA,NA,NA,NA,NA,NA,NA,NA,NA,NA,NA,NA,NA,NA,2.32747280850182,131
"2858","W-NW AKPen-Chum","Chum",1974,77834,6100,NA,NA,NA,77834,NA,NA,NA,NA,NA,NA,NA,NA,NA,NA,NA,NA,NA,NA,NA,NA,NA,NA,NA,NA,NA,NA,NA,NA,NA,NA,NA,2.54628958253539,131
"2859","W-NW AKPen-Chum","Chum",1975,24915,17300,NA,NA,NA,24915,NA,NA,NA,NA,NA,NA,NA,NA,NA,NA,NA,NA,NA,NA,NA,NA,NA,NA,NA,NA,NA,NA,NA,NA,NA,NA,NA,0.364763530229635,131
"2860","W-NW AKPen-Chum","Chum",1976,126095,38300,NA,NA,NA,126095,NA,NA,NA,NA,NA,NA,NA,NA,NA,NA,NA,NA,NA,NA,NA,NA,NA,NA,NA,NA,NA,NA,NA,NA,NA,NA,NA,1.19158569492757,131
"2861","W-NW AKPen-Chum","Chum",1977,88656,54300,NA,NA,NA,88656,NA,NA,NA,NA,NA,NA,NA,NA,NA,NA,NA,NA,NA,NA,NA,NA,NA,NA,NA,NA,NA,NA,NA,NA,NA,NA,NA,0.490239485185104,131
"2862","W-NW AKPen-Chum","Chum",1978,61469,29500,NA,NA,NA,61469,NA,NA,NA,NA,NA,NA,NA,NA,NA,NA,NA,NA,NA,NA,NA,NA,NA,NA,NA,NA,NA,NA,NA,NA,NA,NA,NA,0.734142719342558,131
"2863","W-NW AKPen-Chum","Chum",1979,34129,12400,NA,NA,NA,34129,NA,NA,NA,NA,NA,NA,NA,NA,NA,NA,NA,NA,NA,NA,NA,NA,NA,NA,NA,NA,NA,NA,NA,NA,NA,NA,NA,1.01245099014208,131
"2864","W-NW AKPen-Chum","Chum",1980,113163,41100,NA,NA,NA,113163,NA,NA,NA,NA,NA,NA,NA,NA,NA,NA,NA,NA,NA,NA,NA,NA,NA,NA,NA,NA,NA,NA,NA,NA,NA,NA,NA,1.01282113571444,131
"2865","W-NW AKPen-Chum","Chum",1981,142183,29600,NA,NA,NA,142183,NA,NA,NA,NA,NA,NA,NA,NA,NA,NA,NA,NA,NA,NA,NA,NA,NA,NA,NA,NA,NA,NA,NA,NA,NA,NA,NA,1.56934059896279,131
"2866","W-NW AKPen-Chum","Chum",1982,67745,23800,NA,NA,NA,67745,NA,NA,NA,NA,NA,NA,NA,NA,NA,NA,NA,NA,NA,NA,NA,NA,NA,NA,NA,NA,NA,NA,NA,NA,NA,NA,NA,1.04606507562097,131
"2867","W-NW AKPen-Chum","Chum",1983,120112,20200,NA,NA,NA,120112,NA,NA,NA,NA,NA,NA,NA,NA,NA,NA,NA,NA,NA,NA,NA,NA,NA,NA,NA,NA,NA,NA,NA,NA,NA,NA,NA,1.78274203642349,131
"2868","W-NW AKPen-Chum","Chum",1984,117913,33400,NA,NA,NA,117913,NA,NA,NA,NA,NA,NA,NA,NA,NA,NA,NA,NA,NA,NA,NA,NA,NA,NA,NA,NA,NA,NA,NA,NA,NA,NA,NA,1.26139116441685,131
"2869","W-NW AKPen-Chum","Chum",1985,30684,25700,NA,NA,NA,30684,NA,NA,NA,NA,NA,NA,NA,NA,NA,NA,NA,NA,NA,NA,NA,NA,NA,NA,NA,NA,NA,NA,NA,NA,NA,NA,NA,0.177250354195876,131
"2870","W-NW AKPen-Chum","Chum",1986,24989,23300,NA,NA,NA,24989,NA,NA,NA,NA,NA,NA,NA,NA,NA,NA,NA,NA,NA,NA,NA,NA,NA,NA,NA,NA,NA,NA,NA,NA,NA,NA,NA,0.0699823674681418,131
"2871","W-NW AKPen-Chum","Chum",1987,60619,55500,NA,NA,NA,60619,NA,NA,NA,NA,NA,NA,NA,NA,NA,NA,NA,NA,NA,NA,NA,NA,NA,NA,NA,NA,NA,NA,NA,NA,NA,NA,NA,0.0882253545353316,131
"2872","W-NW AKPen-Chum","Chum",1988,76161,51800,NA,NA,NA,76161,NA,NA,NA,NA,NA,NA,NA,NA,NA,NA,NA,NA,NA,NA,NA,NA,NA,NA,NA,NA,NA,NA,NA,NA,NA,NA,NA,0.385459371383572,131
"2873","W-NW AKPen-Chum","Chum",1989,70958,19400,NA,NA,NA,70958,NA,NA,NA,NA,NA,NA,NA,NA,NA,NA,NA,NA,NA,NA,NA,NA,NA,NA,NA,NA,NA,NA,NA,NA,NA,NA,NA,1.29681508664194,131
"2874","W-NW AKPen-Chum","Chum",1990,142129,18400,NA,NA,NA,142129,NA,NA,NA,NA,NA,NA,NA,NA,NA,NA,NA,NA,NA,NA,NA,NA,NA,NA,NA,NA,NA,NA,NA,NA,NA,NA,NA,2.04438443129894,131
"2875","W-NW AKPen-Chum","Chum",1991,337627,49400,NA,NA,NA,337627,NA,NA,NA,NA,NA,NA,NA,NA,NA,NA,NA,NA,NA,NA,NA,NA,NA,NA,NA,NA,NA,NA,NA,NA,NA,NA,NA,1.92199131163331,131
"2876","W-NW AKPen-Chum","Chum",1992,114235,33100,NA,NA,NA,114235,NA,NA,NA,NA,NA,NA,NA,NA,NA,NA,NA,NA,NA,NA,NA,NA,NA,NA,NA,NA,NA,NA,NA,NA,NA,NA,NA,1.23872444774343,131
"2877","W-NW AKPen-Chum","Chum",1993,68725,46100,NA,NA,NA,68725,NA,NA,NA,NA,NA,NA,NA,NA,NA,NA,NA,NA,NA,NA,NA,NA,NA,NA,NA,NA,NA,NA,NA,NA,NA,NA,NA,0.399300084048707,131
"2878","W-NW AKPen-Chum","Chum",1994,86087,108900,NA,NA,NA,86087,NA,NA,NA,NA,NA,NA,NA,NA,NA,NA,NA,NA,NA,NA,NA,NA,NA,NA,NA,NA,NA,NA,NA,NA,NA,NA,NA,-0.235071617129106,131
"2879","W-NW AKPen-Chum","Chum",1995,64500,320000,NA,NA,NA,64500,NA,NA,NA,NA,NA,NA,NA,NA,NA,NA,NA,NA,NA,NA,NA,NA,NA,NA,NA,NA,NA,NA,NA,NA,NA,NA,NA,-1.60165577199205,131
"2880","W-NW AKPen-Chum","Chum",1996,79378,108500,NA,NA,NA,79378,NA,NA,NA,NA,NA,NA,NA,NA,NA,NA,NA,NA,NA,NA,NA,NA,NA,NA,NA,NA,NA,NA,NA,NA,NA,NA,NA,-0.312528921206291,131
"2881","W-NW AKPen-Chum","Chum",1997,104807,47700,NA,NA,NA,104807,NA,NA,NA,NA,NA,NA,NA,NA,NA,NA,NA,NA,NA,NA,NA,NA,NA,NA,NA,NA,NA,NA,NA,NA,NA,NA,NA,0.787189165655163,131
"2882","W-NW AKPen-Chum","Chum",1998,58146,67300,NA,NA,NA,58146,NA,NA,NA,NA,NA,NA,NA,NA,NA,NA,NA,NA,NA,NA,NA,NA,NA,NA,NA,NA,NA,NA,NA,NA,NA,NA,NA,-0.146203147670214,131
"2883","W-NW AKPen-Chum","Chum",1999,43509,56600,NA,NA,NA,43509,NA,NA,NA,NA,NA,NA,NA,NA,NA,NA,NA,NA,NA,NA,NA,NA,NA,NA,NA,NA,NA,NA,NA,NA,NA,NA,NA,-0.263041171962915,131
"2884","W-NW AKPen-Chum","Chum",2000,44525,52400,NA,NA,NA,44525,NA,NA,NA,NA,NA,NA,NA,NA,NA,NA,NA,NA,NA,NA,NA,NA,NA,NA,NA,NA,NA,NA,NA,NA,NA,NA,NA,-0.162855762151271,131
"2885","W-NW AKPen-Chum","Chum",2001,67407,66000,NA,NA,NA,67407,NA,NA,NA,NA,NA,NA,NA,NA,NA,NA,NA,NA,NA,NA,NA,NA,NA,NA,NA,NA,NA,NA,NA,NA,NA,NA,NA,0.0210941280657777,131
"2886","W-NW AKPen-Chum","Chum",2002,73574,50100,NA,NA,NA,73574,NA,NA,NA,NA,NA,NA,NA,NA,NA,NA,NA,NA,NA,NA,NA,NA,NA,NA,NA,NA,NA,NA,NA,NA,NA,NA,NA,0.384270694363126,131
"2887","W-NW AKPen-Chum","Chum",2003,113646,36800,NA,NA,NA,113646,NA,NA,NA,NA,NA,NA,NA,NA,NA,NA,NA,NA,NA,NA,NA,NA,NA,NA,NA,NA,NA,NA,NA,NA,NA,NA,NA,1.12759050872777,131
"2888","W-NW AKPen-Chum","Chum",2004,83761,43400,NA,NA,NA,83761,NA,NA,NA,NA,NA,NA,NA,NA,NA,NA,NA,NA,NA,NA,NA,NA,NA,NA,NA,NA,NA,NA,NA,NA,NA,NA,NA,0.657508064257625,131
"2889","W-NW AKPen-Chum","Chum",2005,79034,61600,NA,NA,NA,79034,NA,NA,NA,NA,NA,NA,NA,NA,NA,NA,NA,NA,NA,NA,NA,NA,NA,NA,NA,NA,NA,NA,NA,NA,NA,NA,NA,0.249216269087584,131
"2890","W-NW AKPen-Chum","Chum",2006,43888,61600,NA,NA,NA,43888,NA,NA,NA,NA,NA,NA,NA,NA,NA,NA,NA,NA,NA,NA,NA,NA,NA,NA,NA,NA,NA,NA,NA,NA,NA,NA,NA,-0.339020936344227,131
"2891","W-NW AKPen-Chum","Chum",2007,110938,85950,NA,NA,NA,110938,NA,NA,NA,NA,NA,NA,NA,NA,NA,NA,NA,NA,NA,NA,NA,NA,NA,NA,NA,NA,NA,NA,NA,NA,NA,NA,NA,0.255205754872974,131
"2892","E-NW AKPen-Chum","Chum",1962,62900,68000,NA,NA,NA,62900,NA,NA,NA,NA,NA,NA,NA,NA,NA,NA,NA,NA,NA,NA,NA,NA,NA,NA,NA,NA,NA,NA,NA,NA,NA,NA,NA,-0.0779615414697118,132
"2893","E-NW AKPen-Chum","Chum",1963,42700,133500,NA,NA,NA,42700,NA,NA,NA,NA,NA,NA,NA,NA,NA,NA,NA,NA,NA,NA,NA,NA,NA,NA,NA,NA,NA,NA,NA,NA,NA,NA,NA,-1.13990255760573,132
"2894","E-NW AKPen-Chum","Chum",1964,191500,95500,NA,NA,NA,191500,NA,NA,NA,NA,NA,NA,NA,NA,NA,NA,NA,NA,NA,NA,NA,NA,NA,NA,NA,NA,NA,NA,NA,NA,NA,NA,NA,0.695761561134016,132
"2895","E-NW AKPen-Chum","Chum",1965,99800,24000,NA,NA,NA,99800,NA,NA,NA,NA,NA,NA,NA,NA,NA,NA,NA,NA,NA,NA,NA,NA,NA,NA,NA,NA,NA,NA,NA,NA,NA,NA,NA,1.42511435296947,132
"2896","E-NW AKPen-Chum","Chum",1966,68132,54000,NA,NA,NA,68132,NA,NA,NA,NA,NA,NA,NA,NA,NA,NA,NA,NA,NA,NA,NA,NA,NA,NA,NA,NA,NA,NA,NA,NA,NA,NA,NA,0.232462953434056,132
"2897","E-NW AKPen-Chum","Chum",1967,90322,32800,NA,NA,NA,90322,NA,NA,NA,NA,NA,NA,NA,NA,NA,NA,NA,NA,NA,NA,NA,NA,NA,NA,NA,NA,NA,NA,NA,NA,NA,NA,NA,1.01295254769596,132
"2898","E-NW AKPen-Chum","Chum",1968,123684,142700,NA,NA,NA,123684,NA,NA,NA,NA,NA,NA,NA,NA,NA,NA,NA,NA,NA,NA,NA,NA,NA,NA,NA,NA,NA,NA,NA,NA,NA,NA,NA,-0.143014598640135,132
"2899","E-NW AKPen-Chum","Chum",1969,164710,95300,NA,NA,NA,164710,NA,NA,NA,NA,NA,NA,NA,NA,NA,NA,NA,NA,NA,NA,NA,NA,NA,NA,NA,NA,NA,NA,NA,NA,NA,NA,NA,0.547156541134428,132
"2900","E-NW AKPen-Chum","Chum",1970,87302,58100,NA,NA,NA,87302,NA,NA,NA,NA,NA,NA,NA,NA,NA,NA,NA,NA,NA,NA,NA,NA,NA,NA,NA,NA,NA,NA,NA,NA,NA,NA,NA,0.407207708232718,132
"2901","E-NW AKPen-Chum","Chum",1971,77662,54100,NA,NA,NA,77662,NA,NA,NA,NA,NA,NA,NA,NA,NA,NA,NA,NA,NA,NA,NA,NA,NA,NA,NA,NA,NA,NA,NA,NA,NA,NA,NA,0.361531891403019,132
"2902","E-NW AKPen-Chum","Chum",1972,165794,65800,NA,NA,NA,165794,NA,NA,NA,NA,NA,NA,NA,NA,NA,NA,NA,NA,NA,NA,NA,NA,NA,NA,NA,NA,NA,NA,NA,NA,NA,NA,NA,0.924126215536587,132
"2903","E-NW AKPen-Chum","Chum",1973,401744,68100,NA,NA,NA,401744,NA,NA,NA,NA,NA,NA,NA,NA,NA,NA,NA,NA,NA,NA,NA,NA,NA,NA,NA,NA,NA,NA,NA,NA,NA,NA,NA,1.77483785668977,132
"2904","E-NW AKPen-Chum","Chum",1974,216416,76000,NA,NA,NA,216416,NA,NA,NA,NA,NA,NA,NA,NA,NA,NA,NA,NA,NA,NA,NA,NA,NA,NA,NA,NA,NA,NA,NA,NA,NA,NA,NA,1.0464691411062,132
"2905","E-NW AKPen-Chum","Chum",1975,195825,74300,NA,NA,NA,195825,NA,NA,NA,NA,NA,NA,NA,NA,NA,NA,NA,NA,NA,NA,NA,NA,NA,NA,NA,NA,NA,NA,NA,NA,NA,NA,NA,0.969110451529589,132
"2906","E-NW AKPen-Chum","Chum",1976,646716,127700,NA,NA,NA,646716,NA,NA,NA,NA,NA,NA,NA,NA,NA,NA,NA,NA,NA,NA,NA,NA,NA,NA,NA,NA,NA,NA,NA,NA,NA,NA,NA,1.62222348610073,132
"2907","E-NW AKPen-Chum","Chum",1977,531440,381400,NA,NA,NA,531440,NA,NA,NA,NA,NA,NA,NA,NA,NA,NA,NA,NA,NA,NA,NA,NA,NA,NA,NA,NA,NA,NA,NA,NA,NA,NA,NA,0.331741610190667,132
"2908","E-NW AKPen-Chum","Chum",1978,223850,134100,NA,NA,NA,223850,NA,NA,NA,NA,NA,NA,NA,NA,NA,NA,NA,NA,NA,NA,NA,NA,NA,NA,NA,NA,NA,NA,NA,NA,NA,NA,NA,0.512390394399342,132
"2909","E-NW AKPen-Chum","Chum",1979,328067,178000,NA,NA,NA,328067,NA,NA,NA,NA,NA,NA,NA,NA,NA,NA,NA,NA,NA,NA,NA,NA,NA,NA,NA,NA,NA,NA,NA,NA,NA,NA,NA,0.611434305524814,132
"2910","E-NW AKPen-Chum","Chum",1980,530192,364200,NA,NA,NA,530192,NA,NA,NA,NA,NA,NA,NA,NA,NA,NA,NA,NA,NA,NA,NA,NA,NA,NA,NA,NA,NA,NA,NA,NA,NA,NA,NA,0.375536037801789,132
"2911","E-NW AKPen-Chum","Chum",1981,321344,235000,NA,NA,NA,321344,NA,NA,NA,NA,NA,NA,NA,NA,NA,NA,NA,NA,NA,NA,NA,NA,NA,NA,NA,NA,NA,NA,NA,NA,NA,NA,NA,0.312926686268081,132
"2912","E-NW AKPen-Chum","Chum",1982,211518,166400,NA,NA,NA,211518,NA,NA,NA,NA,NA,NA,NA,NA,NA,NA,NA,NA,NA,NA,NA,NA,NA,NA,NA,NA,NA,NA,NA,NA,NA,NA,NA,0.23991557286086,132
"2913","E-NW AKPen-Chum","Chum",1983,434638,173300,NA,NA,NA,434638,NA,NA,NA,NA,NA,NA,NA,NA,NA,NA,NA,NA,NA,NA,NA,NA,NA,NA,NA,NA,NA,NA,NA,NA,NA,NA,NA,0.919489304001825,132
"2914","E-NW AKPen-Chum","Chum",1984,416572,427500,NA,NA,NA,416572,NA,NA,NA,NA,NA,NA,NA,NA,NA,NA,NA,NA,NA,NA,NA,NA,NA,NA,NA,NA,NA,NA,NA,NA,NA,NA,NA,-0.0258949725624078,132
"2915","E-NW AKPen-Chum","Chum",1985,105058,194700,NA,NA,NA,105058,NA,NA,NA,NA,NA,NA,NA,NA,NA,NA,NA,NA,NA,NA,NA,NA,NA,NA,NA,NA,NA,NA,NA,NA,NA,NA,NA,-0.616947333774449,132
"2916","E-NW AKPen-Chum","Chum",1986,116483,142400,NA,NA,NA,116483,NA,NA,NA,NA,NA,NA,NA,NA,NA,NA,NA,NA,NA,NA,NA,NA,NA,NA,NA,NA,NA,NA,NA,NA,NA,NA,NA,-0.200894659366661,132
"2917","E-NW AKPen-Chum","Chum",1987,223921,286000,NA,NA,NA,223921,NA,NA,NA,NA,NA,NA,NA,NA,NA,NA,NA,NA,NA,NA,NA,NA,NA,NA,NA,NA,NA,NA,NA,NA,NA,NA,NA,-0.244698499741955,132
"2918","E-NW AKPen-Chum","Chum",1988,243871,304400,NA,NA,NA,243871,NA,NA,NA,NA,NA,NA,NA,NA,NA,NA,NA,NA,NA,NA,NA,NA,NA,NA,NA,NA,NA,NA,NA,NA,NA,NA,NA,-0.221703229023975,132
"2919","E-NW AKPen-Chum","Chum",1989,196436,90600,NA,NA,NA,196436,NA,NA,NA,NA,NA,NA,NA,NA,NA,NA,NA,NA,NA,NA,NA,NA,NA,NA,NA,NA,NA,NA,NA,NA,NA,NA,NA,0.773882465463153,132
"2920","E-NW AKPen-Chum","Chum",1990,147510,92500,NA,NA,NA,147510,NA,NA,NA,NA,NA,NA,NA,NA,NA,NA,NA,NA,NA,NA,NA,NA,NA,NA,NA,NA,NA,NA,NA,NA,NA,NA,NA,0.466687325573578,132
"2921","E-NW AKPen-Chum","Chum",1991,97378,172400,NA,NA,NA,97378,NA,NA,NA,NA,NA,NA,NA,NA,NA,NA,NA,NA,NA,NA,NA,NA,NA,NA,NA,NA,NA,NA,NA,NA,NA,NA,NA,-0.57121704578412,132
"2922","E-NW AKPen-Chum","Chum",1992,280196,182200,NA,NA,NA,280196,NA,NA,NA,NA,NA,NA,NA,NA,NA,NA,NA,NA,NA,NA,NA,NA,NA,NA,NA,NA,NA,NA,NA,NA,NA,NA,NA,0.430384373457665,132
"2923","E-NW AKPen-Chum","Chum",1993,204686,172900,NA,NA,NA,204686,NA,NA,NA,NA,NA,NA,NA,NA,NA,NA,NA,NA,NA,NA,NA,NA,NA,NA,NA,NA,NA,NA,NA,NA,NA,NA,NA,0.1687637048692,132
"2924","E-NW AKPen-Chum","Chum",1994,295042,140500,NA,NA,NA,295042,NA,NA,NA,NA,NA,NA,NA,NA,NA,NA,NA,NA,NA,NA,NA,NA,NA,NA,NA,NA,NA,NA,NA,NA,NA,NA,NA,0.741910230313319,132
"2925","E-NW AKPen-Chum","Chum",1995,310200,88300,NA,NA,NA,310200,NA,NA,NA,NA,NA,NA,NA,NA,NA,NA,NA,NA,NA,NA,NA,NA,NA,NA,NA,NA,NA,NA,NA,NA,NA,NA,NA,1.25647714313252,132
"2926","E-NW AKPen-Chum","Chum",1996,200431,278200,NA,NA,NA,200431,NA,NA,NA,NA,NA,NA,NA,NA,NA,NA,NA,NA,NA,NA,NA,NA,NA,NA,NA,NA,NA,NA,NA,NA,NA,NA,NA,-0.32787023162323,132
"2927","E-NW AKPen-Chum","Chum",1997,415219,179500,NA,NA,NA,415219,NA,NA,NA,NA,NA,NA,NA,NA,NA,NA,NA,NA,NA,NA,NA,NA,NA,NA,NA,NA,NA,NA,NA,NA,NA,NA,NA,0.838630883955337,132
"2928","E-NW AKPen-Chum","Chum",1998,380793,281800,NA,NA,NA,380793,NA,NA,NA,NA,NA,NA,NA,NA,NA,NA,NA,NA,NA,NA,NA,NA,NA,NA,NA,NA,NA,NA,NA,NA,NA,NA,NA,0.301058320930732,132
"2929","E-NW AKPen-Chum","Chum",1999,209068,310200,NA,NA,NA,209068,NA,NA,NA,NA,NA,NA,NA,NA,NA,NA,NA,NA,NA,NA,NA,NA,NA,NA,NA,NA,NA,NA,NA,NA,NA,NA,NA,-0.394557692843666,132
"2930","E-NW AKPen-Chum","Chum",2000,257553,196800,NA,NA,NA,257553,NA,NA,NA,NA,NA,NA,NA,NA,NA,NA,NA,NA,NA,NA,NA,NA,NA,NA,NA,NA,NA,NA,NA,NA,NA,NA,NA,0.269037539549247,132
"2931","E-NW AKPen-Chum","Chum",2001,159175,340800,NA,NA,NA,159175,NA,NA,NA,NA,NA,NA,NA,NA,NA,NA,NA,NA,NA,NA,NA,NA,NA,NA,NA,NA,NA,NA,NA,NA,NA,NA,NA,-0.761291569052072,132
"2932","E-NW AKPen-Chum","Chum",2002,159274,367000,NA,NA,NA,159274,NA,NA,NA,NA,NA,NA,NA,NA,NA,NA,NA,NA,NA,NA,NA,NA,NA,NA,NA,NA,NA,NA,NA,NA,NA,NA,NA,-0.834735858520951,132
"2933","E-NW AKPen-Chum","Chum",2003,317810,199200,NA,NA,NA,317810,NA,NA,NA,NA,NA,NA,NA,NA,NA,NA,NA,NA,NA,NA,NA,NA,NA,NA,NA,NA,NA,NA,NA,NA,NA,NA,NA,0.467144374788089,132
"2934","E-NW AKPen-Chum","Chum",2004,196929,252200,NA,NA,NA,196929,NA,NA,NA,NA,NA,NA,NA,NA,NA,NA,NA,NA,NA,NA,NA,NA,NA,NA,NA,NA,NA,NA,NA,NA,NA,NA,NA,-0.247379165846086,132
"2935","E-NW AKPen-Chum","Chum",2005,59595,131365,NA,NA,NA,59595,NA,NA,NA,NA,NA,NA,NA,NA,NA,NA,NA,NA,NA,NA,NA,NA,NA,NA,NA,NA,NA,NA,NA,NA,NA,NA,NA,-0.790408030382449,132
"2936","E-NW AKPen-Chum","Chum",2006,239282,131860,NA,NA,NA,239282,NA,NA,NA,NA,NA,NA,NA,NA,NA,NA,NA,NA,NA,NA,NA,NA,NA,NA,NA,NA,NA,NA,NA,NA,NA,NA,NA,0.595902019010167,132
"2937","E-NW AKPen-Chum","Chum",2007,269860,249500,NA,NA,NA,269860,NA,NA,NA,NA,NA,NA,NA,NA,NA,NA,NA,NA,NA,NA,NA,NA,NA,NA,NA,NA,NA,NA,NA,NA,NA,NA,NA,0.0784443908110678,132
"2938","SE-SC AKPen-Chum","Chum",1962,576200,238600,NA,NA,NA,576200,NA,NA,NA,NA,NA,NA,NA,NA,NA,NA,NA,NA,NA,NA,NA,NA,NA,NA,NA,NA,NA,NA,NA,NA,NA,NA,NA,0.881666312986612,133
"2939","SE-SC AKPen-Chum","Chum",1963,251500,263000,NA,NA,NA,251500,NA,NA,NA,NA,NA,NA,NA,NA,NA,NA,NA,NA,NA,NA,NA,NA,NA,NA,NA,NA,NA,NA,NA,NA,NA,NA,NA,-0.0447110426379706,133
"2940","SE-SC AKPen-Chum","Chum",1964,313100,160800,NA,NA,NA,313100,NA,NA,NA,NA,NA,NA,NA,NA,NA,NA,NA,NA,NA,NA,NA,NA,NA,NA,NA,NA,NA,NA,NA,NA,NA,NA,NA,0.666361271587494,133
"2941","SE-SC AKPen-Chum","Chum",1965,192000,203300,NA,NA,NA,192000,NA,NA,NA,NA,NA,NA,NA,NA,NA,NA,NA,NA,NA,NA,NA,NA,NA,NA,NA,NA,NA,NA,NA,NA,NA,NA,NA,-0.0571873486065194,133
"2942","SE-SC AKPen-Chum","Chum",1966,657883,354800,NA,NA,NA,657883,NA,NA,NA,NA,NA,NA,NA,NA,NA,NA,NA,NA,NA,NA,NA,NA,NA,NA,NA,NA,NA,NA,NA,NA,NA,NA,NA,0.617472853529393,133
"2943","SE-SC AKPen-Chum","Chum",1967,846192,132800,NA,NA,NA,846192,NA,NA,NA,NA,NA,NA,NA,NA,NA,NA,NA,NA,NA,NA,NA,NA,NA,NA,NA,NA,NA,NA,NA,NA,NA,NA,NA,1.85190204716916,133
"2944","SE-SC AKPen-Chum","Chum",1968,296283,191700,NA,NA,NA,296283,NA,NA,NA,NA,NA,NA,NA,NA,NA,NA,NA,NA,NA,NA,NA,NA,NA,NA,NA,NA,NA,NA,NA,NA,NA,NA,NA,0.435383428599132,133
"2945","SE-SC AKPen-Chum","Chum",1969,210772,96900,NA,NA,NA,210772,NA,NA,NA,NA,NA,NA,NA,NA,NA,NA,NA,NA,NA,NA,NA,NA,NA,NA,NA,NA,NA,NA,NA,NA,NA,NA,NA,0.777097461623678,133
"2946","SE-SC AKPen-Chum","Chum",1970,226309,171700,NA,NA,NA,226309,NA,NA,NA,NA,NA,NA,NA,NA,NA,NA,NA,NA,NA,NA,NA,NA,NA,NA,NA,NA,NA,NA,NA,NA,NA,NA,NA,0.276152554161775,133
"2947","SE-SC AKPen-Chum","Chum",1971,189619,199100,NA,NA,NA,189619,NA,NA,NA,NA,NA,NA,NA,NA,NA,NA,NA,NA,NA,NA,NA,NA,NA,NA,NA,NA,NA,NA,NA,NA,NA,NA,NA,-0.0487904152995489,133
"2948","SE-SC AKPen-Chum","Chum",1972,332619,145000,NA,NA,NA,332619,NA,NA,NA,NA,NA,NA,NA,NA,NA,NA,NA,NA,NA,NA,NA,NA,NA,NA,NA,NA,NA,NA,NA,NA,NA,NA,NA,0.830263948383132,133
"2949","SE-SC AKPen-Chum","Chum",1973,610441,130900,NA,NA,NA,610441,NA,NA,NA,NA,NA,NA,NA,NA,NA,NA,NA,NA,NA,NA,NA,NA,NA,NA,NA,NA,NA,NA,NA,NA,NA,NA,NA,1.53974797386811,133
"2950","SE-SC AKPen-Chum","Chum",1974,727277,169800,NA,NA,NA,727277,NA,NA,NA,NA,NA,NA,NA,NA,NA,NA,NA,NA,NA,NA,NA,NA,NA,NA,NA,NA,NA,NA,NA,NA,NA,NA,NA,1.4546861489691,133
"2951","SE-SC AKPen-Chum","Chum",1975,583101,160200,NA,NA,NA,583101,NA,NA,NA,NA,NA,NA,NA,NA,NA,NA,NA,NA,NA,NA,NA,NA,NA,NA,NA,NA,NA,NA,NA,NA,NA,NA,NA,1.29193737856408,133
"2952","SE-SC AKPen-Chum","Chum",1976,916706,225300,NA,NA,NA,916706,NA,NA,NA,NA,NA,NA,NA,NA,NA,NA,NA,NA,NA,NA,NA,NA,NA,NA,NA,NA,NA,NA,NA,NA,NA,NA,NA,1.40335396272465,133
"2953","SE-SC AKPen-Chum","Chum",1977,1199030,500900,NA,NA,NA,1199030,NA,NA,NA,NA,NA,NA,NA,NA,NA,NA,NA,NA,NA,NA,NA,NA,NA,NA,NA,NA,NA,NA,NA,NA,NA,NA,NA,0.872861695201636,133
"2954","SE-SC AKPen-Chum","Chum",1978,1124790,386200,NA,NA,NA,1124790,NA,NA,NA,NA,NA,NA,NA,NA,NA,NA,NA,NA,NA,NA,NA,NA,NA,NA,NA,NA,NA,NA,NA,NA,NA,NA,NA,1.06899626055305,133
"2955","SE-SC AKPen-Chum","Chum",1979,926195,302700,NA,NA,NA,926195,NA,NA,NA,NA,NA,NA,NA,NA,NA,NA,NA,NA,NA,NA,NA,NA,NA,NA,NA,NA,NA,NA,NA,NA,NA,NA,NA,1.11834257960233,133
"2956","SE-SC AKPen-Chum","Chum",1980,1278872,241600,NA,NA,NA,1278872,NA,NA,NA,NA,NA,NA,NA,NA,NA,NA,NA,NA,NA,NA,NA,NA,NA,NA,NA,NA,NA,NA,NA,NA,NA,NA,NA,1.66645025232394,133
"2957","SE-SC AKPen-Chum","Chum",1981,823765,234500,NA,NA,NA,823765,NA,NA,NA,NA,NA,NA,NA,NA,NA,NA,NA,NA,NA,NA,NA,NA,NA,NA,NA,NA,NA,NA,NA,NA,NA,NA,NA,1.25642970717279,133
"2958","SE-SC AKPen-Chum","Chum",1982,1220785,203000,NA,NA,NA,1220785,NA,NA,NA,NA,NA,NA,NA,NA,NA,NA,NA,NA,NA,NA,NA,NA,NA,NA,NA,NA,NA,NA,NA,NA,NA,NA,NA,1.79404339438802,133
"2959","SE-SC AKPen-Chum","Chum",1983,1082446,328900,NA,NA,NA,1082446,NA,NA,NA,NA,NA,NA,NA,NA,NA,NA,NA,NA,NA,NA,NA,NA,NA,NA,NA,NA,NA,NA,NA,NA,NA,NA,NA,1.1912248209108,133
"2960","SE-SC AKPen-Chum","Chum",1984,1098618,446000,NA,NA,NA,1098618,NA,NA,NA,NA,NA,NA,NA,NA,NA,NA,NA,NA,NA,NA,NA,NA,NA,NA,NA,NA,NA,NA,NA,NA,NA,NA,NA,0.901489353243582,133
"2961","SE-SC AKPen-Chum","Chum",1985,609867,284700,NA,NA,NA,609867,NA,NA,NA,NA,NA,NA,NA,NA,NA,NA,NA,NA,NA,NA,NA,NA,NA,NA,NA,NA,NA,NA,NA,NA,NA,NA,NA,0.761804906323876,133
"2962","SE-SC AKPen-Chum","Chum",1986,771411,239600,NA,NA,NA,771411,NA,NA,NA,NA,NA,NA,NA,NA,NA,NA,NA,NA,NA,NA,NA,NA,NA,NA,NA,NA,NA,NA,NA,NA,NA,NA,NA,1.16925043921856,133
"2963","SE-SC AKPen-Chum","Chum",1987,908773,329200,NA,NA,NA,908773,NA,NA,NA,NA,NA,NA,NA,NA,NA,NA,NA,NA,NA,NA,NA,NA,NA,NA,NA,NA,NA,NA,NA,NA,NA,NA,NA,1.01542986921559,133
"2964","SE-SC AKPen-Chum","Chum",1988,786622,269100,NA,NA,NA,786622,NA,NA,NA,NA,NA,NA,NA,NA,NA,NA,NA,NA,NA,NA,NA,NA,NA,NA,NA,NA,NA,NA,NA,NA,NA,NA,NA,1.07266477034564,133
"2965","SE-SC AKPen-Chum","Chum",1989,503157,189200,NA,NA,NA,503157,NA,NA,NA,NA,NA,NA,NA,NA,NA,NA,NA,NA,NA,NA,NA,NA,NA,NA,NA,NA,NA,NA,NA,NA,NA,NA,NA,0.97809759201697,133
"2966","SE-SC AKPen-Chum","Chum",1990,902864,210900,NA,NA,NA,902864,NA,NA,NA,NA,NA,NA,NA,NA,NA,NA,NA,NA,NA,NA,NA,NA,NA,NA,NA,NA,NA,NA,NA,NA,NA,NA,NA,1.45418784550873,133
"2967","SE-SC AKPen-Chum","Chum",1991,991094,345400,NA,NA,NA,991094,NA,NA,NA,NA,NA,NA,NA,NA,NA,NA,NA,NA,NA,NA,NA,NA,NA,NA,NA,NA,NA,NA,NA,NA,NA,NA,NA,1.05410621780223,133
"2968","SE-SC AKPen-Chum","Chum",1992,594511,194100,NA,NA,NA,594511,NA,NA,NA,NA,NA,NA,NA,NA,NA,NA,NA,NA,NA,NA,NA,NA,NA,NA,NA,NA,NA,NA,NA,NA,NA,NA,NA,1.11936572872834,133
"2969","SE-SC AKPen-Chum","Chum",1993,643420,172400,NA,NA,NA,643420,NA,NA,NA,NA,NA,NA,NA,NA,NA,NA,NA,NA,NA,NA,NA,NA,NA,NA,NA,NA,NA,NA,NA,NA,NA,NA,NA,1.31698034095388,133
"2970","SE-SC AKPen-Chum","Chum",1994,683187,211700,NA,NA,NA,683187,NA,NA,NA,NA,NA,NA,NA,NA,NA,NA,NA,NA,NA,NA,NA,NA,NA,NA,NA,NA,NA,NA,NA,NA,NA,NA,NA,1.17159843604946,133
"2971","SE-SC AKPen-Chum","Chum",1995,732481,324750,NA,NA,NA,732481,NA,NA,NA,NA,NA,NA,NA,NA,NA,NA,NA,NA,NA,NA,NA,NA,NA,NA,NA,NA,NA,NA,NA,NA,NA,NA,NA,0.81338174643755,133
"2972","SE-SC AKPen-Chum","Chum",1996,702555,307400,NA,NA,NA,702555,NA,NA,NA,NA,NA,NA,NA,NA,NA,NA,NA,NA,NA,NA,NA,NA,NA,NA,NA,NA,NA,NA,NA,NA,NA,NA,NA,0.826573858853708,133
"2973","SE-SC AKPen-Chum","Chum",1997,915237,542050,NA,NA,NA,915237,NA,NA,NA,NA,NA,NA,NA,NA,NA,NA,NA,NA,NA,NA,NA,NA,NA,NA,NA,NA,NA,NA,NA,NA,NA,NA,NA,0.523824800022708,133
"2974","SE-SC AKPen-Chum","Chum",1998,542817,390325,NA,NA,NA,542817,NA,NA,NA,NA,NA,NA,NA,NA,NA,NA,NA,NA,NA,NA,NA,NA,NA,NA,NA,NA,NA,NA,NA,NA,NA,NA,NA,0.329792521128917,133
"2975","SE-SC AKPen-Chum","Chum",1999,423551,336050,NA,NA,NA,423551,NA,NA,NA,NA,NA,NA,NA,NA,NA,NA,NA,NA,NA,NA,NA,NA,NA,NA,NA,NA,NA,NA,NA,NA,NA,NA,NA,0.231413973455138,133
"2976","SE-SC AKPen-Chum","Chum",2000,797625,264050,NA,NA,NA,797625,NA,NA,NA,NA,NA,NA,NA,NA,NA,NA,NA,NA,NA,NA,NA,NA,NA,NA,NA,NA,NA,NA,NA,NA,NA,NA,NA,1.10550008303557,133
"2977","SE-SC AKPen-Chum","Chum",2001,874372,473800,NA,NA,NA,874372,NA,NA,NA,NA,NA,NA,NA,NA,NA,NA,NA,NA,NA,NA,NA,NA,NA,NA,NA,NA,NA,NA,NA,NA,NA,NA,NA,0.612720622667016,133
"2978","SE-SC AKPen-Chum","Chum",2002,1090578,333550,NA,NA,NA,1090578,NA,NA,NA,NA,NA,NA,NA,NA,NA,NA,NA,NA,NA,NA,NA,NA,NA,NA,NA,NA,NA,NA,NA,NA,NA,NA,NA,1.1846703307508,133
"2979","SE-SC AKPen-Chum","Chum",2003,722410,297810,NA,NA,NA,722410,NA,NA,NA,NA,NA,NA,NA,NA,NA,NA,NA,NA,NA,NA,NA,NA,NA,NA,NA,NA,NA,NA,NA,NA,NA,NA,NA,0.886137145483626,133
"2980","SE-SC AKPen-Chum","Chum",2004,699840,552000,NA,NA,NA,699840,NA,NA,NA,NA,NA,NA,NA,NA,NA,NA,NA,NA,NA,NA,NA,NA,NA,NA,NA,NA,NA,NA,NA,NA,NA,NA,NA,0.237303691211308,133
"2981","SE-SC AKPen-Chum","Chum",2005,574052,648200,NA,NA,NA,574052,NA,NA,NA,NA,NA,NA,NA,NA,NA,NA,NA,NA,NA,NA,NA,NA,NA,NA,NA,NA,NA,NA,NA,NA,NA,NA,NA,-0.121479306156623,133
"2982","SE-SC AKPen-Chum","Chum",2006,550484,524900,NA,NA,NA,550484,NA,NA,NA,NA,NA,NA,NA,NA,NA,NA,NA,NA,NA,NA,NA,NA,NA,NA,NA,NA,NA,NA,NA,NA,NA,NA,NA,0.0475901229952701,133
"2983","SE-SC AKPen-Chum","Chum",2007,715246,327451,NA,NA,NA,715246,NA,NA,NA,NA,NA,NA,NA,NA,NA,NA,NA,NA,NA,NA,NA,NA,NA,NA,NA,NA,NA,NA,NA,NA,NA,NA,NA,0.781288113903631,133
"2984","N AKPen-Chum","Chum",1962,112200,34400,NA,NA,NA,112200,NA,NA,NA,NA,NA,NA,NA,NA,NA,NA,NA,NA,NA,NA,NA,NA,NA,NA,NA,NA,NA,NA,NA,NA,NA,NA,NA,1.18222642870924,134
"2985","N AKPen-Chum","Chum",1963,95500,47400,NA,NA,NA,95500,NA,NA,NA,NA,NA,NA,NA,NA,NA,NA,NA,NA,NA,NA,NA,NA,NA,NA,NA,NA,NA,NA,NA,NA,NA,NA,NA,0.700504018785654,134
"2986","N AKPen-Chum","Chum",1964,112900,44600,NA,NA,NA,112900,NA,NA,NA,NA,NA,NA,NA,NA,NA,NA,NA,NA,NA,NA,NA,NA,NA,NA,NA,NA,NA,NA,NA,NA,NA,NA,NA,0.928768612129598,134
"2987","N AKPen-Chum","Chum",1965,67600,23500,NA,NA,NA,67600,NA,NA,NA,NA,NA,NA,NA,NA,NA,NA,NA,NA,NA,NA,NA,NA,NA,NA,NA,NA,NA,NA,NA,NA,NA,NA,NA,1.05660756189881,134
"2988","N AKPen-Chum","Chum",1966,141610,85500,NA,NA,NA,141610,NA,NA,NA,NA,NA,NA,NA,NA,NA,NA,NA,NA,NA,NA,NA,NA,NA,NA,NA,NA,NA,NA,NA,NA,NA,NA,NA,0.504560424292253,134
"2989","N AKPen-Chum","Chum",1967,69834,74400,NA,NA,NA,69834,NA,NA,NA,NA,NA,NA,NA,NA,NA,NA,NA,NA,NA,NA,NA,NA,NA,NA,NA,NA,NA,NA,NA,NA,NA,NA,NA,-0.0633349446511519,134
"2990","N AKPen-Chum","Chum",1968,72329,88300,NA,NA,NA,72329,NA,NA,NA,NA,NA,NA,NA,NA,NA,NA,NA,NA,NA,NA,NA,NA,NA,NA,NA,NA,NA,NA,NA,NA,NA,NA,NA,-0.199514952366212,134
"2991","N AKPen-Chum","Chum",1969,91090,43500,NA,NA,NA,91090,NA,NA,NA,NA,NA,NA,NA,NA,NA,NA,NA,NA,NA,NA,NA,NA,NA,NA,NA,NA,NA,NA,NA,NA,NA,NA,NA,0.73908709066208,134
"2992","N AKPen-Chum","Chum",1970,43036,106100,NA,NA,NA,43036,NA,NA,NA,NA,NA,NA,NA,NA,NA,NA,NA,NA,NA,NA,NA,NA,NA,NA,NA,NA,NA,NA,NA,NA,NA,NA,NA,-0.902345070888275,134
"2993","N AKPen-Chum","Chum",1971,22493,49400,NA,NA,NA,22493,NA,NA,NA,NA,NA,NA,NA,NA,NA,NA,NA,NA,NA,NA,NA,NA,NA,NA,NA,NA,NA,NA,NA,NA,NA,NA,NA,-0.786746274499715,134
"2994","N AKPen-Chum","Chum",1972,154994,47000,NA,NA,NA,154994,NA,NA,NA,NA,NA,NA,NA,NA,NA,NA,NA,NA,NA,NA,NA,NA,NA,NA,NA,NA,NA,NA,NA,NA,NA,NA,NA,1.19323880478253,134
"2995","N AKPen-Chum","Chum",1973,331734,41400,NA,NA,NA,331734,NA,NA,NA,NA,NA,NA,NA,NA,NA,NA,NA,NA,NA,NA,NA,NA,NA,NA,NA,NA,NA,NA,NA,NA,NA,NA,NA,2.08105256212982,134
"2996","N AKPen-Chum","Chum",1974,180054,23000,NA,NA,NA,180054,NA,NA,NA,NA,NA,NA,NA,NA,NA,NA,NA,NA,NA,NA,NA,NA,NA,NA,NA,NA,NA,NA,NA,NA,NA,NA,NA,2.05776258997006,134
"2997","N AKPen-Chum","Chum",1975,150271,17600,NA,NA,NA,150271,NA,NA,NA,NA,NA,NA,NA,NA,NA,NA,NA,NA,NA,NA,NA,NA,NA,NA,NA,NA,NA,NA,NA,NA,NA,NA,NA,2.14454142865961,134
"2998","N AKPen-Chum","Chum",1976,696885,127400,NA,NA,NA,696885,NA,NA,NA,NA,NA,NA,NA,NA,NA,NA,NA,NA,NA,NA,NA,NA,NA,NA,NA,NA,NA,NA,NA,NA,NA,NA,NA,1.69928866118325,134
"2999","N AKPen-Chum","Chum",1977,627722,245500,NA,NA,NA,627722,NA,NA,NA,NA,NA,NA,NA,NA,NA,NA,NA,NA,NA,NA,NA,NA,NA,NA,NA,NA,NA,NA,NA,NA,NA,NA,NA,0.938800446064814,134
"3000","N AKPen-Chum","Chum",1978,503514,146900,NA,NA,NA,503514,NA,NA,NA,NA,NA,NA,NA,NA,NA,NA,NA,NA,NA,NA,NA,NA,NA,NA,NA,NA,NA,NA,NA,NA,NA,NA,NA,1.23185943395469,134
"3001","N AKPen-Chum","Chum",1979,377781,114900,NA,NA,NA,377781,NA,NA,NA,NA,NA,NA,NA,NA,NA,NA,NA,NA,NA,NA,NA,NA,NA,NA,NA,NA,NA,NA,NA,NA,NA,NA,NA,1.19025247778871,134
"3002","N AKPen-Chum","Chum",1980,1023568,364200,NA,NA,NA,1023568,NA,NA,NA,NA,NA,NA,NA,NA,NA,NA,NA,NA,NA,NA,NA,NA,NA,NA,NA,NA,NA,NA,NA,NA,NA,NA,NA,1.03334667429165,134
"3003","N AKPen-Chum","Chum",1981,547389,276400,NA,NA,NA,547389,NA,NA,NA,NA,NA,NA,NA,NA,NA,NA,NA,NA,NA,NA,NA,NA,NA,NA,NA,NA,NA,NA,NA,NA,NA,NA,NA,0.683310609516637,134
"3004","N AKPen-Chum","Chum",1982,235553,267500,NA,NA,NA,235553,NA,NA,NA,NA,NA,NA,NA,NA,NA,NA,NA,NA,NA,NA,NA,NA,NA,NA,NA,NA,NA,NA,NA,NA,NA,NA,NA,-0.127183625121678,134
"3005","N AKPen-Chum","Chum",1983,316846,199100,NA,NA,NA,316846,NA,NA,NA,NA,NA,NA,NA,NA,NA,NA,NA,NA,NA,NA,NA,NA,NA,NA,NA,NA,NA,NA,NA,NA,NA,NA,NA,0.464608640349529,134
"3006","N AKPen-Chum","Chum",1984,358890,409300,NA,NA,NA,358890,NA,NA,NA,NA,NA,NA,NA,NA,NA,NA,NA,NA,NA,NA,NA,NA,NA,NA,NA,NA,NA,NA,NA,NA,NA,NA,NA,-0.131432448647435,134
"3007","N AKPen-Chum","Chum",1985,233550,123900,NA,NA,NA,233550,NA,NA,NA,NA,NA,NA,NA,NA,NA,NA,NA,NA,NA,NA,NA,NA,NA,NA,NA,NA,NA,NA,NA,NA,NA,NA,NA,0.63392139831302,134
"3008","N AKPen-Chum","Chum",1986,211141,77900,NA,NA,NA,211141,NA,NA,NA,NA,NA,NA,NA,NA,NA,NA,NA,NA,NA,NA,NA,NA,NA,NA,NA,NA,NA,NA,NA,NA,NA,NA,NA,0.997100203867625,134
"3009","N AKPen-Chum","Chum",1987,210038,161400,NA,NA,NA,210038,NA,NA,NA,NA,NA,NA,NA,NA,NA,NA,NA,NA,NA,NA,NA,NA,NA,NA,NA,NA,NA,NA,NA,NA,NA,NA,NA,0.263402710892665,134
"3010","N AKPen-Chum","Chum",1988,373284,144100,NA,NA,NA,373284,NA,NA,NA,NA,NA,NA,NA,NA,NA,NA,NA,NA,NA,NA,NA,NA,NA,NA,NA,NA,NA,NA,NA,NA,NA,NA,NA,0.951832021026775,134
"3011","N AKPen-Chum","Chum",1989,269963,102300,NA,NA,NA,269963,NA,NA,NA,NA,NA,NA,NA,NA,NA,NA,NA,NA,NA,NA,NA,NA,NA,NA,NA,NA,NA,NA,NA,NA,NA,NA,NA,0.970375239613324,134
"3012","N AKPen-Chum","Chum",1990,274458,115600,NA,NA,NA,274458,NA,NA,NA,NA,NA,NA,NA,NA,NA,NA,NA,NA,NA,NA,NA,NA,NA,NA,NA,NA,NA,NA,NA,NA,NA,NA,NA,0.864662287540297,134
"3013","N AKPen-Chum","Chum",1991,420388,81500,NA,NA,NA,420388,NA,NA,NA,NA,NA,NA,NA,NA,NA,NA,NA,NA,NA,NA,NA,NA,NA,NA,NA,NA,NA,NA,NA,NA,NA,NA,NA,1.64057507410501,134
"3014","N AKPen-Chum","Chum",1992,496625,136400,NA,NA,NA,496625,NA,NA,NA,NA,NA,NA,NA,NA,NA,NA,NA,NA,NA,NA,NA,NA,NA,NA,NA,NA,NA,NA,NA,NA,NA,NA,NA,1.2922434687254,134
"3015","N AKPen-Chum","Chum",1993,212169,183400,NA,NA,NA,212169,NA,NA,NA,NA,NA,NA,NA,NA,NA,NA,NA,NA,NA,NA,NA,NA,NA,NA,NA,NA,NA,NA,NA,NA,NA,NA,NA,0.145713567089876,134
"3016","N AKPen-Chum","Chum",1994,417887,230800,NA,NA,NA,417887,NA,NA,NA,NA,NA,NA,NA,NA,NA,NA,NA,NA,NA,NA,NA,NA,NA,NA,NA,NA,NA,NA,NA,NA,NA,NA,NA,0.593659526415509,134
"3017","N AKPen-Chum","Chum",1995,341720,347800,NA,NA,NA,341720,NA,NA,NA,NA,NA,NA,NA,NA,NA,NA,NA,NA,NA,NA,NA,NA,NA,NA,NA,NA,NA,NA,NA,NA,NA,NA,NA,-0.0176359136367648,134
"3018","N AKPen-Chum","Chum",1996,401987,436400,NA,NA,NA,401987,NA,NA,NA,NA,NA,NA,NA,NA,NA,NA,NA,NA,NA,NA,NA,NA,NA,NA,NA,NA,NA,NA,NA,NA,NA,NA,NA,-0.0821395041712468,134
"3019","N AKPen-Chum","Chum",1997,347197,161000,NA,NA,NA,347197,NA,NA,NA,NA,NA,NA,NA,NA,NA,NA,NA,NA,NA,NA,NA,NA,NA,NA,NA,NA,NA,NA,NA,NA,NA,NA,NA,0.768487977211407,134
"3020","N AKPen-Chum","Chum",1998,292001,380400,NA,NA,NA,292001,NA,NA,NA,NA,NA,NA,NA,NA,NA,NA,NA,NA,NA,NA,NA,NA,NA,NA,NA,NA,NA,NA,NA,NA,NA,NA,NA,-0.264466103751283,134
"3021","N AKPen-Chum","Chum",1999,236838,299500,NA,NA,NA,236838,NA,NA,NA,NA,NA,NA,NA,NA,NA,NA,NA,NA,NA,NA,NA,NA,NA,NA,NA,NA,NA,NA,NA,NA,NA,NA,NA,-0.234738054447091,134
"3022","N AKPen-Chum","Chum",2000,147830,338900,NA,NA,NA,147830,NA,NA,NA,NA,NA,NA,NA,NA,NA,NA,NA,NA,NA,NA,NA,NA,NA,NA,NA,NA,NA,NA,NA,NA,NA,NA,NA,-0.829642113700007,134
"3023","N AKPen-Chum","Chum",2001,112590,285900,NA,NA,NA,112590,NA,NA,NA,NA,NA,NA,NA,NA,NA,NA,NA,NA,NA,NA,NA,NA,NA,NA,NA,NA,NA,NA,NA,NA,NA,NA,NA,-0.931889197513227,134
"3024","N AKPen-Chum","Chum",2002,474913,262800,NA,NA,NA,474913,NA,NA,NA,NA,NA,NA,NA,NA,NA,NA,NA,NA,NA,NA,NA,NA,NA,NA,NA,NA,NA,NA,NA,NA,NA,NA,NA,0.591738342753993,134
"3025","N AKPen-Chum","Chum",2003,328337,214660,NA,NA,NA,328337,NA,NA,NA,NA,NA,NA,NA,NA,NA,NA,NA,NA,NA,NA,NA,NA,NA,NA,NA,NA,NA,NA,NA,NA,NA,NA,NA,0.424985138900935,134
"3026","N AKPen-Chum","Chum",2004,301761,139350,NA,NA,NA,301761,NA,NA,NA,NA,NA,NA,NA,NA,NA,NA,NA,NA,NA,NA,NA,NA,NA,NA,NA,NA,NA,NA,NA,NA,NA,NA,NA,0.772646559403479,134
"3027","N AKPen-Chum","Chum",2005,205956,103675,NA,NA,NA,205956,NA,NA,NA,NA,NA,NA,NA,NA,NA,NA,NA,NA,NA,NA,NA,NA,NA,NA,NA,NA,NA,NA,NA,NA,NA,NA,NA,0.686401547610057,134
"3028","N AKPen-Chum","Chum",2006,265303,382583,NA,NA,NA,265303,NA,NA,NA,NA,NA,NA,NA,NA,NA,NA,NA,NA,NA,NA,NA,NA,NA,NA,NA,NA,NA,NA,NA,NA,NA,NA,NA,-0.366073054157946,134
"3029","N AKPen-Chum","Chum",2007,161336,243334,NA,NA,NA,161336,NA,NA,NA,NA,NA,NA,NA,NA,NA,NA,NA,NA,NA,NA,NA,NA,NA,NA,NA,NA,NA,NA,NA,NA,NA,NA,NA,-0.410945838359061,134
"3030","Nushagak-Chum","Chum",1980,1184311,969000,NA,NA,15813,1041451,126114,933,NA,NA,NA,NA,NA,NA,NA,NA,NA,NA,NA,NA,NA,NA,NA,NA,NA,NA,NA,NA,NA,NA,NA,NA,NA,0.200651837980663,135
"3031","Nushagak-Chum","Chum",1981,556731,177000,NA,NA,16328,420953,107737,11713,NA,NA,NA,NA,NA,NA,NA,NA,NA,NA,NA,NA,NA,NA,NA,NA,NA,NA,NA,NA,NA,NA,NA,NA,NA,1.14593244635357,135
"3032","Nushagak-Chum","Chum",1982,1049458,256000,NA,NA,135918,577903,328472,7165,NA,NA,NA,NA,NA,NA,NA,NA,NA,NA,NA,NA,NA,NA,NA,NA,NA,NA,NA,NA,NA,NA,NA,NA,NA,1.41085167492365,135
"3033","Nushagak-Chum","Chum",1983,430014,164000,NA,NA,1480,210647,212349,5538,NA,NA,NA,NA,NA,NA,NA,NA,NA,NA,NA,NA,NA,NA,NA,NA,NA,NA,NA,NA,NA,NA,NA,NA,NA,0.96395133847294,135
"3034","Nushagak-Chum","Chum",1984,459709,362000,NA,NA,0,305950,152642,1117,NA,NA,NA,NA,NA,NA,NA,NA,NA,NA,NA,NA,NA,NA,NA,NA,NA,NA,NA,NA,NA,NA,NA,NA,NA,0.238949468780408,135
"3035","Nushagak-Chum","Chum",1985,879809,288000,NA,NA,31177,663150,184098,1384,NA,NA,NA,NA,NA,NA,NA,NA,NA,NA,NA,NA,NA,NA,NA,NA,NA,NA,NA,NA,NA,NA,NA,NA,NA,1.11674435832399,135
"3036","Nushagak-Chum","Chum",1986,692806,200300,NA,NA,2337,448869,239892,1708,NA,NA,NA,NA,NA,NA,NA,NA,NA,NA,NA,NA,NA,NA,NA,NA,NA,NA,NA,NA,NA,NA,NA,NA,NA,1.24093377504703,135
"3037","Nushagak-Chum","Chum",1987,797273,147433,NA,NA,2161,463300,304142,27670,NA,NA,NA,NA,NA,NA,NA,NA,NA,NA,NA,NA,NA,NA,NA,NA,NA,NA,NA,NA,NA,NA,NA,NA,NA,1.68782331934833,135
"3038","Nushagak-Chum","Chum",1988,752333,186418,NA,NA,13443,309174,409756,19960,NA,NA,NA,NA,NA,NA,NA,NA,NA,NA,NA,NA,NA,NA,NA,NA,NA,NA,NA,NA,NA,NA,NA,NA,NA,1.39518758097046,135
"3039","Nushagak-Chum","Chum",1989,745022,377512,NA,NA,688,284424,427478,32432,NA,NA,NA,NA,NA,NA,NA,NA,NA,NA,NA,NA,NA,NA,NA,NA,NA,NA,NA,NA,NA,NA,NA,NA,NA,0.679811391881575,135
"3040","Nushagak-Chum","Chum",1990,501628,329793,NA,NA,1179,258707,236663,5079,NA,NA,NA,NA,NA,NA,NA,NA,NA,NA,NA,NA,NA,NA,NA,NA,NA,NA,NA,NA,NA,NA,NA,NA,NA,0.419393624216961,135
"3041","Nushagak-Chum","Chum",1991,442495,252436,NA,NA,1050,296267,144219,959,NA,NA,NA,NA,NA,NA,NA,NA,NA,NA,NA,NA,NA,NA,NA,NA,NA,NA,NA,NA,NA,NA,NA,NA,NA,0.561271413708007,135
"3042","Nushagak-Chum","Chum",1992,530803,302678,NA,NA,37408,406376,84028,2991,NA,NA,NA,NA,NA,NA,NA,NA,NA,NA,NA,NA,NA,NA,NA,NA,NA,NA,NA,NA,NA,NA,NA,NA,NA,0.56172142012229,135
"3043","Nushagak-Chum","Chum",1993,239594,217230,NA,NA,769,160857,74492,3476,NA,NA,NA,NA,NA,NA,NA,NA,NA,NA,NA,NA,NA,NA,NA,NA,NA,NA,NA,NA,NA,NA,NA,NA,NA,0.0979891241226786,135
"3044","Nushagak-Chum","Chum",1994,629772,378928,NA,NA,1232,425824,146527,56189,NA,NA,NA,NA,NA,NA,NA,NA,NA,NA,NA,NA,NA,NA,NA,NA,NA,NA,NA,NA,NA,NA,NA,NA,NA,0.508011635699963,135
"3045","Nushagak-Chum","Chum",1995,377233,212612,NA,NA,4459,263104,109670,0,NA,NA,NA,NA,NA,NA,NA,NA,NA,NA,NA,NA,NA,NA,NA,NA,NA,NA,NA,NA,NA,NA,NA,NA,NA,0.573394125335709,135
"3046","Nushagak-Chum","Chum",1996,270898,225029,NA,NA,0,77560,188397,4941,NA,NA,NA,NA,NA,NA,NA,NA,NA,NA,NA,NA,NA,NA,NA,NA,NA,NA,NA,NA,NA,NA,NA,NA,NA,0.185513083477866,135
"3047","Nushagak-Chum","Chum",1998,578478.5408,299215,NA,NA,3651,410040,164249,538.540797,NA,NA,NA,NA,NA,NA,NA,NA,NA,NA,NA,NA,NA,NA,NA,NA,NA,NA,NA,NA,NA,NA,NA,NA,NA,0.659239072857318,135
"3048","Nushagak-Chum","Chum",1999,1288043.933,242312,NA,NA,39048,861720,384455.6983,2820.235192,NA,NA,NA,NA,NA,NA,NA,NA,NA,NA,NA,NA,NA,NA,NA,NA,NA,NA,NA,NA,NA,NA,NA,NA,NA,1.67065386357674,135
"3049","Nushagak-Chum","Chum",2000,488464.7071,141324,NA,NA,4219,297237.0266,177157.1998,9851.480719,NA,NA,NA,NA,NA,NA,NA,NA,NA,NA,NA,NA,NA,NA,NA,NA,NA,NA,NA,NA,NA,NA,NA,NA,NA,1.24021209473313,135
"3050","Nushagak-Chum","Chum",2001,2004184.829,564724,NA,NA,78949.73435,1241318.035,671758.5482,12158.51111,NA,NA,NA,NA,NA,NA,NA,NA,NA,NA,NA,NA,NA,NA,NA,NA,NA,NA,NA,NA,NA,NA,NA,NA,NA,1.26665557177336,135
"3051","Nushagak-Chum","Chum",2002,1701446.72,419964,NA,NA,779.5299145,1111016.579,573389.1827,16261.4293,NA,NA,NA,NA,NA,NA,NA,NA,NA,NA,NA,NA,NA,NA,NA,NA,NA,NA,NA,NA,NA,NA,NA,NA,NA,1.39906518658579,135
"3052","Nushagak-Chum","Chum",2003,887374.9603,295413,NA,NA,19255.39254,525542.3062,338533.3918,4043.869742,NA,NA,NA,NA,NA,NA,NA,NA,NA,NA,NA,NA,NA,NA,NA,NA,NA,NA,NA,NA,NA,NA,NA,NA,NA,1.09989324436733,135
"3053","Nushagak-Chum","Chum",2004,951304.1673,283811,NA,NA,3675,499669.3731,443603.924,4355.870159,NA,NA,NA,NA,NA,NA,NA,NA,NA,NA,NA,NA,NA,NA,NA,NA,NA,NA,NA,NA,NA,NA,NA,NA,NA,1.20952532717511,135
"3054","Nushagak-Chum","Chum",2005,910777.9804,456025,NA,NA,13304.80579,717531.7598,179159.5776,781.837156,NA,NA,NA,NA,NA,NA,NA,NA,NA,NA,NA,NA,NA,NA,NA,NA,NA,NA,NA,NA,NA,NA,NA,NA,NA,0.691751525215444,135
"3055","Togiak-Chum","Chum",1978,304662.1669,396000,NA,NA,1121.772,141252,157963.1149,4325.28,NA,NA,NA,NA,NA,NA,NA,NA,NA,NA,NA,NA,NA,NA,NA,NA,NA,NA,NA,NA,NA,NA,NA,NA,NA,-0.262210698052346,136
"3056","Togiak-Chum","Chum",1979,467898.074,293000,NA,NA,11304.9,315048.386,141544.788,0,NA,NA,NA,NA,NA,NA,NA,NA,NA,NA,NA,NA,NA,NA,NA,NA,NA,NA,NA,NA,NA,NA,NA,NA,NA,0.468077872582473,136
"3057","Togiak-Chum","Chum",1980,398829.9471,415000,NA,NA,11119.3548,377326.614,5523.5166,4860.4617,NA,NA,NA,NA,NA,NA,NA,NA,NA,NA,NA,NA,NA,NA,NA,NA,NA,NA,NA,NA,NA,NA,NA,NA,NA,-0.0397433919332682,136
"3058","Togiak-Chum","Chum",1981,323829.7608,331000,NA,NA,17409.252,121102.0632,178997.0031,6321.4425,NA,NA,NA,NA,NA,NA,NA,NA,NA,NA,NA,NA,NA,NA,NA,NA,NA,NA,NA,NA,NA,NA,NA,NA,NA,-0.021900427300883,136
"3059","Togiak-Chum","Chum",1982,947013.2071,86000,NA,NA,288676.4202,408458.7999,244585.195,5292.792,NA,NA,NA,NA,NA,NA,NA,NA,NA,NA,NA,NA,NA,NA,NA,NA,NA,NA,NA,NA,NA,NA,NA,NA,NA,2.39896574308664,136
"3060","Togiak-Chum","Chum",1983,1130702.381,164540,NA,NA,7740.7353,527411.215,573650.4396,21899.9908,NA,NA,NA,NA,NA,NA,NA,NA,NA,NA,NA,NA,NA,NA,NA,NA,NA,NA,NA,NA,NA,NA,NA,NA,NA,1.92744059297338,136
"3061","Togiak-Chum","Chum",1984,496035.348,204450,NA,NA,2107.1475,297631.3368,189603.2484,6693.6153,NA,NA,NA,NA,NA,NA,NA,NA,NA,NA,NA,NA,NA,NA,NA,NA,NA,NA,NA,NA,NA,NA,NA,NA,NA,0.886323743503998,136
"3062","Togiak-Chum","Chum",1985,201040.7533,212000,NA,NA,5557.4316,135044.1588,58539.3277,1899.8352,NA,NA,NA,NA,NA,NA,NA,NA,NA,NA,NA,NA,NA,NA,NA,NA,NA,NA,NA,NA,NA,NA,NA,NA,NA,-0.0530786344281764,136
"3063","Togiak-Chum","Chum",1986,256003.9426,330000,NA,NA,520.602,104730.3829,143912.5164,6840.4413,NA,NA,NA,NA,NA,NA,NA,NA,NA,NA,NA,NA,NA,NA,NA,NA,NA,NA,NA,NA,NA,NA,NA,NA,NA,-0.253899809318304,136
"3064","Togiak-Chum","Chum",1987,411102.1324,361000,NA,NA,357.6741,244089.2433,154901.9413,11753.2737,NA,NA,NA,NA,NA,NA,NA,NA,NA,NA,NA,NA,NA,NA,NA,NA,NA,NA,NA,NA,NA,NA,NA,NA,NA,0.129963722616609,136
"3065","Togiak-Chum","Chum",1988,321511.1601,412000,NA,NA,5897.4051,129257.6895,164594.4996,21761.5659,NA,NA,NA,NA,NA,NA,NA,NA,NA,NA,NA,NA,NA,NA,NA,NA,NA,NA,NA,NA,NA,NA,NA,NA,NA,-0.24799109367712,136
"3066","Togiak-Chum","Chum",1989,290313.648,143890,NA,NA,5122.9279,66991.2267,200335.7744,17863.719,NA,NA,NA,NA,NA,NA,NA,NA,NA,NA,NA,NA,NA,NA,NA,NA,NA,NA,NA,NA,NA,NA,NA,NA,NA,0.701912764584539,136
"3067","Togiak-Chum","Chum",1990,421889.5643,67460,NA,NA,0,237806.3263,176255.3608,7827.8772,NA,NA,NA,NA,NA,NA,NA,NA,NA,NA,NA,NA,NA,NA,NA,NA,NA,NA,NA,NA,NA,NA,NA,NA,NA,1.83320875418258,136
"3068","Togiak-Chum","Chum",1991,211704.1675,149210,NA,NA,2125.3334,158660.558,48746.3262,2171.9499,NA,NA,NA,NA,NA,NA,NA,NA,NA,NA,NA,NA,NA,NA,NA,NA,NA,NA,NA,NA,NA,NA,NA,NA,NA,0.349835154170965,136
"3069","Yukon-Chum","Chum",1974,814484.983,587400,NA,NA,105546.71,617779.8,91158.473,0,NA,NA,NA,NA,NA,NA,NA,NA,NA,NA,NA,NA,NA,NA,NA,NA,NA,NA,NA,NA,NA,NA,NA,NA,NA,0.326849972029653,137
"3070","Yukon-Chum","Chum",1975,1885541.162,2068000,NA,NA,186269.97,1633411.006,65860.186,0,NA,NA,NA,NA,NA,NA,NA,NA,NA,NA,NA,NA,NA,NA,NA,NA,NA,NA,NA,NA,NA,NA,NA,NA,NA,-0.0923670883540891,137
"3071","Yukon-Chum","Chum",1976,903389.86,491300,NA,NA,135807.521,628081.286,134675.301,4825.752,NA,NA,NA,NA,NA,NA,NA,NA,NA,NA,NA,NA,NA,NA,NA,NA,NA,NA,NA,NA,NA,NA,NA,NA,NA,0.609099259719017,137
"3072","Yukon-Chum","Chum",1977,1363679.229,663100,NA,NA,110034.701,1056776.461,191823.642,5044.425,NA,NA,NA,NA,NA,NA,NA,NA,NA,NA,NA,NA,NA,NA,NA,NA,NA,NA,NA,NA,NA,NA,NA,NA,NA,0.721015833017098,137
"3073","Yukon-Chum","Chum",1978,488694.678,502000,NA,NA,21839.238,361931.4,104924.04,0,NA,NA,NA,NA,NA,NA,NA,NA,NA,NA,NA,NA,NA,NA,NA,NA,NA,NA,NA,NA,NA,NA,NA,NA,NA,-0.0268622055915537,137
"3074","Yukon-Chum","Chum",1979,1237143.165,1245000,NA,NA,44638.206,889836.57,299137.446,3530.943,NA,NA,NA,NA,NA,NA,NA,NA,NA,NA,NA,NA,NA,NA,NA,NA,NA,NA,NA,NA,NA,NA,NA,NA,NA,-0.00633070755240576,137
"3075","Yukon-Chum","Chum",1980,617637.94,314800,NA,NA,10088.85,395129.313,208325.637,4094.14,NA,NA,NA,NA,NA,NA,NA,NA,NA,NA,NA,NA,NA,NA,NA,NA,NA,NA,NA,NA,NA,NA,NA,NA,NA,0.67396491162764,137
"3076","Yukon-Chum","Chum",1981,1340210.023,529900,NA,NA,49856.241,953354.61,328350.028,8649.144,NA,NA,NA,NA,NA,NA,NA,NA,NA,NA,NA,NA,NA,NA,NA,NA,NA,NA,NA,NA,NA,NA,NA,NA,NA,0.927893304746906,137
"3077","Yukon-Chum","Chum",1982,655735.345,229700,NA,NA,11769.81,472463.756,170820.594,681.185,NA,NA,NA,NA,NA,NA,NA,NA,NA,NA,NA,NA,NA,NA,NA,NA,NA,NA,NA,NA,NA,NA,NA,NA,NA,1.04898316034623,137
"3078","Yukon-Chum","Chum",1983,1135054.162,483400,NA,NA,14738.904,894105.261,224109.865,2100.132,NA,NA,NA,NA,NA,NA,NA,NA,NA,NA,NA,NA,NA,NA,NA,NA,NA,NA,NA,NA,NA,NA,NA,NA,NA,0.853591180331354,137
"3079","Yukon-Chum","Chum",1984,601120.826,331800,NA,NA,7568.001,409392.185,174310.956,9849.684,NA,NA,NA,NA,NA,NA,NA,NA,NA,NA,NA,NA,NA,NA,NA,NA,NA,NA,NA,NA,NA,NA,NA,NA,NA,0.594263578170047,137
"3080","Yukon-Chum","Chum",1985,1232266.597,661500,NA,NA,47001.765,873654.912,308623.432,2986.488,NA,NA,NA,NA,NA,NA,NA,NA,NA,NA,NA,NA,NA,NA,NA,NA,NA,NA,NA,NA,NA,NA,NA,NA,NA,0.622100530797553,137
"3081","Yukon-Chum","Chum",1986,850389.554,500800,NA,NA,0,489200.972,356387.568,4801.014,NA,NA,NA,NA,NA,NA,NA,NA,NA,NA,NA,NA,NA,NA,NA,NA,NA,NA,NA,NA,NA,NA,NA,NA,NA,0.529487723535173,137
"3082","Yukon-Chum","Chum",1987,945873.368,675000,NA,NA,13953.719,596302.104,328069.29,7548.255,NA,NA,NA,NA,NA,NA,NA,NA,NA,NA,NA,NA,NA,NA,NA,NA,NA,NA,NA,NA,NA,NA,NA,NA,NA,0.337396008754121,137
"3083","Yukon-Chum","Chum",1988,402272.305,327500,NA,NA,39819.84,197375.02,152297.145,12780.3,NA,NA,NA,NA,NA,NA,NA,NA,NA,NA,NA,NA,NA,NA,NA,NA,NA,NA,NA,NA,NA,NA,NA,NA,NA,0.205641179850288,137
"3084","Yukon-Chum","Chum",1989,698951.504,504900,NA,NA,3200.676,283281.57,391929.2,20540.058,NA,NA,NA,NA,NA,NA,NA,NA,NA,NA,NA,NA,NA,NA,NA,NA,NA,NA,NA,NA,NA,NA,NA,NA,NA,0.32522097084908,137
"3085","Yukon-Chum","Chum",1990,1107289.117,468800,NA,NA,888.03,657120.425,418136.895,31143.767,NA,NA,NA,NA,NA,NA,NA,NA,NA,NA,NA,NA,NA,NA,NA,NA,NA,NA,NA,NA,NA,NA,NA,NA,NA,0.859493831981509,137
"3086","Yukon-Chum","Chum",1991,1412691.025,556400,NA,NA,4260.1,1022601.459,373725.204,12104.262,NA,NA,NA,NA,NA,NA,NA,NA,NA,NA,NA,NA,NA,NA,NA,NA,NA,NA,NA,NA,NA,NA,NA,NA,NA,0.9317642327654,137
"3087","Yukon-Chum","Chum",1992,871873.207,384600,NA,NA,7335.735,661536.568,199047.864,3953.04,NA,NA,NA,NA,NA,NA,NA,NA,NA,NA,NA,NA,NA,NA,NA,NA,NA,NA,NA,NA,NA,NA,NA,NA,NA,0.818440175365481,137
"3088","Yukon-Chum","Chum",1993,568472.862,353000,NA,NA,7517.461,456599.661,101131.94,3223.8,NA,NA,NA,NA,NA,NA,NA,NA,NA,NA,NA,NA,NA,NA,NA,NA,NA,NA,NA,NA,NA,NA,NA,NA,NA,0.47648551897013,137
"3089","Yukon-Chum","Chum",1994,372248.514,895800,NA,NA,4707.213,222358.5,143459.1,1723.701,NA,NA,NA,NA,NA,NA,NA,NA,NA,NA,NA,NA,NA,NA,NA,NA,NA,NA,NA,NA,NA,NA,NA,NA,NA,-0.878155494157949,137
"3090","Yukon-Chum","Chum",1995,329478.625,1006000,NA,NA,2305.94,255889.125,70917.984,365.576,NA,NA,NA,NA,NA,NA,NA,NA,NA,NA,NA,NA,NA,NA,NA,NA,NA,NA,NA,NA,NA,NA,NA,NA,NA,-1.11622586983803,137
"3091","Yukon-Chum","Chum",1996,309991.559,813000,NA,NA,402.975,170400.156,130876.208,8312.22,NA,NA,NA,NA,NA,NA,NA,NA,NA,NA,NA,NA,NA,NA,NA,NA,NA,NA,NA,NA,NA,NA,NA,NA,NA,-0.964186041471594,137
"3092","Yukon-Chum","Chum",1997,355786.573,502400,NA,NA,3201.159,233968.64,115539.858,3076.916,NA,NA,NA,NA,NA,NA,NA,NA,NA,NA,NA,NA,NA,NA,NA,NA,NA,NA,NA,NA,NA,NA,NA,NA,NA,-0.345065578127305,137
"3093","Yukon-Chum","Chum",1998,328539.357,258600,NA,NA,731.152,263497.374,57692.175,6618.656,NA,NA,NA,NA,NA,NA,NA,NA,NA,NA,NA,NA,NA,NA,NA,NA,NA,NA,NA,NA,NA,NA,NA,NA,NA,0.239374172629655,137
"3094","Yukon-Chum","Chum",1999,911820.7,271800,NA,NA,28261.548,699998.39,170881.664,12679.098,NA,NA,NA,NA,NA,NA,NA,NA,NA,NA,NA,NA,NA,NA,NA,NA,NA,NA,NA,NA,NA,NA,NA,NA,NA,1.21037686815161,137
"3095","Yukon-Chum","Chum",2000,407454.716,217700,NA,NA,8461.519,291220.864,107772.333,0,NA,NA,NA,NA,NA,NA,NA,NA,NA,NA,NA,NA,NA,NA,NA,NA,NA,NA,NA,NA,NA,NA,NA,NA,NA,0.626811831885054,137
"3096","Yukon-Chum","Chum",2001,2812493.734,320600,NA,NA,133576.512,1994844.752,651696.89,32375.58,NA,NA,NA,NA,NA,NA,NA,NA,NA,NA,NA,NA,NA,NA,NA,NA,NA,NA,NA,NA,NA,NA,NA,NA,NA,2.17163257842363,137
"3097","Anvik-Chum","Chum",1972,237395,457800,NA,NA,34095,168992,32618,1690,NA,NA,NA,NA,NA,NA,NA,NA,NA,NA,NA,NA,NA,NA,NA,NA,NA,NA,NA,NA,NA,NA,NA,NA,NA,-0.656706987064274,138
"3098","Anvik-Chum","Chum",1973,609636,249015,NA,NA,41662,438036,126898,3040,NA,NA,NA,NA,NA,NA,NA,NA,NA,NA,NA,NA,NA,NA,NA,NA,NA,NA,NA,NA,NA,NA,NA,NA,NA,0.895348922132713,138
"3099","Anvik-Chum","Chum",1974,869517,411133,NA,NA,125829,576013,167675,0,NA,NA,NA,NA,NA,NA,NA,NA,NA,NA,NA,NA,NA,NA,NA,NA,NA,NA,NA,NA,NA,NA,NA,NA,NA,0.749021121947602,138
"3100","Anvik-Chum","Chum",1975,542143,900967,NA,NA,25117,422471,81179,13376,NA,NA,NA,NA,NA,NA,NA,NA,NA,NA,NA,NA,NA,NA,NA,NA,NA,NA,NA,NA,NA,NA,NA,NA,NA,-0.507938826687454,138
"3101","Anvik-Chum","Chum",1976,2162459,511475,NA,NA,46207,857073,1248742,10437,NA,NA,NA,NA,NA,NA,NA,NA,NA,NA,NA,NA,NA,NA,NA,NA,NA,NA,NA,NA,NA,NA,NA,NA,NA,1.44170257074684,138
"3102","Anvik-Chum","Chum",1977,980358,358771,NA,NA,5037,752011,217325,5985,NA,NA,NA,NA,NA,NA,NA,NA,NA,NA,NA,NA,NA,NA,NA,NA,NA,NA,NA,NA,NA,NA,NA,NA,NA,1.00523350913303,138
"3103","Anvik-Chum","Chum",1978,817165,307270,NA,NA,2120,473325,340337,1383,NA,NA,NA,NA,NA,NA,NA,NA,NA,NA,NA,NA,NA,NA,NA,NA,NA,NA,NA,NA,NA,NA,NA,NA,NA,0.978114192953827,138
"3104","Anvik-Chum","Chum",1979,656943,280537,NA,NA,30186,439240,180670,6847,NA,NA,NA,NA,NA,NA,NA,NA,NA,NA,NA,NA,NA,NA,NA,NA,NA,NA,NA,NA,NA,NA,NA,NA,NA,0.850891633157926,138
"3105","Anvik-Chum","Chum",1980,1388588,492676,NA,NA,7935,1027409,331999,21245,NA,NA,NA,NA,NA,NA,NA,NA,NA,NA,NA,NA,NA,NA,NA,NA,NA,NA,NA,NA,NA,NA,NA,NA,NA,1.03619092530413,138
"3106","Anvik-Chum","Chum",1981,2215845,1486182,NA,NA,27411,1029995,1125795,32644,NA,NA,NA,NA,NA,NA,NA,NA,NA,NA,NA,NA,NA,NA,NA,NA,NA,NA,NA,NA,NA,NA,NA,NA,NA,0.39942340534756,138
"3107","Anvik-Chum","Chum",1982,756480,444581,NA,NA,27105,496420,218619,14336,NA,NA,NA,NA,NA,NA,NA,NA,NA,NA,NA,NA,NA,NA,NA,NA,NA,NA,NA,NA,NA,NA,NA,NA,NA,0.531543829763431,138
"3108","Anvik-Chum","Chum",1983,855008,362912,NA,NA,5217,472777,374036,2978,NA,NA,NA,NA,NA,NA,NA,NA,NA,NA,NA,NA,NA,NA,NA,NA,NA,NA,NA,NA,NA,NA,NA,NA,NA,0.856950444985213,138
"3109","Anvik-Chum","Chum",1984,2100597,891028,NA,NA,9316,1338346,741293,11642,NA,NA,NA,NA,NA,NA,NA,NA,NA,NA,NA,NA,NA,NA,NA,NA,NA,NA,NA,NA,NA,NA,NA,NA,NA,0.857601016682472,138
"3110","Anvik-Chum","Chum",1985,785735,1080243,NA,NA,65276,467865,248720,3874,NA,NA,NA,NA,NA,NA,NA,NA,NA,NA,NA,NA,NA,NA,NA,NA,NA,NA,NA,NA,NA,NA,NA,NA,NA,-0.318321709355464,138
"3111","Anvik-Chum","Chum",1986,988855,1189602,NA,NA,9984,345492,591907,41472,NA,NA,NA,NA,NA,NA,NA,NA,NA,NA,NA,NA,NA,NA,NA,NA,NA,NA,NA,NA,NA,NA,NA,NA,NA,-0.184826368248051,138
"3112","Anvik-Chum","Chum",1987,1207398,455876,NA,NA,13780,490904,687338,15376,NA,NA,NA,NA,NA,NA,NA,NA,NA,NA,NA,NA,NA,NA,NA,NA,NA,NA,NA,NA,NA,NA,NA,NA,NA,0.974002067198868,138
"3113","Anvik-Chum","Chum",1988,507883,1125449,NA,NA,3147,278108,210927,15701,NA,NA,NA,NA,NA,NA,NA,NA,NA,NA,NA,NA,NA,NA,NA,NA,NA,NA,NA,NA,NA,NA,NA,NA,NA,-0.795686240034689,138
"3114","Anvik-Chum","Chum",1989,1224634,636906,NA,NA,2795,378386,777006,66447,NA,NA,NA,NA,NA,NA,NA,NA,NA,NA,NA,NA,NA,NA,NA,NA,NA,NA,NA,NA,NA,NA,NA,NA,NA,0.6537752248622,138
"3115","Anvik-Chum","Chum",1990,1137732,403627,NA,NA,3467,451139,657174,25952,NA,NA,NA,NA,NA,NA,NA,NA,NA,NA,NA,NA,NA,NA,NA,NA,NA,NA,NA,NA,NA,NA,NA,NA,NA,1.03630090191224,138
"3116","Anvik-Chum","Chum",1991,1383421,847772,NA,NA,97,863485,511512,8327,NA,NA,NA,NA,NA,NA,NA,NA,NA,NA,NA,NA,NA,NA,NA,NA,NA,NA,NA,NA,NA,NA,NA,NA,NA,0.489702964326681,138
"3117","Anvik-Chum","Chum",1992,1091932,775626,NA,NA,39034,640540,404925,7433,NA,NA,NA,NA,NA,NA,NA,NA,NA,NA,NA,NA,NA,NA,NA,NA,NA,NA,NA,NA,NA,NA,NA,NA,NA,0.342033438062779,138
"3118","Anvik-Chum","Chum",1993,419721,517409,NA,NA,5753,299059,102804,12105,NA,NA,NA,NA,NA,NA,NA,NA,NA,NA,NA,NA,NA,NA,NA,NA,NA,NA,NA,NA,NA,NA,NA,NA,NA,-0.209243459438666,138
"3119","Andreafsky-Chum","Chum",1972,178145.9731,60040,NA,NA,3986.361538,108630.6,62143.27692,3385.734615,NA,NA,NA,NA,NA,NA,NA,NA,NA,NA,NA,NA,NA,NA,NA,NA,NA,NA,NA,NA,NA,NA,NA,NA,NA,1.0875922810457,139
"3120","Andreafsky-Chum","Chum",1973,150436.1308,56350,NA,NA,2297.1,87429.98462,57835.00769,2874.038462,NA,NA,NA,NA,NA,NA,NA,NA,NA,NA,NA,NA,NA,NA,NA,NA,NA,NA,NA,NA,NA,NA,NA,NA,NA,0.981956373561995,139
"3121","Andreafsky-Chum","Chum",1974,136456.3769,69430,NA,NA,1848.792308,81368.63846,49094.23077,4144.715385,NA,NA,NA,NA,NA,NA,NA,NA,NA,NA,NA,NA,NA,NA,NA,NA,NA,NA,NA,NA,NA,NA,NA,NA,NA,0.675685929632072,139
"3122","Andreafsky-Chum","Chum",1975,146112.9385,271000,NA,NA,1720.619231,69071.15385,70799.89231,4521.273077,NA,NA,NA,NA,NA,NA,NA,NA,NA,NA,NA,NA,NA,NA,NA,NA,NA,NA,NA,NA,NA,NA,NA,NA,NA,-0.617738946838159,139
"3123","Andreafsky-Chum","Chum",1976,182313.0769,151800,NA,NA,1460.576923,99609.06154,77232.23846,4011.2,NA,NA,NA,NA,NA,NA,NA,NA,NA,NA,NA,NA,NA,NA,NA,NA,NA,NA,NA,NA,NA,NA,NA,NA,NA,0.183161547008336,139
"3124","Andreafsky-Chum","Chum",1977,164476.3231,117500,NA,NA,2106.330769,108658.7923,52145.6,1565.6,NA,NA,NA,NA,NA,NA,NA,NA,NA,NA,NA,NA,NA,NA,NA,NA,NA,NA,NA,NA,NA,NA,NA,NA,NA,0.336328293739137,139
"3125","Andreafsky-Chum","Chum",1978,230746.2962,102000,NA,NA,2297.696154,140392,86108,1948.6,NA,NA,NA,NA,NA,NA,NA,NA,NA,NA,NA,NA,NA,NA,NA,NA,NA,NA,NA,NA,NA,NA,NA,NA,NA,0.816346008832275,139
"3126","Andreafsky-Chum","Chum",1979,94715.2,82520,NA,NA,4011.2,67320.8,23383.2,0,NA,NA,NA,NA,NA,NA,NA,NA,NA,NA,NA,NA,NA,NA,NA,NA,NA,NA,NA,NA,NA,NA,NA,NA,NA,0.137833805972913,139
"3127","Andreafsky-Chum","Chum",1980,104527.5,128800,NA,NA,1565.6,68201,31058.1,3702.8,NA,NA,NA,NA,NA,NA,NA,NA,NA,NA,NA,NA,NA,NA,NA,NA,NA,NA,NA,NA,NA,NA,NA,NA,NA,-0.208810618990616,139
"3128","Andreafsky-Chum","Chum",1981,170152.1,153200,NA,NA,3897.2,81671.3,81461.6,3122,NA,NA,NA,NA,NA,NA,NA,NA,NA,NA,NA,NA,NA,NA,NA,NA,NA,NA,NA,NA,NA,NA,NA,NA,NA,0.104948485615393,139
"3129","Andreafsky-Chum","Chum",1982,142323.2,156300,NA,NA,2300.6,101827,36215.2,1980.4,NA,NA,NA,NA,NA,NA,NA,NA,NA,NA,NA,NA,NA,NA,NA,NA,NA,NA,NA,NA,NA,NA,NA,NA,NA,-0.0936767097807472,139
"3130","Andreafsky-Chum","Chum",1983,50774.5,103500,NA,NA,0,23102.8,26735.4,936.3,NA,NA,NA,NA,NA,NA,NA,NA,NA,NA,NA,NA,NA,NA,NA,NA,NA,NA,NA,NA,NA,NA,NA,NA,NA,-0.712177352653291,139
"3131","Andreafsky-Chum","Chum",1984,120498.6,76330,NA,NA,624.4,69314,50560.2,0,NA,NA,NA,NA,NA,NA,NA,NA,NA,NA,NA,NA,NA,NA,NA,NA,NA,NA,NA,NA,NA,NA,NA,NA,NA,0.456572088795577,139
"3132","Andreafsky-Chum","Chum",1985,50340.4,96080,NA,NA,990.2,40260.9,8411.6,677.7,NA,NA,NA,NA,NA,NA,NA,NA,NA,NA,NA,NA,NA,NA,NA,NA,NA,NA,NA,NA,NA,NA,NA,NA,NA,-0.646373242128706,139
"3133","Andreafsky-Chum","Chum",1986,81032.1,149000,NA,NA,1872.6,40078.8,31851.9,7228.8,NA,NA,NA,NA,NA,NA,NA,NA,NA,NA,NA,NA,NA,NA,NA,NA,NA,NA,NA,NA,NA,NA,NA,NA,NA,-0.609100933481361,139
"3134","Andreafsky-Chum","Chum",1987,95895.16,46180,NA,NA,494.8,34562.7,59637.6,1200.06,NA,NA,NA,NA,NA,NA,NA,NA,NA,NA,NA,NA,NA,NA,NA,NA,NA,NA,NA,NA,NA,NA,NA,NA,NA,0.730708707450638,139
"3135","Andreafsky-Chum","Chum",1988,48938.62,70900,NA,NA,0,23493.6,23401.17,2043.85,NA,NA,NA,NA,NA,NA,NA,NA,NA,NA,NA,NA,NA,NA,NA,NA,NA,NA,NA,NA,NA,NA,NA,NA,NA,-0.370703573714338,139
"3136","Andreafsky-Chum","Chum",1989,101905.29,63990,NA,NA,0,34801.74,63359.35,3744.2,NA,NA,NA,NA,NA,NA,NA,NA,NA,NA,NA,NA,NA,NA,NA,NA,NA,NA,NA,NA,NA,NA,NA,NA,NA,0.465317031370668,139
"3137","Andreafsky-Chum","Chum",1990,243988.47,39190,NA,NA,600.03,138981.8,97349.2,7057.44,NA,NA,NA,NA,NA,NA,NA,NA,NA,NA,NA,NA,NA,NA,NA,NA,NA,NA,NA,NA,NA,NA,NA,NA,NA,1.82869935786679,139
"3138","Andreafsky-Chum","Chum",1991,129989.94,56830,NA,NA,0,84244.5,42344.64,3400.8,NA,NA,NA,NA,NA,NA,NA,NA,NA,NA,NA,NA,NA,NA,NA,NA,NA,NA,NA,NA,NA,NA,NA,NA,NA,0.827392707536824,139
"3139","Andreafsky-Chum","Chum",1992,106599.1,73740,NA,NA,1872.1,67045.68,36275.2,1406.12,NA,NA,NA,NA,NA,NA,NA,NA,NA,NA,NA,NA,NA,NA,NA,NA,NA,NA,NA,NA,NA,NA,NA,NA,NA,0.36852967611337,139
"3140","Andreafsky-Chum","Chum",1993,30561.06,52620,NA,NA,0,17570.8,11952.02,1038.24,NA,NA,NA,NA,NA,NA,NA,NA,NA,NA,NA,NA,NA,NA,NA,NA,NA,NA,NA,NA,NA,NA,NA,NA,NA,-0.543369626051493,139
"3141","Andreafsky-Chum","Chum",1994,81253.92,195400,NA,NA,0,56947.86,23533.44,772.62,NA,NA,NA,NA,NA,NA,NA,NA,NA,NA,NA,NA,NA,NA,NA,NA,NA,NA,NA,NA,NA,NA,NA,NA,NA,-0.877469673408798,139
"3142","Andreafsky-Chum","Chum",1995,22453.96,173300,NA,NA,0,9690.24,12361.92,401.8,NA,NA,NA,NA,NA,NA,NA,NA,NA,NA,NA,NA,NA,NA,NA,NA,NA,NA,NA,NA,NA,NA,NA,NA,NA,-2.04355720610635,139
"3143","Andreafsky-Chum","Chum",1996,29618.44,108400,NA,NA,346.08,12619.46,15268.4,1384.5,NA,NA,NA,NA,NA,NA,NA,NA,NA,NA,NA,NA,NA,NA,NA,NA,NA,NA,NA,NA,NA,NA,NA,NA,NA,-1.29743094866967,139
"3144","Andreafsky-Chum","Chum",1997,10659.32,51780,NA,NA,0,4419.8,5999.5,240.02,NA,NA,NA,NA,NA,NA,NA,NA,NA,NA,NA,NA,NA,NA,NA,NA,NA,NA,NA,NA,NA,NA,NA,NA,NA,-1.58056934748902,139
"3145","Andreafsky-Chum","Chum",1998,44305,65850,NA,NA,0,38304.5,6000.5,0,NA,NA,NA,NA,NA,NA,NA,NA,NA,NA,NA,NA,NA,NA,NA,NA,NA,NA,NA,NA,NA,NA,NA,NA,NA,-0.396281890690024,139
"3146","Andreafsky-Chum","Chum",1999,30881.18,32780,NA,NA,461.5,17761.48,12658.2,0,NA,NA,NA,NA,NA,NA,NA,NA,NA,NA,NA,NA,NA,NA,NA,NA,NA,NA,NA,NA,NA,NA,NA,NA,NA,-0.0596716364539515,139
"3147","Andreafsky-Chum","Chum",2000,46123.81,23290,NA,NA,240.02,43670.79,2213,0,NA,NA,NA,NA,NA,NA,NA,NA,NA,NA,NA,NA,NA,NA,NA,NA,NA,NA,NA,NA,NA,NA,NA,NA,NA,0.683305218673635,139
"3148","Andreafsky-Chum","Chum",2001,107113.56,18570,NA,NA,6329.1,19917,76253.04,4614.42,NA,NA,NA,NA,NA,NA,NA,NA,NA,NA,NA,NA,NA,NA,NA,NA,NA,NA,NA,NA,NA,NA,NA,NA,NA,1.7523422047189,139
"3149","Norton Sound-Chum","Chum",1974,62925,23511,NA,NA,NA,52437,10488,NA,NA,NA,NA,NA,NA,NA,NA,NA,NA,NA,NA,NA,NA,NA,NA,NA,NA,NA,NA,NA,NA,NA,NA,NA,NA,0.984475144282542,140
"3150","Norton Sound-Chum","Chum",1975,65985,32185,NA,NA,NA,10488,55497,NA,NA,NA,NA,NA,NA,NA,NA,NA,NA,NA,NA,NA,NA,NA,NA,NA,NA,NA,NA,NA,NA,NA,NA,NA,NA,0.717926937964214,140
"3151","Norton Sound-Chum","Chum",1976,112461,17623,NA,NA,NA,55497,56964,NA,NA,NA,NA,NA,NA,NA,NA,NA,NA,NA,NA,NA,NA,NA,NA,NA,NA,NA,NA,NA,NA,NA,NA,NA,NA,1.8534016277928,140
"3152","Norton Sound-Chum","Chum",1977,82970,45097,NA,NA,NA,56964,26006,NA,NA,NA,NA,NA,NA,NA,NA,NA,NA,NA,NA,NA,NA,NA,NA,NA,NA,NA,NA,NA,NA,NA,NA,NA,NA,0.609663371227045,140
"3153","Norton Sound-Chum","Chum",1978,48885,91798,NA,NA,NA,26006,22879,NA,NA,NA,NA,NA,NA,NA,NA,NA,NA,NA,NA,NA,NA,NA,NA,NA,NA,NA,NA,NA,NA,NA,NA,NA,NA,-0.630119909939106,140
"3154","Norton Sound-Chum","Chum",1979,50646,12312,NA,NA,NA,22879,27767,NA,NA,NA,NA,NA,NA,NA,NA,NA,NA,NA,NA,NA,NA,NA,NA,NA,NA,NA,NA,NA,NA,NA,NA,NA,NA,1.41428585769306,140
"3155","Norton Sound-Chum","Chum",1980,59366,91090,NA,NA,NA,27767,31599,NA,NA,NA,NA,NA,NA,NA,NA,NA,NA,NA,NA,NA,NA,NA,NA,NA,NA,NA,NA,NA,NA,NA,NA,NA,NA,-0.428126356838531,140
"3156","Norton Sound-Chum","Chum",1981,57251,86684,NA,NA,NA,31599,25652,NA,NA,NA,NA,NA,NA,NA,NA,NA,NA,NA,NA,NA,NA,NA,NA,NA,NA,NA,NA,NA,NA,NA,NA,NA,NA,-0.414824212819378,140
"3157","Norton Sound-Chum","Chum",1982,50926,33735,NA,NA,NA,25652,25274,NA,NA,NA,NA,NA,NA,NA,NA,NA,NA,NA,NA,NA,NA,NA,NA,NA,NA,NA,NA,NA,NA,NA,NA,NA,NA,0.411837724561351,140
"3158","Norton Sound-Chum","Chum",1983,43931,26977,NA,NA,NA,25274,18657,NA,NA,NA,NA,NA,NA,NA,NA,NA,NA,NA,NA,NA,NA,NA,NA,NA,NA,NA,NA,NA,NA,NA,NA,NA,NA,0.487635570095463,140
"3159","Norton Sound-Chum","Chum",1984,26900,46908,NA,NA,NA,18657,8243,NA,NA,NA,NA,NA,NA,NA,NA,NA,NA,NA,NA,NA,NA,NA,NA,NA,NA,NA,NA,NA,NA,NA,NA,NA,NA,-0.556061949991025,140
"3160","Norton Sound-Chum","Chum",1985,18053,51313,NA,NA,NA,8243,9810,NA,NA,NA,NA,NA,NA,NA,NA,NA,NA,NA,NA,NA,NA,NA,NA,NA,NA,NA,NA,NA,NA,NA,NA,NA,NA,-1.04463225542502,140
"3161","Norton Sound-Chum","Chum",1986,44776,35060,NA,NA,NA,9810,34966,NA,NA,NA,NA,NA,NA,NA,NA,NA,NA,NA,NA,NA,NA,NA,NA,NA,NA,NA,NA,NA,NA,NA,NA,NA,NA,0.24461140209597,140
"3162","Norton Sound-Chum","Chum",1987,54696,36507,NA,NA,NA,34966,19730,NA,NA,NA,NA,NA,NA,NA,NA,NA,NA,NA,NA,NA,NA,NA,NA,NA,NA,NA,NA,NA,NA,NA,NA,NA,NA,0.40428655758872,140
"3163","Norton Sound-Chum","Chum",1988,38760,29733,NA,NA,NA,19730,19030,NA,NA,NA,NA,NA,NA,NA,NA,NA,NA,NA,NA,NA,NA,NA,NA,NA,NA,NA,NA,NA,NA,NA,NA,NA,NA,0.265131246929884,140
"3164","Norton Sound-Chum","Chum",1989,42595,12594,NA,NA,NA,19030,23565,NA,NA,NA,NA,NA,NA,NA,NA,NA,NA,NA,NA,NA,NA,NA,NA,NA,NA,NA,NA,NA,NA,NA,NA,NA,NA,1.21851636542825,140
"3165","Norton Sound-Chum","Chum",1990,72352,15375,NA,NA,NA,23565,48787,NA,NA,NA,NA,NA,NA,NA,NA,NA,NA,NA,NA,NA,NA,NA,NA,NA,NA,NA,NA,NA,NA,NA,NA,NA,NA,1.54880028240298,140
"3166","Norton Sound-Chum","Chum",1991,76313,66216,NA,NA,NA,48787,27526,NA,NA,NA,NA,NA,NA,NA,NA,NA,NA,NA,NA,NA,NA,NA,NA,NA,NA,NA,NA,NA,NA,NA,NA,NA,NA,0.141921178272917,140
"3167","Norton Sound-Chum","Chum",1992,56255,36895,NA,NA,NA,27526,28729,NA,NA,NA,NA,NA,NA,NA,NA,NA,NA,NA,NA,NA,NA,NA,NA,NA,NA,NA,NA,NA,NA,NA,NA,NA,NA,0.421818885512705,140
"3168","Norton Sound-Chum","Chum",1993,53507,36162,NA,NA,NA,28729,24778,NA,NA,NA,NA,NA,NA,NA,NA,NA,NA,NA,NA,NA,NA,NA,NA,NA,NA,NA,NA,NA,NA,NA,NA,NA,NA,0.391803642735541,140
"3169","Norton Sound-Chum","Chum",1994,33719,45392,NA,NA,NA,24778,8941,NA,NA,NA,NA,NA,NA,NA,NA,NA,NA,NA,NA,NA,NA,NA,NA,NA,NA,NA,NA,NA,NA,NA,NA,NA,NA,-0.297274401363099,140
"3170","Norton Sound-Chum","Chum",1995,26615,92107,NA,NA,NA,8941,17674,NA,NA,NA,NA,NA,NA,NA,NA,NA,NA,NA,NA,NA,NA,NA,NA,NA,NA,NA,NA,NA,NA,NA,NA,NA,NA,-1.24147597809146,140
"3171","Kwiniuk Inlet-Chum","Chum",1965,83105,52643,NA,NA,3287,75411,4407,0,NA,NA,NA,NA,NA,NA,NA,NA,NA,NA,NA,NA,NA,NA,NA,NA,NA,NA,NA,NA,NA,NA,NA,NA,NA,0.456571592248471,141
"3172","Kwiniuk Inlet-Chum","Chum",1966,216334,38861,NA,NA,2346,185848,27758,382,NA,NA,NA,NA,NA,NA,NA,NA,NA,NA,NA,NA,NA,NA,NA,NA,NA,NA,NA,NA,NA,NA,NA,NA,NA,1.71683233267518,141
"3173","Kwiniuk Inlet-Chum","Chum",1967,160478,40965,NA,NA,1341,87206,71530,401,NA,NA,NA,NA,NA,NA,NA,NA,NA,NA,NA,NA,NA,NA,NA,NA,NA,NA,NA,NA,NA,NA,NA,NA,NA,1.36543881793002,141
"3174","Kwiniuk Inlet-Chum","Chum",1968,39393,33453,NA,NA,694,19699,18271,729,NA,NA,NA,NA,NA,NA,NA,NA,NA,NA,NA,NA,NA,NA,NA,NA,NA,NA,NA,NA,NA,NA,NA,NA,NA,0.163446666893643,141
"3175","Kwiniuk Inlet-Chum","Chum",1969,73593,53016,NA,NA,4016,37882,31695,0,NA,NA,NA,NA,NA,NA,NA,NA,NA,NA,NA,NA,NA,NA,NA,NA,NA,NA,NA,NA,NA,NA,NA,NA,NA,0.327956157730134,141
"3176","Kwiniuk Inlet-Chum","Chum",1970,94336,154910,NA,NA,10374,73106,10553,303,NA,NA,NA,NA,NA,NA,NA,NA,NA,NA,NA,NA,NA,NA,NA,NA,NA,NA,NA,NA,NA,NA,NA,NA,NA,-0.495981425991455,141
"3177","Kwiniuk Inlet-Chum","Chum",1971,99485,69600,NA,NA,15908,69757,13307,513,NA,NA,NA,NA,NA,NA,NA,NA,NA,NA,NA,NA,NA,NA,NA,NA,NA,NA,NA,NA,NA,NA,NA,NA,NA,0.357242311690837,141
"3178","Kwiniuk Inlet-Chum","Chum",1972,19534,62640,NA,NA,242,8028,10962,302,NA,NA,NA,NA,NA,NA,NA,NA,NA,NA,NA,NA,NA,NA,NA,NA,NA,NA,NA,NA,NA,NA,NA,NA,NA,-1.16524751465726,141
"3179","Kwiniuk Inlet-Chum","Chum",1973,91610,35242,NA,NA,0,64570,27040,0,NA,NA,NA,NA,NA,NA,NA,NA,NA,NA,NA,NA,NA,NA,NA,NA,NA,NA,NA,NA,NA,NA,NA,NA,NA,0.955301882880578,141
"3180","Kwiniuk Inlet-Chum","Chum",1974,69407,64439,NA,NA,9592,45923,13709,183,NA,NA,NA,NA,NA,NA,NA,NA,NA,NA,NA,NA,NA,NA,NA,NA,NA,NA,NA,NA,NA,NA,NA,NA,NA,0.0742686871028302,141
"3181","Kwiniuk Inlet-Chum","Chum",1975,45643,33345,NA,NA,2266,38833,4341,203,NA,NA,NA,NA,NA,NA,NA,NA,NA,NA,NA,NA,NA,NA,NA,NA,NA,NA,NA,NA,NA,NA,NA,NA,NA,0.313942418563562,141
"3182","Kwiniuk Inlet-Chum","Chum",1976,76474,9200,NA,NA,800,39349,34296,2029,NA,NA,NA,NA,NA,NA,NA,NA,NA,NA,NA,NA,NA,NA,NA,NA,NA,NA,NA,NA,NA,NA,NA,NA,NA,2.1177473297278,141
"3183","Kwiniuk Inlet-Chum","Chum",1977,95146,37011,NA,NA,1828,66556,25488,1274,NA,NA,NA,NA,NA,NA,NA,NA,NA,NA,NA,NA,NA,NA,NA,NA,NA,NA,NA,NA,NA,NA,NA,NA,NA,0.944197388215093,141
"3184","Kwiniuk Inlet-Chum","Chum",1978,112541,29707,NA,NA,712,59001,51078,1750,NA,NA,NA,NA,NA,NA,NA,NA,NA,NA,NA,NA,NA,NA,NA,NA,NA,NA,NA,NA,NA,NA,NA,NA,NA,1.33193489142141,141
"3185","Kwiniuk Inlet-Chum","Chum",1979,141879,15024,NA,NA,1676,88574,50835,794,NA,NA,NA,NA,NA,NA,NA,NA,NA,NA,NA,NA,NA,NA,NA,NA,NA,NA,NA,NA,NA,NA,NA,NA,NA,2.24532565920492,141
"3186","Kwiniuk Inlet-Chum","Chum",1980,113749,29554,NA,NA,566,88330,24628,225,NA,NA,NA,NA,NA,NA,NA,NA,NA,NA,NA,NA,NA,NA,NA,NA,NA,NA,NA,NA,NA,NA,NA,NA,NA,1.34777516810218,141
"3187","Kwiniuk Inlet-Chum","Chum",1981,82744,69624,NA,NA,3805,53626,24118,1195,NA,NA,NA,NA,NA,NA,NA,NA,NA,NA,NA,NA,NA,NA,NA,NA,NA,NA,NA,NA,NA,NA,NA,NA,NA,0.17264216858829,141
"3188","Kwiniuk Inlet-Chum","Chum",1982,53725,44625,NA,NA,397,27669,24865,794,NA,NA,NA,NA,NA,NA,NA,NA,NA,NA,NA,NA,NA,NA,NA,NA,NA,NA,NA,NA,NA,NA,NA,NA,NA,0.185584202428771,141
"3189","Kwiniuk Inlet-Chum","Chum",1983,38676,73681,NA,NA,4339,21518,11502,1317,NA,NA,NA,NA,NA,NA,NA,NA,NA,NA,NA,NA,NA,NA,NA,NA,NA,NA,NA,NA,NA,NA,NA,NA,NA,-0.644525711437775,141
"3190","Kwiniuk Inlet-Chum","Chum",1984,46643,133154,NA,NA,239,26971,18663,770,NA,NA,NA,NA,NA,NA,NA,NA,NA,NA,NA,NA,NA,NA,NA,NA,NA,NA,NA,NA,NA,NA,NA,NA,NA,-1.04898349067189,141
"3191","Kwiniuk Inlet-Chum","Chum",1985,13695,54032,NA,NA,396,5343,7956,0,NA,NA,NA,NA,NA,NA,NA,NA,NA,NA,NA,NA,NA,NA,NA,NA,NA,NA,NA,NA,NA,NA,NA,NA,NA,-1.37254566092817,141
"3192","Kwiniuk Inlet-Chum","Chum",1986,44828,33706,NA,NA,0,16680,28148,0,NA,NA,NA,NA,NA,NA,NA,NA,NA,NA,NA,NA,NA,NA,NA,NA,NA,NA,NA,NA,NA,NA,NA,NA,NA,0.285157081135953,141
"3193","Kwiniuk Inlet-Chum","Chum",1987,31435,28562,NA,NA,256,19560,10845,774,NA,NA,NA,NA,NA,NA,NA,NA,NA,NA,NA,NA,NA,NA,NA,NA,NA,NA,NA,NA,NA,NA,NA,NA,NA,0.095844758804283,141
"3194","Kwiniuk Inlet-Chum","Chum",1988,21537,19101,NA,NA,0,5104,15218,1215,NA,NA,NA,NA,NA,NA,NA,NA,NA,NA,NA,NA,NA,NA,NA,NA,NA,NA,NA,NA,NA,NA,NA,NA,NA,0.120031696559458,141
"3195","Kwiniuk Inlet-Chum","Chum",1989,32516,23178,NA,NA,0,9801,20045,2670,NA,NA,NA,NA,NA,NA,NA,NA,NA,NA,NA,NA,NA,NA,NA,NA,NA,NA,NA,NA,NA,NA,NA,NA,NA,0.338528722972127,141
"3196","Kwiniuk Inlet-Chum","Chum",1990,68642,19962,NA,NA,0,39482,26696,2464,NA,NA,NA,NA,NA,NA,NA,NA,NA,NA,NA,NA,NA,NA,NA,NA,NA,NA,NA,NA,NA,NA,NA,NA,NA,1.23507412601996,141
"3197","Kwiniuk Inlet-Chum","Chum",1991,61794,44244,NA,NA,0,37375,24145,274,NA,NA,NA,NA,NA,NA,NA,NA,NA,NA,NA,NA,NA,NA,NA,NA,NA,NA,NA,NA,NA,NA,NA,NA,NA,0.334086503331712,141
"3198","Kwiniuk Inlet-Chum","Chum",1992,35475,14689,NA,NA,0,22667,12608,200,NA,NA,NA,NA,NA,NA,NA,NA,NA,NA,NA,NA,NA,NA,NA,NA,NA,NA,NA,NA,NA,NA,NA,NA,NA,0.881729308696829,141
"3199","Kwiniuk Inlet-Chum","Chum",1993,23184,23991,NA,NA,0,14527,8482,175,NA,NA,NA,NA,NA,NA,NA,NA,NA,NA,NA,NA,NA,NA,NA,NA,NA,NA,NA,NA,NA,NA,NA,NA,NA,-0.034216374439536,141
"3200","Kwiniuk Inlet-Chum","Chum",1994,36466,56852,NA,NA,0,31131,5071,264,NA,NA,NA,NA,NA,NA,NA,NA,NA,NA,NA,NA,NA,NA,NA,NA,NA,NA,NA,NA,NA,NA,NA,NA,NA,-0.444071080259753,141
"3201","Kwiniuk Inlet-Chum","Chum",1995,17296,61796,NA,NA,200,8811,7676,609,NA,NA,NA,NA,NA,NA,NA,NA,NA,NA,NA,NA,NA,NA,NA,NA,NA,NA,NA,NA,NA,NA,NA,NA,NA,-1.27336337655295,141
"3202","Kotzebue-Chum","Chum",1962,352920,621917,NA,NA,11609,277700,61320,2291,0,NA,NA,NA,NA,NA,NA,NA,NA,NA,NA,NA,NA,NA,NA,NA,NA,NA,NA,NA,NA,NA,NA,NA,NA,-0.566565240966828,142
"3203","Kotzebue-Chum","Chum",1963,331036,138600,NA,NA,41324,239315,50397,0,0,NA,NA,NA,NA,NA,NA,NA,NA,NA,NA,NA,NA,NA,NA,NA,NA,NA,NA,NA,NA,NA,NA,NA,NA,0.870635044036481,142
"3204","Kotzebue-Chum","Chum",1964,189381,444000,NA,NA,29169,147883,12329,0,0,NA,NA,NA,NA,NA,NA,NA,NA,NA,NA,NA,NA,NA,NA,NA,NA,NA,NA,NA,NA,NA,NA,NA,NA,-0.852063703502175,142
"3205","Kotzebue-Chum","Chum",1965,237125,393677,NA,NA,53961,146692,36472,0,0,NA,NA,NA,NA,NA,NA,NA,NA,NA,NA,NA,NA,NA,NA,NA,NA,NA,NA,NA,NA,NA,NA,NA,NA,-0.506943347871152,142
"3206","Kotzebue-Chum","Chum",1966,856944,350393,NA,NA,92595,638963,121002,4384,0,NA,NA,NA,NA,NA,NA,NA,NA,NA,NA,NA,NA,NA,NA,NA,NA,NA,NA,NA,NA,NA,NA,NA,NA,0.894317190544975,142
"3207","Kotzebue-Chum","Chum",1967,511732,266520,NA,NA,25951,309691,176090,0,0,NA,NA,NA,NA,NA,NA,NA,NA,NA,NA,NA,NA,NA,NA,NA,NA,NA,NA,NA,NA,NA,NA,NA,NA,0.652351762803939,142
"3208","Kotzebue-Chum","Chum",1968,579732,186205,NA,NA,32916,434744,108064,4008,0,NA,NA,NA,NA,NA,NA,NA,NA,NA,NA,NA,NA,NA,NA,NA,NA,NA,NA,NA,NA,NA,NA,NA,NA,1.13571771045935,142
"3209","Kotzebue-Chum","Chum",1969,757861,176697,NA,NA,115445,539541,102875,0,0,NA,NA,NA,NA,NA,NA,NA,NA,NA,NA,NA,NA,NA,NA,NA,NA,NA,NA,NA,NA,NA,NA,NA,NA,1.45606359026516,142
"3210","Kotzebue-Chum","Chum",1970,1090497,481658,NA,NA,129832,847046,112797,822,0,NA,NA,NA,NA,NA,NA,NA,NA,NA,NA,NA,NA,NA,NA,NA,NA,NA,NA,NA,NA,NA,NA,NA,NA,0.817154515969302,142
"3211","Kotzebue-Chum","Chum",1971,1468511,293342,NA,NA,382106,923658,153216,9531,0,NA,NA,NA,NA,NA,NA,NA,NA,NA,NA,NA,NA,NA,NA,NA,NA,NA,NA,NA,NA,NA,NA,NA,NA,1.61066507742509,142
"3212","Kotzebue-Chum","Chum",1972,337936,550852,NA,NA,27667,211134,98488,647,0,NA,NA,NA,NA,NA,NA,NA,NA,NA,NA,NA,NA,NA,NA,NA,NA,NA,NA,NA,NA,NA,NA,NA,NA,-0.48860964209017,142
"3213","Kotzebue-Chum","Chum",1973,538423,391673,NA,NA,45595,386009,102835,3984,0,NA,NA,NA,NA,NA,NA,NA,NA,NA,NA,NA,NA,NA,NA,NA,NA,NA,NA,NA,NA,NA,NA,NA,NA,0.318217188593806,142
"3214","Kotzebue-Chum","Chum",1974,277333,688710,NA,NA,35477,185944,55053,859,0,NA,NA,NA,NA,NA,NA,NA,NA,NA,NA,NA,NA,NA,NA,NA,NA,NA,NA,NA,NA,NA,NA,NA,NA,-0.90960133232629,142
"3215","Kotzebue-Chum","Chum",1975,283305,481364,NA,NA,33955,192686,56664,0,0,NA,NA,NA,NA,NA,NA,NA,NA,NA,NA,NA,NA,NA,NA,NA,NA,NA,NA,NA,NA,NA,NA,NA,NA,-0.530099684850582,142
"3216","Kotzebue-Chum","Chum",1976,1180020,231558,NA,NA,110469,671386,363073,35092,0,NA,NA,NA,NA,NA,NA,NA,NA,NA,NA,NA,NA,NA,NA,NA,NA,NA,NA,NA,NA,NA,NA,NA,NA,1.62845628436542,142
"3217","Kotzebue-Chum","Chum",1977,1200340,314197,NA,NA,129641,798761,257132,14806,0,NA,NA,NA,NA,NA,NA,NA,NA,NA,NA,NA,NA,NA,NA,NA,NA,NA,NA,NA,NA,NA,NA,NA,NA,1.34033995126074,142
"3218","Kotzebue-Chum","Chum",1978,566251,192475,NA,NA,28570,308175,220162,9344,0,NA,NA,NA,NA,NA,NA,NA,NA,NA,NA,NA,NA,NA,NA,NA,NA,NA,NA,NA,NA,NA,NA,NA,NA,1.07907116763599,142
"3219","Kotzebue-Chum","Chum",1979,554364,201157,NA,NA,37645,371442,141594,3683,0,NA,NA,NA,NA,NA,NA,NA,NA,NA,NA,NA,NA,NA,NA,NA,NA,NA,NA,NA,NA,NA,NA,NA,NA,1.01373581301152,142
"3220","Kotzebue-Chum","Chum",1980,655561,471854,NA,NA,37337,462875,142726,12623,0,NA,NA,NA,NA,NA,NA,NA,NA,NA,NA,NA,NA,NA,NA,NA,NA,NA,NA,NA,NA,NA,NA,NA,NA,0.328821741906121,142
"3221","Kotzebue-Chum","Chum",1981,1375178,492124,NA,NA,104938,770719,452708,46038,775,NA,NA,NA,NA,NA,NA,NA,NA,NA,NA,NA,NA,NA,NA,NA,NA,NA,NA,NA,NA,NA,NA,NA,NA,1.02760773900984,142
"3222","Kotzebue-Chum","Chum",1982,253322,184122,NA,NA,3683,106722,129743,13174,0,NA,NA,NA,NA,NA,NA,NA,NA,NA,NA,NA,NA,NA,NA,NA,NA,NA,NA,NA,NA,NA,NA,NA,NA,0.319062825398404,142
"3223","Kotzebue-Chum","Chum",1983,320348,443173,NA,NA,1721,179966,130960,7701,0,NA,NA,NA,NA,NA,NA,NA,NA,NA,NA,NA,NA,NA,NA,NA,NA,NA,NA,NA,NA,NA,NA,NA,NA,-0.324552308105712,142
"3224","Kotzebue-Chum","Chum",1984,806979,373731,NA,NA,62779,579635,157109,7456,0,NA,NA,NA,NA,NA,NA,NA,NA,NA,NA,NA,NA,NA,NA,NA,NA,NA,NA,NA,NA,NA,NA,NA,NA,0.769761358334235,142
"3225","Kotzebue-Chum","Chum",1985,926413,385911,NA,NA,50369,599941,270003,6100,0,NA,NA,NA,NA,NA,NA,NA,NA,NA,NA,NA,NA,NA,NA,NA,NA,NA,NA,NA,NA,NA,NA,NA,NA,0.875713366604163,142
"3226","Kotzebue-Chum","Chum",1986,510024,276870,NA,NA,5391,242843,242643,18891,256,NA,NA,NA,NA,NA,NA,NA,NA,NA,NA,NA,NA,NA,NA,NA,NA,NA,NA,NA,NA,NA,NA,NA,NA,0.610909701489074,142
"3227","Kotzebue-Chum","Chum",1987,660903,276236,NA,NA,12249,409375,228520,10759,0,NA,NA,NA,NA,NA,NA,NA,NA,NA,NA,NA,NA,NA,NA,NA,NA,NA,NA,NA,NA,NA,NA,NA,NA,0.872351508916023,142
"3228","Kotzebue-Chum","Chum",1988,556612,387618,NA,NA,19655,356491,170356,10110,0,NA,NA,NA,NA,NA,NA,NA,NA,NA,NA,NA,NA,NA,NA,NA,NA,NA,NA,NA,NA,NA,NA,NA,NA,0.36184808976078,142
"3229","Kotzebue-Chum","Chum",1989,206260,484176,NA,NA,5484,67374,107379,19760,6263,NA,NA,NA,NA,NA,NA,NA,NA,NA,NA,NA,NA,NA,NA,NA,NA,NA,NA,NA,NA,NA,NA,NA,NA,-0.853310968092666,142
"3230","Kotzebue-Chum","Chum",1990,757540,340924,NA,NA,7429,219639,383769,140909,5794,NA,NA,NA,NA,NA,NA,NA,NA,NA,NA,NA,NA,NA,NA,NA,NA,NA,NA,NA,NA,NA,NA,NA,NA,0.798416762726757,142
"3231","Kotzebue-Chum","Chum",1991,1433620,415733,NA,NA,11505,612574,765605,42213,1723,NA,NA,NA,NA,NA,NA,NA,NA,NA,NA,NA,NA,NA,NA,NA,NA,NA,NA,NA,NA,NA,NA,NA,NA,1.2379147657371,142
"3232","Kotzebue-Chum","Chum",1992,935470,300365,NA,NA,22881,637222,241277,32733,1357,NA,NA,NA,NA,NA,NA,NA,NA,NA,NA,NA,NA,NA,NA,NA,NA,NA,NA,NA,NA,NA,NA,NA,NA,1.13605067500356,142
"3233","Kotzebue-Chum","Chum",1993,211084,163002,NA,NA,14091,118776,72110,6107,0,NA,NA,NA,NA,NA,NA,NA,NA,NA,NA,NA,NA,NA,NA,NA,NA,NA,NA,NA,NA,NA,NA,NA,NA,0.258493687848854,142
"3234","Kotzebue-Chum","Chum",1994,208447,187836,NA,NA,5794,124040,71928,6120,565,NA,NA,NA,NA,NA,NA,NA,NA,NA,NA,NA,NA,NA,NA,NA,NA,NA,NA,NA,NA,NA,NA,NA,NA,0.104115570588641,142
"3235","Kotzebue-Chum","Chum",1995,836659,716396,NA,NA,15259,593747,215409,11304,940,NA,NA,NA,NA,NA,NA,NA,NA,NA,NA,NA,NA,NA,NA,NA,NA,NA,NA,NA,NA,NA,NA,NA,NA,0.155183493371074,142
"3236","Kotzebue-Chum","Chum",1996,675923,1439252,NA,NA,6107,376966,282033,10817,0,NA,NA,NA,NA,NA,NA,NA,NA,NA,NA,NA,NA,NA,NA,NA,NA,NA,NA,NA,NA,NA,NA,NA,NA,-0.755799648937783,142
"3237","Kotzebue-Chum","Chum",1997,401546,262959,NA,NA,12851,258295,111514,18075,811,NA,NA,NA,NA,NA,NA,NA,NA,NA,NA,NA,NA,NA,NA,NA,NA,NA,NA,NA,NA,NA,NA,NA,NA,0.423323970696297,142
"3238","Lower Skeena-Chum","Chum",1958,30813,6867,NA,NA,2127.033353,36525.2839,3045.202726,97.3335308,0,NA,NA,NA,NA,NA,NA,NA,NA,NA,NA,NA,NA,NA,NA,NA,NA,NA,NA,NA,NA,NA,NA,NA,NA,1.50120934921324,143
"3239","Lower Skeena-Chum","Chum",1961,19770,78561,NA,NA,876.0017772,14844.96441,6122.476807,122.4558261,0,NA,NA,NA,NA,NA,NA,NA,NA,NA,NA,NA,NA,NA,NA,NA,NA,NA,NA,NA,NA,NA,NA,NA,NA,-1.37970975590691,143
"3240","Lower Skeena-Chum","Chum",1962,60550,17293,NA,NA,329.888098,65252.71333,4653.321393,146.9963512,0,NA,NA,NA,NA,NA,NA,NA,NA,NA,NA,NA,NA,NA,NA,NA,NA,NA,NA,NA,NA,NA,NA,NA,NA,1.25316767465532,143
"3241","Lower Skeena-Chum","Chum",1963,59940,8901,NA,NA,1450.060296,49594.60958,5585.861346,79.72194048,0,NA,NA,NA,NA,NA,NA,NA,NA,NA,NA,NA,NA,NA,NA,NA,NA,NA,NA,NA,NA,NA,NA,NA,NA,1.90718043191172,143
"3242","Lower Skeena-Chum","Chum",1964,36559,8776,NA,NA,1102.102435,59533.52225,3029.433738,121.3194502,0,NA,NA,NA,NA,NA,NA,NA,NA,NA,NA,NA,NA,NA,NA,NA,NA,NA,NA,NA,NA,NA,NA,NA,NA,1.42690667094135,143
"3243","Lower Skeena-Chum","Chum",1965,33435,8754,NA,NA,1322.967161,32287.38589,4610.139107,105.0424569,0,NA,NA,NA,NA,NA,NA,NA,NA,NA,NA,NA,NA,NA,NA,NA,NA,NA,NA,NA,NA,NA,NA,NA,NA,1.34009251673724,143
"3244","Lower Skeena-Chum","Chum",1966,31633,32639,NA,NA,717.4974643,49134.37733,3991.613362,400.8716998,0,NA,NA,NA,NA,NA,NA,NA,NA,NA,NA,NA,NA,NA,NA,NA,NA,NA,NA,NA,NA,NA,NA,NA,NA,-0.0313070128872181,143
"3245","Lower Skeena-Chum","Chum",1967,20806,26686,NA,NA,1091.875052,42542.19504,15233.12459,292.8873036,0,NA,NA,NA,NA,NA,NA,NA,NA,NA,NA,NA,NA,NA,NA,NA,NA,NA,NA,NA,NA,NA,NA,NA,NA,-0.248897676671525,143
"3246","Lower Skeena-Chum","Chum",1968,97777,18712,NA,NA,945.382112,162353.0384,11129.71754,171.8756159,0,NA,NA,NA,NA,NA,NA,NA,NA,NA,NA,NA,NA,NA,NA,NA,NA,NA,NA,NA,NA,NA,NA,NA,NA,1.65352434627706,143
"3247","Lower Skeena-Chum","Chum",1969,66074,18270,NA,NA,3607.845298,118619.358,6531.273405,80.48262588,0,NA,NA,NA,NA,NA,NA,NA,NA,NA,NA,NA,NA,NA,NA,NA,NA,NA,NA,NA,NA,NA,NA,NA,NA,1.28551495566885,143
"3248","Lower Skeena-Chum","Chum",1970,34542,19463,NA,NA,2635.985733,69609.62444,3058.339784,65.62092234,0,NA,NA,NA,NA,NA,NA,NA,NA,NA,NA,NA,NA,NA,NA,NA,NA,NA,NA,NA,NA,NA,NA,NA,NA,0.57366074766129,143
"3249","Lower Skeena-Chum","Chum",1971,23238,6878,NA,NA,1546.880543,32595.46348,2493.595049,188.0030712,0,NA,NA,NA,NA,NA,NA,NA,NA,NA,NA,NA,NA,NA,NA,NA,NA,NA,NA,NA,NA,NA,NA,NA,NA,1.2174609577506,143
"3250","Lower Skeena-Chum","Chum",1972,23618,55601,NA,NA,724.3436329,26576.47355,7144.116706,164.4268332,0,NA,NA,NA,NA,NA,NA,NA,NA,NA,NA,NA,NA,NA,NA,NA,NA,NA,NA,NA,NA,NA,NA,NA,NA,-0.856192053527218,143
"3251","Lower Skeena-Chum","Chum",1973,32942,37907,NA,NA,590.5883011,76141.24384,6248.219662,146.2654569,0,NA,NA,NA,NA,NA,NA,NA,NA,NA,NA,NA,NA,NA,NA,NA,NA,NA,NA,NA,NA,NA,NA,NA,NA,-0.140387352243506,143
"3252","Lower Skeena-Chum","Chum",1974,18843,16353,NA,NA,1692.027641,66592.86745,5558.087361,249.0244794,0,NA,NA,NA,NA,NA,NA,NA,NA,NA,NA,NA,NA,NA,NA,NA,NA,NA,NA,NA,NA,NA,NA,NA,NA,0.1417301253901,143
"3253","Lower Skeena-Chum","Chum",1975,19691,13243,NA,NA,1479.841499,59237.51003,9462.930217,134.0924472,0,NA,NA,NA,NA,NA,NA,NA,NA,NA,NA,NA,NA,NA,NA,NA,NA,NA,NA,NA,NA,NA,NA,NA,NA,0.396692567618206,143
"3254","Lower Skeena-Chum","Chum",1976,66429,14852,NA,NA,1316.389112,100854.9142,5095.512993,158.734778,0,NA,NA,NA,NA,NA,NA,NA,NA,NA,NA,NA,NA,NA,NA,NA,NA,NA,NA,NA,NA,NA,NA,NA,NA,1.4979991718093,143
"3255","Lower Skeena-Chum","Chum",1977,38013,14906,NA,NA,2241.220315,54307.44111,6031.921565,59.74001358,0,NA,NA,NA,NA,NA,NA,NA,NA,NA,NA,NA,NA,NA,NA,NA,NA,NA,NA,NA,NA,NA,NA,NA,NA,0.936164390025379,143
"3256","Lower Skeena-Chum","Chum",1978,13741,10241,NA,NA,1206.832025,64287.5851,2270.120516,416.0847543,0,NA,NA,NA,NA,NA,NA,NA,NA,NA,NA,NA,NA,NA,NA,NA,NA,NA,NA,NA,NA,NA,NA,NA,NA,0.293984793256337,143
"3257","Lower Skeena-Chum","Chum",1979,12597,7796,NA,NA,1428.613002,24194.7055,15811.22066,302.3249058,0,NA,NA,NA,NA,NA,NA,NA,NA,NA,NA,NA,NA,NA,NA,NA,NA,NA,NA,NA,NA,NA,NA,NA,NA,0.479847908724852,143
"3258","Lower Skeena-Chum","Chum",1980,88788,39361,NA,NA,537.6601222,168514.3255,11488.34642,170.2295373,0,NA,NA,NA,NA,NA,NA,NA,NA,NA,NA,NA,NA,NA,NA,NA,NA,NA,NA,NA,NA,NA,NA,NA,NA,0.813476027366036,143
"3259","Lower Skeena-Chum","Chum",1981,41333,17968,NA,NA,3744.762789,122441.5868,6468.722416,86.08702888,0,NA,NA,NA,NA,NA,NA,NA,NA,NA,NA,NA,NA,NA,NA,NA,NA,NA,NA,NA,NA,NA,NA,NA,NA,0.833068814392192,143
"3260","Lower Skeena-Chum","Chum",1982,30700,9390,NA,NA,2720.924152,68942.96259,3271.307097,900.9858629,0,NA,NA,NA,NA,NA,NA,NA,NA,NA,NA,NA,NA,NA,NA,NA,NA,NA,NA,NA,NA,NA,NA,NA,NA,1.18461736137298,143
"3261","Lower Skeena-Chum","Chum",1983,40794,2330,NA,NA,1532.065835,34865.24669,34237.46279,219.2779013,0,NA,NA,NA,NA,NA,NA,NA,NA,NA,NA,NA,NA,NA,NA,NA,NA,NA,NA,NA,NA,NA,NA,NA,NA,2.86266674419477,143
"3262","Lower Skeena-Chum","Chum",1984,299114,55531,NA,NA,774.7832599,364899.2745,8332.560248,70.67502413,0,NA,NA,NA,NA,NA,NA,NA,NA,NA,NA,NA,NA,NA,NA,NA,NA,NA,NA,NA,NA,NA,NA,NA,NA,1.68388334825324,143
"3263","Lower Skeena-Chum","Chum",1985,61800,23000,NA,NA,8108.872766,88807.55002,2685.650917,44.24870152,0,NA,NA,NA,NA,NA,NA,NA,NA,NA,NA,NA,NA,NA,NA,NA,NA,NA,NA,NA,NA,NA,NA,NA,NA,0.988409148534495,143
"3264","Lower Skeena-Chum","Chum",1986,12347,16266,NA,NA,1973.501111,28623.38477,1681.450658,179.3868275,0,NA,NA,NA,NA,NA,NA,NA,NA,NA,NA,NA,NA,NA,NA,NA,NA,NA,NA,NA,NA,NA,NA,NA,NA,-0.275663921158977,143
"3265","Lower Skeena-Chum","Chum",1987,10581,8511,NA,NA,636.0752172,17920.72412,6816.699446,520.4484062,0,NA,NA,NA,NA,NA,NA,NA,NA,NA,NA,NA,NA,NA,NA,NA,NA,NA,NA,NA,NA,NA,NA,NA,NA,0.217700495427201,143
"3266","Lower Skeena-Chum","Chum",1988,17573,169087,NA,NA,398.2383137,72651.66514,19777.03944,402.3218165,0,NA,NA,NA,NA,NA,NA,NA,NA,NA,NA,NA,NA,NA,NA,NA,NA,NA,NA,NA,NA,NA,NA,NA,NA,-2.26404974214937,143
"3267","Lower Skeena-Chum","Chum",1989,33914,33936,NA,NA,1614.481448,210781.6045,15288.22903,474.0581308,0,NA,NA,NA,NA,NA,NA,NA,NA,NA,NA,NA,NA,NA,NA,NA,NA,NA,NA,NA,NA,NA,NA,NA,NA,-0.000648489337390914,143
"3268","Lower Skeena-Chum","Chum",1990,26159,6265,NA,NA,4684.035656,162940.3357,18014.20897,371.0431919,0,NA,NA,NA,NA,NA,NA,NA,NA,NA,NA,NA,NA,NA,NA,NA,NA,NA,NA,NA,NA,NA,NA,NA,NA,1.42921471121063,143
"3269","Lower Skeena-Chum","Chum",1991,26526,4394,NA,NA,3620.896349,191993.543,14099.64129,244.7722781,0,NA,NA,NA,NA,NA,NA,NA,NA,NA,NA,NA,NA,NA,NA,NA,NA,NA,NA,NA,NA,NA,NA,NA,NA,1.79788541010974,143
"3270","Lower Skeena-Chum","Chum",1992,30439,7047,NA,NA,4266.523177,150272.4927,9301.346567,106.2129326,0,NA,NA,NA,NA,NA,NA,NA,NA,NA,NA,NA,NA,NA,NA,NA,NA,NA,NA,NA,NA,NA,NA,NA,NA,1.46312268659781,143
"3271","Lower Skeena-Chum","Chum",1993,57846,18257,NA,NA,3339.388728,99132.77263,4036.091439,13.61642934,0,NA,NA,NA,NA,NA,NA,NA,NA,NA,NA,NA,NA,NA,NA,NA,NA,NA,NA,NA,NA,NA,NA,NA,NA,1.15323573877893,143
"3272","Lower Skeena-Chum","Chum",1994,33202,15065,NA,NA,2202.950503,43016.2377,517.4243147,88.1491582,0,NA,NA,NA,NA,NA,NA,NA,NA,NA,NA,NA,NA,NA,NA,NA,NA,NA,NA,NA,NA,NA,NA,NA,NA,0.79023594248962,143
"3273","Lower Skeena-Chum","Chum",1995,8378,14942,NA,NA,955.9163933,5514.653881,3349.668011,92.20499474,0,NA,NA,NA,NA,NA,NA,NA,NA,NA,NA,NA,NA,NA,NA,NA,NA,NA,NA,NA,NA,NA,NA,NA,NA,-0.578566817028766,143
"3274","Lower Skeena-Chum","Chum",1996,14732,16017,NA,NA,122.547864,35700.40907,3503.7898,49.13888585,0,NA,NA,NA,NA,NA,NA,NA,NA,NA,NA,NA,NA,NA,NA,NA,NA,NA,NA,NA,NA,NA,NA,NA,NA,-0.08362865960334,143
"3275","Lower Skeena-Chum","Chum",1997,23801,45041,NA,NA,793.3424238,37343.02287,1867.277662,26.99852184,0,NA,NA,NA,NA,NA,NA,NA,NA,NA,NA,NA,NA,NA,NA,NA,NA,NA,NA,NA,NA,NA,NA,NA,NA,-0.637845589470172,143
"3276","Lower Skeena-Chum","Chum",1998,9963,29239,NA,NA,829.8449526,19901.24877,1025.94383,69.38350934,0,NA,NA,NA,NA,NA,NA,NA,NA,NA,NA,NA,NA,NA,NA,NA,NA,NA,NA,NA,NA,NA,NA,NA,NA,-1.07662520350763,143
"3277","Lower Skeena-Chum","Chum",1999,13801,6168,NA,NA,442.2499727,10934.40135,2636.573355,54.65480676,NA,NA,NA,NA,NA,NA,NA,NA,NA,NA,NA,NA,NA,NA,NA,NA,NA,NA,NA,NA,NA,NA,NA,NA,NA,0.805366417044875,143
"3278","Lower Skeena-Chum","Chum",2000,31547,10271,NA,NA,NA,NA,NA,NA,NA,NA,NA,NA,NA,NA,NA,NA,NA,NA,NA,NA,NA,NA,NA,NA,NA,NA,NA,NA,NA,NA,NA,NA,NA,1.12215410711925,143
"3279","Lower Skeena-Chum","Chum",2004,5096,25371,NA,NA,160.9693602,3621.810604,389.6779887,5.123899627,0,NA,NA,NA,NA,NA,NA,NA,NA,NA,NA,NA,NA,NA,NA,NA,NA,NA,NA,NA,NA,NA,NA,NA,NA,-1.60515087119833,143
"3280","Lower Skeena-Chum","Chum",2005,5130,24758,NA,NA,80.48468008,4153.146985,194.7081858,15.47247342,0,NA,NA,NA,NA,NA,NA,NA,NA,NA,NA,NA,NA,NA,NA,NA,NA,NA,NA,NA,NA,NA,NA,NA,NA,-1.57404300992694,143
"3281","Lower Skeena-Chum","Chum",2007,7999,8102,NA,NA,46.11509665,6266.351735,441.7669581,2.610305765,0,NA,NA,NA,NA,NA,NA,NA,NA,NA,NA,NA,NA,NA,NA,NA,NA,NA,NA,NA,NA,NA,NA,NA,NA,-0.012794410913814,143
"3282","Lower Skeena-Chum","Chum",2008,5574,4051,NA,NA,139.2522608,4708.305738,99.19161908,4.413125601,0,NA,NA,NA,NA,NA,NA,NA,NA,NA,NA,NA,NA,NA,NA,NA,NA,NA,NA,NA,NA,NA,NA,NA,NA,0.319149164839203,143
"3283","Lower Skeena-Chum","Chum",2009,1492,4645,NA,NA,104.6290164,1057.173835,167.6987728,4.668219567,0,NA,NA,NA,NA,NA,NA,NA,NA,NA,NA,NA,NA,NA,NA,NA,NA,NA,NA,NA,NA,NA,NA,NA,NA,-1.13567387048423,143
"3284","Lower Skeena-Chum","Chum",2010,2271,2466,NA,NA,23.49275189,1787.315868,177.3923435,4.999636497,NA,NA,NA,NA,NA,NA,NA,NA,NA,NA,NA,NA,NA,NA,NA,NA,NA,NA,NA,NA,NA,NA,NA,NA,NA,-0.0823771416187311,143
"3285","Lower Skeena-Chum","Chum",2011,2318,6973,NA,NA,NA,NA,NA,NA,NA,NA,NA,NA,NA,NA,NA,NA,NA,NA,NA,NA,NA,NA,NA,NA,NA,NA,NA,NA,NA,NA,NA,NA,NA,-1.10134080332131,143
"3286","Lower Skeena-Chum","Chum",2012,2469,5078,NA,NA,42.0139761,2024.852781,NA,1.605883855,NA,NA,NA,NA,NA,NA,NA,NA,NA,NA,NA,NA,NA,NA,NA,NA,NA,NA,NA,NA,NA,NA,NA,NA,NA,-0.721104272919444,143
"3287","Portland Inlet-Chum","Chum",1954,43272,21170,NA,NA,15584.49767,45442.37021,4279.046941,219.3615273,0,NA,NA,NA,NA,NA,NA,NA,NA,NA,NA,NA,NA,NA,NA,NA,NA,NA,NA,NA,NA,NA,NA,NA,NA,0.714920689422352,144
"3288","Portland Inlet-Chum","Chum",1955,28920,4218,NA,NA,9401.869698,18801.87292,7238.930402,183.9032015,0,NA,NA,NA,NA,NA,NA,NA,NA,NA,NA,NA,NA,NA,NA,NA,NA,NA,NA,NA,NA,NA,NA,NA,NA,1.92517231523398,144
"3289","Portland Inlet-Chum","Chum",1956,29191,17807,NA,NA,3890.042673,31807.42147,6068.80565,400.4615716,0,NA,NA,NA,NA,NA,NA,NA,NA,NA,NA,NA,NA,NA,NA,NA,NA,NA,NA,NA,NA,NA,NA,NA,NA,0.494268804167683,144
"3290","Portland Inlet-Chum","Chum",1957,42784,32417,NA,NA,6580.845821,26665.96422,13215.23186,247.8001444,0,NA,NA,NA,NA,NA,NA,NA,NA,NA,NA,NA,NA,NA,NA,NA,NA,NA,NA,NA,NA,NA,NA,NA,NA,0.277481224365605,144
"3291","Portland Inlet-Chum","Chum",1958,75066,22328,NA,NA,5517.096046,58066.92789,8177.404765,600.8018932,0,NA,NA,NA,NA,NA,NA,NA,NA,NA,NA,NA,NA,NA,NA,NA,NA,NA,NA,NA,NA,NA,NA,NA,NA,1.2125262303293,144
"3292","Portland Inlet-Chum","Chum",1959,66652,15014,NA,NA,12013.84715,35931.02094,19826.46248,196.953824,0,NA,NA,NA,NA,NA,NA,NA,NA,NA,NA,NA,NA,NA,NA,NA,NA,NA,NA,NA,NA,NA,NA,NA,NA,1.49050195452557,144
"3293","Portland Inlet-Chum","Chum",1960,92833,16567,NA,NA,7434.004333,87116.27452,6499.476192,373.7176988,0,NA,NA,NA,NA,NA,NA,NA,NA,NA,NA,NA,NA,NA,NA,NA,NA,NA,NA,NA,NA,NA,NA,NA,NA,1.72338941507211,144
"3294","Portland Inlet-Chum","Chum",1961,52773,21161,NA,NA,18024.0568,28558.30448,12332.68406,387.4568888,0,NA,NA,NA,NA,NA,NA,NA,NA,NA,NA,NA,NA,NA,NA,NA,NA,NA,NA,NA,NA,NA,NA,NA,NA,0.913839831432244,144
"3295","Portland Inlet-Chum","Chum",1962,50840,61409,NA,NA,5908.61472,54189.06632,12786.07733,869.4058289,0,NA,NA,NA,NA,NA,NA,NA,NA,NA,NA,NA,NA,NA,NA,NA,NA,NA,NA,NA,NA,NA,NA,NA,NA,-0.188872957894634,144
"3296","Portland Inlet-Chum","Chum",1963,56790,40165,NA,NA,11211.53096,56181.24888,28690.39235,339.9725294,0,NA,NA,NA,NA,NA,NA,NA,NA,NA,NA,NA,NA,NA,NA,NA,NA,NA,NA,NA,NA,NA,NA,NA,NA,0.346364284263565,144
"3297","Portland Inlet-Chum","Chum",1964,69344,75517,NA,NA,11623.70666,126063.8452,11219.09347,726.1531886,0,NA,NA,NA,NA,NA,NA,NA,NA,NA,NA,NA,NA,NA,NA,NA,NA,NA,NA,NA,NA,NA,NA,NA,NA,-0.0852781711179836,144
"3298","Portland Inlet-Chum","Chum",1965,51687,22310,NA,NA,26082.17487,49296.01676,23963.05522,263.811672,0,NA,NA,NA,NA,NA,NA,NA,NA,NA,NA,NA,NA,NA,NA,NA,NA,NA,NA,NA,NA,NA,NA,NA,NA,0.840171290773938,144
"3299","Portland Inlet-Chum","Chum",1966,50305,33194,NA,NA,10199.17588,105292.2124,8705.785175,1169.139066,0,NA,NA,NA,NA,NA,NA,NA,NA,NA,NA,NA,NA,NA,NA,NA,NA,NA,NA,NA,NA,NA,NA,NA,NA,0.415735339045487,144
"3300","Portland Inlet-Chum","Chum",1967,46762,23134,NA,NA,21784.59566,38252.69244,38581.58919,709.3784041,0,NA,NA,NA,NA,NA,NA,NA,NA,NA,NA,NA,NA,NA,NA,NA,NA,NA,NA,NA,NA,NA,NA,NA,NA,0.703767510415637,144
"3301","Portland Inlet-Chum","Chum",1968,84402,44180,NA,NA,7914.350159,169525.1646,23409.48733,499.3463031,0,NA,NA,NA,NA,NA,NA,NA,NA,NA,NA,NA,NA,NA,NA,NA,NA,NA,NA,NA,NA,NA,NA,NA,NA,0.647318900011643,144
"3302","Portland Inlet-Chum","Chum",1969,73561,26555,NA,NA,35074.17199,102859.8686,16478.428,148.1686522,0,NA,NA,NA,NA,NA,NA,NA,NA,NA,NA,NA,NA,NA,NA,NA,NA,NA,NA,NA,NA,NA,NA,NA,NA,1.01889694011411,144
"3303","Portland Inlet-Chum","Chum",1970,74986,34742,NA,NA,21281.35212,72405.21394,4889.565523,135.6378971,0,NA,NA,NA,NA,NA,NA,NA,NA,NA,NA,NA,NA,NA,NA,NA,NA,NA,NA,NA,NA,NA,NA,NA,NA,0.769352099765522,144
"3304","Portland Inlet-Chum","Chum",1971,37878,21402,NA,NA,14980.38909,21484.45457,4476.050605,729.5643153,0,NA,NA,NA,NA,NA,NA,NA,NA,NA,NA,NA,NA,NA,NA,NA,NA,NA,NA,NA,NA,NA,NA,NA,NA,0.570886093008734,144
"3305","Portland Inlet-Chum","Chum",1972,40067,63021,NA,NA,4445.059567,19667.49508,24075.6224,415.4141854,0,NA,NA,NA,NA,NA,NA,NA,NA,NA,NA,NA,NA,NA,NA,NA,NA,NA,NA,NA,NA,NA,NA,NA,NA,-0.452914951315708,144
"3306","Portland Inlet-Chum","Chum",1973,78467,45246,NA,NA,4069.136914,105786.8257,13708.66812,101.2361777,0,NA,NA,NA,NA,NA,NA,NA,NA,NA,NA,NA,NA,NA,NA,NA,NA,NA,NA,NA,NA,NA,NA,NA,NA,0.550563885788839,144
"3307","Portland Inlet-Chum","Chum",1974,62450,51441,NA,NA,21886.92946,60235.05689,3340.793862,462.8534571,0,NA,NA,NA,NA,NA,NA,NA,NA,NA,NA,NA,NA,NA,NA,NA,NA,NA,NA,NA,NA,NA,NA,NA,NA,0.193930716706763,144
"3308","Portland Inlet-Chum","Chum",1975,28360,20638,NA,NA,12462.42556,14679.24576,15274.16408,90.66890854,0,NA,NA,NA,NA,NA,NA,NA,NA,NA,NA,NA,NA,NA,NA,NA,NA,NA,NA,NA,NA,NA,NA,NA,NA,0.317845664970404,144
"3309","Portland Inlet-Chum","Chum",1976,30609,22623,NA,NA,3037.08533,67113.75128,2992.073982,171.455423,0,NA,NA,NA,NA,NA,NA,NA,NA,NA,NA,NA,NA,NA,NA,NA,NA,NA,NA,NA,NA,NA,NA,NA,NA,0.302326995472658,144
"3310","Portland Inlet-Chum","Chum",1977,17536,40072,NA,NA,13885.60371,13146.99174,5658.02896,271.091764,0,NA,NA,NA,NA,NA,NA,NA,NA,NA,NA,NA,NA,NA,NA,NA,NA,NA,NA,NA,NA,NA,NA,NA,NA,-0.826421925289711,144
"3311","Portland Inlet-Chum","Chum",1978,22257,35712,NA,NA,2720.067256,24861.03634,8946.028212,638.1906726,0,NA,NA,NA,NA,NA,NA,NA,NA,NA,NA,NA,NA,NA,NA,NA,NA,NA,NA,NA,NA,NA,NA,NA,NA,-0.472830200883347,144
"3312","Portland Inlet-Chum","Chum",1979,41506,11150,NA,NA,5143.662691,39308.30578,21060.2922,419.0607127,0,NA,NA,NA,NA,NA,NA,NA,NA,NA,NA,NA,NA,NA,NA,NA,NA,NA,NA,NA,NA,NA,NA,NA,NA,1.31439849719334,144
"3313","Portland Inlet-Chum","Chum",1980,69255,20811,NA,NA,8132.75292,92537.64753,13829.00352,125.8419127,0,NA,NA,NA,NA,NA,NA,NA,NA,NA,NA,NA,NA,NA,NA,NA,NA,NA,NA,NA,NA,NA,NA,NA,NA,1.20231365155579,144
"3314","Portland Inlet-Chum","Chum",1981,53179,7039,NA,NA,19145.72018,60763.80334,4152.783119,185.2188001,0,NA,NA,NA,NA,NA,NA,NA,NA,NA,NA,NA,NA,NA,NA,NA,NA,NA,NA,NA,NA,NA,NA,NA,NA,2.0221974669504,144
"3315","Portland Inlet-Chum","Chum",1982,19962,11783,NA,NA,12571.82138,18247.07734,6112.220404,637.9811541,0,NA,NA,NA,NA,NA,NA,NA,NA,NA,NA,NA,NA,NA,NA,NA,NA,NA,NA,NA,NA,NA,NA,NA,NA,0.527172651533191,144
"3316","Portland Inlet-Chum","Chum",1983,25857,16067,NA,NA,3775.257381,26856.72602,21053.37808,244.6148622,0,NA,NA,NA,NA,NA,NA,NA,NA,NA,NA,NA,NA,NA,NA,NA,NA,NA,NA,NA,NA,NA,NA,NA,NA,0.475813878272174,144
"3317","Portland Inlet-Chum","Chum",1984,49593,32134,NA,NA,5556.564004,92507.26734,8072.290452,65.56246192,0,NA,NA,NA,NA,NA,NA,NA,NA,NA,NA,NA,NA,NA,NA,NA,NA,NA,NA,NA,NA,NA,NA,NA,NA,0.433935035117841,144
"3318","Portland Inlet-Chum","Chum",1985,29750,33707,NA,NA,19139.43462,35469.15502,2163.561243,312.2184496,0,NA,NA,NA,NA,NA,NA,NA,NA,NA,NA,NA,NA,NA,NA,NA,NA,NA,NA,NA,NA,NA,NA,NA,NA,-0.124876398930407,144
"3319","Portland Inlet-Chum","Chum",1986,19993,5891,NA,NA,7338.445866,9506.556978,10303.20884,287.8298017,0,NA,NA,NA,NA,NA,NA,NA,NA,NA,NA,NA,NA,NA,NA,NA,NA,NA,NA,NA,NA,NA,NA,NA,NA,1.22195644975015,144
"3320","Portland Inlet-Chum","Chum",1987,37116,11553,NA,NA,1966.873858,45271.67519,9498.383456,564.5445654,0,NA,NA,NA,NA,NA,NA,NA,NA,NA,NA,NA,NA,NA,NA,NA,NA,NA,NA,NA,NA,NA,NA,NA,NA,1.16710299999005,144
"3321","Portland Inlet-Chum","Chum",1988,37891,42233,NA,NA,9366.553487,41735.32125,18629.97066,413.6992609,0,NA,NA,NA,NA,NA,NA,NA,NA,NA,NA,NA,NA,NA,NA,NA,NA,NA,NA,NA,NA,NA,NA,NA,NA,-0.108488289097856,144
"3322","Portland Inlet-Chum","Chum",1989,70138,12755,NA,NA,8634.894051,81858.96198,13652.07561,444.2676188,0,NA,NA,NA,NA,NA,NA,NA,NA,NA,NA,NA,NA,NA,NA,NA,NA,NA,NA,NA,NA,NA,NA,NA,NA,1.70454137831194,144
"3323","Portland Inlet-Chum","Chum",1990,36588,7108,NA,NA,16936.33696,59986.39283,14660.83142,317.1573965,0,NA,NA,NA,NA,NA,NA,NA,NA,NA,NA,NA,NA,NA,NA,NA,NA,NA,NA,NA,NA,NA,NA,NA,NA,1.63849940750171,144
"3324","Portland Inlet-Chum","Chum",1991,25665,19013,NA,NA,12410.97783,64418.80472,10466.19409,246.7160197,0,NA,NA,NA,NA,NA,NA,NA,NA,NA,NA,NA,NA,NA,NA,NA,NA,NA,NA,NA,NA,NA,NA,NA,NA,0.300005240284818,144
"3325","Portland Inlet-Chum","Chum",1992,20049,11055,NA,NA,13328.02856,45987.8225,8141.628649,614.0254862,0,NA,NA,NA,NA,NA,NA,NA,NA,NA,NA,NA,NA,NA,NA,NA,NA,NA,NA,NA,NA,NA,NA,NA,NA,0.595296462887633,144
"3326","Portland Inlet-Chum","Chum",1993,29446,27208,NA,NA,9514.721897,35773.82285,20262.84104,293.9147208,0,NA,NA,NA,NA,NA,NA,NA,NA,NA,NA,NA,NA,NA,NA,NA,NA,NA,NA,NA,NA,NA,NA,NA,NA,0.0790470297383224,144
"3327","Portland Inlet-Chum","Chum",1994,70441,16680,NA,NA,7401.48059,89033.6955,9699.185786,225.837302,0,NA,NA,NA,NA,NA,NA,NA,NA,NA,NA,NA,NA,NA,NA,NA,NA,NA,NA,NA,NA,NA,NA,NA,NA,1.44056508307591,144
"3328","Portland Inlet-Chum","Chum",1995,43759,13401,NA,NA,18420.76459,42617.63452,7452.630965,141.5528728,0,NA,NA,NA,NA,NA,NA,NA,NA,NA,NA,NA,NA,NA,NA,NA,NA,NA,NA,NA,NA,NA,NA,NA,NA,1.18336797489496,144
"3329","Portland Inlet-Chum","Chum",1996,27217,9681,NA,NA,8817.441624,32746.40879,4671.244803,192.3607513,0,NA,NA,NA,NA,NA,NA,NA,NA,NA,NA,NA,NA,NA,NA,NA,NA,NA,NA,NA,NA,NA,NA,NA,NA,1.03367657633286,144
"3330","Portland Inlet-Chum","Chum",1997,23786,12576,NA,NA,6775.119059,20525.16656,6347.904792,69.78537882,0,NA,NA,NA,NA,NA,NA,NA,NA,NA,NA,NA,NA,NA,NA,NA,NA,NA,NA,NA,NA,NA,NA,NA,NA,0.637306936618203,144
"3331","Portland Inlet-Chum","Chum",1998,20158,63836,NA,NA,4246.586185,27892.30893,2302.917501,359.528645,0,NA,NA,NA,NA,NA,NA,NA,NA,NA,NA,NA,NA,NA,NA,NA,NA,NA,NA,NA,NA,NA,NA,NA,NA,-1.15271606260425,144
"3332","Portland Inlet-Chum","Chum",1999,18690,18074,NA,NA,5770.822538,10118.87993,11864.44528,222.4684497,0,NA,NA,NA,NA,NA,NA,NA,NA,NA,NA,NA,NA,NA,NA,NA,NA,NA,NA,NA,NA,NA,NA,NA,NA,0.0335141799877075,144
"3333","Portland Inlet-Chum","Chum",2000,40768,16633,NA,NA,2093.561365,52131.65352,7341.45884,234.6956462,0,NA,NA,NA,NA,NA,NA,NA,NA,NA,NA,NA,NA,NA,NA,NA,NA,NA,NA,NA,NA,NA,NA,NA,NA,0.8965087861413,144
"3334","Portland Inlet-Chum","Chum",2001,29360,17916,NA,NA,10785.85935,32257.92521,7744.956323,148.4603891,0,NA,NA,NA,NA,NA,NA,NA,NA,NA,NA,NA,NA,NA,NA,NA,NA,NA,NA,NA,NA,NA,NA,NA,NA,0.493939035401261,144
"3335","Portland Inlet-Chum","Chum",2002,26337,15708,NA,NA,6674.053491,34030.86869,4899.19284,150.2697069,0,NA,NA,NA,NA,NA,NA,NA,NA,NA,NA,NA,NA,NA,NA,NA,NA,NA,NA,NA,NA,NA,NA,NA,NA,0.516804657896418,144
"3336","Portland Inlet-Chum","Chum",2003,23590,8038,NA,NA,7040.869385,21526.75642,4958.900327,148.4846022,0,NA,NA,NA,NA,NA,NA,NA,NA,NA,NA,NA,NA,NA,NA,NA,NA,NA,NA,NA,NA,NA,NA,NA,NA,1.07664259739257,144
"3337","Portland Inlet-Chum","Chum",2004,23061,38560,NA,NA,4453.811673,21789.1075,4899.991873,70.48087864,0,NA,NA,NA,NA,NA,NA,NA,NA,NA,NA,NA,NA,NA,NA,NA,NA,NA,NA,NA,NA,NA,NA,NA,NA,-0.51407259070724,144
"3338","Portland Inlet-Chum","Chum",2005,17113,20263,NA,NA,4508.091206,21530.26732,2325.868995,46.57568744,0,NA,NA,NA,NA,NA,NA,NA,NA,NA,NA,NA,NA,NA,NA,NA,NA,NA,NA,NA,NA,NA,NA,NA,NA,-0.168958154287877,144
"3339","Portland Inlet-Chum","Chum",2006,11187,22443,NA,NA,4454.538067,10219.7274,1536.997686,145.1348428,0,NA,NA,NA,NA,NA,NA,NA,NA,NA,NA,NA,NA,NA,NA,NA,NA,NA,NA,NA,NA,NA,NA,NA,NA,-0.696226371693584,144
"3340","Portland Inlet-Chum","Chum",2007,12077,17976,NA,NA,2114.426359,6753.47468,4789.449811,145.9899366,0,NA,NA,NA,NA,NA,NA,NA,NA,NA,NA,NA,NA,NA,NA,NA,NA,NA,NA,NA,NA,NA,NA,NA,NA,-0.39773471758979,144
"3341","Portland Inlet-Chum","Chum",2008,15445,20751,NA,NA,1397.270623,21044.5522,4817.667907,115.0549611,0,NA,NA,NA,NA,NA,NA,NA,NA,NA,NA,NA,NA,NA,NA,NA,NA,NA,NA,NA,NA,NA,NA,NA,NA,-0.295309111916012,144
"3342","Portland Inlet-Chum","Chum",2009,14447,13983,NA,NA,4354.045283,21168.5408,3796.813717,1433.244059,0,NA,NA,NA,NA,NA,NA,NA,NA,NA,NA,NA,NA,NA,NA,NA,NA,NA,NA,NA,NA,NA,NA,NA,NA,0.0326444744885308,144
"3343","Portland Inlet-Chum","Chum",2010,29198,8290,NA,NA,4379.698097,16682.96936,47297.05396,117.1477131,NA,NA,NA,NA,NA,NA,NA,NA,NA,NA,NA,NA,NA,NA,NA,NA,NA,NA,NA,NA,NA,NA,NA,NA,NA,1.25905024463058,144
"3344","Portland Inlet-Chum","Chum",2011,73873,9801,NA,NA,NA,NA,NA,NA,NA,NA,NA,NA,NA,NA,NA,NA,NA,NA,NA,NA,NA,NA,NA,NA,NA,NA,NA,NA,NA,NA,NA,NA,NA,2.01986298131471,144
"3345","Portland Canal-Observatory-Chum","Chum",1954,150896,15177,NA,NA,27043.47006,125236.2581,54485.89994,755.0365909,0,NA,NA,NA,NA,NA,NA,NA,NA,NA,NA,NA,NA,NA,NA,NA,NA,NA,NA,NA,NA,NA,NA,NA,NA,2.29680973382362,145
"3346","Portland Canal-Observatory-Chum","Chum",1955,265643,7630,NA,NA,25910.94996,239407.7422,24916.2075,802.8714484,0,NA,NA,NA,NA,NA,NA,NA,NA,NA,NA,NA,NA,NA,NA,NA,NA,NA,NA,NA,NA,NA,NA,NA,NA,3.55006545679227,145
"3347","Portland Canal-Observatory-Chum","Chum",1956,139420,37119,NA,NA,49532.63631,109480.3057,26494.7578,42.62806023,0,NA,NA,NA,NA,NA,NA,NA,NA,NA,NA,NA,NA,NA,NA,NA,NA,NA,NA,NA,NA,NA,NA,NA,NA,1.3233619921583,145
"3348","Portland Canal-Observatory-Chum","Chum",1957,122917,56252,NA,NA,22651.09773,116416.36,1406.725988,318.5642376,0,NA,NA,NA,NA,NA,NA,NA,NA,NA,NA,NA,NA,NA,NA,NA,NA,NA,NA,NA,NA,NA,NA,NA,NA,0.781667734838648,145
"3349","Portland Canal-Observatory-Chum","Chum",1958,39579,61534,NA,NA,24086.14345,6181.068733,10512.61984,404.7885644,0,NA,NA,NA,NA,NA,NA,NA,NA,NA,NA,NA,NA,NA,NA,NA,NA,NA,NA,NA,NA,NA,NA,NA,NA,-0.441291193008389,145
"3350","Portland Canal-Observatory-Chum","Chum",1959,59704,191176,NA,NA,1278.841807,46191.81445,13358.02263,192.2396142,0,NA,NA,NA,NA,NA,NA,NA,NA,NA,NA,NA,NA,NA,NA,NA,NA,NA,NA,NA,NA,NA,NA,NA,NA,-1.16379544989699,145
"3351","Portland Canal-Observatory-Chum","Chum",1960,68949,57023,NA,NA,9556.927127,58694.34184,6343.90727,167.1610389,0,NA,NA,NA,NA,NA,NA,NA,NA,NA,NA,NA,NA,NA,NA,NA,NA,NA,NA,NA,NA,NA,NA,NA,NA,0.189912405652195,145
"3352","Portland Canal-Observatory-Chum","Chum",1961,42112,92384,NA,NA,12143.65693,27874.74407,5516.314283,229.7309888,0,NA,NA,NA,NA,NA,NA,NA,NA,NA,NA,NA,NA,NA,NA,NA,NA,NA,NA,NA,NA,NA,NA,NA,NA,-0.785621067777673,145
"3353","Portland Canal-Observatory-Chum","Chum",1962,27053,6537,NA,NA,5767.188428,24238.35064,7581.122632,479.143578,0,NA,NA,NA,NA,NA,NA,NA,NA,NA,NA,NA,NA,NA,NA,NA,NA,NA,NA,NA,NA,NA,NA,NA,NA,1.42031956024244,145
"3354","Portland Canal-Observatory-Chum","Chum",1963,32013,51635,NA,NA,5014.831166,33310.99338,15811.73807,126.7225711,0,NA,NA,NA,NA,NA,NA,NA,NA,NA,NA,NA,NA,NA,NA,NA,NA,NA,NA,NA,NA,NA,NA,NA,NA,-0.47805766682083,145
"3355","Portland Canal-Observatory-Chum","Chum",1964,37214,50879,NA,NA,6891.929665,69475.8188,4181.844848,299.9839796,0,NA,NA,NA,NA,NA,NA,NA,NA,NA,NA,NA,NA,NA,NA,NA,NA,NA,NA,NA,NA,NA,NA,NA,NA,-0.312765230185223,145
"3356","Portland Canal-Observatory-Chum","Chum",1965,21686,21776,NA,NA,14374.30734,18374.77282,9899.471326,209.4533775,0,NA,NA,NA,NA,NA,NA,NA,NA,NA,NA,NA,NA,NA,NA,NA,NA,NA,NA,NA,NA,NA,NA,NA,NA,-0.00414155485912002,145
"3357","Portland Canal-Observatory-Chum","Chum",1966,22659,14847,NA,NA,3801.677134,43497.67704,6911.961456,872.2388897,0,NA,NA,NA,NA,NA,NA,NA,NA,NA,NA,NA,NA,NA,NA,NA,NA,NA,NA,NA,NA,NA,NA,NA,NA,0.422759299361562,145
"3358","Portland Canal-Observatory-Chum","Chum",1967,33474,13717,NA,NA,8999.519388,30370.73973,28783.88336,789.7998296,0,NA,NA,NA,NA,NA,NA,NA,NA,NA,NA,NA,NA,NA,NA,NA,NA,NA,NA,NA,NA,NA,NA,NA,NA,0.892133078595176,145
"3359","Portland Canal-Observatory-Chum","Chum",1968,67786,24348,NA,NA,6283.601324,126474.639,26063.39438,1329.165423,0,NA,NA,NA,NA,NA,NA,NA,NA,NA,NA,NA,NA,NA,NA,NA,NA,NA,NA,NA,NA,NA,NA,NA,NA,1.02390597331723,145
"3360","Portland Canal-Observatory-Chum","Chum",1969,98158,9898,NA,NA,26167.16669,114520.9753,43862.45897,198.9195679,0,NA,NA,NA,NA,NA,NA,NA,NA,NA,NA,NA,NA,NA,NA,NA,NA,NA,NA,NA,NA,NA,NA,NA,NA,2.29424570876726,145
"3361","Portland Canal-Observatory-Chum","Chum",1970,179141,14353,NA,NA,23693.99489,192728.9864,6564.345742,421.7935405,0,NA,NA,NA,NA,NA,NA,NA,NA,NA,NA,NA,NA,NA,NA,NA,NA,NA,NA,NA,NA,NA,NA,NA,NA,2.52421422566842,145
"3362","Portland Canal-Observatory-Chum","Chum",1971,75972,16992,NA,NA,39874.9627,28843.33735,13919.18684,954.7883979,0,NA,NA,NA,NA,NA,NA,NA,NA,NA,NA,NA,NA,NA,NA,NA,NA,NA,NA,NA,NA,NA,NA,NA,NA,1.49762220629046,145
"3363","Portland Canal-Observatory-Chum","Chum",1972,90786,47017,NA,NA,5967.587038,61160.06337,31508.01713,678.8536368,0,NA,NA,NA,NA,NA,NA,NA,NA,NA,NA,NA,NA,NA,NA,NA,NA,NA,NA,NA,NA,NA,NA,NA,NA,0.657995850258216,145
"3364","Portland Canal-Observatory-Chum","Chum",1973,114287,50375,NA,NA,12653.80622,138444.3177,22402.17002,462.4913132,0,NA,NA,NA,NA,NA,NA,NA,NA,NA,NA,NA,NA,NA,NA,NA,NA,NA,NA,NA,NA,NA,NA,NA,NA,0.819217808282486,145
"3365","Portland Canal-Observatory-Chum","Chum",1974,106532,136927,NA,NA,28643.65194,98433.77734,15262.21334,1195.846847,0,NA,NA,NA,NA,NA,NA,NA,NA,NA,NA,NA,NA,NA,NA,NA,NA,NA,NA,NA,NA,NA,NA,NA,NA,-0.251002527598403,145
"3366","Portland Canal-Observatory-Chum","Chum",1975,89686,27706,NA,NA,20365.60911,67061.24042,39462.94595,202.5095037,0,NA,NA,NA,NA,NA,NA,NA,NA,NA,NA,NA,NA,NA,NA,NA,NA,NA,NA,NA,NA,NA,NA,NA,NA,1.17466568483972,145
"3367","Portland Canal-Observatory-Chum","Chum",1976,83564,70351,NA,NA,13874.7394,173397.7928,6682.813623,270.979686,0,NA,NA,NA,NA,NA,NA,NA,NA,NA,NA,NA,NA,NA,NA,NA,NA,NA,NA,NA,NA,NA,NA,NA,NA,0.172115807236352,145
"3368","Portland Canal-Observatory-Chum","Chum",1977,39063,52443,NA,NA,35875.40541,29363.87804,8942.329637,805.7274587,0,NA,NA,NA,NA,NA,NA,NA,NA,NA,NA,NA,NA,NA,NA,NA,NA,NA,NA,NA,NA,NA,NA,NA,NA,-0.294551138082456,145
"3369","Portland Canal-Observatory-Chum","Chum",1978,44606,58359,NA,NA,6075.285112,39292.05446,26589.00614,1114.664647,0,NA,NA,NA,NA,NA,NA,NA,NA,NA,NA,NA,NA,NA,NA,NA,NA,NA,NA,NA,NA,NA,NA,NA,NA,-0.268745209358024,145
"3370","Portland Canal-Observatory-Chum","Chum",1979,103502,50937,NA,NA,8129.390579,116830.4815,36783.93336,483.7760322,0,NA,NA,NA,NA,NA,NA,NA,NA,NA,NA,NA,NA,NA,NA,NA,NA,NA,NA,NA,NA,NA,NA,NA,NA,0.709001361188237,145
"3371","Portland Canal-Observatory-Chum","Chum",1980,122438,53767,NA,NA,24171.82376,161626.3738,15964.60906,902.5853651,0,NA,NA,NA,NA,NA,NA,NA,NA,NA,NA,NA,NA,NA,NA,NA,NA,NA,NA,NA,NA,NA,NA,NA,NA,0.822944883340745,145
"3372","Portland Canal-Observatory-Chum","Chum",1981,79433,15721,NA,NA,33439.93942,70147.52467,29785.31705,570.3217639,0,NA,NA,NA,NA,NA,NA,NA,NA,NA,NA,NA,NA,NA,NA,NA,NA,NA,NA,NA,NA,NA,NA,NA,NA,1.6199165008273,145
"3373","Portland Canal-Observatory-Chum","Chum",1982,78171,18622,NA,NA,14513.28097,130874.8779,18820.61821,431.4908289,0,NA,NA,NA,NA,NA,NA,NA,NA,NA,NA,NA,NA,NA,NA,NA,NA,NA,NA,NA,NA,NA,NA,NA,NA,1.43455505731552,145
"3374","Portland Canal-Observatory-Chum","Chum",1983,63394,47754,NA,NA,27077.56095,82696.65577,14239.19736,767.6704165,0,NA,NA,NA,NA,NA,NA,NA,NA,NA,NA,NA,NA,NA,NA,NA,NA,NA,NA,NA,NA,NA,NA,NA,NA,0.283306386689054,145
"3375","Portland Canal-Observatory-Chum","Chum",1984,51533,56126,NA,NA,17109.65292,62566.1702,25333.12374,378.2998437,0,NA,NA,NA,NA,NA,NA,NA,NA,NA,NA,NA,NA,NA,NA,NA,NA,NA,NA,NA,NA,NA,NA,NA,NA,-0.0853767841166402,145
"3376","Portland Canal-Observatory-Chum","Chum",1985,76827,38912,NA,NA,12944.72487,111312.2104,12483.89484,438.6244973,0,NA,NA,NA,NA,NA,NA,NA,NA,NA,NA,NA,NA,NA,NA,NA,NA,NA,NA,NA,NA,NA,NA,NA,NA,0.680253454526309,145
"3377","Portland Canal-Observatory-Chum","Chum",1986,74059,42254,NA,NA,23030.1125,54853.47733,14474.60841,730.6352692,0,NA,NA,NA,NA,NA,NA,NA,NA,NA,NA,NA,NA,NA,NA,NA,NA,NA,NA,NA,NA,NA,NA,NA,NA,0.561163048950776,145
"3378","Portland Canal-Observatory-Chum","Chum",1987,65629,35574,NA,NA,11348.99531,63600.55212,24110.96388,2039.292584,0,NA,NA,NA,NA,NA,NA,NA,NA,NA,NA,NA,NA,NA,NA,NA,NA,NA,NA,NA,NA,NA,NA,NA,NA,0.612402637481934,145
"3379","Portland Canal-Observatory-Chum","Chum",1988,104345,28564,NA,NA,13158.73492,105942.114,67296.65526,1830.755003,0,NA,NA,NA,NA,NA,NA,NA,NA,NA,NA,NA,NA,NA,NA,NA,NA,NA,NA,NA,NA,NA,NA,NA,NA,1.29555553301993,145
"3380","Portland Canal-Observatory-Chum","Chum",1989,253126,40028,NA,NA,21919.05808,295697.4246,60414.91508,1626.157808,0,NA,NA,NA,NA,NA,NA,NA,NA,NA,NA,NA,NA,NA,NA,NA,NA,NA,NA,NA,NA,NA,NA,NA,NA,1.84430817924207,145
"3381","Portland Canal-Observatory-Chum","Chum",1990,148081,41016,NA,NA,61178.77751,265459.4754,53663.20767,835.4045141,0,NA,NA,NA,NA,NA,NA,NA,NA,NA,NA,NA,NA,NA,NA,NA,NA,NA,NA,NA,NA,NA,NA,NA,NA,1.28379718686747,145
"3382","Portland Canal-Observatory-Chum","Chum",1991,93838,26710,NA,NA,54922.65008,235792.8822,27568.34896,440.5200399,0,NA,NA,NA,NA,NA,NA,NA,NA,NA,NA,NA,NA,NA,NA,NA,NA,NA,NA,NA,NA,NA,NA,NA,NA,1.25653186412325,145
"3383","Portland Canal-Observatory-Chum","Chum",1992,54241,28063,NA,NA,48784.73425,121133.6545,14537.16132,1479.926494,0,NA,NA,NA,NA,NA,NA,NA,NA,NA,NA,NA,NA,NA,NA,NA,NA,NA,NA,NA,NA,NA,NA,NA,NA,0.658985097324676,145
"3384","Portland Canal-Observatory-Chum","Chum",1993,63631,98281,NA,NA,25062.13542,63875.40578,48837.57429,572.0792385,0,NA,NA,NA,NA,NA,NA,NA,NA,NA,NA,NA,NA,NA,NA,NA,NA,NA,NA,NA,NA,NA,NA,NA,NA,-0.43472994963288,145
"3385","Portland Canal-Observatory-Chum","Chum",1994,165158,73816,NA,NA,13215.6012,214589.3416,18878.61487,250.6515406,0,NA,NA,NA,NA,NA,NA,NA,NA,NA,NA,NA,NA,NA,NA,NA,NA,NA,NA,NA,NA,NA,NA,NA,NA,0.805327081198709,145
"3386","Portland Canal-Observatory-Chum","Chum",1995,87674,49051,NA,NA,44397.79481,82951.48958,8271.500839,238.7950156,0,NA,NA,NA,NA,NA,NA,NA,NA,NA,NA,NA,NA,NA,NA,NA,NA,NA,NA,NA,NA,NA,NA,NA,NA,0.580764817037897,145
"3387","Portland Canal-Observatory-Chum","Chum",1996,37031,25500,NA,NA,17162.37715,36344.47338,7880.235514,179.7007055,0,NA,NA,NA,NA,NA,NA,NA,NA,NA,NA,NA,NA,NA,NA,NA,NA,NA,NA,NA,NA,NA,NA,NA,NA,0.373076947527484,145
"3388","Portland Canal-Observatory-Chum","Chum",1997,35808,22454,NA,NA,7519.546218,34625.27726,5930.12328,557.3924519,0,NA,NA,NA,NA,NA,NA,NA,NA,NA,NA,NA,NA,NA,NA,NA,NA,NA,NA,NA,NA,NA,NA,NA,NA,0.466702560092927,145
"3389","Portland Canal-Observatory-Chum","Chum",1998,33617,153858,NA,NA,7163.850467,26056.60229,18393.95091,456.9869386,0,NA,NA,NA,NA,NA,NA,NA,NA,NA,NA,NA,NA,NA,NA,NA,NA,NA,NA,NA,NA,NA,NA,NA,NA,-1.52099820771684,145
"3390","Portland Canal-Observatory-Chum","Chum",1999,73390,35179,NA,NA,5391.021164,80821.90553,15080.56897,327.903995,0,NA,NA,NA,NA,NA,NA,NA,NA,NA,NA,NA,NA,NA,NA,NA,NA,NA,NA,NA,NA,NA,NA,NA,NA,0.735338372893179,145
"3391","Portland Canal-Observatory-Chum","Chum",2000,63244,18461,NA,NA,16721.77356,66263.10609,10820.83183,534.4332082,0,NA,NA,NA,NA,NA,NA,NA,NA,NA,NA,NA,NA,NA,NA,NA,NA,NA,NA,NA,NA,NA,NA,NA,NA,1.23133986265947,145
"3392","Portland Canal-Observatory-Chum","Chum",2001,45181,30223,NA,NA,13709.60816,47546.07928,17636.29587,90.39987734,0,NA,NA,NA,NA,NA,NA,NA,NA,NA,NA,NA,NA,NA,NA,NA,NA,NA,NA,NA,NA,NA,NA,NA,NA,0.402073420559635,145
"3393","Portland Canal-Observatory-Chum","Chum",2002,50824,14674,NA,NA,9837.11985,77492.81519,2983.195952,22.00117664,0,NA,NA,NA,NA,NA,NA,NA,NA,NA,NA,NA,NA,NA,NA,NA,NA,NA,NA,NA,NA,NA,NA,NA,NA,1.24229146367243,145
"3394","Portland Canal-Observatory-Chum","Chum",2003,19193,64199,NA,NA,16032.99625,13107.98221,726.038829,213.1413236,0,NA,NA,NA,NA,NA,NA,NA,NA,NA,NA,NA,NA,NA,NA,NA,NA,NA,NA,NA,NA,NA,NA,NA,NA,-1.20744200502687,145
"3395","Portland Canal-Observatory-Chum","Chum",2004,8434,49012,NA,NA,2711.99632,3190.170612,7033.663679,71.75543306,0,NA,NA,NA,NA,NA,NA,NA,NA,NA,NA,NA,NA,NA,NA,NA,NA,NA,NA,NA,NA,NA,NA,NA,NA,-1.75979401076283,145
"3396","Portland Canal-Observatory-Chum","Chum",2005,19318,29866,NA,NA,660.0352991,30905.49192,2367.929291,29.57641668,0,NA,NA,NA,NA,NA,NA,NA,NA,NA,NA,NA,NA,NA,NA,NA,NA,NA,NA,NA,NA,NA,NA,NA,NA,-0.435683405877973,145
"3397","Portland Canal-Observatory-Chum","Chum",2006,11683,51107,NA,NA,6394.239708,10404.53779,976.0217505,161.8137765,0,NA,NA,NA,NA,NA,NA,NA,NA,NA,NA,NA,NA,NA,NA,NA,NA,NA,NA,NA,NA,NA,NA,NA,NA,-1.47578668039425,145
"3398","Portland Canal-Observatory-Chum","Chum",2007,9465,10946,NA,NA,2152.662992,4288.580419,5339.854623,198.2151678,0,NA,NA,NA,NA,NA,NA,NA,NA,NA,NA,NA,NA,NA,NA,NA,NA,NA,NA,NA,NA,NA,NA,NA,NA,-0.14537330806044,145
"3399","Portland Canal-Observatory-Chum","Chum",2008,16843,3038,NA,NA,887.2925005,23462.99759,6541.100538,175.6904336,0,NA,NA,NA,NA,NA,NA,NA,NA,NA,NA,NA,NA,NA,NA,NA,NA,NA,NA,NA,NA,NA,NA,NA,NA,1.71273573604267,145
"3400","Portland Canal-Observatory-Chum","Chum",2009,18915,20071,NA,NA,4854.413294,28741.19934,5797.78431,720.0077339,0,NA,NA,NA,NA,NA,NA,NA,NA,NA,NA,NA,NA,NA,NA,NA,NA,NA,NA,NA,NA,NA,NA,NA,NA,-0.0593207290923635,145
"3401","Portland Canal-Observatory-Chum","Chum",2010,27656,8383,NA,NA,5946.455035,25475.11288,23760.25522,435.6296517,0,NA,NA,NA,NA,NA,NA,NA,NA,NA,NA,NA,NA,NA,NA,NA,NA,NA,NA,NA,NA,NA,NA,NA,NA,1.1936368569636,145
"3402","Portland Canal-Observatory-Chum","Chum",2011,42114,6181,NA,NA,5270.713009,104401.1214,14375.77851,411.8759034,0,NA,NA,NA,NA,NA,NA,NA,NA,NA,NA,NA,NA,NA,NA,NA,NA,NA,NA,NA,NA,NA,NA,NA,NA,1.9189001562992,145
"3403","Portland Canal-Observatory-Chum","Chum",2012,25277,15592,NA,NA,21600.23202,63166.29949,13591.90481,373.8236782,0,NA,NA,NA,NA,NA,NA,NA,NA,NA,NA,NA,NA,NA,NA,NA,NA,NA,NA,NA,NA,NA,NA,NA,NA,0.483136929145374,145
"3404","Smith Inlet-Chum","Chum",1954,80255,48216,NA,NA,25485.6325,52713.17161,2055.781291,0,0,NA,NA,NA,NA,NA,NA,NA,NA,NA,NA,NA,NA,NA,NA,NA,NA,NA,NA,NA,NA,NA,NA,NA,NA,0.509518149184438,146
"3405","Smith Inlet-Chum","Chum",1955,73138,10366,NA,NA,50443.22642,19754.40413,2940.15224,0,0,NA,NA,NA,NA,NA,NA,NA,NA,NA,NA,NA,NA,NA,NA,NA,NA,NA,NA,NA,NA,NA,NA,NA,NA,1.95381684776169,146
"3406","Smith Inlet-Chum","Chum",1956,49051,28929,NA,NA,18903.73601,28252.49739,1894.943792,0,0,NA,NA,NA,NA,NA,NA,NA,NA,NA,NA,NA,NA,NA,NA,NA,NA,NA,NA,NA,NA,NA,NA,NA,NA,0.528016020967032,146
"3407","Smith Inlet-Chum","Chum",1957,48953,30135,NA,NA,27035.88267,18208.88517,3708.011998,0,0,NA,NA,NA,NA,NA,NA,NA,NA,NA,NA,NA,NA,NA,NA,NA,NA,NA,NA,NA,NA,NA,NA,NA,NA,0.485173367191118,146
"3408","Smith Inlet-Chum","Chum",1958,58251,91610,NA,NA,17424.7705,35631.01184,5195.353625,0,0,NA,NA,NA,NA,NA,NA,NA,NA,NA,NA,NA,NA,NA,NA,NA,NA,NA,NA,NA,NA,NA,NA,NA,NA,-0.452779176346691,146
"3409","Smith Inlet-Chum","Chum",1959,89870,28327,NA,NA,34096.66205,49923.16816,5850.523477,0,0,NA,NA,NA,NA,NA,NA,NA,NA,NA,NA,NA,NA,NA,NA,NA,NA,NA,NA,NA,NA,NA,NA,NA,NA,1.15454876824626,146
"3410","Smith Inlet-Chum","Chum",1960,104802,36793,NA,NA,47773.36666,56218.8233,810.0791768,0,0,NA,NA,NA,NA,NA,NA,NA,NA,NA,NA,NA,NA,NA,NA,NA,NA,NA,NA,NA,NA,NA,NA,NA,NA,1.04676524598435,146
"3411","Smith Inlet-Chum","Chum",1961,61727,22812,NA,NA,53797.91703,7784.209101,145.3514201,0,0,NA,NA,NA,NA,NA,NA,NA,NA,NA,NA,NA,NA,NA,NA,NA,NA,NA,NA,NA,NA,NA,NA,NA,NA,0.995434723194122,146
"3412","Smith Inlet-Chum","Chum",1962,12377,48567,NA,NA,7449.003925,1396.710197,3531.477062,0,0,NA,NA,NA,NA,NA,NA,NA,NA,NA,NA,NA,NA,NA,NA,NA,NA,NA,NA,NA,NA,NA,NA,NA,NA,-1.36710437636959,146
"3413","Smith Inlet-Chum","Chum",1963,42101,68436,NA,NA,1336.564782,33934.65315,6829.418479,0,0,NA,NA,NA,NA,NA,NA,NA,NA,NA,NA,NA,NA,NA,NA,NA,NA,NA,NA,NA,NA,NA,NA,NA,NA,-0.485827508587043,146
"3414","Smith Inlet-Chum","Chum",1964,100208,67405,NA,NA,32473.3523,65625.21665,2109.860786,0,0,NA,NA,NA,NA,NA,NA,NA,NA,NA,NA,NA,NA,NA,NA,NA,NA,NA,NA,NA,NA,NA,NA,NA,NA,0.39652882664003,146
"3415","Smith Inlet-Chum","Chum",1965,90593,4710,NA,NA,62799.25038,20274.06457,7519.487174,0,0,NA,NA,NA,NA,NA,NA,NA,NA,NA,NA,NA,NA,NA,NA,NA,NA,NA,NA,NA,NA,NA,NA,NA,NA,2.95668903934253,146
"3416","Smith Inlet-Chum","Chum",1966,93598,1472,NA,NA,19401.01872,72256.22158,1940.917707,0,0,NA,NA,NA,NA,NA,NA,NA,NA,NA,NA,NA,NA,NA,NA,NA,NA,NA,NA,NA,NA,NA,NA,NA,NA,4.15238699542721,146
"3417","Smith Inlet-Chum","Chum",1967,95139,45403,NA,NA,69144.70965,18650.6575,7343.800721,0,0,NA,NA,NA,NA,NA,NA,NA,NA,NA,NA,NA,NA,NA,NA,NA,NA,NA,NA,NA,NA,NA,NA,NA,NA,0.739760797963429,146
"3418","Smith Inlet-Chum","Chum",1968,100695,54675,NA,NA,17847.51914,70568.01612,12279.47515,0,0,NA,NA,NA,NA,NA,NA,NA,NA,NA,NA,NA,NA,NA,NA,NA,NA,NA,NA,NA,NA,NA,NA,NA,NA,0.610689579495993,146
"3419","Smith Inlet-Chum","Chum",1969,189818,7800,NA,NA,67529.20203,117995.8762,4292.56047,0,0,NA,NA,NA,NA,NA,NA,NA,NA,NA,NA,NA,NA,NA,NA,NA,NA,NA,NA,NA,NA,NA,NA,NA,NA,3.19194198465375,146
"3420","Smith Inlet-Chum","Chum",1970,155749,54233,NA,NA,112914.714,41248.05233,1585.927773,0,0,NA,NA,NA,NA,NA,NA,NA,NA,NA,NA,NA,NA,NA,NA,NA,NA,NA,NA,NA,NA,NA,NA,NA,NA,1.05495615784471,146
"3421","Smith Inlet-Chum","Chum",1971,56853,25775,NA,NA,39471.82041,15239.48986,2141.252754,0,0,NA,NA,NA,NA,NA,NA,NA,NA,NA,NA,NA,NA,NA,NA,NA,NA,NA,NA,NA,NA,NA,NA,NA,NA,0.791063959349759,146
"3422","Smith Inlet-Chum","Chum",1972,44052,101978,NA,NA,14583.24389,20575.71611,8893.111185,0,0,NA,NA,NA,NA,NA,NA,NA,NA,NA,NA,NA,NA,NA,NA,NA,NA,NA,NA,NA,NA,NA,NA,NA,NA,-0.839386349443434,146
"3423","Smith Inlet-Chum","Chum",1973,111454,150165,NA,NA,19689.68049,85455.64311,6308.620209,0,0,NA,NA,NA,NA,NA,NA,NA,NA,NA,NA,NA,NA,NA,NA,NA,NA,NA,NA,NA,NA,NA,NA,NA,NA,-0.298122739817857,146
"3424","Smith Inlet-Chum","Chum",1974,143791,61635,NA,NA,81775.73503,60620.76431,1394.994159,0,0,NA,NA,NA,NA,NA,NA,NA,NA,NA,NA,NA,NA,NA,NA,NA,NA,NA,NA,NA,NA,NA,NA,NA,NA,0.847130965398534,146
"3425","Smith Inlet-Chum","Chum",1975,78260,23533,NA,NA,58010.30077,13404.77146,6844.938403,0,0,NA,NA,NA,NA,NA,NA,NA,NA,NA,NA,NA,NA,NA,NA,NA,NA,NA,NA,NA,NA,NA,NA,NA,NA,1.20163292535744,146
"3426","Smith Inlet-Chum","Chum",1976,85592,25775,NA,NA,12827.53249,65774.35063,6990.382486,0,0,NA,NA,NA,NA,NA,NA,NA,NA,NA,NA,NA,NA,NA,NA,NA,NA,NA,NA,NA,NA,NA,NA,NA,NA,1.20018679093328,146
"3427","Smith Inlet-Chum","Chum",1977,138746,103099,NA,NA,62941.96233,67171.95124,8632.286236,0,0,NA,NA,NA,NA,NA,NA,NA,NA,NA,NA,NA,NA,NA,NA,NA,NA,NA,NA,NA,NA,NA,NA,NA,NA,0.296955231727328,146
"3428","Smith Inlet-Chum","Chum",1978,151441,75249,NA,NA,64279.37918,82949.32521,4212.377277,0,0,NA,NA,NA,NA,NA,NA,NA,NA,NA,NA,NA,NA,NA,NA,NA,NA,NA,NA,NA,NA,NA,NA,NA,NA,0.69939349565035,146
"3429","Smith Inlet-Chum","Chum",1979,121982,17419,NA,NA,79377.3447,40477.55636,2127.510658,0,0,NA,NA,NA,NA,NA,NA,NA,NA,NA,NA,NA,NA,NA,NA,NA,NA,NA,NA,NA,NA,NA,NA,NA,NA,1.94631192836908,146
"3430","Smith Inlet-Chum","Chum",1980,63001,113992,NA,NA,38734.50369,20443.66563,3823.177105,0,0,NA,NA,NA,NA,NA,NA,NA,NA,NA,NA,NA,NA,NA,NA,NA,NA,NA,NA,NA,NA,NA,NA,NA,NA,-0.592977671212057,146
"3431","Smith Inlet-Chum","Chum",1981,66041,118201,NA,NA,19563.3164,36737.65585,9740.255594,0,0,NA,NA,NA,NA,NA,NA,NA,NA,NA,NA,NA,NA,NA,NA,NA,NA,NA,NA,NA,NA,NA,NA,NA,NA,-0.582110803897837,146
"3432","Smith Inlet-Chum","Chum",1982,133893,154327,NA,NA,35155.65154,93596.01927,5141.3761,0,0,NA,NA,NA,NA,NA,NA,NA,NA,NA,NA,NA,NA,NA,NA,NA,NA,NA,NA,NA,NA,NA,NA,NA,NA,-0.142032754347707,146
"3433","Smith Inlet-Chum","Chum",1983,144927,77690,NA,NA,89565.56868,49404.48758,5956.976171,0,0,NA,NA,NA,NA,NA,NA,NA,NA,NA,NA,NA,NA,NA,NA,NA,NA,NA,NA,NA,NA,NA,NA,NA,NA,0.623503618409749,146
"3434","Smith Inlet-Chum","Chum",1984,107230,33671,NA,NA,47277.0216,57241.74803,2710.886579,0,0,NA,NA,NA,NA,NA,NA,NA,NA,NA,NA,NA,NA,NA,NA,NA,NA,NA,NA,NA,NA,NA,NA,NA,NA,1.15833912747041,146
"3435","Smith Inlet-Chum","Chum",1985,86483,54014,NA,NA,54776.79237,26049.43885,5656.95708,0,0,NA,NA,NA,NA,NA,NA,NA,NA,NA,NA,NA,NA,NA,NA,NA,NA,NA,NA,NA,NA,NA,NA,NA,NA,0.470704590609363,146
"3436","Smith Inlet-Chum","Chum",1986,82904,136412,NA,NA,24927.69268,54358.80597,3617.725196,0,0,NA,NA,NA,NA,NA,NA,NA,NA,NA,NA,NA,NA,NA,NA,NA,NA,NA,NA,NA,NA,NA,NA,NA,NA,-0.497996406197326,146
"3437","Smith Inlet-Chum","Chum",1987,89205,80482,NA,NA,52017.99614,34763.42832,2423.224619,0,0,NA,NA,NA,NA,NA,NA,NA,NA,NA,NA,NA,NA,NA,NA,NA,NA,NA,NA,NA,NA,NA,NA,NA,NA,0.102903534889384,146
"3438","Smith Inlet-Chum","Chum",1988,58717,92676,NA,NA,33266.43858,23285.23887,2165.039507,0,0,NA,NA,NA,NA,NA,NA,NA,NA,NA,NA,NA,NA,NA,NA,NA,NA,NA,NA,NA,NA,NA,NA,NA,NA,-0.456380246292257,146
"3439","Smith Inlet-Chum","Chum",1989,45671,31989,NA,NA,22282.52523,20804.28768,2583.788372,0,0,NA,NA,NA,NA,NA,NA,NA,NA,NA,NA,NA,NA,NA,NA,NA,NA,NA,NA,NA,NA,NA,NA,NA,NA,0.356071429464992,146
"3440","Smith Inlet-Chum","Chum",1990,49407,70550,NA,NA,19908.40926,24828.12734,4670.108271,0,0,NA,NA,NA,NA,NA,NA,NA,NA,NA,NA,NA,NA,NA,NA,NA,NA,NA,NA,NA,NA,NA,NA,NA,NA,-0.356229563738642,146
"3441","Smith Inlet-Chum","Chum",1991,71001,47710,NA,NA,23758.97354,44875.98292,2366.201128,0,0,NA,NA,NA,NA,NA,NA,NA,NA,NA,NA,NA,NA,NA,NA,NA,NA,NA,NA,NA,NA,NA,NA,NA,NA,0.397552941921156,146
"3442","Smith Inlet-Chum","Chum",1992,66242,23106,NA,NA,42943.52433,22737.289,561.3793053,0,0,NA,NA,NA,NA,NA,NA,NA,NA,NA,NA,NA,NA,NA,NA,NA,NA,NA,NA,NA,NA,NA,NA,NA,NA,1.05322237879709,146
"3443","Smith Inlet-Chum","Chum",1993,27998,27373,NA,NA,21758.17129,5394.40344,845.1481135,0,0,NA,NA,NA,NA,NA,NA,NA,NA,NA,NA,NA,NA,NA,NA,NA,NA,NA,NA,NA,NA,NA,NA,NA,NA,0.0225759529456642,146
"3444","Smith Inlet-Chum","Chum",1994,14649,31237,NA,NA,5162.108555,8121.193367,1365.895941,0,0,NA,NA,NA,NA,NA,NA,NA,NA,NA,NA,NA,NA,NA,NA,NA,NA,NA,NA,NA,NA,NA,NA,NA,NA,-0.757231215882773,146
"3445","Smith Inlet-Chum","Chum",1995,23474,75356,NA,NA,7771.476906,13125.161,2576.992058,0,0,NA,NA,NA,NA,NA,NA,NA,NA,NA,NA,NA,NA,NA,NA,NA,NA,NA,NA,NA,NA,NA,NA,NA,NA,-1.1663301246252,146
"3446","Smith Inlet-Chum","Chum",1996,42141,46051,NA,NA,12559.96268,24762.82024,4817.81224,0,0,NA,NA,NA,NA,NA,NA,NA,NA,NA,NA,NA,NA,NA,NA,NA,NA,NA,NA,NA,NA,NA,NA,NA,NA,-0.0887283394752562,146
"3447","Smith Inlet-Chum","Chum",1997,76697,11118,NA,NA,23696.4787,46295.29923,6705.253597,0,0,NA,NA,NA,NA,NA,NA,NA,NA,NA,NA,NA,NA,NA,NA,NA,NA,NA,NA,NA,NA,NA,NA,NA,NA,1.93129717764804,146
"3448","Smith Inlet-Chum","Chum",1998,114607,16738,NA,NA,44301.72175,64432.09204,5873.248335,0,0,NA,NA,NA,NA,NA,NA,NA,NA,NA,NA,NA,NA,NA,NA,NA,NA,NA,NA,NA,NA,NA,NA,NA,NA,1.92382730082896,146
"3449","Smith Inlet-Chum","Chum",1999,123333,27051,NA,NA,61657.50434,56437.1909,5238.302569,0,0,NA,NA,NA,NA,NA,NA,NA,NA,NA,NA,NA,NA,NA,NA,NA,NA,NA,NA,NA,NA,NA,NA,NA,NA,1.51716404107793,146
"3450","Smith Inlet-Chum","Chum",2000,106317,51036,NA,NA,54006.88124,50335.87296,1973.857991,0,0,NA,NA,NA,NA,NA,NA,NA,NA,NA,NA,NA,NA,NA,NA,NA,NA,NA,NA,NA,NA,NA,NA,NA,NA,0.733893931243106,146
"3451","Smith Inlet-Chum","Chum",2001,70760,95415,NA,NA,48168.29949,18967.18713,3625.004408,0,0,NA,NA,NA,NA,NA,NA,NA,NA,NA,NA,NA,NA,NA,NA,NA,NA,NA,NA,NA,NA,NA,NA,NA,NA,-0.298941929507293,146
"3452","Smith Inlet-Chum","Chum",2002,54544,132795,NA,NA,18150.41831,34833.37569,1560.626651,0,0,NA,NA,NA,NA,NA,NA,NA,NA,NA,NA,NA,NA,NA,NA,NA,NA,NA,NA,NA,NA,NA,NA,NA,NA,-0.889798870335575,146
"3453","Smith Inlet-Chum","Chum",2003,49548,116317,NA,NA,33333.37386,14996.36644,1218.286636,0,0,NA,NA,NA,NA,NA,NA,NA,NA,NA,NA,NA,NA,NA,NA,NA,NA,NA,NA,NA,NA,NA,NA,NA,NA,-0.853377325839069,146
"3454","Smith Inlet-Chum","Chum",2004,27559,103742,NA,NA,14350.58989,11706.75434,1501.635913,0,0,NA,NA,NA,NA,NA,NA,NA,NA,NA,NA,NA,NA,NA,NA,NA,NA,NA,NA,NA,NA,NA,NA,NA,NA,-1.32557788668715,146
"3455","Smith Inlet-Chum","Chum",2005,26030,39091,NA,NA,11202.63574,14429.51291,398.0741268,0,0,NA,NA,NA,NA,NA,NA,NA,NA,NA,NA,NA,NA,NA,NA,NA,NA,NA,NA,NA,NA,NA,NA,NA,NA,-0.406642542461455,146
"3456","Smith Inlet-Chum","Chum",2006,18436,71792,NA,NA,13808.14633,3825.172069,802.8325296,0,0,NA,NA,NA,NA,NA,NA,NA,NA,NA,NA,NA,NA,NA,NA,NA,NA,NA,NA,NA,NA,NA,NA,NA,NA,-1.35946777437537,146
"3457","Smith Inlet-Chum","Chum",2007,12211,30908,NA,NA,3660.45174,7714.574652,836.2159133,0,0,NA,NA,NA,NA,NA,NA,NA,NA,NA,NA,NA,NA,NA,NA,NA,NA,NA,NA,NA,NA,NA,NA,NA,NA,-0.928677865220453,146
"3458","Smith Inlet-Chum","Chum",2008,17440,24128,NA,NA,7382.368088,8035.362109,2022.30217,0,NA,NA,NA,NA,NA,NA,NA,NA,NA,NA,NA,NA,NA,NA,NA,NA,NA,NA,NA,NA,NA,NA,NA,NA,NA,-0.324606573344712,146
"3459","Smith Inlet-Chum","Chum",2009,28002,29739,NA,NA,NA,NA,NA,NA,NA,NA,NA,NA,NA,NA,NA,NA,NA,NA,NA,NA,NA,NA,NA,NA,NA,NA,NA,NA,NA,NA,NA,NA,NA,-0.0601833795231366,146
"3460","Rivers Inlet-Chum","Chum",1954,107964,37340,NA,NA,16449.23871,90566.94528,947.7273853,0,0,NA,NA,NA,NA,NA,NA,NA,NA,NA,NA,NA,NA,NA,NA,NA,NA,NA,NA,NA,NA,NA,NA,NA,NA,1.06173270010941,147
"3461","Rivers Inlet-Chum","Chum",1955,97147,5342,NA,NA,86666.93328,9106.897633,1372.978606,0,0,NA,NA,NA,NA,NA,NA,NA,NA,NA,NA,NA,NA,NA,NA,NA,NA,NA,NA,NA,NA,NA,NA,NA,NA,2.90062518057653,147
"3462","Rivers Inlet-Chum","Chum",1956,23019,16758,NA,NA,8714.734577,13193.21971,1110.908075,0,0,NA,NA,NA,NA,NA,NA,NA,NA,NA,NA,NA,NA,NA,NA,NA,NA,NA,NA,NA,NA,NA,NA,NA,NA,0.317444205672543,147
"3463","Rivers Inlet-Chum","Chum",1957,24674,25459,NA,NA,12625.09063,10674.93276,1374.079436,0,0,NA,NA,NA,NA,NA,NA,NA,NA,NA,NA,NA,NA,NA,NA,NA,NA,NA,NA,NA,NA,NA,NA,NA,NA,-0.0313192574108924,147
"3464","Rivers Inlet-Chum","Chum",1958,24707,154535,NA,NA,10215.24666,13203.7978,1287.894608,0,0,NA,NA,NA,NA,NA,NA,NA,NA,NA,NA,NA,NA,NA,NA,NA,NA,NA,NA,NA,NA,NA,NA,NA,NA,-1.83333400360572,147
"3465","Rivers Inlet-Chum","Chum",1959,26601,13470,NA,NA,12635.21321,12375.63095,1590.101629,0,0,NA,NA,NA,NA,NA,NA,NA,NA,NA,NA,NA,NA,NA,NA,NA,NA,NA,NA,NA,NA,NA,NA,NA,NA,0.680483818643707,147
"3466","Rivers Inlet-Chum","Chum",1960,27400,19019,NA,NA,11842.70904,15279.59726,277.4749553,0,0,NA,NA,NA,NA,NA,NA,NA,NA,NA,NA,NA,NA,NA,NA,NA,NA,NA,NA,NA,NA,NA,NA,NA,NA,0.365104533894501,147
"3467","Rivers Inlet-Chum","Chum",1961,20688,15132,NA,NA,14621.62417,2666.311064,3399.604638,0,0,NA,NA,NA,NA,NA,NA,NA,NA,NA,NA,NA,NA,NA,NA,NA,NA,NA,NA,NA,NA,NA,NA,NA,NA,0.312742115258719,147
"3468","Rivers Inlet-Chum","Chum",1962,36251,19774,NA,NA,2551.493842,32667.46525,1031.71633,0,0,NA,NA,NA,NA,NA,NA,NA,NA,NA,NA,NA,NA,NA,NA,NA,NA,NA,NA,NA,NA,NA,NA,NA,NA,0.606099023652147,147
"3469","Rivers Inlet-Chum","Chum",1963,42604,19585,NA,NA,31260.7323,9913.963816,1429.215742,0,0,NA,NA,NA,NA,NA,NA,NA,NA,NA,NA,NA,NA,NA,NA,NA,NA,NA,NA,NA,NA,NA,NA,NA,NA,0.777184178463125,147
"3470","Rivers Inlet-Chum","Chum",1964,24104,22792,NA,NA,9487.046714,13733.61334,883.3131194,0,0,NA,NA,NA,NA,NA,NA,NA,NA,NA,NA,NA,NA,NA,NA,NA,NA,NA,NA,NA,NA,NA,NA,NA,NA,0.0559682046323929,147
"3471","Rivers Inlet-Chum","Chum",1965,24286,1253,NA,NA,13142.21372,8487.928366,2655.825269,0,0,NA,NA,NA,NA,NA,NA,NA,NA,NA,NA,NA,NA,NA,NA,NA,NA,NA,NA,NA,NA,NA,NA,NA,NA,2.9643593767177,147
"3472","Rivers Inlet-Chum","Chum",1966,34606,58755,NA,NA,8122.419489,25520.34397,963.1217181,0,0,NA,NA,NA,NA,NA,NA,NA,NA,NA,NA,NA,NA,NA,NA,NA,NA,NA,NA,NA,NA,NA,NA,NA,NA,-0.529349178351448,147
"3473","Rivers Inlet-Chum","Chum",1967,35523,11049,NA,NA,24421.38179,9254.824786,1847.121349,0,0,NA,NA,NA,NA,NA,NA,NA,NA,NA,NA,NA,NA,NA,NA,NA,NA,NA,NA,NA,NA,NA,NA,NA,NA,1.16784044788589,147
"3474","Rivers Inlet-Chum","Chum",1968,27718,17271,NA,NA,8856.291661,17749.34997,1112.277752,0,0,NA,NA,NA,NA,NA,NA,NA,NA,NA,NA,NA,NA,NA,NA,NA,NA,NA,NA,NA,NA,NA,NA,NA,NA,0.473053227284829,147
"3475","Rivers Inlet-Chum","Chum",1969,30541,3009,NA,NA,16985.0239,10688.09426,2867.444622,0,0,NA,NA,NA,NA,NA,NA,NA,NA,NA,NA,NA,NA,NA,NA,NA,NA,NA,NA,NA,NA,NA,NA,NA,NA,2.31746224554888,147
"3476","Rivers Inlet-Chum","Chum",1970,38377,24819,NA,NA,10227.84139,27553.83567,595.4513595,0,0,NA,NA,NA,NA,NA,NA,NA,NA,NA,NA,NA,NA,NA,NA,NA,NA,NA,NA,NA,NA,NA,NA,NA,NA,0.435848832936992,147
"3477","Rivers Inlet-Chum","Chum",1971,32209,12483,NA,NA,26367.30687,5721.808466,119.7547553,0,0,NA,NA,NA,NA,NA,NA,NA,NA,NA,NA,NA,NA,NA,NA,NA,NA,NA,NA,NA,NA,NA,NA,NA,NA,0.947878197933323,147
"3478","Rivers Inlet-Chum","Chum",1972,7187,24665,NA,NA,5475.4148,1150.746844,560.6332246,0,0,NA,NA,NA,NA,NA,NA,NA,NA,NA,NA,NA,NA,NA,NA,NA,NA,NA,NA,NA,NA,NA,NA,NA,NA,-1.2331113961994,147
"3479","Rivers Inlet-Chum","Chum",1973,9886,10825,NA,NA,1101.193152,5387.234204,3397.232417,0,0,NA,NA,NA,NA,NA,NA,NA,NA,NA,NA,NA,NA,NA,NA,NA,NA,NA,NA,NA,NA,NA,NA,NA,NA,-0.090738659003786,147
"3480","Rivers Inlet-Chum","Chum",1974,38130,37268,NA,NA,5155.248042,32644.67012,329.7553068,0,0,NA,NA,NA,NA,NA,NA,NA,NA,NA,NA,NA,NA,NA,NA,NA,NA,NA,NA,NA,NA,NA,NA,NA,NA,0.0228663242812938,147
"3481","Rivers Inlet-Chum","Chum",1975,35767,8943,NA,NA,31238.91877,3168.683178,1359.726963,0,0,NA,NA,NA,NA,NA,NA,NA,NA,NA,NA,NA,NA,NA,NA,NA,NA,NA,NA,NA,NA,NA,NA,NA,NA,1.38615457722556,147
"3482","Rivers Inlet-Chum","Chum",1976,16951,954,NA,NA,3032.232706,13065.88208,852.8484441,0,0,NA,NA,NA,NA,NA,NA,NA,NA,NA,NA,NA,NA,NA,NA,NA,NA,NA,NA,NA,NA,NA,NA,NA,NA,2.8774184366702,147
"3483","Rivers Inlet-Chum","Chum",1977,30586,3387,NA,NA,12503.23644,8195.187348,9887.123183,0,0,NA,NA,NA,NA,NA,NA,NA,NA,NA,NA,NA,NA,NA,NA,NA,NA,NA,NA,NA,NA,NA,NA,NA,NA,2.2005978140903,147
"3484","Rivers Inlet-Chum","Chum",1978,105608,37633,NA,NA,7842.284544,95007.29863,2757.963567,0,0,NA,NA,NA,NA,NA,NA,NA,NA,NA,NA,NA,NA,NA,NA,NA,NA,NA,NA,NA,NA,NA,NA,NA,NA,1.0318528009261,147
"3485","Rivers Inlet-Chum","Chum",1979,118041,4433,NA,NA,90916.07524,26501.81083,623.5641304,0,0,NA,NA,NA,NA,NA,NA,NA,NA,NA,NA,NA,NA,NA,NA,NA,NA,NA,NA,NA,NA,NA,NA,NA,NA,3.28195546598044,147
"3486","Rivers Inlet-Chum","Chum",1980,34176,23076,NA,NA,25360.58453,5991.949575,2823.826377,0,0,NA,NA,NA,NA,NA,NA,NA,NA,NA,NA,NA,NA,NA,NA,NA,NA,NA,NA,NA,NA,NA,NA,NA,NA,0.392730526943087,147
"3487","Rivers Inlet-Chum","Chum",1981,53657,13466,NA,NA,5733.923039,27134.69944,20788.43643,0,0,NA,NA,NA,NA,NA,NA,NA,NA,NA,NA,NA,NA,NA,NA,NA,NA,NA,NA,NA,NA,NA,NA,NA,NA,1.38244394574535,147
"3488","Rivers Inlet-Chum","Chum",1982,231594,187782,NA,NA,25966.21956,199760.1477,5868.043212,0,0,NA,NA,NA,NA,NA,NA,NA,NA,NA,NA,NA,NA,NA,NA,NA,NA,NA,NA,NA,NA,NA,NA,NA,NA,0.209704123092292,147
"3489","Rivers Inlet-Chum","Chum",1983,249265,51113,NA,NA,191158.0361,56387.17385,1719.569753,0,0,NA,NA,NA,NA,NA,NA,NA,NA,NA,NA,NA,NA,NA,NA,NA,NA,NA,NA,NA,NA,NA,NA,NA,NA,1.58447771958701,147
"3490","Rivers Inlet-Chum","Chum",1984,71056,9584,NA,NA,53959.01804,16523.68177,573.2134474,0,0,NA,NA,NA,NA,NA,NA,NA,NA,NA,NA,NA,NA,NA,NA,NA,NA,NA,NA,NA,NA,NA,NA,NA,NA,2.00337325717665,147
"3491","Rivers Inlet-Chum","Chum",1985,22007,43902,NA,NA,15812.13566,5508.120024,687.193195,0,0,NA,NA,NA,NA,NA,NA,NA,NA,NA,NA,NA,NA,NA,NA,NA,NA,NA,NA,NA,NA,NA,NA,NA,NA,-0.69059929256255,147
"3492","Rivers Inlet-Chum","Chum",1986,12065,267784,NA,NA,5270.928252,6603.37369,190.7275287,0,0,NA,NA,NA,NA,NA,NA,NA,NA,NA,NA,NA,NA,NA,NA,NA,NA,NA,NA,NA,NA,NA,NA,NA,NA,-3.09987198631605,147
"3493","Rivers Inlet-Chum","Chum",1987,9155,92600,NA,NA,6319.017885,1832.738092,1002.948979,0,0,NA,NA,NA,NA,NA,NA,NA,NA,NA,NA,NA,NA,NA,NA,NA,NA,NA,NA,NA,NA,NA,NA,NA,NA,-2.31398896352566,147
"3494","Rivers Inlet-Chum","Chum",1988,11516,24275,NA,NA,1753.816356,9637.532716,124.7242219,0,0,NA,NA,NA,NA,NA,NA,NA,NA,NA,NA,NA,NA,NA,NA,NA,NA,NA,NA,NA,NA,NA,NA,NA,NA,-0.745709641427459,147
"3495","Rivers Inlet-Chum","Chum",1989,11137,4678,NA,NA,9222.519345,1198.49942,716.3962391,0,0,NA,NA,NA,NA,NA,NA,NA,NA,NA,NA,NA,NA,NA,NA,NA,NA,NA,NA,NA,NA,NA,NA,NA,NA,0.867402230248976,147
"3496","Rivers Inlet-Chum","Chum",1990,9879,4555,NA,NA,1146.889397,6883.991447,1848.139542,0,0,NA,NA,NA,NA,NA,NA,NA,NA,NA,NA,NA,NA,NA,NA,NA,NA,NA,NA,NA,NA,NA,NA,NA,NA,0.774185761350415,147
"3497","Rivers Inlet-Chum","Chum",1991,24875,2374,NA,NA,6587.551624,17759.13399,528.7071445,0,0,NA,NA,NA,NA,NA,NA,NA,NA,NA,NA,NA,NA,NA,NA,NA,NA,NA,NA,NA,NA,NA,NA,NA,NA,2.34928698685718,147
"3498","Rivers Inlet-Chum","Chum",1992,22581,8900,NA,NA,16994.3866,5080.450262,506.3525022,0,0,NA,NA,NA,NA,NA,NA,NA,NA,NA,NA,NA,NA,NA,NA,NA,NA,NA,NA,NA,NA,NA,NA,NA,NA,0.931057567982411,147
"3499","Rivers Inlet-Chum","Chum",1993,13165,1518,NA,NA,4861.674892,4865.640136,3437.649641,0,0,NA,NA,NA,NA,NA,NA,NA,NA,NA,NA,NA,NA,NA,NA,NA,NA,NA,NA,NA,NA,NA,NA,NA,NA,2.16016811397483,147
"3500","Rivers Inlet-Chum","Chum",1994,38586,9511,NA,NA,4656.114963,33033.04712,897.3276636,0,0,NA,NA,NA,NA,NA,NA,NA,NA,NA,NA,NA,NA,NA,NA,NA,NA,NA,NA,NA,NA,NA,NA,NA,NA,1.40044049288053,147
"3501","Rivers Inlet-Chum","Chum",1995,46227,27199,NA,NA,31610.57141,8622.596859,5993.546693,0,0,NA,NA,NA,NA,NA,NA,NA,NA,NA,NA,NA,NA,NA,NA,NA,NA,NA,NA,NA,NA,NA,NA,NA,NA,0.530383835047595,147
"3502","Rivers Inlet-Chum","Chum",1996,66962,10471,NA,NA,8251.288861,57593.16133,1117.19745,0,0,NA,NA,NA,NA,NA,NA,NA,NA,NA,NA,NA,NA,NA,NA,NA,NA,NA,NA,NA,NA,NA,NA,NA,NA,1.85551576300809,147
"3503","Rivers Inlet-Chum","Chum",1997,71122,10028,NA,NA,55113.07304,10735.3686,5273.597554,0,0,NA,NA,NA,NA,NA,NA,NA,NA,NA,NA,NA,NA,NA,NA,NA,NA,NA,NA,NA,NA,NA,NA,NA,NA,1.95901553199902,147
"3504","Rivers Inlet-Chum","Chum",1998,68349,68081,NA,NA,10273.08,50675.02937,7400.782037,0,0,NA,NA,NA,NA,NA,NA,NA,NA,NA,NA,NA,NA,NA,NA,NA,NA,NA,NA,NA,NA,NA,NA,NA,NA,0.00392875972613539,147
"3505","Rivers Inlet-Chum","Chum",1999,125046,17771,NA,NA,48492.85107,71115.56072,5437.884083,0,0,NA,NA,NA,NA,NA,NA,NA,NA,NA,NA,NA,NA,NA,NA,NA,NA,NA,NA,NA,NA,NA,NA,NA,NA,1.95111375440356,147
"3506","Rivers Inlet-Chum","Chum",2000,125816,118700,NA,NA,68053.16815,52253.69072,5509.136176,0,0,NA,NA,NA,NA,NA,NA,NA,NA,NA,NA,NA,NA,NA,NA,NA,NA,NA,NA,NA,NA,NA,NA,NA,NA,0.0582212205728019,147
"3507","Rivers Inlet-Chum","Chum",2001,105621,22126,NA,NA,50003.53179,52938.36601,2678.998628,0,0,NA,NA,NA,NA,NA,NA,NA,NA,NA,NA,NA,NA,NA,NA,NA,NA,NA,NA,NA,NA,NA,NA,NA,NA,1.56310382752505,147
"3508","Rivers Inlet-Chum","Chum",2002,79388,104441,NA,NA,50658.72346,25743.0213,2985.75957,0,0,NA,NA,NA,NA,NA,NA,NA,NA,NA,NA,NA,NA,NA,NA,NA,NA,NA,NA,NA,NA,NA,NA,NA,NA,-0.274275095330604,147
"3509","Rivers Inlet-Chum","Chum",2003,53606,146570,NA,NA,24634.47014,28690.74713,280.3836785,0,0,NA,NA,NA,NA,NA,NA,NA,NA,NA,NA,NA,NA,NA,NA,NA,NA,NA,NA,NA,NA,NA,NA,NA,NA,-1.00584212792879,147
"3510","Rivers Inlet-Chum","Chum",2004,30534,107695,NA,NA,27455.26041,2694.261555,384.9032518,0,0,NA,NA,NA,NA,NA,NA,NA,NA,NA,NA,NA,NA,NA,NA,NA,NA,NA,NA,NA,NA,NA,NA,NA,NA,-1.26046234099457,147
"3511","Rivers Inlet-Chum","Chum",2005,6446,109106,NA,NA,2578.240722,3698.610558,169.0245191,0,0,NA,NA,NA,NA,NA,NA,NA,NA,NA,NA,NA,NA,NA,NA,NA,NA,NA,NA,NA,NA,NA,NA,NA,NA,-2.82886010335063,147
"3512","Rivers Inlet-Chum","Chum",2006,6025,53056,NA,NA,3539.340246,1624.189632,861.3749532,0,NA,NA,NA,NA,NA,NA,NA,NA,NA,NA,NA,NA,NA,NA,NA,NA,NA,NA,NA,NA,NA,NA,NA,NA,NA,-2.17543048013611,147
"3513","Rivers Inlet-Chum","Chum",2007,10281,59132,NA,NA,NA,NA,NA,NA,NA,NA,NA,NA,NA,NA,NA,NA,NA,NA,NA,NA,NA,NA,NA,NA,NA,NA,NA,NA,NA,NA,NA,NA,NA,-1.74947470147826,147
"3514","Spiller-Fitz-Hugh-Burke-Chum","Chum",1954,438623,424881,NA,NA,NA,NA,NA,NA,NA,NA,NA,NA,NA,NA,NA,NA,NA,NA,NA,NA,NA,NA,NA,NA,NA,NA,NA,NA,NA,NA,NA,NA,NA,0.0318311444722664,148
"3515","Spiller-Fitz-Hugh-Burke-Chum","Chum",1955,338061,278083,NA,NA,NA,NA,NA,NA,NA,NA,NA,NA,NA,NA,NA,NA,NA,NA,NA,NA,NA,NA,NA,NA,NA,NA,NA,NA,NA,NA,NA,NA,NA,0.195306722291235,148
"3516","Spiller-Fitz-Hugh-Burke-Chum","Chum",1956,206447,385516,NA,NA,NA,NA,NA,NA,NA,NA,NA,NA,NA,NA,NA,NA,NA,NA,NA,NA,NA,NA,NA,NA,NA,NA,NA,NA,NA,NA,NA,NA,NA,-0.624538975818662,148
"3517","Spiller-Fitz-Hugh-Burke-Chum","Chum",1957,245377,317881,NA,NA,NA,NA,NA,NA,NA,NA,NA,NA,NA,NA,NA,NA,NA,NA,NA,NA,NA,NA,NA,NA,NA,NA,NA,NA,NA,NA,NA,NA,NA,-0.258881295555213,148
"3518","Spiller-Fitz-Hugh-Burke-Chum","Chum",1958,488680,273973,NA,NA,NA,NA,NA,NA,NA,NA,NA,NA,NA,NA,NA,NA,NA,NA,NA,NA,NA,NA,NA,NA,NA,NA,NA,NA,NA,NA,NA,NA,NA,0.578678317149173,148
"3519","Spiller-Fitz-Hugh-Burke-Chum","Chum",1959,470603,245559,NA,NA,NA,NA,NA,NA,NA,NA,NA,NA,NA,NA,NA,NA,NA,NA,NA,NA,NA,NA,NA,NA,NA,NA,NA,NA,NA,NA,NA,NA,NA,0.650477606887051,148
"3520","Spiller-Fitz-Hugh-Burke-Chum","Chum",1960,421626,105834,NA,NA,NA,NA,NA,NA,NA,NA,NA,NA,NA,NA,NA,NA,NA,NA,NA,NA,NA,NA,NA,NA,NA,NA,NA,NA,NA,NA,NA,NA,NA,1.38224683629747,148
"3521","Spiller-Fitz-Hugh-Burke-Chum","Chum",1961,327866,130231,NA,NA,NA,NA,NA,NA,NA,NA,NA,NA,NA,NA,NA,NA,NA,NA,NA,NA,NA,NA,NA,NA,NA,NA,NA,NA,NA,NA,NA,NA,NA,0.92329519165258,148
"3522","Spiller-Fitz-Hugh-Burke-Chum","Chum",1962,788343,318073,NA,NA,NA,NA,NA,NA,NA,NA,NA,NA,NA,NA,NA,NA,NA,NA,NA,NA,NA,NA,NA,NA,NA,NA,NA,NA,NA,NA,NA,NA,NA,0.907652358155395,148
"3523","Spiller-Fitz-Hugh-Burke-Chum","Chum",1963,464941,288330,NA,NA,NA,NA,NA,NA,NA,NA,NA,NA,NA,NA,NA,NA,NA,NA,NA,NA,NA,NA,NA,NA,NA,NA,NA,NA,NA,NA,NA,NA,NA,0.477804858313457,148
"3524","Spiller-Fitz-Hugh-Burke-Chum","Chum",1964,697607,260746,NA,NA,NA,NA,NA,NA,NA,NA,NA,NA,NA,NA,NA,NA,NA,NA,NA,NA,NA,NA,NA,NA,NA,NA,NA,NA,NA,NA,NA,NA,NA,0.984109153549212,148
"3525","Spiller-Fitz-Hugh-Burke-Chum","Chum",1965,752859,92516,NA,NA,NA,NA,NA,NA,NA,NA,NA,NA,NA,NA,NA,NA,NA,NA,NA,NA,NA,NA,NA,NA,NA,NA,NA,NA,NA,NA,NA,NA,NA,2.09649635673697,148
"3526","Spiller-Fitz-Hugh-Burke-Chum","Chum",1966,1068557,696001,NA,NA,NA,NA,NA,NA,NA,NA,NA,NA,NA,NA,NA,NA,NA,NA,NA,NA,NA,NA,NA,NA,NA,NA,NA,NA,NA,NA,NA,NA,NA,0.428713322033254,148
"3527","Spiller-Fitz-Hugh-Burke-Chum","Chum",1967,665603,196891,NA,NA,NA,NA,NA,NA,NA,NA,NA,NA,NA,NA,NA,NA,NA,NA,NA,NA,NA,NA,NA,NA,NA,NA,NA,NA,NA,NA,NA,NA,NA,1.21804312058943,148
"3528","Spiller-Fitz-Hugh-Burke-Chum","Chum",1968,732306,483676,NA,NA,NA,NA,NA,NA,NA,NA,NA,NA,NA,NA,NA,NA,NA,NA,NA,NA,NA,NA,NA,NA,NA,NA,NA,NA,NA,NA,NA,NA,NA,0.414783198330415,148
"3529","Spiller-Fitz-Hugh-Burke-Chum","Chum",1969,994707,327166,NA,NA,NA,NA,NA,NA,NA,NA,NA,NA,NA,NA,NA,NA,NA,NA,NA,NA,NA,NA,NA,NA,NA,NA,NA,NA,NA,NA,NA,NA,NA,1.11198053408236,148
"3530","Spiller-Fitz-Hugh-Burke-Chum","Chum",1970,618186,588977,NA,NA,NA,NA,NA,NA,NA,NA,NA,NA,NA,NA,NA,NA,NA,NA,NA,NA,NA,NA,NA,NA,NA,NA,NA,NA,NA,NA,NA,NA,NA,0.0484022493956771,148
"3531","Spiller-Fitz-Hugh-Burke-Chum","Chum",1971,298532,329936,NA,NA,NA,NA,NA,NA,NA,NA,NA,NA,NA,NA,NA,NA,NA,NA,NA,NA,NA,NA,NA,NA,NA,NA,NA,NA,NA,NA,NA,NA,NA,-0.100021566490983,148
"3532","Spiller-Fitz-Hugh-Burke-Chum","Chum",1972,352521,420020,NA,NA,NA,NA,NA,NA,NA,NA,NA,NA,NA,NA,NA,NA,NA,NA,NA,NA,NA,NA,NA,NA,NA,NA,NA,NA,NA,NA,NA,NA,NA,-0.175192134245362,148
"3533","Spiller-Fitz-Hugh-Burke-Chum","Chum",1973,435574,553559,NA,NA,NA,NA,NA,NA,NA,NA,NA,NA,NA,NA,NA,NA,NA,NA,NA,NA,NA,NA,NA,NA,NA,NA,NA,NA,NA,NA,NA,NA,NA,-0.239703639376732,148
"3534","Spiller-Fitz-Hugh-Burke-Chum","Chum",1974,566748,300411,NA,NA,NA,NA,NA,NA,NA,NA,NA,NA,NA,NA,NA,NA,NA,NA,NA,NA,NA,NA,NA,NA,NA,NA,NA,NA,NA,NA,NA,NA,NA,0.634763223426163,148
"3535","Spiller-Fitz-Hugh-Burke-Chum","Chum",1975,429309,138410,NA,NA,NA,NA,NA,NA,NA,NA,NA,NA,NA,NA,NA,NA,NA,NA,NA,NA,NA,NA,NA,NA,NA,NA,NA,NA,NA,NA,NA,NA,NA,1.13195664446274,148
"3536","Spiller-Fitz-Hugh-Burke-Chum","Chum",1976,341288,164484,NA,NA,NA,NA,NA,NA,NA,NA,NA,NA,NA,NA,NA,NA,NA,NA,NA,NA,NA,NA,NA,NA,NA,NA,NA,NA,NA,NA,NA,NA,NA,0.729913394573738,148
"3537","Spiller-Fitz-Hugh-Burke-Chum","Chum",1977,316115,251422,NA,NA,NA,NA,NA,NA,NA,NA,NA,NA,NA,NA,NA,NA,NA,NA,NA,NA,NA,NA,NA,NA,NA,NA,NA,NA,NA,NA,NA,NA,NA,0.228973269161562,148
"3538","Spiller-Fitz-Hugh-Burke-Chum","Chum",1978,372669,290280,NA,NA,NA,NA,NA,NA,NA,NA,NA,NA,NA,NA,NA,NA,NA,NA,NA,NA,NA,NA,NA,NA,NA,NA,NA,NA,NA,NA,NA,NA,NA,0.249844651798077,148
"3539","Spiller-Fitz-Hugh-Burke-Chum","Chum",1979,270204,221604,NA,NA,NA,NA,NA,NA,NA,NA,NA,NA,NA,NA,NA,NA,NA,NA,NA,NA,NA,NA,NA,NA,NA,NA,NA,NA,NA,NA,NA,NA,NA,0.198285224013787,148
"3540","Spiller-Fitz-Hugh-Burke-Chum","Chum",1980,314263,166416,NA,NA,NA,NA,NA,NA,NA,NA,NA,NA,NA,NA,NA,NA,NA,NA,NA,NA,NA,NA,NA,NA,NA,NA,NA,NA,NA,NA,NA,NA,NA,0.635739537341245,148
"3541","Spiller-Fitz-Hugh-Burke-Chum","Chum",1981,378536,163751,NA,NA,NA,NA,NA,NA,NA,NA,NA,NA,NA,NA,NA,NA,NA,NA,NA,NA,NA,NA,NA,NA,NA,NA,NA,NA,NA,NA,NA,NA,NA,0.83796419927301,148
"3542","Spiller-Fitz-Hugh-Burke-Chum","Chum",1982,421931,274739,NA,NA,NA,NA,NA,NA,NA,NA,NA,NA,NA,NA,NA,NA,NA,NA,NA,NA,NA,NA,NA,NA,NA,NA,NA,NA,NA,NA,NA,NA,NA,0.429020237472734,148
"3543","Spiller-Fitz-Hugh-Burke-Chum","Chum",1983,345735,174481,NA,NA,NA,NA,NA,NA,NA,NA,NA,NA,NA,NA,NA,NA,NA,NA,NA,NA,NA,NA,NA,NA,NA,NA,NA,NA,NA,NA,NA,NA,NA,0.683856732462958,148
"3544","Spiller-Fitz-Hugh-Burke-Chum","Chum",1984,482179,219267,NA,NA,NA,NA,NA,NA,NA,NA,NA,NA,NA,NA,NA,NA,NA,NA,NA,NA,NA,NA,NA,NA,NA,NA,NA,NA,NA,NA,NA,NA,NA,0.788025249100094,148
"3545","Spiller-Fitz-Hugh-Burke-Chum","Chum",1985,329027,219118,NA,NA,NA,NA,NA,NA,NA,NA,NA,NA,NA,NA,NA,NA,NA,NA,NA,NA,NA,NA,NA,NA,NA,NA,NA,NA,NA,NA,NA,NA,NA,0.40652941677297,148
"3546","Spiller-Fitz-Hugh-Burke-Chum","Chum",1986,389912,195528,NA,NA,NA,NA,NA,NA,NA,NA,NA,NA,NA,NA,NA,NA,NA,NA,NA,NA,NA,NA,NA,NA,NA,NA,NA,NA,NA,NA,NA,NA,NA,0.690217480960834,148
"3547","Spiller-Fitz-Hugh-Burke-Chum","Chum",1987,312082,156364,NA,NA,NA,NA,NA,NA,NA,NA,NA,NA,NA,NA,NA,NA,NA,NA,NA,NA,NA,NA,NA,NA,NA,NA,NA,NA,NA,NA,NA,NA,NA,0.691079351203223,148
"3548","Spiller-Fitz-Hugh-Burke-Chum","Chum",1988,173549,282125,NA,NA,NA,NA,NA,NA,NA,NA,NA,NA,NA,NA,NA,NA,NA,NA,NA,NA,NA,NA,NA,NA,NA,NA,NA,NA,NA,NA,NA,NA,NA,-0.485890254874739,148
"3549","Spiller-Fitz-Hugh-Burke-Chum","Chum",1989,209702,142567,NA,NA,NA,NA,NA,NA,NA,NA,NA,NA,NA,NA,NA,NA,NA,NA,NA,NA,NA,NA,NA,NA,NA,NA,NA,NA,NA,NA,NA,NA,NA,0.385875410647359,148
"3550","Spiller-Fitz-Hugh-Burke-Chum","Chum",1990,224022,185875,NA,NA,NA,NA,NA,NA,NA,NA,NA,NA,NA,NA,NA,NA,NA,NA,NA,NA,NA,NA,NA,NA,NA,NA,NA,NA,NA,NA,NA,NA,NA,0.186669856537728,148
"3551","Spiller-Fitz-Hugh-Burke-Chum","Chum",1991,388789,173167,NA,NA,NA,NA,NA,NA,NA,NA,NA,NA,NA,NA,NA,NA,NA,NA,NA,NA,NA,NA,NA,NA,NA,NA,NA,NA,NA,NA,NA,NA,NA,0.808780333207848,148
"3552","Spiller-Fitz-Hugh-Burke-Chum","Chum",1992,447310,74448,NA,NA,NA,NA,NA,NA,NA,NA,NA,NA,NA,NA,NA,NA,NA,NA,NA,NA,NA,NA,NA,NA,NA,NA,NA,NA,NA,NA,NA,NA,NA,1.79315097144699,148
"3553","Spiller-Fitz-Hugh-Burke-Chum","Chum",1993,353151,138607,NA,NA,NA,NA,NA,NA,NA,NA,NA,NA,NA,NA,NA,NA,NA,NA,NA,NA,NA,NA,NA,NA,NA,NA,NA,NA,NA,NA,NA,NA,NA,0.935253136977887,148
"3554","Spiller-Fitz-Hugh-Burke-Chum","Chum",1994,342356,109343,NA,NA,NA,NA,NA,NA,NA,NA,NA,NA,NA,NA,NA,NA,NA,NA,NA,NA,NA,NA,NA,NA,NA,NA,NA,NA,NA,NA,NA,NA,NA,1.14136140089542,148
"3555","Spiller-Fitz-Hugh-Burke-Chum","Chum",1995,279349,247484,NA,NA,NA,NA,NA,NA,NA,NA,NA,NA,NA,NA,NA,NA,NA,NA,NA,NA,NA,NA,NA,NA,NA,NA,NA,NA,NA,NA,NA,NA,NA,0.121115962705646,148
"3556","Spiller-Fitz-Hugh-Burke-Chum","Chum",1996,246035,382939,NA,NA,NA,NA,NA,NA,NA,NA,NA,NA,NA,NA,NA,NA,NA,NA,NA,NA,NA,NA,NA,NA,NA,NA,NA,NA,NA,NA,NA,NA,NA,-0.442401905331703,148
"3557","Spiller-Fitz-Hugh-Burke-Chum","Chum",1997,321115,267455,NA,NA,NA,NA,NA,NA,NA,NA,NA,NA,NA,NA,NA,NA,NA,NA,NA,NA,NA,NA,NA,NA,NA,NA,NA,NA,NA,NA,NA,NA,NA,0.182847986537866,148
"3558","Spiller-Fitz-Hugh-Burke-Chum","Chum",1998,353464,276118,NA,NA,NA,NA,NA,NA,NA,NA,NA,NA,NA,NA,NA,NA,NA,NA,NA,NA,NA,NA,NA,NA,NA,NA,NA,NA,NA,NA,NA,NA,NA,0.246953330813945,148
"3559","Spiller-Fitz-Hugh-Burke-Chum","Chum",1999,472499,219225,NA,NA,NA,NA,NA,NA,NA,NA,NA,NA,NA,NA,NA,NA,NA,NA,NA,NA,NA,NA,NA,NA,NA,NA,NA,NA,NA,NA,NA,NA,NA,0.767937030864022,148
"3560","Spiller-Fitz-Hugh-Burke-Chum","Chum",2000,551801,210926,NA,NA,NA,NA,NA,NA,NA,NA,NA,NA,NA,NA,NA,NA,NA,NA,NA,NA,NA,NA,NA,NA,NA,NA,NA,NA,NA,NA,NA,NA,NA,0.961680112970217,148
"3561","Spiller-Fitz-Hugh-Burke-Chum","Chum",2001,327783,256742,NA,NA,NA,NA,NA,NA,NA,NA,NA,NA,NA,NA,NA,NA,NA,NA,NA,NA,NA,NA,NA,NA,NA,NA,NA,NA,NA,NA,NA,NA,NA,0.244280114465598,148
"3562","Spiller-Fitz-Hugh-Burke-Chum","Chum",2002,253892,247551,NA,NA,NA,NA,NA,NA,NA,NA,NA,NA,NA,NA,NA,NA,NA,NA,NA,NA,NA,NA,NA,NA,NA,NA,NA,NA,NA,NA,NA,NA,NA,0.0252923583590947,148
"3563","Spiller-Fitz-Hugh-Burke-Chum","Chum",2003,170560,355567,NA,NA,NA,NA,NA,NA,NA,NA,NA,NA,NA,NA,NA,NA,NA,NA,NA,NA,NA,NA,NA,NA,NA,NA,NA,NA,NA,NA,NA,NA,NA,-0.734626557456112,148
"3564","Spiller-Fitz-Hugh-Burke-Chum","Chum",2004,114398,395845,NA,NA,NA,NA,NA,NA,NA,NA,NA,NA,NA,NA,NA,NA,NA,NA,NA,NA,NA,NA,NA,NA,NA,NA,NA,NA,NA,NA,NA,NA,NA,-1.24133912421516,148
"3565","Spiller-Fitz-Hugh-Burke-Chum","Chum",2005,185563,211852,NA,NA,NA,NA,NA,NA,NA,NA,NA,NA,NA,NA,NA,NA,NA,NA,NA,NA,NA,NA,NA,NA,NA,NA,NA,NA,NA,NA,NA,NA,NA,-0.132493470639685,148
"3566","Spiller-Fitz-Hugh-Burke-Chum","Chum",2006,188073,210112,NA,NA,NA,NA,NA,NA,NA,NA,NA,NA,NA,NA,NA,NA,NA,NA,NA,NA,NA,NA,NA,NA,NA,NA,NA,NA,NA,NA,NA,NA,NA,-0.110810536544947,148
"3567","Spiller-Fitz-Hugh-Burke-Chum","Chum",2007,363029,131093,NA,NA,NA,NA,NA,NA,NA,NA,NA,NA,NA,NA,NA,NA,NA,NA,NA,NA,NA,NA,NA,NA,NA,NA,NA,NA,NA,NA,NA,NA,NA,1.01857572589232,148
"3568","Spiller-Fitz-Hugh-Burke-Chum","Chum",2008,352130,89014,NA,NA,NA,NA,NA,NA,NA,NA,NA,NA,NA,NA,NA,NA,NA,NA,NA,NA,NA,NA,NA,NA,NA,NA,NA,NA,NA,NA,NA,NA,NA,1.37520676486669,148
"3569","Spiller-Fitz-Hugh-Burke-Chum","Chum",2009,435600,192673,NA,NA,NA,NA,NA,NA,NA,NA,NA,NA,NA,NA,NA,NA,NA,NA,NA,NA,NA,NA,NA,NA,NA,NA,NA,NA,NA,NA,NA,NA,NA,0.815729939622491,148
"3570","Spiller-Fitz-Hugh-Burke-Chum","Chum",2010,426732,147849,NA,NA,NA,NA,NA,NA,NA,NA,NA,NA,NA,NA,NA,NA,NA,NA,NA,NA,NA,NA,NA,NA,NA,NA,NA,NA,NA,NA,NA,NA,NA,1.05996469885927,148
"3571","Spiller-Fitz-Hugh-Burke-Chum","Chum",2011,848387,354218,NA,NA,NA,NA,NA,NA,NA,NA,NA,NA,NA,NA,NA,NA,NA,NA,NA,NA,NA,NA,NA,NA,NA,NA,NA,NA,NA,NA,NA,NA,NA,0.873424356808287,148
"3572","Spiller-Fitz-Hugh-Burke-Chum","Chum",2012,382144,241621,NA,NA,NA,NA,NA,NA,NA,NA,NA,NA,NA,NA,NA,NA,NA,NA,NA,NA,NA,NA,NA,NA,NA,NA,NA,NA,NA,NA,NA,NA,NA,0.458427118111436,148
"3573","Spiller-Fitz-Hugh-Burke-Chum","Chum",2013,224725,273577,NA,NA,NA,NA,NA,NA,NA,NA,NA,NA,NA,NA,NA,NA,NA,NA,NA,NA,NA,NA,NA,NA,NA,NA,NA,NA,NA,NA,NA,NA,NA,-0.196705685427843,148
"3574","Spiller-Fitz-Hugh-Burke-Chum","Chum",2014,199170,268426,NA,NA,NA,NA,NA,NA,NA,NA,NA,NA,NA,NA,NA,NA,NA,NA,NA,NA,NA,NA,NA,NA,NA,NA,NA,NA,NA,NA,NA,NA,NA,-0.298416539349492,148
"3575","Spiller-Fitz-Hugh-Burke-Chum","Chum",2015,211463,307436,NA,NA,NA,NA,NA,NA,NA,NA,NA,NA,NA,NA,NA,NA,NA,NA,NA,NA,NA,NA,NA,NA,NA,NA,NA,NA,NA,NA,NA,NA,NA,-0.374216893219157,148
"3576","Spiller-Fitz-Hugh-Burke-Chum","Chum",2016,82910,116735,NA,NA,NA,NA,NA,NA,NA,NA,NA,NA,NA,NA,NA,NA,NA,NA,NA,NA,NA,NA,NA,NA,NA,NA,NA,NA,NA,NA,NA,NA,NA,-0.342150726509274,148
"3577","Bella Coola-Dean Rivers-Chum","Chum",1954,382845,169235,NA,NA,NA,NA,NA,NA,NA,NA,NA,NA,NA,NA,NA,NA,NA,NA,NA,NA,NA,NA,NA,NA,NA,NA,NA,NA,NA,NA,NA,NA,NA,0.816341925956327,149
"3578","Bella Coola-Dean Rivers-Chum","Chum",1955,204757,58694,NA,NA,NA,NA,NA,NA,NA,NA,NA,NA,NA,NA,NA,NA,NA,NA,NA,NA,NA,NA,NA,NA,NA,NA,NA,NA,NA,NA,NA,NA,NA,1.24948640322396,149
"3579","Bella Coola-Dean Rivers-Chum","Chum",1956,187564,150649,NA,NA,NA,NA,NA,NA,NA,NA,NA,NA,NA,NA,NA,NA,NA,NA,NA,NA,NA,NA,NA,NA,NA,NA,NA,NA,NA,NA,NA,NA,NA,0.219167492850973,149
"3580","Bella Coola-Dean Rivers-Chum","Chum",1957,249528,100759,NA,NA,NA,NA,NA,NA,NA,NA,NA,NA,NA,NA,NA,NA,NA,NA,NA,NA,NA,NA,NA,NA,NA,NA,NA,NA,NA,NA,NA,NA,NA,0.906839606481862,149
"3581","Bella Coola-Dean Rivers-Chum","Chum",1958,321270,240701,NA,NA,NA,NA,NA,NA,NA,NA,NA,NA,NA,NA,NA,NA,NA,NA,NA,NA,NA,NA,NA,NA,NA,NA,NA,NA,NA,NA,NA,NA,NA,0.288726391751266,149
"3582","Bella Coola-Dean Rivers-Chum","Chum",1959,470937,99780,NA,NA,NA,NA,NA,NA,NA,NA,NA,NA,NA,NA,NA,NA,NA,NA,NA,NA,NA,NA,NA,NA,NA,NA,NA,NA,NA,NA,NA,NA,NA,1.55175656467535,149
"3583","Bella Coola-Dean Rivers-Chum","Chum",1960,496727,101464,NA,NA,NA,NA,NA,NA,NA,NA,NA,NA,NA,NA,NA,NA,NA,NA,NA,NA,NA,NA,NA,NA,NA,NA,NA,NA,NA,NA,NA,NA,NA,1.58833652363866,149
"3584","Bella Coola-Dean Rivers-Chum","Chum",1961,149514,127291,NA,NA,NA,NA,NA,NA,NA,NA,NA,NA,NA,NA,NA,NA,NA,NA,NA,NA,NA,NA,NA,NA,NA,NA,NA,NA,NA,NA,NA,NA,NA,0.160914230003067,149
"3585","Bella Coola-Dean Rivers-Chum","Chum",1962,232377,122679,NA,NA,NA,NA,NA,NA,NA,NA,NA,NA,NA,NA,NA,NA,NA,NA,NA,NA,NA,NA,NA,NA,NA,NA,NA,NA,NA,NA,NA,NA,NA,0.638789864857482,149
"3586","Bella Coola-Dean Rivers-Chum","Chum",1963,200384,288454,NA,NA,NA,NA,NA,NA,NA,NA,NA,NA,NA,NA,NA,NA,NA,NA,NA,NA,NA,NA,NA,NA,NA,NA,NA,NA,NA,NA,NA,NA,NA,-0.364300102124164,149
"3587","Bella Coola-Dean Rivers-Chum","Chum",1964,394064,288454,NA,NA,NA,NA,NA,NA,NA,NA,NA,NA,NA,NA,NA,NA,NA,NA,NA,NA,NA,NA,NA,NA,NA,NA,NA,NA,NA,NA,NA,NA,NA,0.311977704826665,149
"3588","Bella Coola-Dean Rivers-Chum","Chum",1965,246300,12360,NA,NA,NA,NA,NA,NA,NA,NA,NA,NA,NA,NA,NA,NA,NA,NA,NA,NA,NA,NA,NA,NA,NA,NA,NA,NA,NA,NA,NA,NA,NA,2.99208485309695,149
"3589","Bella Coola-Dean Rivers-Chum","Chum",1966,386543,156808,NA,NA,NA,NA,NA,NA,NA,NA,NA,NA,NA,NA,NA,NA,NA,NA,NA,NA,NA,NA,NA,NA,NA,NA,NA,NA,NA,NA,NA,NA,NA,0.90222098966737,149
"3590","Bella Coola-Dean Rivers-Chum","Chum",1967,195551,90395,NA,NA,NA,NA,NA,NA,NA,NA,NA,NA,NA,NA,NA,NA,NA,NA,NA,NA,NA,NA,NA,NA,NA,NA,NA,NA,NA,NA,NA,NA,NA,0.771632258836111,149
"3591","Bella Coola-Dean Rivers-Chum","Chum",1968,375482,300886,NA,NA,NA,NA,NA,NA,NA,NA,NA,NA,NA,NA,NA,NA,NA,NA,NA,NA,NA,NA,NA,NA,NA,NA,NA,NA,NA,NA,NA,NA,NA,0.221479078501828,149
"3592","Bella Coola-Dean Rivers-Chum","Chum",1969,457428,99619,NA,NA,NA,NA,NA,NA,NA,NA,NA,NA,NA,NA,NA,NA,NA,NA,NA,NA,NA,NA,NA,NA,NA,NA,NA,NA,NA,NA,NA,NA,NA,1.52426658583152,149
"3593","Bella Coola-Dean Rivers-Chum","Chum",1970,311935,261505,NA,NA,NA,NA,NA,NA,NA,NA,NA,NA,NA,NA,NA,NA,NA,NA,NA,NA,NA,NA,NA,NA,NA,NA,NA,NA,NA,NA,NA,NA,NA,0.176341428990671,149
"3594","Bella Coola-Dean Rivers-Chum","Chum",1971,238287,68600,NA,NA,NA,NA,NA,NA,NA,NA,NA,NA,NA,NA,NA,NA,NA,NA,NA,NA,NA,NA,NA,NA,NA,NA,NA,NA,NA,NA,NA,NA,NA,1.24518329480044,149
"3595","Bella Coola-Dean Rivers-Chum","Chum",1972,367023,270909,NA,NA,NA,NA,NA,NA,NA,NA,NA,NA,NA,NA,NA,NA,NA,NA,NA,NA,NA,NA,NA,NA,NA,NA,NA,NA,NA,NA,NA,NA,NA,0.303641545260043,149
"3596","Bella Coola-Dean Rivers-Chum","Chum",1973,223152,323299,NA,NA,NA,NA,NA,NA,NA,NA,NA,NA,NA,NA,NA,NA,NA,NA,NA,NA,NA,NA,NA,NA,NA,NA,NA,NA,NA,NA,NA,NA,NA,-0.370724438007883,149
"3597","Bella Coola-Dean Rivers-Chum","Chum",1974,137679,159052,NA,NA,NA,NA,NA,NA,NA,NA,NA,NA,NA,NA,NA,NA,NA,NA,NA,NA,NA,NA,NA,NA,NA,NA,NA,NA,NA,NA,NA,NA,NA,-0.144306304120301,149
"3598","Bella Coola-Dean Rivers-Chum","Chum",1975,255192,107468,NA,NA,NA,NA,NA,NA,NA,NA,NA,NA,NA,NA,NA,NA,NA,NA,NA,NA,NA,NA,NA,NA,NA,NA,NA,NA,NA,NA,NA,NA,NA,0.864823074181606,149
"3599","Bella Coola-Dean Rivers-Chum","Chum",1976,280318,175531,NA,NA,NA,NA,NA,NA,NA,NA,NA,NA,NA,NA,NA,NA,NA,NA,NA,NA,NA,NA,NA,NA,NA,NA,NA,NA,NA,NA,NA,NA,NA,0.468109007535505,149
"3600","Bella Coola-Dean Rivers-Chum","Chum",1977,208525,139708,NA,NA,NA,NA,NA,NA,NA,NA,NA,NA,NA,NA,NA,NA,NA,NA,NA,NA,NA,NA,NA,NA,NA,NA,NA,NA,NA,NA,NA,NA,NA,0.400504407935293,149
"3601","Bella Coola-Dean Rivers-Chum","Chum",1978,255032,31345,NA,NA,NA,NA,NA,NA,NA,NA,NA,NA,NA,NA,NA,NA,NA,NA,NA,NA,NA,NA,NA,NA,NA,NA,NA,NA,NA,NA,NA,NA,NA,2.09633426275534,149
"3602","Bella Coola-Dean Rivers-Chum","Chum",1979,386456,128961,NA,NA,NA,NA,NA,NA,NA,NA,NA,NA,NA,NA,NA,NA,NA,NA,NA,NA,NA,NA,NA,NA,NA,NA,NA,NA,NA,NA,NA,NA,NA,1.09750798630293,149
"3603","Bella Coola-Dean Rivers-Chum","Chum",1980,293108,110450,NA,NA,NA,NA,NA,NA,NA,NA,NA,NA,NA,NA,NA,NA,NA,NA,NA,NA,NA,NA,NA,NA,NA,NA,NA,NA,NA,NA,NA,NA,NA,0.975978211916992,149
"3604","Bella Coola-Dean Rivers-Chum","Chum",1981,685843,56932,NA,NA,NA,NA,NA,NA,NA,NA,NA,NA,NA,NA,NA,NA,NA,NA,NA,NA,NA,NA,NA,NA,NA,NA,NA,NA,NA,NA,NA,NA,NA,2.48879116535062,149
"3605","Bella Coola-Dean Rivers-Chum","Chum",1982,1375406,128323,NA,NA,NA,NA,NA,NA,NA,NA,NA,NA,NA,NA,NA,NA,NA,NA,NA,NA,NA,NA,NA,NA,NA,NA,NA,NA,NA,NA,NA,NA,NA,2.37195371634624,149
"3606","Bella Coola-Dean Rivers-Chum","Chum",1983,794147,196414,NA,NA,NA,NA,NA,NA,NA,NA,NA,NA,NA,NA,NA,NA,NA,NA,NA,NA,NA,NA,NA,NA,NA,NA,NA,NA,NA,NA,NA,NA,NA,1.39704390617458,149
"3607","Bella Coola-Dean Rivers-Chum","Chum",1984,787760,155428,NA,NA,NA,NA,NA,NA,NA,NA,NA,NA,NA,NA,NA,NA,NA,NA,NA,NA,NA,NA,NA,NA,NA,NA,NA,NA,NA,NA,NA,NA,NA,1.62301087305632,149
"3608","Bella Coola-Dean Rivers-Chum","Chum",1985,521883,284596,NA,NA,NA,NA,NA,NA,NA,NA,NA,NA,NA,NA,NA,NA,NA,NA,NA,NA,NA,NA,NA,NA,NA,NA,NA,NA,NA,NA,NA,NA,NA,0.606372794085736,149
"3609","Bella Coola-Dean Rivers-Chum","Chum",1986,790825,399659,NA,NA,NA,NA,NA,NA,NA,NA,NA,NA,NA,NA,NA,NA,NA,NA,NA,NA,NA,NA,NA,NA,NA,NA,NA,NA,NA,NA,NA,NA,NA,0.682465020829452,149
"3610","Bella Coola-Dean Rivers-Chum","Chum",1987,355077,187383,NA,NA,NA,NA,NA,NA,NA,NA,NA,NA,NA,NA,NA,NA,NA,NA,NA,NA,NA,NA,NA,NA,NA,NA,NA,NA,NA,NA,NA,NA,NA,0.63918001672272,149
"3611","Bella Coola-Dean Rivers-Chum","Chum",1988,277755,264902,NA,NA,NA,NA,NA,NA,NA,NA,NA,NA,NA,NA,NA,NA,NA,NA,NA,NA,NA,NA,NA,NA,NA,NA,NA,NA,NA,NA,NA,NA,NA,0.0473794838894911,149
"3612","Bella Coola-Dean Rivers-Chum","Chum",1989,388137,183941,NA,NA,NA,NA,NA,NA,NA,NA,NA,NA,NA,NA,NA,NA,NA,NA,NA,NA,NA,NA,NA,NA,NA,NA,NA,NA,NA,NA,NA,NA,NA,0.74674331606902,149
"3613","Bella Coola-Dean Rivers-Chum","Chum",1990,727492,406566,NA,NA,NA,NA,NA,NA,NA,NA,NA,NA,NA,NA,NA,NA,NA,NA,NA,NA,NA,NA,NA,NA,NA,NA,NA,NA,NA,NA,NA,NA,NA,0.581856724989351,149
"3614","Bella Coola-Dean Rivers-Chum","Chum",1991,766835,86927,NA,NA,NA,NA,NA,NA,NA,NA,NA,NA,NA,NA,NA,NA,NA,NA,NA,NA,NA,NA,NA,NA,NA,NA,NA,NA,NA,NA,NA,NA,NA,2.17720296839585,149
"3615","Bella Coola-Dean Rivers-Chum","Chum",1992,511348,156028,NA,NA,NA,NA,NA,NA,NA,NA,NA,NA,NA,NA,NA,NA,NA,NA,NA,NA,NA,NA,NA,NA,NA,NA,NA,NA,NA,NA,NA,NA,NA,1.18701489770584,149
"3616","Bella Coola-Dean Rivers-Chum","Chum",1993,506765,200800,NA,NA,NA,NA,NA,NA,NA,NA,NA,NA,NA,NA,NA,NA,NA,NA,NA,NA,NA,NA,NA,NA,NA,NA,NA,NA,NA,NA,NA,NA,NA,0.925737997471124,149
"3617","Bella Coola-Dean Rivers-Chum","Chum",1994,847620,370024,NA,NA,NA,NA,NA,NA,NA,NA,NA,NA,NA,NA,NA,NA,NA,NA,NA,NA,NA,NA,NA,NA,NA,NA,NA,NA,NA,NA,NA,NA,NA,0.828864553752127,149
"3618","Bella Coola-Dean Rivers-Chum","Chum",1995,517509,274483,NA,NA,NA,NA,NA,NA,NA,NA,NA,NA,NA,NA,NA,NA,NA,NA,NA,NA,NA,NA,NA,NA,NA,NA,NA,NA,NA,NA,NA,NA,NA,0.634137588044092,149
"3619","Bella Coola-Dean Rivers-Chum","Chum",1996,308181,263415,NA,NA,NA,NA,NA,NA,NA,NA,NA,NA,NA,NA,NA,NA,NA,NA,NA,NA,NA,NA,NA,NA,NA,NA,NA,NA,NA,NA,NA,NA,NA,0.156956537409417,149
"3620","Bella Coola-Dean Rivers-Chum","Chum",1997,441470,272723,NA,NA,NA,NA,NA,NA,NA,NA,NA,NA,NA,NA,NA,NA,NA,NA,NA,NA,NA,NA,NA,NA,NA,NA,NA,NA,NA,NA,NA,NA,NA,0.481653439502936,149
"3621","Bella Coola-Dean Rivers-Chum","Chum",1998,629981,469829,NA,NA,NA,NA,NA,NA,NA,NA,NA,NA,NA,NA,NA,NA,NA,NA,NA,NA,NA,NA,NA,NA,NA,NA,NA,NA,NA,NA,NA,NA,NA,0.293320861485881,149
"3622","Bella Coola-Dean Rivers-Chum","Chum",1999,981410,283279,NA,NA,NA,NA,NA,NA,NA,NA,NA,NA,NA,NA,NA,NA,NA,NA,NA,NA,NA,NA,NA,NA,NA,NA,NA,NA,NA,NA,NA,NA,NA,1.24255803540789,149
"3623","Bella Coola-Dean Rivers-Chum","Chum",2000,939253,222617,NA,NA,NA,NA,NA,NA,NA,NA,NA,NA,NA,NA,NA,NA,NA,NA,NA,NA,NA,NA,NA,NA,NA,NA,NA,NA,NA,NA,NA,NA,NA,1.43963207239067,149
"3624","Bella Coola-Dean Rivers-Chum","Chum",2001,481526,240897,NA,NA,NA,NA,NA,NA,NA,NA,NA,NA,NA,NA,NA,NA,NA,NA,NA,NA,NA,NA,NA,NA,NA,NA,NA,NA,NA,NA,NA,NA,NA,0.692590771460344,149
"3625","Bella Coola-Dean Rivers-Chum","Chum",2002,450449,321438,NA,NA,NA,NA,NA,NA,NA,NA,NA,NA,NA,NA,NA,NA,NA,NA,NA,NA,NA,NA,NA,NA,NA,NA,NA,NA,NA,NA,NA,NA,NA,0.337440184046493,149
"3626","Bella Coola-Dean Rivers-Chum","Chum",2003,358757,549596,NA,NA,NA,NA,NA,NA,NA,NA,NA,NA,NA,NA,NA,NA,NA,NA,NA,NA,NA,NA,NA,NA,NA,NA,NA,NA,NA,NA,NA,NA,NA,-0.426538183782684,149
"3627","Bella Coola-Dean Rivers-Chum","Chum",2004,125077,376316,NA,NA,NA,NA,NA,NA,NA,NA,NA,NA,NA,NA,NA,NA,NA,NA,NA,NA,NA,NA,NA,NA,NA,NA,NA,NA,NA,NA,NA,NA,NA,-1.10149966830984,149
"3628","Bella Coola-Dean Rivers-Chum","Chum",2005,92348,183604,NA,NA,NA,NA,NA,NA,NA,NA,NA,NA,NA,NA,NA,NA,NA,NA,NA,NA,NA,NA,NA,NA,NA,NA,NA,NA,NA,NA,NA,NA,NA,-0.687217214771365,149
"3629","Bella Coola-Dean Rivers-Chum","Chum",2006,63584,232645,NA,NA,NA,NA,NA,NA,NA,NA,NA,NA,NA,NA,NA,NA,NA,NA,NA,NA,NA,NA,NA,NA,NA,NA,NA,NA,NA,NA,NA,NA,NA,-1.29715182017945,149
"3630","Bella Coola-Dean Rivers-Chum","Chum",2007,246594,191709,NA,NA,NA,NA,NA,NA,NA,NA,NA,NA,NA,NA,NA,NA,NA,NA,NA,NA,NA,NA,NA,NA,NA,NA,NA,NA,NA,NA,NA,NA,NA,0.251764662227633,149
"3631","Bella Coola-Dean Rivers-Chum","Chum",2008,293081,64755,NA,NA,NA,NA,NA,NA,NA,NA,NA,NA,NA,NA,NA,NA,NA,NA,NA,NA,NA,NA,NA,NA,NA,NA,NA,NA,NA,NA,NA,NA,NA,1.50983810364806,149
"3632","Bella Coola-Dean Rivers-Chum","Chum",2009,427840,78888,NA,NA,NA,NA,NA,NA,NA,NA,NA,NA,NA,NA,NA,NA,NA,NA,NA,NA,NA,NA,NA,NA,NA,NA,NA,NA,NA,NA,NA,NA,NA,1.69072016888355,149
"3633","Bella Coola-Dean Rivers-Chum","Chum",2010,204604,22634,NA,NA,NA,NA,NA,NA,NA,NA,NA,NA,NA,NA,NA,NA,NA,NA,NA,NA,NA,NA,NA,NA,NA,NA,NA,NA,NA,NA,NA,NA,NA,2.2016232031248,149
"3634","Bella Coola-Dean Rivers-Chum","Chum",2011,598756,272837,NA,NA,NA,NA,NA,NA,NA,NA,NA,NA,NA,NA,NA,NA,NA,NA,NA,NA,NA,NA,NA,NA,NA,NA,NA,NA,NA,NA,NA,NA,NA,0.785979622280887,149
"3635","Bella Coola-Dean Rivers-Chum","Chum",2012,891797,158447,NA,NA,NA,NA,NA,NA,NA,NA,NA,NA,NA,NA,NA,NA,NA,NA,NA,NA,NA,NA,NA,NA,NA,NA,NA,NA,NA,NA,NA,NA,NA,1.72781837566455,149
"3636","Bella Coola-Dean Rivers-Chum","Chum",2013,780460,259153,NA,NA,NA,NA,NA,NA,NA,NA,NA,NA,NA,NA,NA,NA,NA,NA,NA,NA,NA,NA,NA,NA,NA,NA,NA,NA,NA,NA,NA,NA,NA,1.1024648685671,149
"3637","Bella Coola-Dean Rivers-Chum","Chum",2014,627994,54748,NA,NA,NA,NA,NA,NA,NA,NA,NA,NA,NA,NA,NA,NA,NA,NA,NA,NA,NA,NA,NA,NA,NA,NA,NA,NA,NA,NA,NA,NA,NA,2.43978977393341,149
"3638","Bella Coola-Dean Rivers-Chum","Chum",2015,315829,215528,NA,NA,NA,NA,NA,NA,NA,NA,NA,NA,NA,NA,NA,NA,NA,NA,NA,NA,NA,NA,NA,NA,NA,NA,NA,NA,NA,NA,NA,NA,NA,0.382110096379713,149
"3639","Bella Coola-Dean Rivers-Chum","Chum",2016,81540,369405,NA,NA,NA,NA,NA,NA,NA,NA,NA,NA,NA,NA,NA,NA,NA,NA,NA,NA,NA,NA,NA,NA,NA,NA,NA,NA,NA,NA,NA,NA,NA,-1.51079990574534,149
"3640","Hecate Lowlands-Chum","Chum",1954,590819,317836,NA,NA,234017.3145,354182.5139,2140.121737,478.6378388,0,NA,NA,NA,NA,NA,NA,NA,NA,NA,NA,NA,NA,NA,NA,NA,NA,NA,NA,NA,NA,NA,NA,NA,NA,0.619974183444704,150
"3641","Hecate Lowlands-Chum","Chum",1955,205993,102379,NA,NA,159715.9427,22029.4123,24051.5514,196.5865131,0,NA,NA,NA,NA,NA,NA,NA,NA,NA,NA,NA,NA,NA,NA,NA,NA,NA,NA,NA,NA,NA,NA,NA,NA,0.69916057418069,150
"3642","Hecate Lowlands-Chum","Chum",1956,267833,96632,NA,NA,9933.997911,247575.4221,9878.472282,445.5761149,0,NA,NA,NA,NA,NA,NA,NA,NA,NA,NA,NA,NA,NA,NA,NA,NA,NA,NA,NA,NA,NA,NA,NA,NA,1.01945370265063,150
"3643","Hecate Lowlands-Chum","Chum",1957,236011,313302,NA,NA,111642.2759,101684.3739,22390.19978,294.3934641,0,NA,NA,NA,NA,NA,NA,NA,NA,NA,NA,NA,NA,NA,NA,NA,NA,NA,NA,NA,NA,NA,NA,NA,NA,-0.283289167486725,150
"3644","Hecate Lowlands-Chum","Chum",1958,292014,219751,NA,NA,45853.80417,230474.2454,14793.27157,892.5229754,0,NA,NA,NA,NA,NA,NA,NA,NA,NA,NA,NA,NA,NA,NA,NA,NA,NA,NA,NA,NA,NA,NA,NA,NA,0.284306659143783,150
"3645","Hecate Lowlands-Chum","Chum",1959,301273,20270,NA,NA,103930.6288,152275.0193,44849.27951,218.3057272,0,NA,NA,NA,NA,NA,NA,NA,NA,NA,NA,NA,NA,NA,NA,NA,NA,NA,NA,NA,NA,NA,NA,NA,NA,2.69887486997427,150
"3646","Hecate Lowlands-Chum","Chum",1960,541566,174546,NA,NA,68667.27551,461657.509,10969.86279,271.2658328,0,NA,NA,NA,NA,NA,NA,NA,NA,NA,NA,NA,NA,NA,NA,NA,NA,NA,NA,NA,NA,NA,NA,NA,NA,1.13227662545177,150
"3647","Hecate Lowlands-Chum","Chum",1961,334951,90171,NA,NA,208180.984,112918.6374,13631.1081,220.2918772,0,NA,NA,NA,NA,NA,NA,NA,NA,NA,NA,NA,NA,NA,NA,NA,NA,NA,NA,NA,NA,NA,NA,NA,NA,1.3122763848567,150
"3648","Hecate Lowlands-Chum","Chum",1962,202827,196452,NA,NA,50919.81087,140312.252,11069.66683,525.349146,0,NA,NA,NA,NA,NA,NA,NA,NA,NA,NA,NA,NA,NA,NA,NA,NA,NA,NA,NA,NA,NA,NA,NA,NA,0.0319352722896744,150
"3649","Hecate Lowlands-Chum","Chum",1963,203772,120056,NA,NA,63272.7555,113945.9735,26398.79458,154.9153856,0,NA,NA,NA,NA,NA,NA,NA,NA,NA,NA,NA,NA,NA,NA,NA,NA,NA,NA,NA,NA,NA,NA,NA,NA,0.529043421158476,150
"3650","Hecate Lowlands-Chum","Chum",1964,331445,316082,NA,NA,51383.08036,271736.8457,7784.498125,540.4889921,0,NA,NA,NA,NA,NA,NA,NA,NA,NA,NA,NA,NA,NA,NA,NA,NA,NA,NA,NA,NA,NA,NA,NA,NA,0.0474602097469201,150
"3651","Hecate Lowlands-Chum","Chum",1965,230112,92299,NA,NA,122537.6883,80129.98319,27159.57185,284.5325852,0,NA,NA,NA,NA,NA,NA,NA,NA,NA,NA,NA,NA,NA,NA,NA,NA,NA,NA,NA,NA,NA,NA,NA,NA,0.913532839706154,150
"3652","Hecate Lowlands-Chum","Chum",1966,330476,106039,NA,NA,36134.01369,279567.9312,14297.76241,475.9320031,0,NA,NA,NA,NA,NA,NA,NA,NA,NA,NA,NA,NA,NA,NA,NA,NA,NA,NA,NA,NA,NA,NA,NA,NA,1.13672708843565,150
"3653","Hecate Lowlands-Chum","Chum",1967,297719,102779,NA,NA,126069.0574,147174.4797,23915.58316,560.1329215,0,NA,NA,NA,NA,NA,NA,NA,NA,NA,NA,NA,NA,NA,NA,NA,NA,NA,NA,NA,NA,NA,NA,NA,NA,1.063569036628,150
"3654","Hecate Lowlands-Chum","Chum",1968,340849,162700,NA,NA,66367.22551,246175.8286,28146.6793,159.0806637,0,NA,NA,NA,NA,NA,NA,NA,NA,NA,NA,NA,NA,NA,NA,NA,NA,NA,NA,NA,NA,NA,NA,NA,NA,0.739531549737633,150
"3655","Hecate Lowlands-Chum","Chum",1969,408916,57994,NA,NA,111011.1397,289728.7536,7993.803349,181.9021447,0,NA,NA,NA,NA,NA,NA,NA,NA,NA,NA,NA,NA,NA,NA,NA,NA,NA,NA,NA,NA,NA,NA,NA,NA,1.95317019905713,150
"3656","Hecate Lowlands-Chum","Chum",1970,222159,134960,NA,NA,130651.0039,82284.47328,9140.582769,83.22830842,0,NA,NA,NA,NA,NA,NA,NA,NA,NA,NA,NA,NA,NA,NA,NA,NA,NA,NA,NA,NA,NA,NA,NA,NA,0.498414903490348,150
"3657","Hecate Lowlands-Chum","Chum",1971,135656,103593,NA,NA,37105.5648,94088.88432,4182.222498,279.2368156,0,NA,NA,NA,NA,NA,NA,NA,NA,NA,NA,NA,NA,NA,NA,NA,NA,NA,NA,NA,NA,NA,NA,NA,NA,0.269652509629802,150
"3658","Hecate Lowlands-Chum","Chum",1972,99852,125555,NA,NA,42428.67524,43049.84253,14031.64998,341.7766861,0,NA,NA,NA,NA,NA,NA,NA,NA,NA,NA,NA,NA,NA,NA,NA,NA,NA,NA,NA,NA,NA,NA,NA,NA,-0.229054819875323,150
"3659","Hecate Lowlands-Chum","Chum",1973,181247,183181,NA,NA,19413.00294,144435.2429,17174.27848,224.9430815,0,NA,NA,NA,NA,NA,NA,NA,NA,NA,NA,NA,NA,NA,NA,NA,NA,NA,NA,NA,NA,NA,NA,NA,NA,-0.0106139931975323,150
"3660","Hecate Lowlands-Chum","Chum",1974,253462,60537,NA,NA,65131.98724,176783.9909,11303.38984,242.3974856,0,NA,NA,NA,NA,NA,NA,NA,NA,NA,NA,NA,NA,NA,NA,NA,NA,NA,NA,NA,NA,NA,NA,NA,NA,1.43195916206238,150
"3661","Hecate Lowlands-Chum","Chum",1975,208489,89828,NA,NA,79719.41203,116351.8089,12180.47365,237.064773,0,NA,NA,NA,NA,NA,NA,NA,NA,NA,NA,NA,NA,NA,NA,NA,NA,NA,NA,NA,NA,NA,NA,NA,NA,0.841989551337055,150
"3662","Hecate Lowlands-Chum","Chum",1976,190077,44475,NA,NA,52467.97375,125380.0994,11912.50484,316.7298499,0,NA,NA,NA,NA,NA,NA,NA,NA,NA,NA,NA,NA,NA,NA,NA,NA,NA,NA,NA,NA,NA,NA,NA,NA,1.45250201966955,150
"3663","Hecate Lowlands-Chum","Chum",1977,195318,108475,NA,NA,56539.21352,122621.7538,15915.67496,241.8260767,0,NA,NA,NA,NA,NA,NA,NA,NA,NA,NA,NA,NA,NA,NA,NA,NA,NA,NA,NA,NA,NA,NA,NA,NA,0.588109267849821,150
"3664","Hecate Lowlands-Chum","Chum",1978,231551,111804,NA,NA,55295.35831,163828.5149,12151.76036,275.1132025,0,NA,NA,NA,NA,NA,NA,NA,NA,NA,NA,NA,NA,NA,NA,NA,NA,NA,NA,NA,NA,NA,NA,NA,NA,0.728052813382805,150
"3665","Hecate Lowlands-Chum","Chum",1979,213273,91316,NA,NA,73877.2375,125084.5382,13824.43842,486.5025891,0,NA,NA,NA,NA,NA,NA,NA,NA,NA,NA,NA,NA,NA,NA,NA,NA,NA,NA,NA,NA,NA,NA,NA,NA,0.848247016499245,150
"3666","Hecate Lowlands-Chum","Chum",1980,223681,60249,NA,NA,56405.93239,142302.304,24446.7551,525.9396761,0,NA,NA,NA,NA,NA,NA,NA,NA,NA,NA,NA,NA,NA,NA,NA,NA,NA,NA,NA,NA,NA,NA,NA,NA,1.31173495498519,150
"3667","Hecate Lowlands-Chum","Chum",1981,342517,82515,NA,NA,64170.15448,251643.4642,26428.46873,275.3435955,0,NA,NA,NA,NA,NA,NA,NA,NA,NA,NA,NA,NA,NA,NA,NA,NA,NA,NA,NA,NA,NA,NA,NA,NA,1.42334119651147,150
"3668","Hecate Lowlands-Chum","Chum",1982,399746,111993,NA,NA,113476.7289,272042.2975,13836.01567,390.9298656,0,NA,NA,NA,NA,NA,NA,NA,NA,NA,NA,NA,NA,NA,NA,NA,NA,NA,NA,NA,NA,NA,NA,NA,NA,1.2723929760682,150
"3669","Hecate Lowlands-Chum","Chum",1983,285032,86066,NA,NA,122675.4295,142421.4747,19644.22575,291.0533364,0,NA,NA,NA,NA,NA,NA,NA,NA,NA,NA,NA,NA,NA,NA,NA,NA,NA,NA,NA,NA,NA,NA,NA,NA,1.19748701088635,150
"3670","Hecate Lowlands-Chum","Chum",1984,281523,95607,NA,NA,64223.89364,202208.473,14625.43016,465.1843931,0,NA,NA,NA,NA,NA,NA,NA,NA,NA,NA,NA,NA,NA,NA,NA,NA,NA,NA,NA,NA,NA,NA,NA,NA,1.07996811025894,150
"3671","Hecate Lowlands-Chum","Chum",1985,265350,177644,NA,NA,91184.39115,150547.3383,23375.51575,242.9486118,0,NA,NA,NA,NA,NA,NA,NA,NA,NA,NA,NA,NA,NA,NA,NA,NA,NA,NA,NA,NA,NA,NA,NA,NA,0.401268161652492,150
"3672","Hecate Lowlands-Chum","Chum",1986,320892,165520,NA,NA,67888.19072,240616.6273,12208.16774,178.8949798,0,NA,NA,NA,NA,NA,NA,NA,NA,NA,NA,NA,NA,NA,NA,NA,NA,NA,NA,NA,NA,NA,NA,NA,NA,0.66201258448307,150
"3673","Hecate Lowlands-Chum","Chum",1987,243375,93612,NA,NA,108504.2597,125665.1695,8989.472737,216.4122536,0,NA,NA,NA,NA,NA,NA,NA,NA,NA,NA,NA,NA,NA,NA,NA,NA,NA,NA,NA,NA,NA,NA,NA,NA,0.955444883298187,150
"3674","Hecate Lowlands-Chum","Chum",1988,160345,137354,NA,NA,56667.7637,92533.42833,10874.71575,269.2764135,0,NA,NA,NA,NA,NA,NA,NA,NA,NA,NA,NA,NA,NA,NA,NA,NA,NA,NA,NA,NA,NA,NA,NA,NA,0.154766209066655,150
"3675","Hecate Lowlands-Chum","Chum",1989,167569,123090,NA,NA,41727.25405,111939.2382,13531.13978,371.2854392,0,NA,NA,NA,NA,NA,NA,NA,NA,NA,NA,NA,NA,NA,NA,NA,NA,NA,NA,NA,NA,NA,NA,NA,NA,0.308479411617314,150
"3676","Hecate Lowlands-Chum","Chum",1990,208765,167413,NA,NA,50478.15816,139283.2249,18657.09332,346.8412066,0,NA,NA,NA,NA,NA,NA,NA,NA,NA,NA,NA,NA,NA,NA,NA,NA,NA,NA,NA,NA,NA,NA,NA,NA,0.220745404093261,150
"3677","Hecate Lowlands-Chum","Chum",1991,272502,87061,NA,NA,62808.72345,192047.3934,17428.77063,217.4464495,0,NA,NA,NA,NA,NA,NA,NA,NA,NA,NA,NA,NA,NA,NA,NA,NA,NA,NA,NA,NA,NA,NA,NA,NA,1.14103693113646,150
"3678","Hecate Lowlands-Chum","Chum",1992,277419,48539,NA,NA,86602.32868,179403.6141,10926.68409,486.4478129,0,NA,NA,NA,NA,NA,NA,NA,NA,NA,NA,NA,NA,NA,NA,NA,NA,NA,NA,NA,NA,NA,NA,NA,NA,1.74316140016535,150
"3679","Hecate Lowlands-Chum","Chum",1993,217927,72527,NA,NA,80900.71144,112474.176,24444.0026,108.1035001,0,NA,NA,NA,NA,NA,NA,NA,NA,NA,NA,NA,NA,NA,NA,NA,NA,NA,NA,NA,NA,NA,NA,NA,NA,1.10020123799991,150
"3680","Hecate Lowlands-Chum","Chum",1994,307886,71838,NA,NA,50719.38434,251615.1312,5432.200881,119.7600075,0,NA,NA,NA,NA,NA,NA,NA,NA,NA,NA,NA,NA,NA,NA,NA,NA,NA,NA,NA,NA,NA,NA,NA,NA,1.45531600062572,150
"3681","Hecate Lowlands-Chum","Chum",1995,175576,123601,NA,NA,113463.9524,55916.53543,6017.940379,177.8719876,0,NA,NA,NA,NA,NA,NA,NA,NA,NA,NA,NA,NA,NA,NA,NA,NA,NA,NA,NA,NA,NA,NA,NA,NA,0.351013361994809,150
"3682","Hecate Lowlands-Chum","Chum",1996,96353,125002,NA,NA,25215.1414,61945.8639,8938.067375,253.6973393,0,NA,NA,NA,NA,NA,NA,NA,NA,NA,NA,NA,NA,NA,NA,NA,NA,NA,NA,NA,NA,NA,NA,NA,NA,-0.26031120631708,150
"3683","Hecate Lowlands-Chum","Chum",1997,132923,104523,NA,NA,27934.02176,92004.28556,12748.2913,236.7282431,0,NA,NA,NA,NA,NA,NA,NA,NA,NA,NA,NA,NA,NA,NA,NA,NA,NA,NA,NA,NA,NA,NA,NA,NA,0.240362870317451,150
"3684","Hecate Lowlands-Chum","Chum",1998,184892,275999,NA,NA,41488.6411,131224.9487,11895.59422,283.1591924,0,NA,NA,NA,NA,NA,NA,NA,NA,NA,NA,NA,NA,NA,NA,NA,NA,NA,NA,NA,NA,NA,NA,NA,NA,-0.40062537169574,150
"3685","Hecate Lowlands-Chum","Chum",1999,196000,67194,NA,NA,59174.90439,122447.6838,14228.74942,148.4420925,0,NA,NA,NA,NA,NA,NA,NA,NA,NA,NA,NA,NA,NA,NA,NA,NA,NA,NA,NA,NA,NA,NA,NA,NA,1.07053070140191,150
"3686","Hecate Lowlands-Chum","Chum",2000,209327,54349,NA,NA,55216.86271,146464.0923,7459.215146,186.609731,0,NA,NA,NA,NA,NA,NA,NA,NA,NA,NA,NA,NA,NA,NA,NA,NA,NA,NA,NA,NA,NA,NA,NA,NA,1.34847140843141,150
"3687","Hecate Lowlands-Chum","Chum",2001,152289,88559,NA,NA,66046.88162,76781.67233,9377.138983,83.00449839,0,NA,NA,NA,NA,NA,NA,NA,NA,NA,NA,NA,NA,NA,NA,NA,NA,NA,NA,NA,NA,NA,NA,NA,NA,0.542111034865665,150
"3688","Hecate Lowlands-Chum","Chum",2002,135421,118472,NA,NA,34624.11807,96523.88336,4170.976044,102.4247947,0,NA,NA,NA,NA,NA,NA,NA,NA,NA,NA,NA,NA,NA,NA,NA,NA,NA,NA,NA,NA,NA,NA,NA,NA,0.133711798728646,150
"3689","Hecate Lowlands-Chum","Chum",2003,91791,128379,NA,NA,43526.71976,42934.07679,5146.845935,183.6521859,0,NA,NA,NA,NA,NA,NA,NA,NA,NA,NA,NA,NA,NA,NA,NA,NA,NA,NA,NA,NA,NA,NA,NA,NA,-0.335472572873402,150
"3690","Hecate Lowlands-Chum","Chum",2004,81692,144563,NA,NA,19360.79925,52979.22507,9228.522342,123.3778324,0,NA,NA,NA,NA,NA,NA,NA,NA,NA,NA,NA,NA,NA,NA,NA,NA,NA,NA,NA,NA,NA,NA,NA,NA,-0.570759320842395,150
"3691","Hecate Lowlands-Chum","Chum",2005,125241,84577,NA,NA,23890.58337,94994.09317,6199.736078,156.0967106,0,NA,NA,NA,NA,NA,NA,NA,NA,NA,NA,NA,NA,NA,NA,NA,NA,NA,NA,NA,NA,NA,NA,NA,NA,0.392577519058577,150
"3692","Hecate Lowlands-Chum","Chum",2006,114613,112007,NA,NA,42836.87237,63817.18381,7843.859707,114.7128529,0,NA,NA,NA,NA,NA,NA,NA,NA,NA,NA,NA,NA,NA,NA,NA,NA,NA,NA,NA,NA,NA,NA,NA,NA,0.022999866550355,150
"3693","Hecate Lowlands-Chum","Chum",2007,115414,57780,NA,NA,28777.87941,80741.02355,5764.320858,130.8712394,0,NA,NA,NA,NA,NA,NA,NA,NA,NA,NA,NA,NA,NA,NA,NA,NA,NA,NA,NA,NA,NA,NA,NA,NA,0.691882968835291,150
"3694","Hecate Lowlands-Chum","Chum",2008,102413,74906,NA,NA,36409.55775,59335.22316,6576.279777,92.25015024,0,NA,NA,NA,NA,NA,NA,NA,NA,NA,NA,NA,NA,NA,NA,NA,NA,NA,NA,NA,NA,NA,NA,NA,NA,0.312779663548668,150
"3695","Hecate Lowlands-Chum","Chum",2009,99292,123418,NA,NA,26756.77294,67693.14856,4635.570049,206.2420986,0,NA,NA,NA,NA,NA,NA,NA,NA,NA,NA,NA,NA,NA,NA,NA,NA,NA,NA,NA,NA,NA,NA,NA,NA,-0.217511964074538,150
"3696","Hecate Lowlands-Chum","Chum",2010,88677,88513,NA,NA,30525.71658,47716.39021,10363.66545,70.91179956,0,NA,NA,NA,NA,NA,NA,NA,NA,NA,NA,NA,NA,NA,NA,NA,NA,NA,NA,NA,NA,NA,NA,NA,NA,0.00185112079497554,150
"3697","Hecate Lowlands-Chum","Chum",2011,131867,114151,NA,NA,21517.34754,106678.7255,3563.317928,107.130655,0,NA,NA,NA,NA,NA,NA,NA,NA,NA,NA,NA,NA,NA,NA,NA,NA,NA,NA,NA,NA,NA,NA,NA,NA,0.144271705542706,150
"3698","Hecate Lowlands-Chum","Chum",2012,90266,74894,NA,NA,48105.96949,36679.12832,5383.315416,97.10699174,0,NA,NA,NA,NA,NA,NA,NA,NA,NA,NA,NA,NA,NA,NA,NA,NA,NA,NA,NA,NA,NA,NA,NA,NA,0.186687086312992,150
"3699","Hecate Lowlands-Chum","Chum",2013,76871,83848,NA,NA,16540.17725,55413.33132,4879.626335,38.2157858,0,NA,NA,NA,NA,NA,NA,NA,NA,NA,NA,NA,NA,NA,NA,NA,NA,NA,NA,NA,NA,NA,NA,NA,NA,-0.0868769436152581,150
"3700","Hecate Lowlands-Chum","Chum",2014,77156,61668,NA,NA,24988.22529,50228.59148,1920.343236,19.31157282,0,NA,NA,NA,NA,NA,NA,NA,NA,NA,NA,NA,NA,NA,NA,NA,NA,NA,NA,NA,NA,NA,NA,NA,NA,0.224064188563901,150
"3701","Hecate Lowlands-Chum","Chum",2015,43448,92145,NA,NA,22650.20582,19767.11521,970.4065342,60.01653643,NA,NA,NA,NA,NA,NA,NA,NA,NA,NA,NA,NA,NA,NA,NA,NA,NA,NA,NA,NA,NA,NA,NA,NA,NA,-0.751798602551456,150
"3702","Hecate Lowlands-Chum","Chum",2016,21919,40571,NA,NA,NA,NA,NA,NA,NA,NA,NA,NA,NA,NA,NA,NA,NA,NA,NA,NA,NA,NA,NA,NA,NA,NA,NA,NA,NA,NA,NA,NA,NA,-0.615699685068603,150
"3703","Mussel-Kynoch-Chum","Chum",1954,352744,164097,NA,NA,45194.11021,303211.8938,4090.59084,247.4913719,0,NA,NA,NA,NA,NA,NA,NA,NA,NA,NA,NA,NA,NA,NA,NA,NA,NA,NA,NA,NA,NA,NA,NA,NA,0.765284864981654,151
"3704","Mussel-Kynoch-Chum","Chum",1955,180032,106055,NA,NA,127331.0615,40854.12876,11731.09103,115.3743418,0,NA,NA,NA,NA,NA,NA,NA,NA,NA,NA,NA,NA,NA,NA,NA,NA,NA,NA,NA,NA,NA,NA,NA,NA,0.529176785396212,151
"3705","Mussel-Kynoch-Chum","Chum",1956,140112,49517,NA,NA,17156.3177,117162.4154,5468.7438,324.4195895,0,NA,NA,NA,NA,NA,NA,NA,NA,NA,NA,NA,NA,NA,NA,NA,NA,NA,NA,NA,NA,NA,NA,NA,NA,1.04012605782186,151
"3706","Mussel-Kynoch-Chum","Chum",1957,119421,71263,NA,NA,49201.28472,54618.2134,15377.48854,223.9938842,0,NA,NA,NA,NA,NA,NA,NA,NA,NA,NA,NA,NA,NA,NA,NA,NA,NA,NA,NA,NA,NA,NA,NA,NA,0.516277806244505,151
"3707","Mussel-Kynoch-Chum","Chum",1958,187459,257333,NA,NA,22936.41914,153580.2336,10617.31011,324.6767596,0,NA,NA,NA,NA,NA,NA,NA,NA,NA,NA,NA,NA,NA,NA,NA,NA,NA,NA,NA,NA,NA,NA,NA,NA,-0.316810811186283,151
"3708","Mussel-Kynoch-Chum","Chum",1959,186044,41881,NA,NA,64494.61438,106038.7048,15389.67841,120.9041659,0,NA,NA,NA,NA,NA,NA,NA,NA,NA,NA,NA,NA,NA,NA,NA,NA,NA,NA,NA,NA,NA,NA,NA,NA,1.49115094141408,151
"3709","Mussel-Kynoch-Chum","Chum",1960,204187,110958,NA,NA,44529.98418,153701.978,5730.857464,224.1512593,0,NA,NA,NA,NA,NA,NA,NA,NA,NA,NA,NA,NA,NA,NA,NA,NA,NA,NA,NA,NA,NA,NA,NA,NA,0.609884489297775,151
"3710","Mussel-Kynoch-Chum","Chum",1961,132672,43575,NA,NA,64545.73982,57236.03214,10624.76969,265.2001767,0,NA,NA,NA,NA,NA,NA,NA,NA,NA,NA,NA,NA,NA,NA,NA,NA,NA,NA,NA,NA,NA,NA,NA,NA,1.11339632540723,151
"3711","Mussel-Kynoch-Chum","Chum",1962,143139,144468,NA,NA,24035.74818,106113.2062,12570.48838,419.7939787,0,NA,NA,NA,NA,NA,NA,NA,NA,NA,NA,NA,NA,NA,NA,NA,NA,NA,NA,NA,NA,NA,NA,NA,NA,-0.00924184362223023,151
"3712","Mussel-Kynoch-Chum","Chum",1963,190180,90974,NA,NA,44561.27036,125545.7636,19898.23459,174.4162799,0,NA,NA,NA,NA,NA,NA,NA,NA,NA,NA,NA,NA,NA,NA,NA,NA,NA,NA,NA,NA,NA,NA,NA,NA,0.737397240704265,151
"3713","Mussel-Kynoch-Chum","Chum",1964,260175,137889,NA,NA,52721.79513,198730.4695,8267.331668,455.3344079,0,NA,NA,NA,NA,NA,NA,NA,NA,NA,NA,NA,NA,NA,NA,NA,NA,NA,NA,NA,NA,NA,NA,NA,NA,0.634905467854087,151
"3714","Mussel-Kynoch-Chum","Chum",1965,187799,53604,NA,NA,83455.04297,82568.66692,21582.85093,192.8552631,0,NA,NA,NA,NA,NA,NA,NA,NA,NA,NA,NA,NA,NA,NA,NA,NA,NA,NA,NA,NA,NA,NA,NA,NA,1.25374854978837,151
"3715","Mussel-Kynoch-Chum","Chum",1966,259752,112424,NA,NA,34673.95645,215555.3087,9141.339472,381.8865237,0,NA,NA,NA,NA,NA,NA,NA,NA,NA,NA,NA,NA,NA,NA,NA,NA,NA,NA,NA,NA,NA,NA,NA,NA,0.837449891862511,151
"3716","Mussel-Kynoch-Chum","Chum",1967,200472,157580,NA,NA,90520.48028,91297.68156,18101.42122,552.207312,0,NA,NA,NA,NA,NA,NA,NA,NA,NA,NA,NA,NA,NA,NA,NA,NA,NA,NA,NA,NA,NA,NA,NA,NA,0.240741320304173,151
"3717","Mussel-Kynoch-Chum","Chum",1968,245708,194804,NA,NA,38339.62631,180785.0803,26174.62659,408.2820828,0,NA,NA,NA,NA,NA,NA,NA,NA,NA,NA,NA,NA,NA,NA,NA,NA,NA,NA,NA,NA,NA,NA,NA,NA,0.232149914151106,151
"3718","Mussel-Kynoch-Chum","Chum",1969,356829,80418,NA,NA,75919.04092,261414.9415,19352.57072,142.0181945,0,NA,NA,NA,NA,NA,NA,NA,NA,NA,NA,NA,NA,NA,NA,NA,NA,NA,NA,NA,NA,NA,NA,NA,NA,1.49001864370547,151
"3719","Mussel-Kynoch-Chum","Chum",1970,309870,120561,NA,NA,109778.8136,193280.738,6731.662419,78.49673365,0,NA,NA,NA,NA,NA,NA,NA,NA,NA,NA,NA,NA,NA,NA,NA,NA,NA,NA,NA,NA,NA,NA,NA,NA,0.943997005777729,151
"3720","Mussel-Kynoch-Chum","Chum",1971,152148,81437,NA,NA,81166.47805,67231.41327,3720.745175,29.72128629,0,NA,NA,NA,NA,NA,NA,NA,NA,NA,NA,NA,NA,NA,NA,NA,NA,NA,NA,NA,NA,NA,NA,NA,NA,0.625024016145262,151
"3721","Mussel-Kynoch-Chum","Chum",1972,67106,118310,NA,NA,28233.21706,37160.35371,1408.78897,303.3941718,0,NA,NA,NA,NA,NA,NA,NA,NA,NA,NA,NA,NA,NA,NA,NA,NA,NA,NA,NA,NA,NA,NA,NA,NA,-0.567034839507612,151
"3722","Mussel-Kynoch-Chum","Chum",1973,44181,212839,NA,NA,15605.15065,14070.05693,14380.88374,124.9688659,0,NA,NA,NA,NA,NA,NA,NA,NA,NA,NA,NA,NA,NA,NA,NA,NA,NA,NA,NA,NA,NA,NA,NA,NA,-1.57224117894003,151
"3723","Mussel-Kynoch-Chum","Chum",1974,155709,162513,NA,NA,5908.591714,143626.8009,5923.524242,250.247913,0,NA,NA,NA,NA,NA,NA,NA,NA,NA,NA,NA,NA,NA,NA,NA,NA,NA,NA,NA,NA,NA,NA,NA,NA,-0.0427691179323582,151
"3724","Mussel-Kynoch-Chum","Chum",1975,131633,72225,NA,NA,60314.76135,59160.2611,11861.75107,295.9845093,0,NA,NA,NA,NA,NA,NA,NA,NA,NA,NA,NA,NA,NA,NA,NA,NA,NA,NA,NA,NA,NA,NA,NA,NA,0.600231500982334,151
"3725","Mussel-Kynoch-Chum","Chum",1976,157589,39581,NA,NA,24843.81053,118467.362,14029.66574,248.3837399,0,NA,NA,NA,NA,NA,NA,NA,NA,NA,NA,NA,NA,NA,NA,NA,NA,NA,NA,NA,NA,NA,NA,NA,NA,1.38164117289279,151
"3726","Mussel-Kynoch-Chum","Chum",1977,201739,15114,NA,NA,49749.2851,140119.0667,11773.38927,97.36005632,0,NA,NA,NA,NA,NA,NA,NA,NA,NA,NA,NA,NA,NA,NA,NA,NA,NA,NA,NA,NA,NA,NA,NA,NA,2.59135331614069,151
"3727","Mussel-Kynoch-Chum","Chum",1978,181140,125517,NA,NA,58841.72045,117584.8624,4614.86667,98.82651701,0,NA,NA,NA,NA,NA,NA,NA,NA,NA,NA,NA,NA,NA,NA,NA,NA,NA,NA,NA,NA,NA,NA,NA,NA,0.366829005381262,151
"3728","Mussel-Kynoch-Chum","Chum",1979,100441,51335,NA,NA,49378.68748,46090.25066,4684.376906,287.647879,0,NA,NA,NA,NA,NA,NA,NA,NA,NA,NA,NA,NA,NA,NA,NA,NA,NA,NA,NA,NA,NA,NA,NA,NA,0.671197709681646,151
"3729","Mussel-Kynoch-Chum","Chum",1980,80206,60943,NA,NA,19355.1792,46784.47315,13634.50947,431.8711647,0,NA,NA,NA,NA,NA,NA,NA,NA,NA,NA,NA,NA,NA,NA,NA,NA,NA,NA,NA,NA,NA,NA,NA,NA,0.274659323946242,151
"3730","Mussel-Kynoch-Chum","Chum",1981,176500,117226,NA,NA,19646.71158,136172.5059,20470.69321,210.4880488,0,NA,NA,NA,NA,NA,NA,NA,NA,NA,NA,NA,NA,NA,NA,NA,NA,NA,NA,NA,NA,NA,NA,NA,NA,0.409217180830547,151
"3731","Mussel-Kynoch-Chum","Chum",1982,271949,102654,NA,NA,57184.39835,204447.8094,9977.133515,339.7477788,0,NA,NA,NA,NA,NA,NA,NA,NA,NA,NA,NA,NA,NA,NA,NA,NA,NA,NA,NA,NA,NA,NA,NA,NA,0.974250438645108,151
"3732","Mussel-Kynoch-Chum","Chum",1983,201787,47073,NA,NA,85855.98754,99645.04232,16104.04472,181.9164709,0,NA,NA,NA,NA,NA,NA,NA,NA,NA,NA,NA,NA,NA,NA,NA,NA,NA,NA,NA,NA,NA,NA,NA,NA,1.45551309738136,151
"3733","Mussel-Kynoch-Chum","Chum",1984,211502,47776,NA,NA,41845.02411,160836.5985,8622.840722,197.5909663,0,NA,NA,NA,NA,NA,NA,NA,NA,NA,NA,NA,NA,NA,NA,NA,NA,NA,NA,NA,NA,NA,NA,NA,NA,1.48771103334962,151
"3734","Mussel-Kynoch-Chum","Chum",1985,163283,123536,NA,NA,67541.85843,86119.25733,9365.811801,256.2634686,0,NA,NA,NA,NA,NA,NA,NA,NA,NA,NA,NA,NA,NA,NA,NA,NA,NA,NA,NA,NA,NA,NA,NA,NA,0.27895228011274,151
"3735","Mussel-Kynoch-Chum","Chum",1986,141913,171672,NA,NA,36164.99442,93539.56343,12146.88841,61.09313953,0,NA,NA,NA,NA,NA,NA,NA,NA,NA,NA,NA,NA,NA,NA,NA,NA,NA,NA,NA,NA,NA,NA,NA,NA,-0.19037148569194,151
"3736","Mussel-Kynoch-Chum","Chum",1987,163558,80879,NA,NA,39281.08409,121315.126,2895.814814,65.71694452,0,NA,NA,NA,NA,NA,NA,NA,NA,NA,NA,NA,NA,NA,NA,NA,NA,NA,NA,NA,NA,NA,NA,NA,NA,0.704213456853353,151
"3737","Mussel-Kynoch-Chum","Chum",1988,83192,120949,NA,NA,50945.17755,28921.49226,3114.98317,210.520441,0,NA,NA,NA,NA,NA,NA,NA,NA,NA,NA,NA,NA,NA,NA,NA,NA,NA,NA,NA,NA,NA,NA,NA,NA,-0.374217779784637,151
"3738","Mussel-Kynoch-Chum","Chum",1989,53569,110953,NA,NA,12145.31614,31110.40153,9978.668902,334.4511285,0,NA,NA,NA,NA,NA,NA,NA,NA,NA,NA,NA,NA,NA,NA,NA,NA,NA,NA,NA,NA,NA,NA,NA,NA,-0.728136145665722,151
"3739","Mussel-Kynoch-Chum","Chum",1990,128755,87334,NA,NA,13064.52857,99660.37676,15852.98349,177.4115631,0,NA,NA,NA,NA,NA,NA,NA,NA,NA,NA,NA,NA,NA,NA,NA,NA,NA,NA,NA,NA,NA,NA,NA,NA,0.388171525089607,151
"3740","Mussel-Kynoch-Chum","Chum",1991,208749,130686,NA,NA,41851.46367,158329.1643,8409.308092,159.3987621,0,NA,NA,NA,NA,NA,NA,NA,NA,NA,NA,NA,NA,NA,NA,NA,NA,NA,NA,NA,NA,NA,NA,NA,NA,0.468335073939183,151
"3741","Mussel-Kynoch-Chum","Chum",1992,158531,29698,NA,NA,66488.88436,83986.63399,7555.501325,499.5879875,0,NA,NA,NA,NA,NA,NA,NA,NA,NA,NA,NA,NA,NA,NA,NA,NA,NA,NA,NA,NA,NA,NA,NA,NA,1.6748704543157,151
"3742","Mussel-Kynoch-Chum","Chum",1993,134640,37148,NA,NA,35269.41875,75459.37399,23680.47061,231.1949916,0,NA,NA,NA,NA,NA,NA,NA,NA,NA,NA,NA,NA,NA,NA,NA,NA,NA,NA,NA,NA,NA,NA,NA,NA,1.28769461596879,151
"3743","Mussel-Kynoch-Chum","Chum",1994,279357,98344,NA,NA,31688.47391,236504.9533,10958.6426,205.2732287,0,NA,NA,NA,NA,NA,NA,NA,NA,NA,NA,NA,NA,NA,NA,NA,NA,NA,NA,NA,NA,NA,NA,NA,NA,1.04401899739692,151
"3744","Mussel-Kynoch-Chum","Chum",1995,218910,191371,NA,NA,99318.09191,109447.709,9729.951041,414.0241111,0,NA,NA,NA,NA,NA,NA,NA,NA,NA,NA,NA,NA,NA,NA,NA,NA,NA,NA,NA,NA,NA,NA,NA,NA,0.13444673405788,151
"3745","Mussel-Kynoch-Chum","Chum",1996,163104,109279,NA,NA,45961.56432,97176.34647,19624.74287,341.5576653,0,NA,NA,NA,NA,NA,NA,NA,NA,NA,NA,NA,NA,NA,NA,NA,NA,NA,NA,NA,NA,NA,NA,NA,NA,0.400483789182291,151
"3746","Mussel-Kynoch-Chum","Chum",1997,253622,101673,NA,NA,40808.31787,195999.0142,16189.83333,624.5116562,0,NA,NA,NA,NA,NA,NA,NA,NA,NA,NA,NA,NA,NA,NA,NA,NA,NA,NA,NA,NA,NA,NA,NA,NA,0.914083188508071,151
"3747","Mussel-Kynoch-Chum","Chum",1998,274033,267973,NA,NA,82307.99328,161693.3987,29601.8525,429.6508562,0,NA,NA,NA,NA,NA,NA,NA,NA,NA,NA,NA,NA,NA,NA,NA,NA,NA,NA,NA,NA,NA,NA,NA,NA,0.0223623079252524,151
"3748","Mussel-Kynoch-Chum","Chum",1999,384354,131791,NA,NA,67901.66386,295643.818,20365.45058,442.7517308,0,NA,NA,NA,NA,NA,NA,NA,NA,NA,NA,NA,NA,NA,NA,NA,NA,NA,NA,NA,NA,NA,NA,NA,NA,1.07034666846581,151
"3749","Mussel-Kynoch-Chum","Chum",2000,348732,127259,NA,NA,124152.9172,203396.7153,20986.43204,195.8981821,0,NA,NA,NA,NA,NA,NA,NA,NA,NA,NA,NA,NA,NA,NA,NA,NA,NA,NA,NA,NA,NA,NA,NA,NA,1.00807933905524,151
"3750","Mussel-Kynoch-Chum","Chum",2001,304394,210025,NA,NA,85414.59021,209598.6693,9285.573834,95.66154218,0,NA,NA,NA,NA,NA,NA,NA,NA,NA,NA,NA,NA,NA,NA,NA,NA,NA,NA,NA,NA,NA,NA,NA,NA,0.371096343635656,151
"3751","Mussel-Kynoch-Chum","Chum",2002,185338,159258,NA,NA,88019.04408,92738.19943,4534.357099,46.30501902,0,NA,NA,NA,NA,NA,NA,NA,NA,NA,NA,NA,NA,NA,NA,NA,NA,NA,NA,NA,NA,NA,NA,NA,NA,0.15165565645226,151
"3752","Mussel-Kynoch-Chum","Chum",2003,86479,252608,NA,NA,38944.55861,45286.17407,2194.857901,53.6182206,0,NA,NA,NA,NA,NA,NA,NA,NA,NA,NA,NA,NA,NA,NA,NA,NA,NA,NA,NA,NA,NA,NA,NA,NA,-1.07193727014354,151
"3753","Mussel-Kynoch-Chum","Chum",2004,43536,177076,NA,NA,19017.51459,21920.796,2541.503657,56.13576714,0,NA,NA,NA,NA,NA,NA,NA,NA,NA,NA,NA,NA,NA,NA,NA,NA,NA,NA,NA,NA,NA,NA,NA,NA,-1.40299083690743,151
"3754","Mussel-Kynoch-Chum","Chum",2005,37618,178261,NA,NA,9205.43778,25382.86563,2660.835362,369.1350469,0,NA,NA,NA,NA,NA,NA,NA,NA,NA,NA,NA,NA,NA,NA,NA,NA,NA,NA,NA,NA,NA,NA,NA,NA,-1.55576610922169,151
"3755","Mussel-Kynoch-Chum","Chum",2006,54917,121739,NA,NA,10659.30226,26574.67216,17497.00122,186.2721056,0,NA,NA,NA,NA,NA,NA,NA,NA,NA,NA,NA,NA,NA,NA,NA,NA,NA,NA,NA,NA,NA,NA,NA,NA,-0.796056454306183,151
"3756","Mussel-Kynoch-Chum","Chum",2007,194939,60726,NA,NA,11159.79051,174748.5312,8829.297807,200.9813254,0,NA,NA,NA,NA,NA,NA,NA,NA,NA,NA,NA,NA,NA,NA,NA,NA,NA,NA,NA,NA,NA,NA,NA,NA,1.16631474667756,151
"3757","Mussel-Kynoch-Chum","Chum",2008,171221,31700,NA,NA,73384.04732,88181.2148,9526.514826,129.1372917,0,NA,NA,NA,NA,NA,NA,NA,NA,NA,NA,NA,NA,NA,NA,NA,NA,NA,NA,NA,NA,NA,NA,NA,NA,1.68663843885325,151
"3758","Mussel-Kynoch-Chum","Chum",2009,138467,33622,NA,NA,37030.8946,95144.55946,6121.107628,170.2486793,0,NA,NA,NA,NA,NA,NA,NA,NA,NA,NA,NA,NA,NA,NA,NA,NA,NA,NA,NA,NA,NA,NA,NA,NA,1.41545141547839,151
"3759","Mussel-Kynoch-Chum","Chum",2010,109266,38734,NA,NA,39955.0875,61133.5939,8069.787397,107.9579713,0,NA,NA,NA,NA,NA,NA,NA,NA,NA,NA,NA,NA,NA,NA,NA,NA,NA,NA,NA,NA,NA,NA,NA,NA,1.0370675090362,151
"3760","Mussel-Kynoch-Chum","Chum",2011,111442,207553,NA,NA,25672.49359,80595.72477,5117.207839,56.48640165,0,NA,NA,NA,NA,NA,NA,NA,NA,NA,NA,NA,NA,NA,NA,NA,NA,NA,NA,NA,NA,NA,NA,NA,NA,-0.621882452555184,151
"3761","Mussel-Kynoch-Chum","Chum",2012,87671,108092,NA,NA,33845.43744,51107.3036,2677.455438,40.67481946,0,NA,NA,NA,NA,NA,NA,NA,NA,NA,NA,NA,NA,NA,NA,NA,NA,NA,NA,NA,NA,NA,NA,NA,NA,-0.209391544410356,151
"3762","Mussel-Kynoch-Chum","Chum",2013,50177,119398,NA,NA,21462.04469,26740.66254,1927.986442,46.75916579,0,NA,NA,NA,NA,NA,NA,NA,NA,NA,NA,NA,NA,NA,NA,NA,NA,NA,NA,NA,NA,NA,NA,NA,NA,-0.866905696023167,151
"3763","Mussel-Kynoch-Chum","Chum",2014,32708,75159,NA,NA,11229.49665,19255.45953,2216.384459,7.071469747,NA,NA,NA,NA,NA,NA,NA,NA,NA,NA,NA,NA,NA,NA,NA,NA,NA,NA,NA,NA,NA,NA,NA,NA,NA,-0.831986173207581,151
"3764","Mussel-Kynoch-Chum","Chum",2015,30557,59110,NA,NA,NA,NA,NA,NA,NA,NA,NA,NA,NA,NA,NA,NA,NA,NA,NA,NA,NA,NA,NA,NA,NA,NA,NA,NA,NA,NA,NA,NA,NA,-0.659806322895974,151
"3765","Douglas-Gardner-Chum","Chum",1954,325813,123741,NA,NA,38656.69154,280322.6261,6661.172011,172.9679819,0,NA,NA,NA,NA,NA,NA,NA,NA,NA,NA,NA,NA,NA,NA,NA,NA,NA,NA,NA,NA,NA,NA,NA,NA,0.968132925620807,152
"3766","Douglas-Gardner-Chum","Chum",1955,144193,71314,NA,NA,81461.27596,44393.7603,18219.29409,118.3108728,0,NA,NA,NA,NA,NA,NA,NA,NA,NA,NA,NA,NA,NA,NA,NA,NA,NA,NA,NA,NA,NA,NA,NA,NA,0.704060018401623,152
"3767","Douglas-Gardner-Chum","Chum",1956,147161,49971,NA,NA,12900.75086,121423.5233,12462.0786,375.111411,0,NA,NA,NA,NA,NA,NA,NA,NA,NA,NA,NA,NA,NA,NA,NA,NA,NA,NA,NA,NA,NA,NA,NA,NA,1.08008438837522,152
"3768","Douglas-Gardner-Chum","Chum",1957,158164,93125,NA,NA,35285.4683,83054.23272,39511.73529,312.3096226,0,NA,NA,NA,NA,NA,NA,NA,NA,NA,NA,NA,NA,NA,NA,NA,NA,NA,NA,NA,NA,NA,NA,NA,NA,0.529689792687544,152
"3769","Douglas-Gardner-Chum","Chum",1958,320646,189723,NA,NA,24135.41806,263328.2105,32896.61358,285.2871985,0,NA,NA,NA,NA,NA,NA,NA,NA,NA,NA,NA,NA,NA,NA,NA,NA,NA,NA,NA,NA,NA,NA,NA,NA,0.524772597195134,152
"3770","Douglas-Gardner-Chum","Chum",1959,326098,37175,NA,NA,76522.72785,219241.355,30050.25158,283.9865135,0,NA,NA,NA,NA,NA,NA,NA,NA,NA,NA,NA,NA,NA,NA,NA,NA,NA,NA,NA,NA,NA,NA,NA,NA,2.17156145734224,152
"3771","Douglas-Gardner-Chum","Chum",1960,294727,110888,NA,NA,63711.163,200271.6134,29913.24609,830.7066529,0,NA,NA,NA,NA,NA,NA,NA,NA,NA,NA,NA,NA,NA,NA,NA,NA,NA,NA,NA,NA,NA,NA,NA,NA,0.977528821231051,152
"3772","Douglas-Gardner-Chum","Chum",1961,345535,58179,NA,NA,58198.5885,199358.5325,87501.10077,476.8506603,0,NA,NA,NA,NA,NA,NA,NA,NA,NA,NA,NA,NA,NA,NA,NA,NA,NA,NA,NA,NA,NA,NA,NA,NA,1.78156947565497,152
"3773","Douglas-Gardner-Chum","Chum",1962,692354,240921,NA,NA,57933.24875,583156.0704,50228.26955,1035.981973,0,NA,NA,NA,NA,NA,NA,NA,NA,NA,NA,NA,NA,NA,NA,NA,NA,NA,NA,NA,NA,NA,NA,NA,NA,1.0556283065864,152
"3774","Douglas-Gardner-Chum","Chum",1963,613459,181838,NA,NA,169464.1572,334749.1635,109123.4345,121.9147462,0,NA,NA,NA,NA,NA,NA,NA,NA,NA,NA,NA,NA,NA,NA,NA,NA,NA,NA,NA,NA,NA,NA,NA,NA,1.21599725144827,152
"3775","Douglas-Gardner-Chum","Chum",1964,837619,183243,NA,NA,97277.53471,727259.345,12841.6866,240.6175858,0,NA,NA,NA,NA,NA,NA,NA,NA,NA,NA,NA,NA,NA,NA,NA,NA,NA,NA,NA,NA,NA,NA,NA,NA,1.51975020230199,152
"3776","Douglas-Gardner-Chum","Chum",1965,322383,152694,NA,NA,211340.3225,85584.15185,25345.05237,113.8833318,0,NA,NA,NA,NA,NA,NA,NA,NA,NA,NA,NA,NA,NA,NA,NA,NA,NA,NA,NA,NA,NA,NA,NA,NA,0.747304360991924,152
"3777","Douglas-Gardner-Chum","Chum",1966,206531,574084,NA,NA,24870.60823,168913.5452,11995.71095,751.3746161,0,NA,NA,NA,NA,NA,NA,NA,NA,NA,NA,NA,NA,NA,NA,NA,NA,NA,NA,NA,NA,NA,NA,NA,NA,-1.02232520487669,152
"3778","Douglas-Gardner-Chum","Chum",1967,208644,415676,NA,NA,49085.9875,79946.09892,79144.7929,467.4522189,0,NA,NA,NA,NA,NA,NA,NA,NA,NA,NA,NA,NA,NA,NA,NA,NA,NA,NA,NA,NA,NA,NA,NA,NA,-0.689276660315523,152
"3779","Douglas-Gardner-Chum","Chum",1968,600443,721249,NA,NA,23232.19969,527464.9805,49238.30039,507.258876,0,NA,NA,NA,NA,NA,NA,NA,NA,NA,NA,NA,NA,NA,NA,NA,NA,NA,NA,NA,NA,NA,NA,NA,NA,-0.183316715224032,152
"3780","Douglas-Gardner-Chum","Chum",1969,534947,77807,NA,NA,153280.4217,328151.4576,53431.26827,83.96020568,0,NA,NA,NA,NA,NA,NA,NA,NA,NA,NA,NA,NA,NA,NA,NA,NA,NA,NA,NA,NA,NA,NA,NA,NA,1.92793627513818,152
"3781","Douglas-Gardner-Chum","Chum",1970,460384,77488,NA,NA,95360.25265,356095.7309,8843.808332,83.96254253,0,NA,NA,NA,NA,NA,NA,NA,NA,NA,NA,NA,NA,NA,NA,NA,NA,NA,NA,NA,NA,NA,NA,NA,NA,1.78193783819375,152
"3782","Douglas-Gardner-Chum","Chum",1971,171385,71556,NA,NA,103480.8107,58940.06439,8844.05448,120.0822823,0,NA,NA,NA,NA,NA,NA,NA,NA,NA,NA,NA,NA,NA,NA,NA,NA,NA,NA,NA,NA,NA,NA,NA,NA,0.873432127819321,152
"3783","Douglas-Gardner-Chum","Chum",1972,89150,344398,NA,NA,17127.88196,58941.70486,12648.66707,432.1551429,0,NA,NA,NA,NA,NA,NA,NA,NA,NA,NA,NA,NA,NA,NA,NA,NA,NA,NA,NA,NA,NA,NA,NA,NA,-1.35147762102664,152
"3784","Douglas-Gardner-Chum","Chum",1973,147126,346966,NA,NA,17128.35868,84297.76218,45520.34172,180.0248111,0,NA,NA,NA,NA,NA,NA,NA,NA,NA,NA,NA,NA,NA,NA,NA,NA,NA,NA,NA,NA,NA,NA,NA,NA,-0.857937429938588,152
"3785","Douglas-Gardner-Chum","Chum",1974,347115,352373,NA,NA,24496.78559,303372.9103,18962.61343,282.9560569,0,NA,NA,NA,NA,NA,NA,NA,NA,NA,NA,NA,NA,NA,NA,NA,NA,NA,NA,NA,NA,NA,NA,NA,NA,-0.0150341365008744,152
"3786","Douglas-Gardner-Chum","Chum",1975,244481,75671,NA,NA,88159.64916,126377.4174,29804.70466,139.1090428,0,NA,NA,NA,NA,NA,NA,NA,NA,NA,NA,NA,NA,NA,NA,NA,NA,NA,NA,NA,NA,NA,NA,NA,NA,1.17274260038796,152
"3787","Douglas-Gardner-Chum","Chum",1976,250221,75023,NA,NA,36725.06146,198635.152,14652.81917,208.1244475,0,NA,NA,NA,NA,NA,NA,NA,NA,NA,NA,NA,NA,NA,NA,NA,NA,NA,NA,NA,NA,NA,NA,NA,NA,1.204549794174,152
"3788","Douglas-Gardner-Chum","Chum",1977,177351,83805,NA,NA,57723.03562,97654.54802,21922.4418,51.05949194,0,NA,NA,NA,NA,NA,NA,NA,NA,NA,NA,NA,NA,NA,NA,NA,NA,NA,NA,NA,NA,NA,NA,NA,NA,0.749638148192316,152
"3789","Douglas-Gardner-Chum","Chum",1978,179993,262421,NA,NA,28378.24472,146103.3622,5378.266484,133.6178842,0,NA,NA,NA,NA,NA,NA,NA,NA,NA,NA,NA,NA,NA,NA,NA,NA,NA,NA,NA,NA,NA,NA,NA,NA,-0.377032123110341,152
"3790","Douglas-Gardner-Chum","Chum",1979,92686,108287,NA,NA,42457.38729,35843.76334,14074.41713,310.3118502,0,NA,NA,NA,NA,NA,NA,NA,NA,NA,NA,NA,NA,NA,NA,NA,NA,NA,NA,NA,NA,NA,NA,NA,NA,-0.155567673512299,152
"3791","Douglas-Gardner-Chum","Chum",1980,137325,118494,NA,NA,10416.13636,93799.75468,32686.18156,422.8393924,0,NA,NA,NA,NA,NA,NA,NA,NA,NA,NA,NA,NA,NA,NA,NA,NA,NA,NA,NA,NA,NA,NA,NA,NA,0.14748805284678,152
"3792","Douglas-Gardner-Chum","Chum",1981,289800,80864,NA,NA,27258.04837,217838.9189,44539.08267,164.3081622,0,NA,NA,NA,NA,NA,NA,NA,NA,NA,NA,NA,NA,NA,NA,NA,NA,NA,NA,NA,NA,NA,NA,NA,NA,1.2764222986808,152
"3793","Douglas-Gardner-Chum","Chum",1982,378642,126120,NA,NA,63303.61744,296833.2535,17307.12642,1198.316641,0,NA,NA,NA,NA,NA,NA,NA,NA,NA,NA,NA,NA,NA,NA,NA,NA,NA,NA,NA,NA,NA,NA,NA,NA,1.0993573329693,152
"3794","Douglas-Gardner-Chum","Chum",1983,328188,23615,NA,NA,86259.23606,115344.3298,126222.6861,361.8410199,0,NA,NA,NA,NA,NA,NA,NA,NA,NA,NA,NA,NA,NA,NA,NA,NA,NA,NA,NA,NA,NA,NA,NA,NA,2.63170451156817,152
"3795","Douglas-Gardner-Chum","Chum",1984,913500,114251,NA,NA,33518.86508,841218.2817,38113.92076,649.3124297,0,NA,NA,NA,NA,NA,NA,NA,NA,NA,NA,NA,NA,NA,NA,NA,NA,NA,NA,NA,NA,NA,NA,NA,NA,2.07888559334682,152
"3796","Douglas-Gardner-Chum","Chum",1985,567123,213268,NA,NA,244456.5947,254012.396,68394.24259,259.4798893,0,NA,NA,NA,NA,NA,NA,NA,NA,NA,NA,NA,NA,NA,NA,NA,NA,NA,NA,NA,NA,NA,NA,NA,NA,0.978026620637009,152
"3797","Douglas-Gardner-Chum","Chum",1986,557166,292683,NA,NA,73815.56805,455817.3256,27331.88167,200.9416311,0,NA,NA,NA,NA,NA,NA,NA,NA,NA,NA,NA,NA,NA,NA,NA,NA,NA,NA,NA,NA,NA,NA,NA,NA,0.643773108595467,152
"3798","Douglas-Gardner-Chum","Chum",1987,335978,99866,NA,NA,132459.7357,182154.8823,21165.8518,197.8604659,0,NA,NA,NA,NA,NA,NA,NA,NA,NA,NA,NA,NA,NA,NA,NA,NA,NA,NA,NA,NA,NA,NA,NA,NA,1.21321639424382,152
"3799","Douglas-Gardner-Chum","Chum",1988,215333,570249,NA,NA,52933.89741,141061.025,20841.30241,496.3100464,0,NA,NA,NA,NA,NA,NA,NA,NA,NA,NA,NA,NA,NA,NA,NA,NA,NA,NA,NA,NA,NA,NA,NA,NA,-0.973887440420447,152
"3800","Douglas-Gardner-Chum","Chum",1989,232720,353221,NA,NA,40992.09273,138898.047,52277.99155,552.2412235,0,NA,NA,NA,NA,NA,NA,NA,NA,NA,NA,NA,NA,NA,NA,NA,NA,NA,NA,NA,NA,NA,NA,NA,NA,-0.417257909174038,152
"3801","Douglas-Gardner-Chum","Chum",1990,447129,453760,NA,NA,40363.53504,348409.6526,58169.40887,186.2357699,0,NA,NA,NA,NA,NA,NA,NA,NA,NA,NA,NA,NA,NA,NA,NA,NA,NA,NA,NA,NA,NA,NA,NA,NA,-0.0147212803203707,152
"3802","Douglas-Gardner-Chum","Chum",1991,508653,194212,NA,NA,101247.2495,387673.3389,19616.83443,115.7974021,0,NA,NA,NA,NA,NA,NA,NA,NA,NA,NA,NA,NA,NA,NA,NA,NA,NA,NA,NA,NA,NA,NA,NA,NA,0.962815709272343,152
"3803","Douglas-Gardner-Chum","Chum",1992,257376,144020,NA,NA,112657.2096,130737.5105,12197.32636,1784.060667,0,NA,NA,NA,NA,NA,NA,NA,NA,NA,NA,NA,NA,NA,NA,NA,NA,NA,NA,NA,NA,NA,NA,NA,NA,0.580585871900938,152
"3804","Douglas-Gardner-Chum","Chum",1993,307412,183787,NA,NA,37992.09707,81289.7763,187921.0569,208.5979662,0,NA,NA,NA,NA,NA,NA,NA,NA,NA,NA,NA,NA,NA,NA,NA,NA,NA,NA,NA,NA,NA,NA,NA,NA,0.514411389060949,152
"3805","Douglas-Gardner-Chum","Chum",1994,1298174,384346,NA,NA,23622.67004,1252410.588,21972.31911,168.560568,0,NA,NA,NA,NA,NA,NA,NA,NA,NA,NA,NA,NA,NA,NA,NA,NA,NA,NA,NA,NA,NA,NA,NA,NA,1.21717075210808,152
"3806","Douglas-Gardner-Chum","Chum",1995,528389,516271,NA,NA,363948.376,146435.7723,17755.0465,249.5589512,0,NA,NA,NA,NA,NA,NA,NA,NA,NA,NA,NA,NA,NA,NA,NA,NA,NA,NA,NA,NA,NA,NA,NA,NA,0.0232009334550109,152
"3807","Douglas-Gardner-Chum","Chum",1996,188434,158786,NA,NA,42553.9851,118329.5188,26286.87619,1263.600959,0,NA,NA,NA,NA,NA,NA,NA,NA,NA,NA,NA,NA,NA,NA,NA,NA,NA,NA,NA,NA,NA,NA,NA,NA,0.171190429233792,152
"3808","Douglas-Gardner-Chum","Chum",1997,344130,105816,NA,NA,34386.35588,175190.3837,133099.301,1454.114175,0,NA,NA,NA,NA,NA,NA,NA,NA,NA,NA,NA,NA,NA,NA,NA,NA,NA,NA,NA,NA,NA,NA,NA,NA,1.17931775623754,152
"3809","Douglas-Gardner-Chum","Chum",1998,1091821,1146392,NA,NA,50910.02604,887047.8731,153166.6931,696.3845461,0,NA,NA,NA,NA,NA,NA,NA,NA,NA,NA,NA,NA,NA,NA,NA,NA,NA,NA,NA,NA,NA,NA,NA,NA,-0.0487726746678756,152
"3810","Douglas-Gardner-Chum","Chum",1999,1352426,162436,NA,NA,257774.5956,1020788.151,73352.50552,510.7083984,0,NA,NA,NA,NA,NA,NA,NA,NA,NA,NA,NA,NA,NA,NA,NA,NA,NA,NA,NA,NA,NA,NA,NA,NA,2.11937121769209,152
"3811","Douglas-Gardner-Chum","Chum",2000,839747,140225,NA,NA,296639.2917,488861.9514,53794.61797,451.1682169,0,NA,NA,NA,NA,NA,NA,NA,NA,NA,NA,NA,NA,NA,NA,NA,NA,NA,NA,NA,NA,NA,NA,NA,NA,1.78985238059981,152
"3812","Douglas-Gardner-Chum","Chum",2001,548217,167955,NA,NA,142062.4474,358517.2957,47523.05218,114.4616109,0,NA,NA,NA,NA,NA,NA,NA,NA,NA,NA,NA,NA,NA,NA,NA,NA,NA,NA,NA,NA,NA,NA,NA,NA,1.18297510758768,152
"3813","Douglas-Gardner-Chum","Chum",2002,432984,803495,NA,NA,104184.5133,316720.0883,12056.62302,23.19439976,0,NA,NA,NA,NA,NA,NA,NA,NA,NA,NA,NA,NA,NA,NA,NA,NA,NA,NA,NA,NA,NA,NA,NA,NA,-0.618270186564236,152
"3814","Douglas-Gardner-Chum","Chum",2003,174939,663756,NA,NA,92038.31625,80352.05088,2443.143441,105.7447099,0,NA,NA,NA,NA,NA,NA,NA,NA,NA,NA,NA,NA,NA,NA,NA,NA,NA,NA,NA,NA,NA,NA,NA,NA,-1.33347727033351,152
"3815","Douglas-Gardner-Chum","Chum",2004,50795,392041,NA,NA,23350.16863,16282.46863,11138.44277,24.41552981,0,NA,NA,NA,NA,NA,NA,NA,NA,NA,NA,NA,NA,NA,NA,NA,NA,NA,NA,NA,NA,NA,NA,NA,NA,-2.04356850161434,152
"3816","Douglas-Gardner-Chum","Chum",2005,81801,147367,NA,NA,4731.657551,74232.78632,2571.769139,264.3633869,0,NA,NA,NA,NA,NA,NA,NA,NA,NA,NA,NA,NA,NA,NA,NA,NA,NA,NA,NA,NA,NA,NA,NA,NA,-0.588636605620367,152
"3817","Douglas-Gardner-Chum","Chum",2006,66929,365796,NA,NA,21571.92081,17139.70192,27846.27675,370.9992201,0,NA,NA,NA,NA,NA,NA,NA,NA,NA,NA,NA,NA,NA,NA,NA,NA,NA,NA,NA,NA,NA,NA,NA,NA,-1.69844344494204,152
"3818","Douglas-Gardner-Chum","Chum",2007,229688,93833,NA,NA,4980.76808,185583.0976,39078.58451,45.62295797,0,NA,NA,NA,NA,NA,NA,NA,NA,NA,NA,NA,NA,NA,NA,NA,NA,NA,NA,NA,NA,NA,NA,NA,NA,0.895205259768078,152
"3819","Douglas-Gardner-Chum","Chum",2008,319241,21134,NA,NA,53930.13092,260441.4525,4805.61824,64.20361802,0,NA,NA,NA,NA,NA,NA,NA,NA,NA,NA,NA,NA,NA,NA,NA,NA,NA,NA,NA,NA,NA,NA,NA,NA,2.71506318542361,152
"3820","Douglas-Gardner-Chum","Chum",2009,115240,80214,NA,NA,75683.84089,32027.3165,6762.781098,765.8473352,0,NA,NA,NA,NA,NA,NA,NA,NA,NA,NA,NA,NA,NA,NA,NA,NA,NA,NA,NA,NA,NA,NA,NA,NA,0.362318846987287,152
"3821","Douglas-Gardner-Chum","Chum",2010,135427,23801,NA,NA,9307.083427,45070.93985,80669.25264,379.677681,0,NA,NA,NA,NA,NA,NA,NA,NA,NA,NA,NA,NA,NA,NA,NA,NA,NA,NA,NA,NA,NA,NA,NA,NA,1.73870515315539,152
"3822","Douglas-Gardner-Chum","Chum",2011,590789,250211,NA,NA,13097.53808,537624.8293,39992.71573,73.53391902,0,NA,NA,NA,NA,NA,NA,NA,NA,NA,NA,NA,NA,NA,NA,NA,NA,NA,NA,NA,NA,NA,NA,NA,NA,0.859154369767433,152
"3823","Douglas-Gardner-Chum","Chum",2012,430576,358415,NA,NA,156232.8564,266533.732,7745.572803,63.94073013,0,NA,NA,NA,NA,NA,NA,NA,NA,NA,NA,NA,NA,NA,NA,NA,NA,NA,NA,NA,NA,NA,NA,NA,NA,0.183432314291324,152
"3824","Douglas-Gardner-Chum","Chum",2013,135973,46186,NA,NA,77454.24692,51620.81115,6735.090241,163.0400826,0,NA,NA,NA,NA,NA,NA,NA,NA,NA,NA,NA,NA,NA,NA,NA,NA,NA,NA,NA,NA,NA,NA,NA,NA,1.07977961475301,152
"3825","Douglas-Gardner-Chum","Chum",2014,77079,64995,NA,NA,15000.91948,44886.39255,17173.55537,17.78605646,NA,NA,NA,NA,NA,NA,NA,NA,NA,NA,NA,NA,NA,NA,NA,NA,NA,NA,NA,NA,NA,NA,NA,NA,NA,0.170520526068036,152
"3826","Douglas-Gardner-Chum","Chum",2015,129372,537688,NA,NA,NA,NA,NA,NA,NA,NA,NA,NA,NA,NA,NA,NA,NA,NA,NA,NA,NA,NA,NA,NA,NA,NA,NA,NA,NA,NA,NA,NA,NA,-1.42458649094432,152
"3827","Northwest Vancouver Island-Chum","Chum",1956,46478,72183,NA,NA,NA,NA,NA,NA,NA,NA,NA,NA,NA,NA,NA,NA,NA,NA,NA,NA,NA,NA,NA,NA,NA,NA,NA,NA,NA,NA,NA,NA,NA,-0.440225478752728,153
"3828","Northwest Vancouver Island-Chum","Chum",1957,63482,75116,NA,NA,NA,NA,NA,NA,NA,NA,NA,NA,NA,NA,NA,NA,NA,NA,NA,NA,NA,NA,NA,NA,NA,NA,NA,NA,NA,NA,NA,NA,NA,-0.168277184197917,153
"3829","Northwest Vancouver Island-Chum","Chum",1958,13680,54596,NA,NA,NA,NA,NA,NA,NA,NA,NA,NA,NA,NA,NA,NA,NA,NA,NA,NA,NA,NA,NA,NA,NA,NA,NA,NA,NA,NA,NA,NA,NA,-1.38402570779954,153
"3830","Northwest Vancouver Island-Chum","Chum",1959,11990,23179,NA,NA,NA,NA,NA,NA,NA,NA,NA,NA,NA,NA,NA,NA,NA,NA,NA,NA,NA,NA,NA,NA,NA,NA,NA,NA,NA,NA,NA,NA,NA,-0.659173727303117,153
"3831","Northwest Vancouver Island-Chum","Chum",1966,43474,40112,NA,NA,NA,NA,NA,NA,NA,NA,NA,NA,NA,NA,NA,NA,NA,NA,NA,NA,NA,NA,NA,NA,NA,NA,NA,NA,NA,NA,NA,NA,NA,0.080487516834736,153
"3832","Northwest Vancouver Island-Chum","Chum",1967,30648,15167,NA,NA,NA,NA,NA,NA,NA,NA,NA,NA,NA,NA,NA,NA,NA,NA,NA,NA,NA,NA,NA,NA,NA,NA,NA,NA,NA,NA,NA,NA,NA,0.703445392329088,153
"3833","Northwest Vancouver Island-Chum","Chum",1968,113427,43325,NA,NA,NA,NA,NA,NA,NA,NA,NA,NA,NA,NA,NA,NA,NA,NA,NA,NA,NA,NA,NA,NA,NA,NA,NA,NA,NA,NA,NA,NA,NA,0.962429622589904,153
"3834","Northwest Vancouver Island-Chum","Chum",1969,88364,25141,NA,NA,NA,NA,NA,NA,NA,NA,NA,NA,NA,NA,NA,NA,NA,NA,NA,NA,NA,NA,NA,NA,NA,NA,NA,NA,NA,NA,NA,NA,NA,1.25696466726152,153
"3835","Northwest Vancouver Island-Chum","Chum",1970,58607,48702,NA,NA,NA,NA,NA,NA,NA,NA,NA,NA,NA,NA,NA,NA,NA,NA,NA,NA,NA,NA,NA,NA,NA,NA,NA,NA,NA,NA,NA,NA,NA,0.185134046366736,153
"3836","Northwest Vancouver Island-Chum","Chum",1971,58400,23032,NA,NA,NA,NA,NA,NA,NA,NA,NA,NA,NA,NA,NA,NA,NA,NA,NA,NA,NA,NA,NA,NA,NA,NA,NA,NA,NA,NA,NA,NA,NA,0.930431336524307,153
"3837","Northwest Vancouver Island-Chum","Chum",1972,52858,84914,NA,NA,NA,NA,NA,NA,NA,NA,NA,NA,NA,NA,NA,NA,NA,NA,NA,NA,NA,NA,NA,NA,NA,NA,NA,NA,NA,NA,NA,NA,NA,-0.474029906937333,153
"3838","Northwest Vancouver Island-Chum","Chum",1973,21542,71602,NA,NA,NA,NA,NA,NA,NA,NA,NA,NA,NA,NA,NA,NA,NA,NA,NA,NA,NA,NA,NA,NA,NA,NA,NA,NA,NA,NA,NA,NA,NA,-1.2011184886088,153
"3839","Northwest Vancouver Island-Chum","Chum",1974,58198,95787,NA,NA,NA,NA,NA,NA,NA,NA,NA,NA,NA,NA,NA,NA,NA,NA,NA,NA,NA,NA,NA,NA,NA,NA,NA,NA,NA,NA,NA,NA,NA,-0.498275986509368,153
"3840","Northwest Vancouver Island-Chum","Chum",1975,7178,21677,NA,NA,NA,NA,NA,NA,NA,NA,NA,NA,NA,NA,NA,NA,NA,NA,NA,NA,NA,NA,NA,NA,NA,NA,NA,NA,NA,NA,NA,NA,NA,-1.10523099788737,153
"3841","Northwest Vancouver Island-Chum","Chum",1976,55186,27613,NA,NA,NA,NA,NA,NA,NA,NA,NA,NA,NA,NA,NA,NA,NA,NA,NA,NA,NA,NA,NA,NA,NA,NA,NA,NA,NA,NA,NA,NA,NA,0.692422621603492,153
"3842","Northwest Vancouver Island-Chum","Chum",1977,111392,25592,NA,NA,NA,NA,NA,NA,NA,NA,NA,NA,NA,NA,NA,NA,NA,NA,NA,NA,NA,NA,NA,NA,NA,NA,NA,NA,NA,NA,NA,NA,NA,1.47077570898181,153
"3843","Northwest Vancouver Island-Chum","Chum",1978,100643,40247,NA,NA,NA,NA,NA,NA,NA,NA,NA,NA,NA,NA,NA,NA,NA,NA,NA,NA,NA,NA,NA,NA,NA,NA,NA,NA,NA,NA,NA,NA,NA,0.916544134803557,153
"3844","Northwest Vancouver Island-Chum","Chum",1979,37410,21215,NA,NA,NA,NA,NA,NA,NA,NA,NA,NA,NA,NA,NA,NA,NA,NA,NA,NA,NA,NA,NA,NA,NA,NA,NA,NA,NA,NA,NA,NA,NA,0.567229569705767,153
"3845","Northwest Vancouver Island-Chum","Chum",1980,25364,105602,NA,NA,NA,NA,NA,NA,NA,NA,NA,NA,NA,NA,NA,NA,NA,NA,NA,NA,NA,NA,NA,NA,NA,NA,NA,NA,NA,NA,NA,NA,NA,-1.42634646464897,153
"3846","Northwest Vancouver Island-Chum","Chum",1981,104203,38905,NA,NA,NA,NA,NA,NA,NA,NA,NA,NA,NA,NA,NA,NA,NA,NA,NA,NA,NA,NA,NA,NA,NA,NA,NA,NA,NA,NA,NA,NA,NA,0.985218142622875,153
"3847","Northwest Vancouver Island-Chum","Chum",1982,77157,110529,NA,NA,NA,NA,NA,NA,NA,NA,NA,NA,NA,NA,NA,NA,NA,NA,NA,NA,NA,NA,NA,NA,NA,NA,NA,NA,NA,NA,NA,NA,NA,-0.359435622931628,153
"3848","Northwest Vancouver Island-Chum","Chum",1983,23090,40295,NA,NA,NA,NA,NA,NA,NA,NA,NA,NA,NA,NA,NA,NA,NA,NA,NA,NA,NA,NA,NA,NA,NA,NA,NA,NA,NA,NA,NA,NA,NA,-0.556827768410071,153
"3849","Northwest Vancouver Island-Chum","Chum",1984,73100,48343,NA,NA,NA,NA,NA,NA,NA,NA,NA,NA,NA,NA,NA,NA,NA,NA,NA,NA,NA,NA,NA,NA,NA,NA,NA,NA,NA,NA,NA,NA,NA,0.413506933000602,153
"3850","Northwest Vancouver Island-Chum","Chum",1985,20499,70673,NA,NA,NA,NA,NA,NA,NA,NA,NA,NA,NA,NA,NA,NA,NA,NA,NA,NA,NA,NA,NA,NA,NA,NA,NA,NA,NA,NA,NA,NA,NA,-1.23768750016279,153
"3851","Northwest Vancouver Island-Chum","Chum",1986,22195,75655,NA,NA,NA,NA,NA,NA,NA,NA,NA,NA,NA,NA,NA,NA,NA,NA,NA,NA,NA,NA,NA,NA,NA,NA,NA,NA,NA,NA,NA,NA,NA,-1.22631649361754,153
"3852","Northwest Vancouver Island-Chum","Chum",1987,21339,36312,NA,NA,NA,NA,NA,NA,NA,NA,NA,NA,NA,NA,NA,NA,NA,NA,NA,NA,NA,NA,NA,NA,NA,NA,NA,NA,NA,NA,NA,NA,NA,-0.531611880734677,153
"3853","Northwest Vancouver Island-Chum","Chum",1988,79062,58777,NA,NA,NA,NA,NA,NA,NA,NA,NA,NA,NA,NA,NA,NA,NA,NA,NA,NA,NA,NA,NA,NA,NA,NA,NA,NA,NA,NA,NA,NA,NA,0.296481732870818,153
"3854","Northwest Vancouver Island-Chum","Chum",1989,40543,23302,NA,NA,NA,NA,NA,NA,NA,NA,NA,NA,NA,NA,NA,NA,NA,NA,NA,NA,NA,NA,NA,NA,NA,NA,NA,NA,NA,NA,NA,NA,NA,0.553823945474846,153
"3855","Northwest Vancouver Island-Chum","Chum",1990,38565,19233,NA,NA,NA,NA,NA,NA,NA,NA,NA,NA,NA,NA,NA,NA,NA,NA,NA,NA,NA,NA,NA,NA,NA,NA,NA,NA,NA,NA,NA,NA,NA,0.695717575712733,153
"3856","Northwest Vancouver Island-Chum","Chum",1991,18246,29013,NA,NA,NA,NA,NA,NA,NA,NA,NA,NA,NA,NA,NA,NA,NA,NA,NA,NA,NA,NA,NA,NA,NA,NA,NA,NA,NA,NA,NA,NA,NA,-0.463798127479653,153
"3857","Northwest Vancouver Island-Chum","Chum",1992,9500,81275,NA,NA,NA,NA,NA,NA,NA,NA,NA,NA,NA,NA,NA,NA,NA,NA,NA,NA,NA,NA,NA,NA,NA,NA,NA,NA,NA,NA,NA,NA,NA,-2.14654666758347,153
"3858","Northwest Vancouver Island-Chum","Chum",1993,86207,28162,NA,NA,NA,NA,NA,NA,NA,NA,NA,NA,NA,NA,NA,NA,NA,NA,NA,NA,NA,NA,NA,NA,NA,NA,NA,NA,NA,NA,NA,NA,NA,1.11877782937398,153
"3859","Northwest Vancouver Island-Chum","Chum",1994,134925,49139,NA,NA,NA,NA,NA,NA,NA,NA,NA,NA,NA,NA,NA,NA,NA,NA,NA,NA,NA,NA,NA,NA,NA,NA,NA,NA,NA,NA,NA,NA,NA,1.01006605163909,153
"3860","Northwest Vancouver Island-Chum","Chum",1995,65939,13978,NA,NA,NA,NA,NA,NA,NA,NA,NA,NA,NA,NA,NA,NA,NA,NA,NA,NA,NA,NA,NA,NA,NA,NA,NA,NA,NA,NA,NA,NA,NA,1.55124540717186,153
"3861","Northwest Vancouver Island-Chum","Chum",1996,69815,23002,NA,NA,NA,NA,NA,NA,NA,NA,NA,NA,NA,NA,NA,NA,NA,NA,NA,NA,NA,NA,NA,NA,NA,NA,NA,NA,NA,NA,NA,NA,NA,1.11026771772377,153
"3862","Northwest Vancouver Island-Chum","Chum",1997,52646,64461,NA,NA,NA,NA,NA,NA,NA,NA,NA,NA,NA,NA,NA,NA,NA,NA,NA,NA,NA,NA,NA,NA,NA,NA,NA,NA,NA,NA,NA,NA,NA,-0.202470127479149,153
"3863","Northwest Vancouver Island-Chum","Chum",1998,40203,140851,NA,NA,NA,NA,NA,NA,NA,NA,NA,NA,NA,NA,NA,NA,NA,NA,NA,NA,NA,NA,NA,NA,NA,NA,NA,NA,NA,NA,NA,NA,NA,-1.25376097434249,153
"3864","Northwest Vancouver Island-Chum","Chum",1999,58178,68048,NA,NA,NA,NA,NA,NA,NA,NA,NA,NA,NA,NA,NA,NA,NA,NA,NA,NA,NA,NA,NA,NA,NA,NA,NA,NA,NA,NA,NA,NA,NA,-0.156706062109345,153
"3865","Northwest Vancouver Island-Chum","Chum",2000,73264,102401,NA,NA,NA,NA,NA,NA,NA,NA,NA,NA,NA,NA,NA,NA,NA,NA,NA,NA,NA,NA,NA,NA,NA,NA,NA,NA,NA,NA,NA,NA,NA,-0.334827122267984,153
"3866","Northwest Vancouver Island-Chum","Chum",2001,78827,24481,NA,NA,NA,NA,NA,NA,NA,NA,NA,NA,NA,NA,NA,NA,NA,NA,NA,NA,NA,NA,NA,NA,NA,NA,NA,NA,NA,NA,NA,NA,NA,1.1693582712872,153
"3867","Northwest Vancouver Island-Chum","Chum",2002,20014,51441,NA,NA,NA,NA,NA,NA,NA,NA,NA,NA,NA,NA,NA,NA,NA,NA,NA,NA,NA,NA,NA,NA,NA,NA,NA,NA,NA,NA,NA,NA,NA,-0.94400349119656,153
"3868","Northwest Vancouver Island-Chum","Chum",2003,70077,34820,NA,NA,NA,NA,NA,NA,NA,NA,NA,NA,NA,NA,NA,NA,NA,NA,NA,NA,NA,NA,NA,NA,NA,NA,NA,NA,NA,NA,NA,NA,NA,0.699402703152617,153
"3869","Northwest Vancouver Island-Chum","Chum",2004,82936,120569,NA,NA,NA,NA,NA,NA,NA,NA,NA,NA,NA,NA,NA,NA,NA,NA,NA,NA,NA,NA,NA,NA,NA,NA,NA,NA,NA,NA,NA,NA,NA,-0.374152977136882,153
"3870","Northwest Vancouver Island-Chum","Chum",2005,88548,39846,NA,NA,NA,NA,NA,NA,NA,NA,NA,NA,NA,NA,NA,NA,NA,NA,NA,NA,NA,NA,NA,NA,NA,NA,NA,NA,NA,NA,NA,NA,NA,0.798522754077598,153
"3871","Northwest Vancouver Island-Chum","Chum",2006,28618,21795,NA,NA,NA,NA,NA,NA,NA,NA,NA,NA,NA,NA,NA,NA,NA,NA,NA,NA,NA,NA,NA,NA,NA,NA,NA,NA,NA,NA,NA,NA,NA,0.272355304794187,153
"3872","Northwest Vancouver Island-Chum","Chum",2007,117706,43347,NA,NA,NA,NA,NA,NA,NA,NA,NA,NA,NA,NA,NA,NA,NA,NA,NA,NA,NA,NA,NA,NA,NA,NA,NA,NA,NA,NA,NA,NA,NA,0.998952493347684,153
"3873","Northwest Vancouver Island-Chum","Chum",2008,46165,159859,NA,NA,NA,NA,NA,NA,NA,NA,NA,NA,NA,NA,NA,NA,NA,NA,NA,NA,NA,NA,NA,NA,NA,NA,NA,NA,NA,NA,NA,NA,NA,-1.24207024148018,153
"3874","Northwest Vancouver Island-Chum","Chum",2009,89240,27920,NA,NA,NA,NA,NA,NA,NA,NA,NA,NA,NA,NA,NA,NA,NA,NA,NA,NA,NA,NA,NA,NA,NA,NA,NA,NA,NA,NA,NA,NA,NA,1.16198609167016,153
"3875","Northwest Vancouver Island-Chum","Chum",2010,120647,51302,NA,NA,NA,NA,NA,NA,NA,NA,NA,NA,NA,NA,NA,NA,NA,NA,NA,NA,NA,NA,NA,NA,NA,NA,NA,NA,NA,NA,NA,NA,NA,0.855139188677454,153
"3876","Southwest & West Vancouver Island-Chum","Chum",1956,542419,259685,NA,NA,NA,NA,NA,NA,NA,NA,NA,NA,NA,NA,NA,NA,NA,NA,NA,NA,NA,NA,NA,NA,NA,NA,NA,NA,NA,NA,NA,NA,NA,0.73656940746324,154
"3877","Southwest & West Vancouver Island-Chum","Chum",1957,789536,323134,NA,NA,NA,NA,NA,NA,NA,NA,NA,NA,NA,NA,NA,NA,NA,NA,NA,NA,NA,NA,NA,NA,NA,NA,NA,NA,NA,NA,NA,NA,NA,0.893378333263297,154
"3878","Southwest & West Vancouver Island-Chum","Chum",1958,278792,494138,NA,NA,NA,NA,NA,NA,NA,NA,NA,NA,NA,NA,NA,NA,NA,NA,NA,NA,NA,NA,NA,NA,NA,NA,NA,NA,NA,NA,NA,NA,NA,-0.57234884633299,154
"3879","Southwest & West Vancouver Island-Chum","Chum",1966,456298,316598,NA,NA,NA,NA,NA,NA,NA,NA,NA,NA,NA,NA,NA,NA,NA,NA,NA,NA,NA,NA,NA,NA,NA,NA,NA,NA,NA,NA,NA,NA,NA,0.36551327453488,154
"3880","Southwest & West Vancouver Island-Chum","Chum",1967,393055,288160,NA,NA,NA,NA,NA,NA,NA,NA,NA,NA,NA,NA,NA,NA,NA,NA,NA,NA,NA,NA,NA,NA,NA,NA,NA,NA,NA,NA,NA,NA,NA,0.310433669759067,154
"3881","Southwest & West Vancouver Island-Chum","Chum",1968,870411,434989,NA,NA,NA,NA,NA,NA,NA,NA,NA,NA,NA,NA,NA,NA,NA,NA,NA,NA,NA,NA,NA,NA,NA,NA,NA,NA,NA,NA,NA,NA,NA,0.693644770476836,154
"3882","Southwest & West Vancouver Island-Chum","Chum",1969,686902,337734,NA,NA,NA,NA,NA,NA,NA,NA,NA,NA,NA,NA,NA,NA,NA,NA,NA,NA,NA,NA,NA,NA,NA,NA,NA,NA,NA,NA,NA,NA,NA,0.709933029446165,154
"3883","Southwest & West Vancouver Island-Chum","Chum",1970,425150,432292,NA,NA,NA,NA,NA,NA,NA,NA,NA,NA,NA,NA,NA,NA,NA,NA,NA,NA,NA,NA,NA,NA,NA,NA,NA,NA,NA,NA,NA,NA,NA,-0.016659238003192,154
"3884","Southwest & West Vancouver Island-Chum","Chum",1971,382502,251432,NA,NA,NA,NA,NA,NA,NA,NA,NA,NA,NA,NA,NA,NA,NA,NA,NA,NA,NA,NA,NA,NA,NA,NA,NA,NA,NA,NA,NA,NA,NA,0.419561306763544,154
"3885","Southwest & West Vancouver Island-Chum","Chum",1972,415324,561543,NA,NA,NA,NA,NA,NA,NA,NA,NA,NA,NA,NA,NA,NA,NA,NA,NA,NA,NA,NA,NA,NA,NA,NA,NA,NA,NA,NA,NA,NA,NA,-0.301629413317387,154
"3886","Southwest & West Vancouver Island-Chum","Chum",1973,206600,500190,NA,NA,NA,NA,NA,NA,NA,NA,NA,NA,NA,NA,NA,NA,NA,NA,NA,NA,NA,NA,NA,NA,NA,NA,NA,NA,NA,NA,NA,NA,NA,-0.884203469554939,154
"3887","Southwest & West Vancouver Island-Chum","Chum",1974,721858,376053,NA,NA,NA,NA,NA,NA,NA,NA,NA,NA,NA,NA,NA,NA,NA,NA,NA,NA,NA,NA,NA,NA,NA,NA,NA,NA,NA,NA,NA,NA,NA,0.652098352746172,154
"3888","Southwest & West Vancouver Island-Chum","Chum",1975,145660,246453,NA,NA,NA,NA,NA,NA,NA,NA,NA,NA,NA,NA,NA,NA,NA,NA,NA,NA,NA,NA,NA,NA,NA,NA,NA,NA,NA,NA,NA,NA,NA,-0.525896167142063,154
"3889","Southwest & West Vancouver Island-Chum","Chum",1976,283672,305248,NA,NA,NA,NA,NA,NA,NA,NA,NA,NA,NA,NA,NA,NA,NA,NA,NA,NA,NA,NA,NA,NA,NA,NA,NA,NA,NA,NA,NA,NA,NA,-0.0733059198241716,154
"3890","Southwest & West Vancouver Island-Chum","Chum",1977,994484,278864,NA,NA,NA,NA,NA,NA,NA,NA,NA,NA,NA,NA,NA,NA,NA,NA,NA,NA,NA,NA,NA,NA,NA,NA,NA,NA,NA,NA,NA,NA,NA,1.2714998018986,154
"3891","Southwest & West Vancouver Island-Chum","Chum",1978,840244,475062,NA,NA,NA,NA,NA,NA,NA,NA,NA,NA,NA,NA,NA,NA,NA,NA,NA,NA,NA,NA,NA,NA,NA,NA,NA,NA,NA,NA,NA,NA,NA,0.570247004015183,154
"3892","Southwest & West Vancouver Island-Chum","Chum",1979,244093,131337,NA,NA,NA,NA,NA,NA,NA,NA,NA,NA,NA,NA,NA,NA,NA,NA,NA,NA,NA,NA,NA,NA,NA,NA,NA,NA,NA,NA,NA,NA,NA,0.619782761194085,154
"3893","Southwest & West Vancouver Island-Chum","Chum",1980,201609,437208,NA,NA,NA,NA,NA,NA,NA,NA,NA,NA,NA,NA,NA,NA,NA,NA,NA,NA,NA,NA,NA,NA,NA,NA,NA,NA,NA,NA,NA,NA,NA,-0.774078876338744,154
"3894","Southwest & West Vancouver Island-Chum","Chum",1981,721357,276368,NA,NA,NA,NA,NA,NA,NA,NA,NA,NA,NA,NA,NA,NA,NA,NA,NA,NA,NA,NA,NA,NA,NA,NA,NA,NA,NA,NA,NA,NA,NA,0.95940084942094,154
"3895","Southwest & West Vancouver Island-Chum","Chum",1982,530732,459407,NA,NA,NA,NA,NA,NA,NA,NA,NA,NA,NA,NA,NA,NA,NA,NA,NA,NA,NA,NA,NA,NA,NA,NA,NA,NA,NA,NA,NA,NA,NA,0.144320658331096,154
"3896","Southwest & West Vancouver Island-Chum","Chum",1983,118450,296538,NA,NA,NA,NA,NA,NA,NA,NA,NA,NA,NA,NA,NA,NA,NA,NA,NA,NA,NA,NA,NA,NA,NA,NA,NA,NA,NA,NA,NA,NA,NA,-0.917684441509654,154
"3897","Southwest & West Vancouver Island-Chum","Chum",1984,281928,269729,NA,NA,NA,NA,NA,NA,NA,NA,NA,NA,NA,NA,NA,NA,NA,NA,NA,NA,NA,NA,NA,NA,NA,NA,NA,NA,NA,NA,NA,NA,NA,0.0442339679428907,154
"3898","Southwest & West Vancouver Island-Chum","Chum",1985,85649,469613,NA,NA,NA,NA,NA,NA,NA,NA,NA,NA,NA,NA,NA,NA,NA,NA,NA,NA,NA,NA,NA,NA,NA,NA,NA,NA,NA,NA,NA,NA,NA,-1.70165140198656,154
"3899","Southwest & West Vancouver Island-Chum","Chum",1986,139722,322296,NA,NA,NA,NA,NA,NA,NA,NA,NA,NA,NA,NA,NA,NA,NA,NA,NA,NA,NA,NA,NA,NA,NA,NA,NA,NA,NA,NA,NA,NA,NA,-0.83581564376783,154
"3900","Southwest & West Vancouver Island-Chum","Chum",1987,198176,167645,NA,NA,NA,NA,NA,NA,NA,NA,NA,NA,NA,NA,NA,NA,NA,NA,NA,NA,NA,NA,NA,NA,NA,NA,NA,NA,NA,NA,NA,NA,NA,0.167306876326333,154
"3901","Southwest & West Vancouver Island-Chum","Chum",1988,670686,217818,NA,NA,NA,NA,NA,NA,NA,NA,NA,NA,NA,NA,NA,NA,NA,NA,NA,NA,NA,NA,NA,NA,NA,NA,NA,NA,NA,NA,NA,NA,NA,1.12464121746172,154
"3902","Southwest & West Vancouver Island-Chum","Chum",1989,502525,113395,NA,NA,NA,NA,NA,NA,NA,NA,NA,NA,NA,NA,NA,NA,NA,NA,NA,NA,NA,NA,NA,NA,NA,NA,NA,NA,NA,NA,NA,NA,NA,1.48876809132863,154
"3903","Southwest & West Vancouver Island-Chum","Chum",1990,382939,102606,NA,NA,NA,NA,NA,NA,NA,NA,NA,NA,NA,NA,NA,NA,NA,NA,NA,NA,NA,NA,NA,NA,NA,NA,NA,NA,NA,NA,NA,NA,NA,1.31697929700753,154
"3904","Southwest & West Vancouver Island-Chum","Chum",1991,145839,314705,NA,NA,NA,NA,NA,NA,NA,NA,NA,NA,NA,NA,NA,NA,NA,NA,NA,NA,NA,NA,NA,NA,NA,NA,NA,NA,NA,NA,NA,NA,NA,-0.769132418574091,154
"3905","Southwest & West Vancouver Island-Chum","Chum",1992,61744,584417,NA,NA,NA,NA,NA,NA,NA,NA,NA,NA,NA,NA,NA,NA,NA,NA,NA,NA,NA,NA,NA,NA,NA,NA,NA,NA,NA,NA,NA,NA,NA,-2.2476179643228,154
"3906","Southwest & West Vancouver Island-Chum","Chum",1993,497385,401935,NA,NA,NA,NA,NA,NA,NA,NA,NA,NA,NA,NA,NA,NA,NA,NA,NA,NA,NA,NA,NA,NA,NA,NA,NA,NA,NA,NA,NA,NA,NA,0.213073990095892,154
"3907","Southwest & West Vancouver Island-Chum","Chum",1994,925805,365177,NA,NA,NA,NA,NA,NA,NA,NA,NA,NA,NA,NA,NA,NA,NA,NA,NA,NA,NA,NA,NA,NA,NA,NA,NA,NA,NA,NA,NA,NA,NA,0.93028146176903,154
"3908","Southwest & West Vancouver Island-Chum","Chum",1995,313814,102940,NA,NA,NA,NA,NA,NA,NA,NA,NA,NA,NA,NA,NA,NA,NA,NA,NA,NA,NA,NA,NA,NA,NA,NA,NA,NA,NA,NA,NA,NA,NA,1.11465415948321,154
"3909","Southwest & West Vancouver Island-Chum","Chum",1996,151731,203735,NA,NA,NA,NA,NA,NA,NA,NA,NA,NA,NA,NA,NA,NA,NA,NA,NA,NA,NA,NA,NA,NA,NA,NA,NA,NA,NA,NA,NA,NA,NA,-0.294710913609129,154
"3910","Southwest & West Vancouver Island-Chum","Chum",1997,209837,303848,NA,NA,NA,NA,NA,NA,NA,NA,NA,NA,NA,NA,NA,NA,NA,NA,NA,NA,NA,NA,NA,NA,NA,NA,NA,NA,NA,NA,NA,NA,NA,-0.370196537515057,154
"3911","Southwest & West Vancouver Island-Chum","Chum",1998,370598,910909,NA,NA,NA,NA,NA,NA,NA,NA,NA,NA,NA,NA,NA,NA,NA,NA,NA,NA,NA,NA,NA,NA,NA,NA,NA,NA,NA,NA,NA,NA,NA,-0.899325084857458,154
"3912","Southwest & West Vancouver Island-Chum","Chum",1999,471050,385422,NA,NA,NA,NA,NA,NA,NA,NA,NA,NA,NA,NA,NA,NA,NA,NA,NA,NA,NA,NA,NA,NA,NA,NA,NA,NA,NA,NA,NA,NA,NA,0.200625407594056,154
"3913","Southwest & West Vancouver Island-Chum","Chum",2000,467440,118260,NA,NA,NA,NA,NA,NA,NA,NA,NA,NA,NA,NA,NA,NA,NA,NA,NA,NA,NA,NA,NA,NA,NA,NA,NA,NA,NA,NA,NA,NA,NA,1.3743854078535,154
"3914","Southwest & West Vancouver Island-Chum","Chum",2001,512111,204394,NA,NA,NA,NA,NA,NA,NA,NA,NA,NA,NA,NA,NA,NA,NA,NA,NA,NA,NA,NA,NA,NA,NA,NA,NA,NA,NA,NA,NA,NA,NA,0.918491894726192,154
"3915","Southwest & West Vancouver Island-Chum","Chum",2002,311578,453194,NA,NA,NA,NA,NA,NA,NA,NA,NA,NA,NA,NA,NA,NA,NA,NA,NA,NA,NA,NA,NA,NA,NA,NA,NA,NA,NA,NA,NA,NA,NA,-0.374670581711768,154
"3916","Southwest & West Vancouver Island-Chum","Chum",2003,391729,346187,NA,NA,NA,NA,NA,NA,NA,NA,NA,NA,NA,NA,NA,NA,NA,NA,NA,NA,NA,NA,NA,NA,NA,NA,NA,NA,NA,NA,NA,NA,NA,0.123591182695218,154
"3917","Southwest & West Vancouver Island-Chum","Chum",2004,96158,478356,NA,NA,NA,NA,NA,NA,NA,NA,NA,NA,NA,NA,NA,NA,NA,NA,NA,NA,NA,NA,NA,NA,NA,NA,NA,NA,NA,NA,NA,NA,NA,-1.60436255326076,154
"3918","Southwest & West Vancouver Island-Chum","Chum",2005,214436,319576,NA,NA,NA,NA,NA,NA,NA,NA,NA,NA,NA,NA,NA,NA,NA,NA,NA,NA,NA,NA,NA,NA,NA,NA,NA,NA,NA,NA,NA,NA,NA,-0.398983791656073,154
"3919","Southwest & West Vancouver Island-Chum","Chum",2006,114216,307153,NA,NA,NA,NA,NA,NA,NA,NA,NA,NA,NA,NA,NA,NA,NA,NA,NA,NA,NA,NA,NA,NA,NA,NA,NA,NA,NA,NA,NA,NA,NA,-0.989254602290034,154
"3920","Southwest & West Vancouver Island-Chum","Chum",2007,469016,296257,NA,NA,NA,NA,NA,NA,NA,NA,NA,NA,NA,NA,NA,NA,NA,NA,NA,NA,NA,NA,NA,NA,NA,NA,NA,NA,NA,NA,NA,NA,NA,0.459409562140793,154
"3921","Southwest & West Vancouver Island-Chum","Chum",2008,224350,109014,NA,NA,NA,NA,NA,NA,NA,NA,NA,NA,NA,NA,NA,NA,NA,NA,NA,NA,NA,NA,NA,NA,NA,NA,NA,NA,NA,NA,NA,NA,NA,0.721731018073634,154
"3922","Southwest & West Vancouver Island-Chum","Chum",2009,215560,162823,NA,NA,NA,NA,NA,NA,NA,NA,NA,NA,NA,NA,NA,NA,NA,NA,NA,NA,NA,NA,NA,NA,NA,NA,NA,NA,NA,NA,NA,NA,NA,0.280575571834324,154
"3923","Southwest & West Vancouver Island-Chum","Chum",2010,139093,171146,NA,NA,NA,NA,NA,NA,NA,NA,NA,NA,NA,NA,NA,NA,NA,NA,NA,NA,NA,NA,NA,NA,NA,NA,NA,NA,NA,NA,NA,NA,NA,-0.207374219236507,154
"3924","East Haida Gwaii-Chum","Chum",1954,192873,202373,NA,NA,NA,NA,NA,NA,NA,NA,NA,NA,NA,NA,NA,NA,NA,NA,NA,NA,NA,NA,NA,NA,NA,NA,NA,NA,NA,NA,NA,NA,NA,-0.048080588086036,155
"3925","East Haida Gwaii-Chum","Chum",1955,97577,33683,NA,NA,NA,NA,NA,NA,NA,NA,NA,NA,NA,NA,NA,NA,NA,NA,NA,NA,NA,NA,NA,NA,NA,NA,NA,NA,NA,NA,NA,NA,NA,1.06364855086866,155
"3926","East Haida Gwaii-Chum","Chum",1956,223987,90344,NA,NA,NA,NA,NA,NA,NA,NA,NA,NA,NA,NA,NA,NA,NA,NA,NA,NA,NA,NA,NA,NA,NA,NA,NA,NA,NA,NA,NA,NA,NA,0.907963408035248,155
"3927","East Haida Gwaii-Chum","Chum",1957,328051,166953,NA,NA,NA,NA,NA,NA,NA,NA,NA,NA,NA,NA,NA,NA,NA,NA,NA,NA,NA,NA,NA,NA,NA,NA,NA,NA,NA,NA,NA,NA,NA,0.675456748421899,155
"3928","East Haida Gwaii-Chum","Chum",1958,473489,209783,NA,NA,NA,NA,NA,NA,NA,NA,NA,NA,NA,NA,NA,NA,NA,NA,NA,NA,NA,NA,NA,NA,NA,NA,NA,NA,NA,NA,NA,NA,NA,0.814055017972512,155
"3929","East Haida Gwaii-Chum","Chum",1959,523182,28897,NA,NA,NA,NA,NA,NA,NA,NA,NA,NA,NA,NA,NA,NA,NA,NA,NA,NA,NA,NA,NA,NA,NA,NA,NA,NA,NA,NA,NA,NA,NA,2.89619161237967,155
"3930","East Haida Gwaii-Chum","Chum",1960,592022,267299,NA,NA,NA,NA,NA,NA,NA,NA,NA,NA,NA,NA,NA,NA,NA,NA,NA,NA,NA,NA,NA,NA,NA,NA,NA,NA,NA,NA,NA,NA,NA,0.795175914332649,155
"3931","East Haida Gwaii-Chum","Chum",1961,404374,255755,NA,NA,NA,NA,NA,NA,NA,NA,NA,NA,NA,NA,NA,NA,NA,NA,NA,NA,NA,NA,NA,NA,NA,NA,NA,NA,NA,NA,NA,NA,NA,0.458120237317259,155
"3932","East Haida Gwaii-Chum","Chum",1962,538393,417344,NA,NA,NA,NA,NA,NA,NA,NA,NA,NA,NA,NA,NA,NA,NA,NA,NA,NA,NA,NA,NA,NA,NA,NA,NA,NA,NA,NA,NA,NA,NA,0.254677954989377,155
"3933","East Haida Gwaii-Chum","Chum",1963,653213,372507,NA,NA,NA,NA,NA,NA,NA,NA,NA,NA,NA,NA,NA,NA,NA,NA,NA,NA,NA,NA,NA,NA,NA,NA,NA,NA,NA,NA,NA,NA,NA,0.561647433329731,155
"3934","East Haida Gwaii-Chum","Chum",1964,547002,334432,NA,NA,NA,NA,NA,NA,NA,NA,NA,NA,NA,NA,NA,NA,NA,NA,NA,NA,NA,NA,NA,NA,NA,NA,NA,NA,NA,NA,NA,NA,NA,0.492018888310333,155
"3935","East Haida Gwaii-Chum","Chum",1965,398800,237479,NA,NA,NA,NA,NA,NA,NA,NA,NA,NA,NA,NA,NA,NA,NA,NA,NA,NA,NA,NA,NA,NA,NA,NA,NA,NA,NA,NA,NA,NA,NA,0.518380839574991,155
"3936","East Haida Gwaii-Chum","Chum",1966,533647,470797,NA,NA,NA,NA,NA,NA,NA,NA,NA,NA,NA,NA,NA,NA,NA,NA,NA,NA,NA,NA,NA,NA,NA,NA,NA,NA,NA,NA,NA,NA,NA,0.125307568448755,155
"3937","East Haida Gwaii-Chum","Chum",1967,476758,345819,NA,NA,NA,NA,NA,NA,NA,NA,NA,NA,NA,NA,NA,NA,NA,NA,NA,NA,NA,NA,NA,NA,NA,NA,NA,NA,NA,NA,NA,NA,NA,0.321093507828197,155
"3938","East Haida Gwaii-Chum","Chum",1968,404859,232942,NA,NA,NA,NA,NA,NA,NA,NA,NA,NA,NA,NA,NA,NA,NA,NA,NA,NA,NA,NA,NA,NA,NA,NA,NA,NA,NA,NA,NA,NA,NA,0.552749362801159,155
"3939","East Haida Gwaii-Chum","Chum",1969,472175,274504,NA,NA,NA,NA,NA,NA,NA,NA,NA,NA,NA,NA,NA,NA,NA,NA,NA,NA,NA,NA,NA,NA,NA,NA,NA,NA,NA,NA,NA,NA,NA,0.542383846789496,155
"3940","East Haida Gwaii-Chum","Chum",1970,297100,292978,NA,NA,NA,NA,NA,NA,NA,NA,NA,NA,NA,NA,NA,NA,NA,NA,NA,NA,NA,NA,NA,NA,NA,NA,NA,NA,NA,NA,NA,NA,NA,0.0139712615947707,155
"3941","East Haida Gwaii-Chum","Chum",1971,122098,226187,NA,NA,NA,NA,NA,NA,NA,NA,NA,NA,NA,NA,NA,NA,NA,NA,NA,NA,NA,NA,NA,NA,NA,NA,NA,NA,NA,NA,NA,NA,NA,-0.616538089799991,155
"3942","East Haida Gwaii-Chum","Chum",1972,157317,172969,NA,NA,NA,NA,NA,NA,NA,NA,NA,NA,NA,NA,NA,NA,NA,NA,NA,NA,NA,NA,NA,NA,NA,NA,NA,NA,NA,NA,NA,NA,NA,-0.0948495097206299,155
"3943","East Haida Gwaii-Chum","Chum",1973,142667,227752,NA,NA,NA,NA,NA,NA,NA,NA,NA,NA,NA,NA,NA,NA,NA,NA,NA,NA,NA,NA,NA,NA,NA,NA,NA,NA,NA,NA,NA,NA,NA,-0.467744074300681,155
"3944","East Haida Gwaii-Chum","Chum",1974,172799,164467,NA,NA,NA,NA,NA,NA,NA,NA,NA,NA,NA,NA,NA,NA,NA,NA,NA,NA,NA,NA,NA,NA,NA,NA,NA,NA,NA,NA,NA,NA,NA,0.0494191271379391,155
"3945","East Haida Gwaii-Chum","Chum",1975,85520,65806,NA,NA,NA,NA,NA,NA,NA,NA,NA,NA,NA,NA,NA,NA,NA,NA,NA,NA,NA,NA,NA,NA,NA,NA,NA,NA,NA,NA,NA,NA,NA,0.262039247132321,155
"3946","East Haida Gwaii-Chum","Chum",1976,168594,158484,NA,NA,NA,NA,NA,NA,NA,NA,NA,NA,NA,NA,NA,NA,NA,NA,NA,NA,NA,NA,NA,NA,NA,NA,NA,NA,NA,NA,NA,NA,NA,0.0618398158962363,155
"3947","East Haida Gwaii-Chum","Chum",1977,176105,67508,NA,NA,NA,NA,NA,NA,NA,NA,NA,NA,NA,NA,NA,NA,NA,NA,NA,NA,NA,NA,NA,NA,NA,NA,NA,NA,NA,NA,NA,NA,NA,0.958834298683396,155
"3948","East Haida Gwaii-Chum","Chum",1978,137728,162150,NA,NA,NA,NA,NA,NA,NA,NA,NA,NA,NA,NA,NA,NA,NA,NA,NA,NA,NA,NA,NA,NA,NA,NA,NA,NA,NA,NA,NA,NA,NA,-0.163241107094117,155
"3949","East Haida Gwaii-Chum","Chum",1979,187046,22370,NA,NA,NA,NA,NA,NA,NA,NA,NA,NA,NA,NA,NA,NA,NA,NA,NA,NA,NA,NA,NA,NA,NA,NA,NA,NA,NA,NA,NA,NA,NA,2.12363380040695,155
"3950","East Haida Gwaii-Chum","Chum",1980,405132,141492,NA,NA,NA,NA,NA,NA,NA,NA,NA,NA,NA,NA,NA,NA,NA,NA,NA,NA,NA,NA,NA,NA,NA,NA,NA,NA,NA,NA,NA,NA,NA,1.05196976154761,155
"3951","East Haida Gwaii-Chum","Chum",1981,573346,152027,NA,NA,NA,NA,NA,NA,NA,NA,NA,NA,NA,NA,NA,NA,NA,NA,NA,NA,NA,NA,NA,NA,NA,NA,NA,NA,NA,NA,NA,NA,NA,1.32743123726799,155
"3952","East Haida Gwaii-Chum","Chum",1982,439203,109919,NA,NA,NA,NA,NA,NA,NA,NA,NA,NA,NA,NA,NA,NA,NA,NA,NA,NA,NA,NA,NA,NA,NA,NA,NA,NA,NA,NA,NA,NA,NA,1.3852179898659,155
"3953","East Haida Gwaii-Chum","Chum",1983,448694,164354,NA,NA,NA,NA,NA,NA,NA,NA,NA,NA,NA,NA,NA,NA,NA,NA,NA,NA,NA,NA,NA,NA,NA,NA,NA,NA,NA,NA,NA,NA,NA,1.00431850281262,155
"3954","East Haida Gwaii-Chum","Chum",1984,540474,285526,NA,NA,NA,NA,NA,NA,NA,NA,NA,NA,NA,NA,NA,NA,NA,NA,NA,NA,NA,NA,NA,NA,NA,NA,NA,NA,NA,NA,NA,NA,NA,0.638113439063652,155
"3955","East Haida Gwaii-Chum","Chum",1985,452335,277673,NA,NA,NA,NA,NA,NA,NA,NA,NA,NA,NA,NA,NA,NA,NA,NA,NA,NA,NA,NA,NA,NA,NA,NA,NA,NA,NA,NA,NA,NA,NA,0.487978893396092,155
"3956","East Haida Gwaii-Chum","Chum",1986,490092,237694,NA,NA,NA,NA,NA,NA,NA,NA,NA,NA,NA,NA,NA,NA,NA,NA,NA,NA,NA,NA,NA,NA,NA,NA,NA,NA,NA,NA,NA,NA,NA,0.72360899643692,155
"3957","East Haida Gwaii-Chum","Chum",1987,364596,317682,NA,NA,NA,NA,NA,NA,NA,NA,NA,NA,NA,NA,NA,NA,NA,NA,NA,NA,NA,NA,NA,NA,NA,NA,NA,NA,NA,NA,NA,NA,NA,0.137739008810745,155
"3958","East Haida Gwaii-Chum","Chum",1988,221482,299257,NA,NA,NA,NA,NA,NA,NA,NA,NA,NA,NA,NA,NA,NA,NA,NA,NA,NA,NA,NA,NA,NA,NA,NA,NA,NA,NA,NA,NA,NA,NA,-0.300961413902632,155
"3959","East Haida Gwaii-Chum","Chum",1989,200889,300717,NA,NA,NA,NA,NA,NA,NA,NA,NA,NA,NA,NA,NA,NA,NA,NA,NA,NA,NA,NA,NA,NA,NA,NA,NA,NA,NA,NA,NA,NA,NA,-0.403417106435605,155
"3960","East Haida Gwaii-Chum","Chum",1990,292299,331839,NA,NA,NA,NA,NA,NA,NA,NA,NA,NA,NA,NA,NA,NA,NA,NA,NA,NA,NA,NA,NA,NA,NA,NA,NA,NA,NA,NA,NA,NA,NA,-0.126872660567453,155
"3961","East Haida Gwaii-Chum","Chum",1991,248443,188975,NA,NA,NA,NA,NA,NA,NA,NA,NA,NA,NA,NA,NA,NA,NA,NA,NA,NA,NA,NA,NA,NA,NA,NA,NA,NA,NA,NA,NA,NA,NA,0.273598711790141,155
"3962","East Haida Gwaii-Chum","Chum",1992,260645,121673,NA,NA,NA,NA,NA,NA,NA,NA,NA,NA,NA,NA,NA,NA,NA,NA,NA,NA,NA,NA,NA,NA,NA,NA,NA,NA,NA,NA,NA,NA,NA,0.761822209863824,155
"3963","East Haida Gwaii-Chum","Chum",1993,215594,122456,NA,NA,NA,NA,NA,NA,NA,NA,NA,NA,NA,NA,NA,NA,NA,NA,NA,NA,NA,NA,NA,NA,NA,NA,NA,NA,NA,NA,NA,NA,NA,0.56564522754465,155
"3964","East Haida Gwaii-Chum","Chum",1994,242430,234904,NA,NA,NA,NA,NA,NA,NA,NA,NA,NA,NA,NA,NA,NA,NA,NA,NA,NA,NA,NA,NA,NA,NA,NA,NA,NA,NA,NA,NA,NA,NA,0.0315360888708068,155
"3965","East Haida Gwaii-Chum","Chum",1995,250450,192712,NA,NA,NA,NA,NA,NA,NA,NA,NA,NA,NA,NA,NA,NA,NA,NA,NA,NA,NA,NA,NA,NA,NA,NA,NA,NA,NA,NA,NA,NA,NA,0.26206245335903,155
"3966","East Haida Gwaii-Chum","Chum",1996,253286,213875,NA,NA,NA,NA,NA,NA,NA,NA,NA,NA,NA,NA,NA,NA,NA,NA,NA,NA,NA,NA,NA,NA,NA,NA,NA,NA,NA,NA,NA,NA,NA,0.169127552837486,155
"3967","East Haida Gwaii-Chum","Chum",1997,210495,153701,NA,NA,NA,NA,NA,NA,NA,NA,NA,NA,NA,NA,NA,NA,NA,NA,NA,NA,NA,NA,NA,NA,NA,NA,NA,NA,NA,NA,NA,NA,NA,0.314452743166952,155
"3968","East Haida Gwaii-Chum","Chum",1998,158951,206881,NA,NA,NA,NA,NA,NA,NA,NA,NA,NA,NA,NA,NA,NA,NA,NA,NA,NA,NA,NA,NA,NA,NA,NA,NA,NA,NA,NA,NA,NA,NA,-0.263547770108306,155
"3969","East Haida Gwaii-Chum","Chum",1999,166260,193474,NA,NA,NA,NA,NA,NA,NA,NA,NA,NA,NA,NA,NA,NA,NA,NA,NA,NA,NA,NA,NA,NA,NA,NA,NA,NA,NA,NA,NA,NA,NA,-0.151590308413786,155
"3970","East Haida Gwaii-Chum","Chum",2000,193939,205259,NA,NA,NA,NA,NA,NA,NA,NA,NA,NA,NA,NA,NA,NA,NA,NA,NA,NA,NA,NA,NA,NA,NA,NA,NA,NA,NA,NA,NA,NA,NA,-0.0567289197066571,155
"3971","East Haida Gwaii-Chum","Chum",2001,192590,204575,NA,NA,NA,NA,NA,NA,NA,NA,NA,NA,NA,NA,NA,NA,NA,NA,NA,NA,NA,NA,NA,NA,NA,NA,NA,NA,NA,NA,NA,NA,NA,-0.0603710794773247,155
"3972","East Haida Gwaii-Chum","Chum",2002,165127,137633,NA,NA,NA,NA,NA,NA,NA,NA,NA,NA,NA,NA,NA,NA,NA,NA,NA,NA,NA,NA,NA,NA,NA,NA,NA,NA,NA,NA,NA,NA,NA,0.182124152478394,155
"3973","East Haida Gwaii-Chum","Chum",2003,62868,162870,NA,NA,NA,NA,NA,NA,NA,NA,NA,NA,NA,NA,NA,NA,NA,NA,NA,NA,NA,NA,NA,NA,NA,NA,NA,NA,NA,NA,NA,NA,NA,-0.951915046371386,155
"3974","East Haida Gwaii-Chum","Chum",2004,104721,202716,NA,NA,NA,NA,NA,NA,NA,NA,NA,NA,NA,NA,NA,NA,NA,NA,NA,NA,NA,NA,NA,NA,NA,NA,NA,NA,NA,NA,NA,NA,NA,-0.660506313898286,155
"3975","East Haida Gwaii-Chum","Chum",2005,161016,174060,NA,NA,NA,NA,NA,NA,NA,NA,NA,NA,NA,NA,NA,NA,NA,NA,NA,NA,NA,NA,NA,NA,NA,NA,NA,NA,NA,NA,NA,NA,NA,-0.077896328432671,155
"3976","East Haida Gwaii-Chum","Chum",2006,99677,165972,NA,NA,NA,NA,NA,NA,NA,NA,NA,NA,NA,NA,NA,NA,NA,NA,NA,NA,NA,NA,NA,NA,NA,NA,NA,NA,NA,NA,NA,NA,NA,-0.509884141152517,155
"3977","East Haida Gwaii-Chum","Chum",2007,51078,15651,NA,NA,NA,NA,NA,NA,NA,NA,NA,NA,NA,NA,NA,NA,NA,NA,NA,NA,NA,NA,NA,NA,NA,NA,NA,NA,NA,NA,NA,NA,NA,1.18281906342161,155
"3978","East Haida Gwaii-Chum","Chum",2008,93874,116925,NA,NA,NA,NA,NA,NA,NA,NA,NA,NA,NA,NA,NA,NA,NA,NA,NA,NA,NA,NA,NA,NA,NA,NA,NA,NA,NA,NA,NA,NA,NA,-0.219579246047771,155
"3979","North Haida Gwaii-Chum","Chum",1954,59993,193823,NA,NA,22334.40162,30888.42181,6503.917776,266.6562405,0,NA,NA,NA,NA,NA,NA,NA,NA,NA,NA,NA,NA,NA,NA,NA,NA,NA,NA,NA,NA,NA,NA,NA,NA,-1.17271748271608,156
"3980","North Haida Gwaii-Chum","Chum",1955,30370,79301,NA,NA,3518.38767,21346.57417,5054.874819,450.4217479,0,NA,NA,NA,NA,NA,NA,NA,NA,NA,NA,NA,NA,NA,NA,NA,NA,NA,NA,NA,NA,NA,NA,NA,NA,-0.959795459844114,156
"3981","North Haida Gwaii-Chum","Chum",1956,27840,30209,NA,NA,2431.510545,16590.65566,8538.429657,279.3391191,0,NA,NA,NA,NA,NA,NA,NA,NA,NA,NA,NA,NA,NA,NA,NA,NA,NA,NA,NA,NA,NA,NA,NA,NA,-0.0816660577625115,156
"3982","North Haida Gwaii-Chum","Chum",1957,35434,224835,NA,NA,1889.781182,28024.06614,5295.298084,224.6445015,0,NA,NA,NA,NA,NA,NA,NA,NA,NA,NA,NA,NA,NA,NA,NA,NA,NA,NA,NA,NA,NA,NA,NA,NA,-1.84769498867242,156
"3983","North Haida Gwaii-Chum","Chum",1958,26567,35508,NA,NA,3192.119344,17379.75128,4258.478376,1736.914454,0,NA,NA,NA,NA,NA,NA,NA,NA,NA,NA,NA,NA,NA,NA,NA,NA,NA,NA,NA,NA,NA,NA,NA,NA,-0.290088179105284,156
"3984","North Haida Gwaii-Chum","Chum",1959,51710,28686,NA,NA,1979.664192,13976.79485,32925.8566,2827.805561,0,NA,NA,NA,NA,NA,NA,NA,NA,NA,NA,NA,NA,NA,NA,NA,NA,NA,NA,NA,NA,NA,NA,NA,NA,0.589241987536109,156
"3985","North Haida Gwaii-Chum","Chum",1960,165087,21965,NA,NA,1592.045815,108066.2862,53605.3576,1823.486652,0,NA,NA,NA,NA,NA,NA,NA,NA,NA,NA,NA,NA,NA,NA,NA,NA,NA,NA,NA,NA,NA,NA,NA,NA,2.01702233024069,156
"3986","North Haida Gwaii-Chum","Chum",1961,223621,39386,NA,NA,12309.43722,175938.6852,34566.96435,805.8176786,0,NA,NA,NA,NA,NA,NA,NA,NA,NA,NA,NA,NA,NA,NA,NA,NA,NA,NA,NA,NA,NA,NA,NA,NA,1.73654223137114,156
"3987","North Haida Gwaii-Chum","Chum",1962,149677,21965,NA,NA,20040.53507,113452.5825,15275.50034,908.6067238,0,NA,NA,NA,NA,NA,NA,NA,NA,NA,NA,NA,NA,NA,NA,NA,NA,NA,NA,NA,NA,NA,NA,NA,NA,1.91902936157935,156
"3988","North Haida Gwaii-Chum","Chum",1963,81447,15906,NA,NA,12922.97062,50135.87383,17224.02311,1164.55288,0,NA,NA,NA,NA,NA,NA,NA,NA,NA,NA,NA,NA,NA,NA,NA,NA,NA,NA,NA,NA,NA,NA,NA,NA,1.63325610542226,156
"3989","North Haida Gwaii-Chum","Chum",1964,85056,141637,NA,NA,5710.794852,56531.14008,22075.87199,738.5305109,0,NA,NA,NA,NA,NA,NA,NA,NA,NA,NA,NA,NA,NA,NA,NA,NA,NA,NA,NA,NA,NA,NA,NA,NA,-0.509957583471116,156
"3990","North Haida Gwaii-Chum","Chum",1965,94111,242487,NA,NA,6439.256347,72455.44224,13999.96969,1216.262329,0,NA,NA,NA,NA,NA,NA,NA,NA,NA,NA,NA,NA,NA,NA,NA,NA,NA,NA,NA,NA,NA,NA,NA,NA,-0.946473164015548,156
"3991","North Haida Gwaii-Chum","Chum",1966,77813,141637,NA,NA,8253.13563,45949.44179,23056.10327,554.3636006,0,NA,NA,NA,NA,NA,NA,NA,NA,NA,NA,NA,NA,NA,NA,NA,NA,NA,NA,NA,NA,NA,NA,NA,NA,-0.598958934220703,156
"3992","North Haida Gwaii-Chum","Chum",1967,92718,47717,NA,NA,5233.933621,75672.66923,10508.80565,1302.305966,0,NA,NA,NA,NA,NA,NA,NA,NA,NA,NA,NA,NA,NA,NA,NA,NA,NA,NA,NA,NA,NA,NA,NA,NA,0.664274899948641,156
"3993","North Haida Gwaii-Chum","Chum",1968,68605,56806,NA,NA,8619.598242,34491.05707,24687.19135,807.3753025,0,NA,NA,NA,NA,NA,NA,NA,NA,NA,NA,NA,NA,NA,NA,NA,NA,NA,NA,NA,NA,NA,NA,NA,NA,0.188723464422073,156
"3994","North Haida Gwaii-Chum","Chum",1969,101372,68168,NA,NA,3928.750735,81026.07986,15305.02747,1112.319387,0,NA,NA,NA,NA,NA,NA,NA,NA,NA,NA,NA,NA,NA,NA,NA,NA,NA,NA,NA,NA,NA,NA,NA,NA,0.396821672377093,156
"3995","North Haida Gwaii-Chum","Chum",1970,81468,36945,NA,NA,9229.385756,50232.78512,21085.70663,920.0481608,0,NA,NA,NA,NA,NA,NA,NA,NA,NA,NA,NA,NA,NA,NA,NA,NA,NA,NA,NA,NA,NA,NA,NA,NA,0.790779984866899,156
"3996","North Haida Gwaii-Chum","Chum",1971,93370,73890,NA,NA,5721.833665,69205.61053,17440.91296,1001.598871,0,NA,NA,NA,NA,NA,NA,NA,NA,NA,NA,NA,NA,NA,NA,NA,NA,NA,NA,NA,NA,NA,NA,NA,NA,0.233992593695278,156
"3997","North Haida Gwaii-Chum","Chum",1972,85164,11435,NA,NA,7882.959131,57242.99644,18986.83077,1051.092174,0,NA,NA,NA,NA,NA,NA,NA,NA,NA,NA,NA,NA,NA,NA,NA,NA,NA,NA,NA,NA,NA,NA,NA,NA,2.0078999818561,156
"3998","North Haida Gwaii-Chum","Chum",1973,89383,65093,NA,NA,6520.341313,62316.86888,19925.05165,620.7411488,0,NA,NA,NA,NA,NA,NA,NA,NA,NA,NA,NA,NA,NA,NA,NA,NA,NA,NA,NA,NA,NA,NA,NA,NA,0.317113490946484,156
"3999","North Haida Gwaii-Chum","Chum",1974,84590,54538,NA,NA,7098.28765,65396.2131,11767.09308,328.6580955,0,NA,NA,NA,NA,NA,NA,NA,NA,NA,NA,NA,NA,NA,NA,NA,NA,NA,NA,NA,NA,NA,NA,NA,NA,0.438918349904554,156
"4000","North Haida Gwaii-Chum","Chum",1975,52914,87964,NA,NA,7449.044539,38620.89495,6230.214332,613.4612256,0,NA,NA,NA,NA,NA,NA,NA,NA,NA,NA,NA,NA,NA,NA,NA,NA,NA,NA,NA,NA,NA,NA,NA,NA,-0.508259685734503,156
"4001","North Haida Gwaii-Chum","Chum",1976,37785,80047,NA,NA,4399.165533,20448.24933,11629.09106,1308.561198,0,NA,NA,NA,NA,NA,NA,NA,NA,NA,NA,NA,NA,NA,NA,NA,NA,NA,NA,NA,NA,NA,NA,NA,NA,-0.750701763690637,156
"4002","North Haida Gwaii-Chum","Chum",1977,65928,84445,NA,NA,2329.185633,38167.95712,24805.7688,624.9787112,0,NA,NA,NA,NA,NA,NA,NA,NA,NA,NA,NA,NA,NA,NA,NA,NA,NA,NA,NA,NA,NA,NA,NA,NA,-0.247537197408802,156
"4003","North Haida Gwaii-Chum","Chum",1978,98554,87964,NA,NA,4347.573033,81415.26412,11847.42253,943.3700793,0,NA,NA,NA,NA,NA,NA,NA,NA,NA,NA,NA,NA,NA,NA,NA,NA,NA,NA,NA,NA,NA,NA,NA,NA,0.113676981440175,156
"4004","North Haida Gwaii-Chum","Chum",1979,67715,49260,NA,NA,9273.716318,38884.54503,17883.01542,1673.941886,0,NA,NA,NA,NA,NA,NA,NA,NA,NA,NA,NA,NA,NA,NA,NA,NA,NA,NA,NA,NA,NA,NA,NA,NA,0.318195328414943,156
"4005","North Haida Gwaii-Chum","Chum",1980,97413,19072,NA,NA,4429.196953,58694.02537,31732.11575,2557.577407,0,NA,NA,NA,NA,NA,NA,NA,NA,NA,NA,NA,NA,NA,NA,NA,NA,NA,NA,NA,NA,NA,NA,NA,NA,1.63073838108506,156
"4006","North Haida Gwaii-Chum","Chum",1981,160269,38456,NA,NA,6685.622736,104148.2973,48482.77172,952.2098652,0,NA,NA,NA,NA,NA,NA,NA,NA,NA,NA,NA,NA,NA,NA,NA,NA,NA,NA,NA,NA,NA,NA,NA,NA,1.42733892292347,156
"4007","North Haida Gwaii-Chum","Chum",1982,189608,104737,NA,NA,11863.15336,159125.7943,18050.58701,568.065138,0,NA,NA,NA,NA,NA,NA,NA,NA,NA,NA,NA,NA,NA,NA,NA,NA,NA,NA,NA,NA,NA,NA,NA,NA,0.593506336934953,156
"4008","North Haida Gwaii-Chum","Chum",1983,88517,53150,NA,NA,18125.43989,59244.01379,10768.53914,378.5432839,0,NA,NA,NA,NA,NA,NA,NA,NA,NA,NA,NA,NA,NA,NA,NA,NA,NA,NA,NA,NA,NA,NA,NA,NA,0.510076519174409,156
"4009","North Haida Gwaii-Chum","Chum",1984,49439,78162,NA,NA,6748.269915,35343.53098,7175.863991,171.5404871,0,NA,NA,NA,NA,NA,NA,NA,NA,NA,NA,NA,NA,NA,NA,NA,NA,NA,NA,NA,NA,NA,NA,NA,NA,-0.458044009535823,156
"4010","North Haida Gwaii-Chum","Chum",1985,30884,95358,NA,NA,4025.852935,23551.97562,3251.810973,53.92733206,0,NA,NA,NA,NA,NA,NA,NA,NA,NA,NA,NA,NA,NA,NA,NA,NA,NA,NA,NA,NA,NA,NA,NA,NA,-1.12739997949617,156
"4011","North Haida Gwaii-Chum","Chum",1986,14577,125059,NA,NA,2682.719795,10672.80161,1022.274642,199.0173979,0,NA,NA,NA,NA,NA,NA,NA,NA,NA,NA,NA,NA,NA,NA,NA,NA,NA,NA,NA,NA,NA,NA,NA,NA,-2.14934068185346,156
"4012","North Haida Gwaii-Chum","Chum",1987,9459,78162,NA,NA,1215.699974,3355.217921,3772.67763,1115.198044,0,NA,NA,NA,NA,NA,NA,NA,NA,NA,NA,NA,NA,NA,NA,NA,NA,NA,NA,NA,NA,NA,NA,NA,NA,-2.11181692671245,156
"4013","North Haida Gwaii-Chum","Chum",1988,34604,42989,NA,NA,382.1806576,12382.34332,21140.27597,699.0734241,0,NA,NA,NA,NA,NA,NA,NA,NA,NA,NA,NA,NA,NA,NA,NA,NA,NA,NA,NA,NA,NA,NA,NA,NA,-0.216974986695976,156
"4014","North Haida Gwaii-Chum","Chum",1989,84651,28529,NA,NA,1410.427646,69384.71311,13252.00056,603.6482175,0,NA,NA,NA,NA,NA,NA,NA,NA,NA,NA,NA,NA,NA,NA,NA,NA,NA,NA,NA,NA,NA,NA,NA,NA,1.08761580807103,156
"4015","North Haida Gwaii-Chum","Chum",1990,62958,6987,NA,NA,7903.360053,43494.52478,11443.07056,117.0289721,0,NA,NA,NA,NA,NA,NA,NA,NA,NA,NA,NA,NA,NA,NA,NA,NA,NA,NA,NA,NA,NA,NA,NA,NA,2.19841655783352,156
"4016","North Haida Gwaii-Chum","Chum",1991,45795,1882,NA,NA,4954.302962,37557.41736,2218.462253,1064.806343,0,NA,NA,NA,NA,NA,NA,NA,NA,NA,NA,NA,NA,NA,NA,NA,NA,NA,NA,NA,NA,NA,NA,NA,NA,3.19183987369176,156
"4017","North Haida Gwaii-Chum","Chum",1992,32329,9090,NA,NA,4278.028672,7281.23735,20185.02459,584.2480882,0,NA,NA,NA,NA,NA,NA,NA,NA,NA,NA,NA,NA,NA,NA,NA,NA,NA,NA,NA,NA,NA,NA,NA,NA,1.26878975204576,156
"4018","North Haida Gwaii-Chum","Chum",1993,78742,75844,NA,NA,829.3792369,66249.47292,11075.31158,587.3761549,0,NA,NA,NA,NA,NA,NA,NA,NA,NA,NA,NA,NA,NA,NA,NA,NA,NA,NA,NA,NA,NA,NA,NA,NA,0.0374980860718584,156
"4019","North Haida Gwaii-Chum","Chum",1994,55231,48482,NA,NA,7546.236258,36350.39192,11134.60885,200.0563428,0,NA,NA,NA,NA,NA,NA,NA,NA,NA,NA,NA,NA,NA,NA,NA,NA,NA,NA,NA,NA,NA,NA,NA,NA,0.130331794815395,156
"4020","North Haida Gwaii-Chum","Chum",1995,44545,29998,NA,NA,4140.540799,36545.01207,3792.372412,66.99652781,0,NA,NA,NA,NA,NA,NA,NA,NA,NA,NA,NA,NA,NA,NA,NA,NA,NA,NA,NA,NA,NA,NA,NA,NA,0.395369201399439,156
"4021","North Haida Gwaii-Chum","Chum",1996,18005,9545,NA,NA,4162.709272,12446.98376,1270.021136,125.4298106,0,NA,NA,NA,NA,NA,NA,NA,NA,NA,NA,NA,NA,NA,NA,NA,NA,NA,NA,NA,NA,NA,NA,NA,NA,0.634632039923128,156
"4022","North Haida Gwaii-Chum","Chum",1997,8554,48213,NA,NA,1417.790603,4168.349187,2377.712932,590.6272846,0,NA,NA,NA,NA,NA,NA,NA,NA,NA,NA,NA,NA,NA,NA,NA,NA,NA,NA,NA,NA,NA,NA,NA,NA,-1.72922968443033,156
"4023","North Haida Gwaii-Chum","Chum",1998,19533,49688,NA,NA,474.8014797,7803.91561,11196.23896,58.1811952,0,NA,NA,NA,NA,NA,NA,NA,NA,NA,NA,NA,NA,NA,NA,NA,NA,NA,NA,NA,NA,NA,NA,NA,NA,-0.933658112334167,156
"4024","North Haida Gwaii-Chum","Chum",1999,38777,51240,NA,NA,888.9156145,36747.28888,1102.913092,37.63068672,0,NA,NA,NA,NA,NA,NA,NA,NA,NA,NA,NA,NA,NA,NA,NA,NA,NA,NA,NA,NA,NA,NA,NA,NA,-0.278693189670066,156
"4025","North Haida Gwaii-Chum","Chum",2000,8837,17626,NA,NA,4185.749887,3619.882188,713.3469308,318.4095175,0,NA,NA,NA,NA,NA,NA,NA,NA,NA,NA,NA,NA,NA,NA,NA,NA,NA,NA,NA,NA,NA,NA,NA,NA,-0.690427632141601,156
"4026","North Haida Gwaii-Chum","Chum",2001,9121,5980,NA,NA,412.3276008,2341.28316,6035.93694,331.3768194,NA,NA,NA,NA,NA,NA,NA,NA,NA,NA,NA,NA,NA,NA,NA,NA,NA,NA,NA,NA,NA,NA,NA,NA,NA,0.422158879235481,156
"4027","North Haida Gwaii-Chum","Chum",2002,26359,11181,NA,NA,NA,NA,NA,NA,NA,NA,NA,NA,NA,NA,NA,NA,NA,NA,NA,NA,NA,NA,NA,NA,NA,NA,NA,NA,NA,NA,NA,NA,NA,0.857593863482406,156
"4028","West Haida Gwaii-Chum","Chum",1954,118749,222824,NA,NA,24099.73586,87262.92554,6828.363618,557.769408,0,NA,NA,NA,NA,NA,NA,NA,NA,NA,NA,NA,NA,NA,NA,NA,NA,NA,NA,NA,NA,NA,NA,NA,NA,-0.629370200353279,157
"4029","West Haida Gwaii-Chum","Chum",1955,44768,29185,NA,NA,10258.77644,22510.72982,10136.85272,1861.351139,0,NA,NA,NA,NA,NA,NA,NA,NA,NA,NA,NA,NA,NA,NA,NA,NA,NA,NA,NA,NA,NA,NA,NA,NA,0.427838719827316,157
"4030","West Haida Gwaii-Chum","Chum",1956,71114,68102,NA,NA,2646.399297,33417.6628,33828.03375,1221.507337,0,NA,NA,NA,NA,NA,NA,NA,NA,NA,NA,NA,NA,NA,NA,NA,NA,NA,NA,NA,NA,NA,NA,NA,NA,0.0432776418924827,157
"4031","West Haida Gwaii-Chum","Chum",1957,139475,289194,NA,NA,3928.6367,111519.2117,22199.56812,1827.816205,0,NA,NA,NA,NA,NA,NA,NA,NA,NA,NA,NA,NA,NA,NA,NA,NA,NA,NA,NA,NA,NA,NA,NA,NA,-0.729212369449831,157
"4032","West Haida Gwaii-Chum","Chum",1958,126253,119061,NA,NA,13110.38628,73184.22219,33218.57277,6739.796449,0,NA,NA,NA,NA,NA,NA,NA,NA,NA,NA,NA,NA,NA,NA,NA,NA,NA,NA,NA,NA,NA,NA,NA,NA,0.0586518634329236,157
"4033","West Haida Gwaii-Chum","Chum",1959,242289,26837,NA,NA,8603.660373,109510.0318,122488.4746,1686.415639,0,NA,NA,NA,NA,NA,NA,NA,NA,NA,NA,NA,NA,NA,NA,NA,NA,NA,NA,NA,NA,NA,NA,NA,NA,2.2003496961414,157
"4034","West Haida Gwaii-Chum","Chum",1960,450031,47338,NA,NA,12874.18371,403801.7177,30648.77118,2706.729596,0,NA,NA,NA,NA,NA,NA,NA,NA,NA,NA,NA,NA,NA,NA,NA,NA,NA,NA,NA,NA,NA,NA,NA,NA,2.2520031136579,157
"4035","West Haida Gwaii-Chum","Chum",1961,199825,157069,NA,NA,47471.60977,101038.2935,49191.86832,2122.880943,0,NA,NA,NA,NA,NA,NA,NA,NA,NA,NA,NA,NA,NA,NA,NA,NA,NA,NA,NA,NA,NA,NA,NA,NA,0.240756784265554,157
"4036","West Haida Gwaii-Chum","Chum",1962,215131,104028,NA,NA,11878.23189,162168.408,38581.05367,2503.233505,0,NA,NA,NA,NA,NA,NA,NA,NA,NA,NA,NA,NA,NA,NA,NA,NA,NA,NA,NA,NA,NA,NA,NA,NA,0.726587051229445,157
"4037","West Haida Gwaii-Chum","Chum",1963,193593,157324,NA,NA,19064.79107,127188.2583,45493.54805,1846.701381,0,NA,NA,NA,NA,NA,NA,NA,NA,NA,NA,NA,NA,NA,NA,NA,NA,NA,NA,NA,NA,NA,NA,NA,NA,0.207450644040076,157
"4038","West Haida Gwaii-Chum","Chum",1964,202073,380190,NA,NA,14952.46578,149976.3378,33561.79032,3582.776894,0,NA,NA,NA,NA,NA,NA,NA,NA,NA,NA,NA,NA,NA,NA,NA,NA,NA,NA,NA,NA,NA,NA,NA,NA,-0.632042109506506,157
"4039","West Haida Gwaii-Chum","Chum",1965,195928,70250,NA,NA,17631.47078,110641.5002,65113.07574,2541.857504,0,NA,NA,NA,NA,NA,NA,NA,NA,NA,NA,NA,NA,NA,NA,NA,NA,NA,NA,NA,NA,NA,NA,NA,NA,1.02568693658947,157
"4040","West Haida Gwaii-Chum","Chum",1966,276480,188668,NA,NA,13007.20103,214655.0679,46195.49724,2622.307438,0,NA,NA,NA,NA,NA,NA,NA,NA,NA,NA,NA,NA,NA,NA,NA,NA,NA,NA,NA,NA,NA,NA,NA,NA,0.382149628967781,157
"4041","West Haida Gwaii-Chum","Chum",1967,226743,150858,NA,NA,25235.21117,152290.4191,47657.58736,1559.519291,0,NA,NA,NA,NA,NA,NA,NA,NA,NA,NA,NA,NA,NA,NA,NA,NA,NA,NA,NA,NA,NA,NA,NA,NA,0.407478220502485,157
"4042","West Haida Gwaii-Chum","Chum",1968,204704,160294,NA,NA,17903.51807,157110.4196,28342.56799,1347.198789,0,NA,NA,NA,NA,NA,NA,NA,NA,NA,NA,NA,NA,NA,NA,NA,NA,NA,NA,NA,NA,NA,NA,NA,NA,0.244555404171822,157
"4043","West Haida Gwaii-Chum","Chum",1969,137324,113156,NA,NA,18470.16543,93435.54711,24483.87364,934.3646266,0,NA,NA,NA,NA,NA,NA,NA,NA,NA,NA,NA,NA,NA,NA,NA,NA,NA,NA,NA,NA,NA,NA,NA,NA,0.193575699577868,157
"4044","West Haida Gwaii-Chum","Chum",1970,109197,127338,NA,NA,10984.44023,80714.77959,16981.06148,517.1919218,0,NA,NA,NA,NA,NA,NA,NA,NA,NA,NA,NA,NA,NA,NA,NA,NA,NA,NA,NA,NA,NA,NA,NA,NA,-0.153691378075604,157
"4045","West Haida Gwaii-Chum","Chum",1971,76015,142463,NA,NA,9488.96538,55980.6285,9399.401015,1146.185821,0,NA,NA,NA,NA,NA,NA,NA,NA,NA,NA,NA,NA,NA,NA,NA,NA,NA,NA,NA,NA,NA,NA,NA,NA,-0.628151627638429,157
"4046","West Haida Gwaii-Chum","Chum",1972,59039,116718,NA,NA,6581.176935,30986.5421,20830.68145,640.827225,0,NA,NA,NA,NA,NA,NA,NA,NA,NA,NA,NA,NA,NA,NA,NA,NA,NA,NA,NA,NA,NA,NA,NA,NA,-0.681562526564338,157
"4047","West Haida Gwaii-Chum","Chum",1973,85081,78443,NA,NA,3642.830058,68671.48095,11646.33826,1120.493059,0,NA,NA,NA,NA,NA,NA,NA,NA,NA,NA,NA,NA,NA,NA,NA,NA,NA,NA,NA,NA,NA,NA,NA,NA,0.0812314975168358,157
"4048","West Haida Gwaii-Chum","Chum",1974,68767,52729,NA,NA,8073.134916,38393.9094,20363.74343,1935.810248,0,NA,NA,NA,NA,NA,NA,NA,NA,NA,NA,NA,NA,NA,NA,NA,NA,NA,NA,NA,NA,NA,NA,NA,NA,0.265558389880859,157
"4049","West Haida Gwaii-Chum","Chum",1975,107527,38454,NA,NA,4513.652629,67132.14939,35181.24713,700.2976107,0,NA,NA,NA,NA,NA,NA,NA,NA,NA,NA,NA,NA,NA,NA,NA,NA,NA,NA,NA,NA,NA,NA,NA,NA,1.02827925707218,157
"4050","West Haida Gwaii-Chum","Chum",1976,138251,41819,NA,NA,7892.168506,115980.2836,12727.14788,1651.24806,0,NA,NA,NA,NA,NA,NA,NA,NA,NA,NA,NA,NA,NA,NA,NA,NA,NA,NA,NA,NA,NA,NA,NA,NA,1.19572009193858,157
"4051","West Haida Gwaii-Chum","Chum",1977,86185,81876,NA,NA,13634.8374,41956.9612,30009.63865,583.5954327,0,NA,NA,NA,NA,NA,NA,NA,NA,NA,NA,NA,NA,NA,NA,NA,NA,NA,NA,NA,NA,NA,NA,NA,NA,0.0512902409850678,157
"4052","West Haida Gwaii-Chum","Chum",1978,116328,45240,NA,NA,4932.530997,98931.2968,10606.21265,1858.074619,0,NA,NA,NA,NA,NA,NA,NA,NA,NA,NA,NA,NA,NA,NA,NA,NA,NA,NA,NA,NA,NA,NA,NA,NA,0.944432135963265,157
"4053","West Haida Gwaii-Chum","Chum",1979,82476,84962,NA,NA,11630.52981,34964.97853,33768.48656,2111.892322,0,NA,NA,NA,NA,NA,NA,NA,NA,NA,NA,NA,NA,NA,NA,NA,NA,NA,NA,NA,NA,NA,NA,NA,NA,-0.0296967557787294,157
"4054","West Haida Gwaii-Chum","Chum",1980,155268,116862,NA,NA,4110.541744,111322.9055,38381.34741,1453.132156,0,NA,NA,NA,NA,NA,NA,NA,NA,NA,NA,NA,NA,NA,NA,NA,NA,NA,NA,NA,NA,NA,NA,NA,NA,0.284158904645998,157
"4055","West Haida Gwaii-Chum","Chum",1981,167256,54449,NA,NA,13087.30819,126529.8965,26409.09744,1229.26552,0,NA,NA,NA,NA,NA,NA,NA,NA,NA,NA,NA,NA,NA,NA,NA,NA,NA,NA,NA,NA,NA,NA,NA,NA,1.12226108906692,157
"4056","West Haida Gwaii-Chum","Chum",1982,125465,98115,NA,NA,14875.06766,87061.57003,22340.56467,1187.784087,0,NA,NA,NA,NA,NA,NA,NA,NA,NA,NA,NA,NA,NA,NA,NA,NA,NA,NA,NA,NA,NA,NA,NA,NA,0.245886575132898,157
"4057","West Haida Gwaii-Chum","Chum",1983,106458,44112,NA,NA,10235.10475,73649.03855,21586.68472,986.8193799,0,NA,NA,NA,NA,NA,NA,NA,NA,NA,NA,NA,NA,NA,NA,NA,NA,NA,NA,NA,NA,NA,NA,NA,NA,0.881018686888056,157
"4058","West Haida Gwaii-Chum","Chum",1984,99187,77068,NA,NA,8658.304968,71163.75968,17934.3696,1430.560703,0,NA,NA,NA,NA,NA,NA,NA,NA,NA,NA,NA,NA,NA,NA,NA,NA,NA,NA,NA,NA,NA,NA,NA,NA,0.252318808297626,157
"4059","West Haida Gwaii-Chum","Chum",1985,95048,106663,NA,NA,8366.131399,59123.35242,25998.88581,1559.946128,0,NA,NA,NA,NA,NA,NA,NA,NA,NA,NA,NA,NA,NA,NA,NA,NA,NA,NA,NA,NA,NA,NA,NA,NA,-0.115292304378842,157
"4060","West Haida Gwaii-Chum","Chum",1986,121630,101637,NA,NA,6950.64085,85709.24557,28350.32528,619.4532047,0,NA,NA,NA,NA,NA,NA,NA,NA,NA,NA,NA,NA,NA,NA,NA,NA,NA,NA,NA,NA,NA,NA,NA,NA,0.179576007552592,157
"4061","West Haida Gwaii-Chum","Chum",1987,116798,83137,NA,NA,10076.12321,93461.12018,11257.88868,2002.450205,0,NA,NA,NA,NA,NA,NA,NA,NA,NA,NA,NA,NA,NA,NA,NA,NA,NA,NA,NA,NA,NA,NA,NA,NA,0.339956097500609,157
"4062","West Haida Gwaii-Chum","Chum",1988,85428,94087,NA,NA,10987.44664,37113.32679,36392.3559,935.0856638,0,NA,NA,NA,NA,NA,NA,NA,NA,NA,NA,NA,NA,NA,NA,NA,NA,NA,NA,NA,NA,NA,NA,NA,NA,-0.096545970234588,157
"4063","West Haida Gwaii-Chum","Chum",1989,142333,55426,NA,NA,4363.105181,119972.8862,16994.16554,1003.009132,0,NA,NA,NA,NA,NA,NA,NA,NA,NA,NA,NA,NA,NA,NA,NA,NA,NA,NA,NA,NA,NA,NA,NA,NA,0.943120584898146,157
"4064","West Haida Gwaii-Chum","Chum",1990,88925,75339,NA,NA,14104.21449,56023.82803,18228.60075,568.5252698,0,NA,NA,NA,NA,NA,NA,NA,NA,NA,NA,NA,NA,NA,NA,NA,NA,NA,NA,NA,NA,NA,NA,NA,NA,0.16579538882038,157
"4065","West Haida Gwaii-Chum","Chum",1991,77592,92690,NA,NA,6586.255545,60093.32975,10332.32882,580.1101942,0,NA,NA,NA,NA,NA,NA,NA,NA,NA,NA,NA,NA,NA,NA,NA,NA,NA,NA,NA,NA,NA,NA,NA,NA,-0.1777962627965,157
"4066","West Haida Gwaii-Chum","Chum",1992,53445,43408,NA,NA,7064.673018,34062.07921,10542.87222,1775.144501,0,NA,NA,NA,NA,NA,NA,NA,NA,NA,NA,NA,NA,NA,NA,NA,NA,NA,NA,NA,NA,NA,NA,NA,NA,0.208009331809333,157
"4067","West Haida Gwaii-Chum","Chum",1993,73301,118554,NA,NA,4004.395378,34756.16729,32261.3218,2279.13637,0,NA,NA,NA,NA,NA,NA,NA,NA,NA,NA,NA,NA,NA,NA,NA,NA,NA,NA,NA,NA,NA,NA,NA,NA,-0.480794301615386,157
"4068","West Haida Gwaii-Chum","Chum",1994,153430,64978,NA,NA,4085.993542,106354.3097,41420.8262,1568.488023,0,NA,NA,NA,NA,NA,NA,NA,NA,NA,NA,NA,NA,NA,NA,NA,NA,NA,NA,NA,NA,NA,NA,NA,NA,0.859195685890973,157
"4069","West Haida Gwaii-Chum","Chum",1995,178445,72672,NA,NA,12503.1917,136549.9964,28505.56495,886.4258742,0,NA,NA,NA,NA,NA,NA,NA,NA,NA,NA,NA,NA,NA,NA,NA,NA,NA,NA,NA,NA,NA,NA,NA,NA,0.898324264567524,157
"4070","West Haida Gwaii-Chum","Chum",1996,127532,48167,NA,NA,16053.04747,93972.89114,16109.82676,1396.31546,0,NA,NA,NA,NA,NA,NA,NA,NA,NA,NA,NA,NA,NA,NA,NA,NA,NA,NA,NA,NA,NA,NA,NA,NA,0.973693174224672,157
"4071","West Haida Gwaii-Chum","Chum",1997,90710,46553,NA,NA,11047.6113,53108.47194,25376.51575,1177.20884,0,NA,NA,NA,NA,NA,NA,NA,NA,NA,NA,NA,NA,NA,NA,NA,NA,NA,NA,NA,NA,NA,NA,NA,NA,0.66707615614902,157
"4072","West Haida Gwaii-Chum","Chum",1998,113068,135658,NA,NA,6243.521375,83657.50887,21394.49109,1772.86609,0,NA,NA,NA,NA,NA,NA,NA,NA,NA,NA,NA,NA,NA,NA,NA,NA,NA,NA,NA,NA,NA,NA,NA,NA,-0.182147605037119,157
"4073","West Haida Gwaii-Chum","Chum",1999,115298,168372,NA,NA,9834.917588,70530.16441,32219.91417,2712.629024,0,NA,NA,NA,NA,NA,NA,NA,NA,NA,NA,NA,NA,NA,NA,NA,NA,NA,NA,NA,NA,NA,NA,NA,NA,-0.378655736129063,157
"4074","West Haida Gwaii-Chum","Chum",2000,165002,108369,NA,NA,8291.644873,106217.8032,49299.084,1193.325371,0,NA,NA,NA,NA,NA,NA,NA,NA,NA,NA,NA,NA,NA,NA,NA,NA,NA,NA,NA,NA,NA,NA,NA,NA,0.420415524792939,157
"4075","West Haida Gwaii-Chum","Chum",2001,197750,76301,NA,NA,12487.14377,162521.8606,21687.39153,1053.162527,0,NA,NA,NA,NA,NA,NA,NA,NA,NA,NA,NA,NA,NA,NA,NA,NA,NA,NA,NA,NA,NA,NA,NA,NA,0.952317562283342,157
"4076","West Haida Gwaii-Chum","Chum",2002,110657,119037,NA,NA,19106.34356,71495.75485,19140.08418,914.363065,0,NA,NA,NA,NA,NA,NA,NA,NA,NA,NA,NA,NA,NA,NA,NA,NA,NA,NA,NA,NA,NA,NA,NA,NA,-0.0729990421187048,157
"4077","West Haida Gwaii-Chum","Chum",2003,88901,101342,NA,NA,8405.16131,63098.17225,16617.55483,779.9584418,0,NA,NA,NA,NA,NA,NA,NA,NA,NA,NA,NA,NA,NA,NA,NA,NA,NA,NA,NA,NA,NA,NA,NA,NA,-0.130977544346215,157
"4078","West Haida Gwaii-Chum","Chum",2004,78064,143422,NA,NA,7417.927361,54782.27407,14174.8969,1688.781822,0,NA,NA,NA,NA,NA,NA,NA,NA,NA,NA,NA,NA,NA,NA,NA,NA,NA,NA,NA,NA,NA,NA,NA,NA,-0.608262330340194,157
"4079","West Haida Gwaii-Chum","Chum",2005,85223,150919,NA,NA,6440.296371,46729.68403,30691.77398,1361.55736,0,NA,NA,NA,NA,NA,NA,NA,NA,NA,NA,NA,NA,NA,NA,NA,NA,NA,NA,NA,NA,NA,NA,NA,NA,-0.571471918590979,157
"4080","West Haida Gwaii-Chum","Chum",2006,133212,86937,NA,NA,5493.620329,101180.0587,24744.82506,1793.621117,0,NA,NA,NA,NA,NA,NA,NA,NA,NA,NA,NA,NA,NA,NA,NA,NA,NA,NA,NA,NA,NA,NA,NA,NA,0.426758125729475,157
"4081","West Haida Gwaii-Chum","Chum",2007,126816,90709,NA,NA,11894.89805,81575.0453,32597.11422,748.9486733,0,NA,NA,NA,NA,NA,NA,NA,NA,NA,NA,NA,NA,NA,NA,NA,NA,NA,NA,NA,NA,NA,NA,NA,NA,0.335080636584811,157
"4082","West Haida Gwaii-Chum","Chum",2008,131541,78754,NA,NA,9590.099665,107461.3,13611.32806,877.7928739,NA,NA,NA,NA,NA,NA,NA,NA,NA,NA,NA,NA,NA,NA,NA,NA,NA,NA,NA,NA,NA,NA,NA,NA,NA,0.512989520027992,157
"4083","West Haida Gwaii-Chum","Chum",2009,73458,67178,NA,NA,NA,NA,NA,NA,NA,NA,NA,NA,NA,NA,NA,NA,NA,NA,NA,NA,NA,NA,NA,NA,NA,NA,NA,NA,NA,NA,NA,NA,NA,0.0893680013439534,157
"4084","Skidegate-Chum","Chum",1954,78441,394243,NA,NA,6659.418979,63037.30766,8551.532605,192.5736244,0,NA,NA,NA,NA,NA,NA,NA,NA,NA,NA,NA,NA,NA,NA,NA,NA,NA,NA,NA,NA,NA,NA,NA,NA,-1.61462072060953,158
"4085","Skidegate-Chum","Chum",1955,49664,13656,NA,NA,4502.664833,34745.65929,10174.30649,241.4676732,0,NA,NA,NA,NA,NA,NA,NA,NA,NA,NA,NA,NA,NA,NA,NA,NA,NA,NA,NA,NA,NA,NA,NA,NA,1.29110133906861,158
"4086","Skidegate-Chum","Chum",1956,56790,74573,NA,NA,2481.832807,41339.13803,12757.54207,211.7056676,0,NA,NA,NA,NA,NA,NA,NA,NA,NA,NA,NA,NA,NA,NA,NA,NA,NA,NA,NA,NA,NA,NA,NA,NA,-0.272418257512891,158
"4087","Skidegate-Chum","Chum",1957,66289,111917,NA,NA,2952.795573,51835.06051,11185.11611,316.0575914,0,NA,NA,NA,NA,NA,NA,NA,NA,NA,NA,NA,NA,NA,NA,NA,NA,NA,NA,NA,NA,NA,NA,NA,NA,-0.523733554229396,158
"4088","Skidegate-Chum","Chum",1958,67869,78513,NA,NA,3702.504322,45446.14998,16698.37608,2021.66836,0,NA,NA,NA,NA,NA,NA,NA,NA,NA,NA,NA,NA,NA,NA,NA,NA,NA,NA,NA,NA,NA,NA,NA,NA,-0.145684839616165,158
"4089","Skidegate-Chum","Chum",1959,178558,45922,NA,NA,3246.15357,67847.02963,106811.4783,653.1348311,0,NA,NA,NA,NA,NA,NA,NA,NA,NA,NA,NA,NA,NA,NA,NA,NA,NA,NA,NA,NA,NA,NA,NA,NA,1.35796917334354,158
"4090","Skidegate-Chum","Chum",1960,473853,54051,NA,NA,4846.216402,433984.8079,34507.29024,514.4478959,0,NA,NA,NA,NA,NA,NA,NA,NA,NA,NA,NA,NA,NA,NA,NA,NA,NA,NA,NA,NA,NA,NA,NA,NA,2.17096910171193,158
"4091","Skidegate-Chum","Chum",1961,199070,55749,NA,NA,30998.91485,140206.2771,27179.99717,684.7100028,0,NA,NA,NA,NA,NA,NA,NA,NA,NA,NA,NA,NA,NA,NA,NA,NA,NA,NA,NA,NA,NA,NA,NA,NA,1.27279704870622,158
"4092","Skidegate-Chum","Chum",1962,158652,48311,NA,NA,10014.73408,110434.815,36175.51181,2026.642838,0,NA,NA,NA,NA,NA,NA,NA,NA,NA,NA,NA,NA,NA,NA,NA,NA,NA,NA,NA,NA,NA,NA,NA,NA,1.18905384631577,158
"4093","Skidegate-Chum","Chum",1963,262244,66778,NA,NA,7888.201071,146984.4139,107074.2966,296.6017417,0,NA,NA,NA,NA,NA,NA,NA,NA,NA,NA,NA,NA,NA,NA,NA,NA,NA,NA,NA,NA,NA,NA,NA,NA,1.36790168310189,158
"4094","Skidegate-Chum","Chum",1964,461517,285842,NA,NA,10498.88671,435052.6625,15670.45868,294.8843347,0,NA,NA,NA,NA,NA,NA,NA,NA,NA,NA,NA,NA,NA,NA,NA,NA,NA,NA,NA,NA,NA,NA,NA,NA,0.479079679055466,158
"4095","Skidegate-Chum","Chum",1965,110931,152822,NA,NA,31075.19018,63670.50721,15579.72235,606.0371703,0,NA,NA,NA,NA,NA,NA,NA,NA,NA,NA,NA,NA,NA,NA,NA,NA,NA,NA,NA,NA,NA,NA,NA,NA,-0.320365459022135,158
"4096","Skidegate-Chum","Chum",1966,100508,116060,NA,NA,4547.893372,63301.83718,32018.96383,639.441897,0,NA,NA,NA,NA,NA,NA,NA,NA,NA,NA,NA,NA,NA,NA,NA,NA,NA,NA,NA,NA,NA,NA,NA,NA,-0.143869972441352,158
"4097","Skidegate-Chum","Chum",1967,169171,97105,NA,NA,4521.559798,130095.9792,33783.84689,769.4842471,0,NA,NA,NA,NA,NA,NA,NA,NA,NA,NA,NA,NA,NA,NA,NA,NA,NA,NA,NA,NA,NA,NA,NA,NA,0.555117170405887,158
"4098","Skidegate-Chum","Chum",1968,187757,248744,NA,NA,9292.569945,137266.8606,40654.41772,543.5043399,0,NA,NA,NA,NA,NA,NA,NA,NA,NA,NA,NA,NA,NA,NA,NA,NA,NA,NA,NA,NA,NA,NA,NA,NA,-0.281275681573716,158
"4099","Skidegate-Chum","Chum",1969,203801,72576,NA,NA,9804.775755,165182.6184,28715.14596,98.30865203,0,NA,NA,NA,NA,NA,NA,NA,NA,NA,NA,NA,NA,NA,NA,NA,NA,NA,NA,NA,NA,NA,NA,NA,NA,1.0325097388827,158
"4100","Skidegate-Chum","Chum",1970,133927,39810,NA,NA,11798.75845,116672.265,5193.973782,261.8170983,0,NA,NA,NA,NA,NA,NA,NA,NA,NA,NA,NA,NA,NA,NA,NA,NA,NA,NA,NA,NA,NA,NA,NA,NA,1.21317673837486,158
"4101","Skidegate-Chum","Chum",1971,44284,86368,NA,NA,8333.733212,21103.59063,13832.67003,1013.721805,0,NA,NA,NA,NA,NA,NA,NA,NA,NA,NA,NA,NA,NA,NA,NA,NA,NA,NA,NA,NA,NA,NA,NA,NA,-0.667993798838374,158
"4102","Skidegate-Chum","Chum",1972,112114,85288,NA,NA,1507.399331,56203.40377,53558.30205,844.4423761,0,NA,NA,NA,NA,NA,NA,NA,NA,NA,NA,NA,NA,NA,NA,NA,NA,NA,NA,NA,NA,NA,NA,NA,NA,0.273482446124439,158
"4103","Skidegate-Chum","Chum",1973,266399,91874,NA,NA,4014.528841,217612.2809,44614.70554,157.4149663,0,NA,NA,NA,NA,NA,NA,NA,NA,NA,NA,NA,NA,NA,NA,NA,NA,NA,NA,NA,NA,NA,NA,NA,NA,1.06457711178541,158
"4104","Skidegate-Chum","Chum",1974,205727,98397,NA,NA,15543.73435,181273.6301,8316.757384,592.4912693,0,NA,NA,NA,NA,NA,NA,NA,NA,NA,NA,NA,NA,NA,NA,NA,NA,NA,NA,NA,NA,NA,NA,NA,NA,0.737539731371837,158
"4105","Skidegate-Chum","Chum",1975,78534,27250,NA,NA,12948.11643,33791.74609,31303.28873,491.1591396,0,NA,NA,NA,NA,NA,NA,NA,NA,NA,NA,NA,NA,NA,NA,NA,NA,NA,NA,NA,NA,NA,NA,NA,NA,1.05847813092838,158
"4106","Skidegate-Chum","Chum",1976,156244,61106,NA,NA,2413.696149,127188.1258,25949.57454,692.7586607,0,NA,NA,NA,NA,NA,NA,NA,NA,NA,NA,NA,NA,NA,NA,NA,NA,NA,NA,NA,NA,NA,NA,NA,NA,0.938808826850267,158
"4107","Skidegate-Chum","Chum",1977,151411,169046,NA,NA,9084.866129,105435.4953,36600.74924,290.2938213,0,NA,NA,NA,NA,NA,NA,NA,NA,NA,NA,NA,NA,NA,NA,NA,NA,NA,NA,NA,NA,NA,NA,NA,NA,-0.110172873653334,158
"4108","Skidegate-Chum","Chum",1978,172460,180003,NA,NA,7531.106807,148712.1925,15337.19023,879.5499332,0,NA,NA,NA,NA,NA,NA,NA,NA,NA,NA,NA,NA,NA,NA,NA,NA,NA,NA,NA,NA,NA,NA,NA,NA,-0.0428081918938113,158
"4109","Skidegate-Chum","Chum",1979,121149,43987,NA,NA,10622.29946,62316.40698,46469.5548,1740.423535,0,NA,NA,NA,NA,NA,NA,NA,NA,NA,NA,NA,NA,NA,NA,NA,NA,NA,NA,NA,NA,NA,NA,NA,NA,1.01312705728066,158
"4110","Skidegate-Chum","Chum",1980,286111,111092,NA,NA,4451.171927,188810.0523,91952.37677,897.3677598,0,NA,NA,NA,NA,NA,NA,NA,NA,NA,NA,NA,NA,NA,NA,NA,NA,NA,NA,NA,NA,NA,NA,NA,NA,0.946021160559806,158
"4111","Skidegate-Chum","Chum",1981,435324,122436,NA,NA,13486.43231,373610.9189,47410.92997,816.142417,0,NA,NA,NA,NA,NA,NA,NA,NA,NA,NA,NA,NA,NA,NA,NA,NA,NA,NA,NA,NA,NA,NA,NA,NA,1.26850213694731,158
"4112","Skidegate-Chum","Chum",1982,263212,177992,NA,NA,26686.49421,192634.9458,43119.52437,770.6008082,0,NA,NA,NA,NA,NA,NA,NA,NA,NA,NA,NA,NA,NA,NA,NA,NA,NA,NA,NA,NA,NA,NA,NA,NA,0.391221185655157,158
"4113","Skidegate-Chum","Chum",1983,230334,82099,NA,NA,13759.63898,175198.5722,40713.40936,662.7622023,0,NA,NA,NA,NA,NA,NA,NA,NA,NA,NA,NA,NA,NA,NA,NA,NA,NA,NA,NA,NA,NA,NA,NA,NA,1.03160459333514,158
"4114","Skidegate-Chum","Chum",1984,213727,161640,NA,NA,12514.18373,165422.3068,35015.93636,775.0299161,0,NA,NA,NA,NA,NA,NA,NA,NA,NA,NA,NA,NA,NA,NA,NA,NA,NA,NA,NA,NA,NA,NA,NA,NA,0.279327859477868,158
"4115","Skidegate-Chum","Chum",1985,196066,211323,NA,NA,11815.87906,142272.9528,40947.4139,1029.875994,0,NA,NA,NA,NA,NA,NA,NA,NA,NA,NA,NA,NA,NA,NA,NA,NA,NA,NA,NA,NA,NA,NA,NA,NA,-0.0749364314326271,158
"4116","Skidegate-Chum","Chum",1986,231559,163337,NA,NA,10162.35377,166373.0887,54411.78171,611.430639,0,NA,NA,NA,NA,NA,NA,NA,NA,NA,NA,NA,NA,NA,NA,NA,NA,NA,NA,NA,NA,NA,NA,NA,NA,0.349019149502146,158
"4117","Skidegate-Chum","Chum",1987,265932,163708,NA,NA,11883.79205,221080.0468,32303.91876,664.5622673,0,NA,NA,NA,NA,NA,NA,NA,NA,NA,NA,NA,NA,NA,NA,NA,NA,NA,NA,NA,NA,NA,NA,NA,NA,0.485156283935781,158
"4118","Skidegate-Chum","Chum",1988,182523,110216,NA,NA,15791.43192,131253.7772,35111.03979,366.988022,0,NA,NA,NA,NA,NA,NA,NA,NA,NA,NA,NA,NA,NA,NA,NA,NA,NA,NA,NA,NA,NA,NA,NA,NA,0.504434115736723,158
"4119","Skidegate-Chum","Chum",1989,171806,144322,NA,NA,9375.269799,142659.3667,19389.2005,381.7654183,0,NA,NA,NA,NA,NA,NA,NA,NA,NA,NA,NA,NA,NA,NA,NA,NA,NA,NA,NA,NA,NA,NA,NA,NA,0.174319018959514,158
"4120","Skidegate-Chum","Chum",1990,109824,133368,NA,NA,10189.95477,78780.0954,20169.9396,684.1269418,0,NA,NA,NA,NA,NA,NA,NA,NA,NA,NA,NA,NA,NA,NA,NA,NA,NA,NA,NA,NA,NA,NA,NA,NA,-0.194233140220287,158
"4121","Skidegate-Chum","Chum",1991,124166,164602,NA,NA,5627.149671,81952.30979,36144.70676,441.757578,0,NA,NA,NA,NA,NA,NA,NA,NA,NA,NA,NA,NA,NA,NA,NA,NA,NA,NA,NA,NA,NA,NA,NA,NA,-0.281911058827863,158
"4122","Skidegate-Chum","Chum",1992,176892,110067,NA,NA,5853.736414,146859.2502,23339.52537,839.8097733,0,NA,NA,NA,NA,NA,NA,NA,NA,NA,NA,NA,NA,NA,NA,NA,NA,NA,NA,NA,NA,NA,NA,NA,NA,0.474450105572214,158
"4123","Skidegate-Chum","Chum",1993,150554,127922,NA,NA,10489.94644,94830.62673,44369.94969,863.3136571,0,NA,NA,NA,NA,NA,NA,NA,NA,NA,NA,NA,NA,NA,NA,NA,NA,NA,NA,NA,NA,NA,NA,NA,NA,0.162901120645675,158
"4124","Skidegate-Chum","Chum",1994,233006,71773,NA,NA,6773.616195,180279.1647,45611.73822,341.3910202,0,NA,NA,NA,NA,NA,NA,NA,NA,NA,NA,NA,NA,NA,NA,NA,NA,NA,NA,NA,NA,NA,NA,NA,NA,1.17755584354366,158
"4125","Skidegate-Chum","Chum",1995,216513,98203,NA,NA,12877.08319,185324.6651,18036.82557,274.2249119,0,NA,NA,NA,NA,NA,NA,NA,NA,NA,NA,NA,NA,NA,NA,NA,NA,NA,NA,NA,NA,NA,NA,NA,NA,0.790613827037272,158
"4126","Skidegate-Chum","Chum",1996,101206,144018,NA,NA,13237.47608,73285.27234,14488.21618,194.9373305,0,NA,NA,NA,NA,NA,NA,NA,NA,NA,NA,NA,NA,NA,NA,NA,NA,NA,NA,NA,NA,NA,NA,NA,NA,-0.352780248130733,158
"4127","Skidegate-Chum","Chum",1997,74604,104116,NA,NA,5234.66231,58866.94776,10299.18896,203.0653783,0,NA,NA,NA,NA,NA,NA,NA,NA,NA,NA,NA,NA,NA,NA,NA,NA,NA,NA,NA,NA,NA,NA,NA,NA,-0.333311537102293,158
"4128","Skidegate-Chum","Chum",1998,56990,189592,NA,NA,4204.781983,41846.54694,10728.62082,210.2157153,0,NA,NA,NA,NA,NA,NA,NA,NA,NA,NA,NA,NA,NA,NA,NA,NA,NA,NA,NA,NA,NA,NA,NA,NA,-1.20199858099099,158
"4129","Skidegate-Chum","Chum",1999,57823,193329,NA,NA,2989.039067,43591.36787,11106.39696,135.7564337,0,NA,NA,NA,NA,NA,NA,NA,NA,NA,NA,NA,NA,NA,NA,NA,NA,NA,NA,NA,NA,NA,NA,NA,NA,-1.207006780425,158
"4130","Skidegate-Chum","Chum",2000,55582,75314,NA,NA,3113.669133,45126.30688,7172.464914,169.2126473,0,NA,NA,NA,NA,NA,NA,NA,NA,NA,NA,NA,NA,NA,NA,NA,NA,NA,NA,NA,NA,NA,NA,NA,NA,-0.303806632665172,158
"4131","Skidegate-Chum","Chum",2001,41408,77760,NA,NA,3223.307634,29142.3811,8940.068198,101.7904236,0,NA,NA,NA,NA,NA,NA,NA,NA,NA,NA,NA,NA,NA,NA,NA,NA,NA,NA,NA,NA,NA,NA,NA,NA,-0.630153061273748,158
"4132","Skidegate-Chum","Chum",2002,44026,53286,NA,NA,2081.59865,36324.31495,5377.927382,242.5635304,0,NA,NA,NA,NA,NA,NA,NA,NA,NA,NA,NA,NA,NA,NA,NA,NA,NA,NA,NA,NA,NA,NA,NA,NA,-0.190893264013283,158
"4133","Skidegate-Chum","Chum",2003,37537,56016,NA,NA,2594.593925,21851.01094,12815.43985,275.9572446,0,NA,NA,NA,NA,NA,NA,NA,NA,NA,NA,NA,NA,NA,NA,NA,NA,NA,NA,NA,NA,NA,NA,NA,NA,-0.400310251004893,158
"4134","Skidegate-Chum","Chum",2004,68361,59666,NA,NA,1560.786496,52070.30452,14579.74109,150.5105881,0,NA,NA,NA,NA,NA,NA,NA,NA,NA,NA,NA,NA,NA,NA,NA,NA,NA,NA,NA,NA,NA,NA,NA,NA,0.136040142652211,158
"4135","Skidegate-Chum","Chum",2005,71123,35016,NA,NA,3719.307466,59238.82184,7951.976073,212.9830929,0,NA,NA,NA,NA,NA,NA,NA,NA,NA,NA,NA,NA,NA,NA,NA,NA,NA,NA,NA,NA,NA,NA,NA,NA,0.708605672654631,158
"4136","Skidegate-Chum","Chum",2006,48074,43901,NA,NA,4231.344417,32309.60625,11252.60674,280.6055207,0,NA,NA,NA,NA,NA,NA,NA,NA,NA,NA,NA,NA,NA,NA,NA,NA,NA,NA,NA,NA,NA,NA,NA,NA,0.0908043915615025,158
"4137","Skidegate-Chum","Chum",2007,62981,28892,NA,NA,2307.829018,45720.3706,14825.32501,127.4405342,0,NA,NA,NA,NA,NA,NA,NA,NA,NA,NA,NA,NA,NA,NA,NA,NA,NA,NA,NA,NA,NA,NA,NA,NA,0.779268353414749,158
"4138","Skidegate-Chum","Chum",2008,70343,67458,NA,NA,3265.740757,60236.65177,6733.108223,107.9136323,0,NA,NA,NA,NA,NA,NA,NA,NA,NA,NA,NA,NA,NA,NA,NA,NA,NA,NA,NA,NA,NA,NA,NA,NA,0.0418780941264574,158
"4139","Skidegate-Chum","Chum",2009,37818,78326,NA,NA,4302.617983,27357.23467,5701.436904,457.1749101,NA,NA,NA,NA,NA,NA,NA,NA,NA,NA,NA,NA,NA,NA,NA,NA,NA,NA,NA,NA,NA,NA,NA,NA,NA,-0.728094424313398,158
"4140","Skidegate-Chum","Chum",2010,49274,39707,NA,NA,NA,NA,NA,NA,NA,NA,NA,NA,NA,NA,NA,NA,NA,NA,NA,NA,NA,NA,NA,NA,NA,NA,NA,NA,NA,NA,NA,NA,NA,0.215869063997673,158
"4141","Buskin River-Coho","Coho",1989,11910,9356,NA,0,2488,8774,648,0,NA,NA,NA,NA,NA,NA,NA,NA,NA,NA,NA,NA,NA,NA,NA,NA,NA,NA,NA,NA,NA,NA,NA,NA,NA,0.241360534645276,293
"4142","Buskin River-Coho","Coho",1990,10640,6039,NA,0,2183,8158,299,0,NA,NA,NA,NA,NA,NA,NA,NA,NA,NA,NA,NA,NA,NA,NA,NA,NA,NA,NA,NA,NA,NA,NA,NA,NA,0.566382048587734,293
"4143","Buskin River-Coho","Coho",1991,13760,8434,NA,0,3660,8938,1093,69,NA,NA,NA,NA,NA,NA,NA,NA,NA,NA,NA,NA,NA,NA,NA,NA,NA,NA,NA,NA,NA,NA,NA,NA,NA,0.48949467718083,293
"4144","Buskin River-Coho","Coho",1992,12536,6358,NA,0,2804,8215,1517,0,NA,NA,NA,NA,NA,NA,NA,NA,NA,NA,NA,NA,NA,NA,NA,NA,NA,NA,NA,NA,NA,NA,NA,NA,NA,0.678890642565109,293
"4145","Buskin River-Coho","Coho",1993,14231,6318,NA,37,2578,10208,1320,88,NA,NA,NA,NA,NA,NA,NA,NA,NA,NA,NA,NA,NA,NA,NA,NA,NA,NA,NA,NA,NA,NA,NA,NA,NA,0.81201998132163,293
"4146","Buskin River-Coho","Coho",1994,14788,7855,NA,0,3035,9184,2569,0,NA,NA,NA,NA,NA,NA,NA,NA,NA,NA,NA,NA,NA,NA,NA,NA,NA,NA,NA,NA,NA,NA,NA,NA,NA,0.632665769366801,293
"4147","Buskin River-Coho","Coho",1995,12510,8438,NA,0,2310,9123,1077,0,NA,NA,NA,NA,NA,NA,NA,NA,NA,NA,NA,NA,NA,NA,NA,NA,NA,NA,NA,NA,NA,NA,NA,NA,NA,0.393783010776673,293
"4148","Buskin River-Coho","Coho",1996,11204,8141,NA,0,2347,8773,84,0,NA,NA,NA,NA,NA,NA,NA,NA,NA,NA,NA,NA,NA,NA,NA,NA,NA,NA,NA,NA,NA,NA,NA,NA,NA,0.319357834806021,293
"4149","Buskin River-Coho","Coho",1997,11183,10582,NA,0,2193,8568,422,0,NA,NA,NA,NA,NA,NA,NA,NA,NA,NA,NA,NA,NA,NA,NA,NA,NA,NA,NA,NA,NA,NA,NA,NA,NA,0.0552403235641112,293
"4150","Buskin River-Coho","Coho",1998,21379,8742,NA,0,8316,11688,1375,0,NA,NA,NA,NA,NA,NA,NA,NA,NA,NA,NA,NA,NA,NA,NA,NA,NA,NA,NA,NA,NA,NA,NA,NA,NA,0.894270135377148,293
"4151","Buskin River-Coho","Coho",1999,16325,9383,NA,0,2253,11935,2137,0,NA,NA,NA,NA,NA,NA,NA,NA,NA,NA,NA,NA,NA,NA,NA,NA,NA,NA,NA,NA,NA,NA,NA,NA,NA,0.553798133854582,293
"4152","Buskin River-Coho","Coho",2000,14972,7737,NA,0,3994,9653,1325,0,NA,NA,NA,NA,NA,NA,NA,NA,NA,NA,NA,NA,NA,NA,NA,NA,NA,NA,NA,NA,NA,NA,NA,NA,NA,0.660167774474865,293
"4153","Buskin River-Coho","Coho",2001,19728,13214,NA,0,3624,14969,1135,0,NA,NA,NA,NA,NA,NA,NA,NA,NA,NA,NA,NA,NA,NA,NA,NA,NA,NA,NA,NA,NA,NA,NA,NA,NA,0.400762072814295,293
"4154","Buskin River-Coho","Coho",2002,20706,10349,NA,38,5299,15228,141,0,NA,NA,NA,NA,NA,NA,NA,NA,NA,NA,NA,NA,NA,NA,NA,NA,NA,NA,NA,NA,NA,NA,NA,NA,NA,0.693533616657885,293
"4155","Buskin River-Coho","Coho",2003,17372,12754,NA,66,5094,11954,258,0,NA,NA,NA,NA,NA,NA,NA,NA,NA,NA,NA,NA,NA,NA,NA,NA,NA,NA,NA,NA,NA,NA,NA,NA,NA,0.309014766779496,293
"4156","Buskin River-Coho","Coho",2004,13297,9016,NA,0,3375,9217,705,0,NA,NA,NA,NA,NA,NA,NA,NA,NA,NA,NA,NA,NA,NA,NA,NA,NA,NA,NA,NA,NA,NA,NA,NA,NA,0.388537669137094,293
"4157","Buskin River-Coho","Coho",2005,17162,16235,NA,70,4125,12782,185,0,NA,NA,NA,NA,NA,NA,NA,NA,NA,NA,NA,NA,NA,NA,NA,NA,NA,NA,NA,NA,NA,NA,NA,NA,NA,0.0555282318301199,293
"4158","Buskin River-Coho","Coho",2006,11088,12560,NA,0,2315,7726,1047,0,NA,NA,NA,NA,NA,NA,NA,NA,NA,NA,NA,NA,NA,NA,NA,NA,NA,NA,NA,NA,NA,NA,NA,NA,NA,-0.124653718592505,293
"4159","Buskin River-Coho","Coho",2007,8940,8375,NA,0,1854,6805,190,91,NA,NA,NA,NA,NA,NA,NA,NA,NA,NA,NA,NA,NA,NA,NA,NA,NA,NA,NA,NA,NA,NA,NA,NA,NA,0.0652845114742926,293
"4160","Buskin River-Coho","Coho",2008,9096,8176,NA,0,1570,7253,273,0,NA,NA,NA,NA,NA,NA,NA,NA,NA,NA,NA,NA,NA,NA,NA,NA,NA,NA,NA,NA,NA,NA,NA,NA,NA,0.106631722986886,293
"4161","Buskin River-Coho","Coho",2009,9536,9583,NA,0,382,8931,223,0,NA,NA,NA,NA,NA,NA,NA,NA,NA,NA,NA,NA,NA,NA,NA,NA,NA,NA,NA,NA,NA,NA,NA,NA,NA,-0.00491658503863123,293
"4162","Buskin River-Coho","Coho",2010,14320,6239,NA,0,1550,11810,960,0,NA,NA,NA,NA,NA,NA,NA,NA,NA,NA,NA,NA,NA,NA,NA,NA,NA,NA,NA,NA,NA,NA,NA,NA,NA,0.83083724840385,293
"4177","Berners River-Coho","Coho",1982,25933,7505,NA,NA,8172,17483,278,0,NA,NA,NA,NA,NA,NA,NA,NA,NA,NA,NA,NA,NA,NA,NA,NA,NA,NA,NA,NA,NA,NA,NA,NA,NA,1.23994682387777,294
"4178","Berners River-Coho","Coho",1983,17479,9840,NA,NA,5298,12086,95,0,NA,NA,NA,NA,NA,NA,NA,NA,NA,NA,NA,NA,NA,NA,NA,NA,NA,NA,NA,NA,NA,NA,NA,NA,NA,0.574544449288787,294
"4179","Berners River-Coho","Coho",1984,9600,2825,NA,NA,1694,7281,625,0,NA,NA,NA,NA,NA,NA,NA,NA,NA,NA,NA,NA,NA,NA,NA,NA,NA,NA,NA,NA,NA,NA,NA,NA,NA,1.22325473387539,294
"4180","Berners River-Coho","Coho",1985,21361,6169,NA,NA,7596,13259,506,0,NA,NA,NA,NA,NA,NA,NA,NA,NA,NA,NA,NA,NA,NA,NA,NA,NA,NA,NA,NA,NA,NA,NA,NA,NA,1.24203007924804,294
"4181","Berners River-Coho","Coho",1986,21473,1752,NA,NA,5804,15245,424,0,NA,NA,NA,NA,NA,NA,NA,NA,NA,NA,NA,NA,NA,NA,NA,NA,NA,NA,NA,NA,NA,NA,NA,NA,NA,2.5060383394708,294
"4182","Berners River-Coho","Coho",1989,59596,10819,NA,NA,24843,34753,0,NA,NA,NA,NA,NA,NA,NA,NA,NA,NA,NA,NA,NA,NA,NA,NA,NA,NA,NA,NA,NA,NA,NA,NA,NA,NA,1.70628461001966,294
"4183","Berners River-Coho","Coho",1990,60491,15074,NA,NA,18633,41792,66,NA,NA,NA,NA,NA,NA,NA,NA,NA,NA,NA,NA,NA,NA,NA,NA,NA,NA,NA,NA,NA,NA,NA,NA,NA,NA,1.38952318821902,294
"4184","Berners River-Coho","Coho",1991,49926,11243,NA,NA,35417,14509,0,NA,NA,NA,NA,NA,NA,NA,NA,NA,NA,NA,NA,NA,NA,NA,NA,NA,NA,NA,NA,NA,NA,NA,NA,NA,NA,1.49079619637873,294
"4185","Berners River-Coho","Coho",1992,25149,22011,NA,NA,15433,9670,46,NA,NA,NA,NA,NA,NA,NA,NA,NA,NA,NA,NA,NA,NA,NA,NA,NA,NA,NA,NA,NA,NA,NA,NA,NA,NA,0.133275805923863,294
"4186","Berners River-Coho","Coho",1993,25554,17145,NA,NA,15443,10061,50,NA,NA,NA,NA,NA,NA,NA,NA,NA,NA,NA,NA,NA,NA,NA,NA,NA,NA,NA,NA,NA,NA,NA,NA,NA,NA,0.399087274254248,294
"4187","Berners River-Coho","Coho",1994,24017,24014,NA,NA,7602,16268,147,NA,NA,NA,NA,NA,NA,NA,NA,NA,NA,NA,NA,NA,NA,NA,NA,NA,NA,NA,NA,NA,NA,NA,NA,NA,NA,0.000124919323099679,294
"4188","Berners River-Coho","Coho",1995,30551,5038,NA,NA,8460,22045,46,NA,NA,NA,NA,NA,NA,NA,NA,NA,NA,NA,NA,NA,NA,NA,NA,NA,NA,NA,NA,NA,NA,NA,NA,NA,NA,1.80238824037569,294
"4189","Berners River-Coho","Coho",1996,30013,7361,NA,NA,13345,16596,72,NA,NA,NA,NA,NA,NA,NA,NA,NA,NA,NA,NA,NA,NA,NA,NA,NA,NA,NA,NA,NA,NA,NA,NA,NA,NA,1.40543482805715,294
"4190","Berners River-Coho","Coho",1997,28987,15528,NA,NA,7391,21596,0,NA,NA,NA,NA,NA,NA,NA,NA,NA,NA,NA,NA,NA,NA,NA,NA,NA,NA,NA,NA,NA,NA,NA,NA,NA,NA,0.624202607752034,294
"4191","Berners River-Coho","Coho",1998,44398,9580,NA,NA,15138,29189,71,NA,NA,NA,NA,NA,NA,NA,NA,NA,NA,NA,NA,NA,NA,NA,NA,NA,NA,NA,NA,NA,NA,NA,NA,NA,NA,1.53351683139581,294
"4192","Berners River-Coho","Coho",1999,50796,9302,NA,NA,27311,23344,141,NA,NA,NA,NA,NA,NA,NA,NA,NA,NA,NA,NA,NA,NA,NA,NA,NA,NA,NA,NA,NA,NA,NA,NA,NA,NA,1.69758818052488,294
"4193","Berners River-Coho","Coho",2000,25830,14389,NA,NA,8135,17695,0,NA,NA,NA,NA,NA,NA,NA,NA,NA,NA,NA,NA,NA,NA,NA,NA,NA,NA,NA,NA,NA,NA,NA,NA,NA,NA,0.585072581326469,294
"4194","Berners River-Coho","Coho",2001,22823,22929,NA,NA,18823,3966,34,NA,NA,NA,NA,NA,NA,NA,NA,NA,NA,NA,NA,NA,NA,NA,NA,NA,NA,NA,NA,NA,NA,NA,NA,NA,NA,-0.00463368550711648,294
"4195","Berners River-Coho","Coho",2002,16988,41089,NA,NA,10051,6937,0,NA,NA,NA,NA,NA,NA,NA,NA,NA,NA,NA,NA,NA,NA,NA,NA,NA,NA,NA,NA,NA,NA,NA,NA,NA,NA,-0.883233233326537,294
"4196","Berners River-Coho","Coho",2003,12024,13004,NA,NA,10170,1854,0,NA,NA,NA,NA,NA,NA,NA,NA,NA,NA,NA,NA,NA,NA,NA,NA,NA,NA,NA,NA,NA,NA,NA,NA,NA,NA,-0.0783523499909855,294
"4197","Berners River-Coho","Coho",2004,12979,21477,NA,NA,7812,5147,20,NA,NA,NA,NA,NA,NA,NA,NA,NA,NA,NA,NA,NA,NA,NA,NA,NA,NA,NA,NA,NA,NA,NA,NA,NA,NA,-0.503649928376536,294
"4198","Berners River-Coho","Coho",2005,12867,4926,NA,NA,10877,1990,0,NA,NA,NA,NA,NA,NA,NA,NA,NA,NA,NA,NA,NA,NA,NA,NA,NA,NA,NA,NA,NA,NA,NA,NA,NA,NA,0.960138594504507,294
"4199","Berners River-Coho","Coho",2006,14011,8918,NA,NA,8329,5682,0,NA,NA,NA,NA,NA,NA,NA,NA,NA,NA,NA,NA,NA,NA,NA,NA,NA,NA,NA,NA,NA,NA,NA,NA,NA,NA,0.451771029183809,294
"4200","Berners River-Coho","Coho",2007,20410,3952,NA,NA,17949,2419,42,NA,NA,NA,NA,NA,NA,NA,NA,NA,NA,NA,NA,NA,NA,NA,NA,NA,NA,NA,NA,NA,NA,NA,NA,NA,NA,1.64180319693613,294
"4201","Berners River-Coho","Coho",2008,13954,11764,NA,NA,11069,2754,131,NA,NA,NA,NA,NA,NA,NA,NA,NA,NA,NA,NA,NA,NA,NA,NA,NA,NA,NA,NA,NA,NA,NA,NA,NA,NA,0.170722184825296,294
"4202","Berners River-Coho","Coho",2009,14554,4059,NA,NA,7056,7498,0,NA,NA,NA,NA,NA,NA,NA,NA,NA,NA,NA,NA,NA,NA,NA,NA,NA,NA,NA,NA,NA,NA,NA,NA,NA,NA,1.27692923206813,294
"4203","Berners River-Coho","Coho",2010,26061,9781,NA,NA,14953,11039,69,NA,NA,NA,NA,NA,NA,NA,NA,NA,NA,NA,NA,NA,NA,NA,NA,NA,NA,NA,NA,NA,NA,NA,NA,NA,NA,0.979998215637537,294
"4213","Akwe River-Coho","Coho",1972,9705,7000,NA,NA,2025,4535,3145,NA,NA,NA,NA,NA,NA,NA,NA,NA,NA,NA,NA,NA,NA,NA,NA,NA,NA,NA,NA,NA,NA,NA,NA,NA,NA,0.32673106756566,295
"4214","Akwe River-Coho","Coho",1973,28007,3000,NA,NA,2536,23193,2278,NA,NA,NA,NA,NA,NA,NA,NA,NA,NA,NA,NA,NA,NA,NA,NA,NA,NA,NA,NA,NA,NA,NA,NA,NA,NA,2.2338421902623,295
"4215","Akwe River-Coho","Coho",1974,31283,5000,NA,NA,12973,16801,1509,NA,NA,NA,NA,NA,NA,NA,NA,NA,NA,NA,NA,NA,NA,NA,NA,NA,NA,NA,NA,NA,NA,NA,NA,NA,NA,1.83363690657253,295
"4216","Akwe River-Coho","Coho",1975,22135,2200,NA,NA,9397,11130,1608,NA,NA,NA,NA,NA,NA,NA,NA,NA,NA,NA,NA,NA,NA,NA,NA,NA,NA,NA,NA,NA,NA,NA,NA,NA,NA,2.30870270581983,295
"4217","Akwe River-Coho","Coho",1976,19476,1500,NA,NA,6225,11859,1392,NA,NA,NA,NA,NA,NA,NA,NA,NA,NA,NA,NA,NA,NA,NA,NA,NA,NA,NA,NA,NA,NA,NA,NA,NA,NA,2.56371783021229,295
"4218","Akwe River-Coho","Coho",1977,17700,15000,NA,NA,6633,10268,799,NA,NA,NA,NA,NA,NA,NA,NA,NA,NA,NA,NA,NA,NA,NA,NA,NA,NA,NA,NA,NA,NA,NA,NA,NA,NA,0.165514438477573,295
"4219","Akwe River-Coho","Coho",1978,19267,7000,NA,NA,5743,13316,208,NA,NA,NA,NA,NA,NA,NA,NA,NA,NA,NA,NA,NA,NA,NA,NA,NA,NA,NA,NA,NA,NA,NA,NA,NA,NA,1.01248363884331,295
"4220","Akwe River-Coho","Coho",1979,23544,3000,NA,NA,12517,11027,0,NA,NA,NA,NA,NA,NA,NA,NA,NA,NA,NA,NA,NA,NA,NA,NA,NA,NA,NA,NA,NA,NA,NA,NA,NA,NA,2.06025872226306,295
"4221","Akwe River-Coho","Coho",1980,22513,5000,NA,NA,9571,11491,1451,NA,NA,NA,NA,NA,NA,NA,NA,NA,NA,NA,NA,NA,NA,NA,NA,NA,NA,NA,NA,NA,NA,NA,NA,NA,NA,1.50465500770474,295
"4222","Akwe River-Coho","Coho",1981,15019,5000,NA,NA,6187,6891,1941,NA,NA,NA,NA,NA,NA,NA,NA,NA,NA,NA,NA,NA,NA,NA,NA,NA,NA,NA,NA,NA,NA,NA,NA,NA,NA,1.09987815378934,295
"4223","Akwe River-Coho","Coho",1982,21913,3000,NA,NA,3748,14313,3852,NA,NA,NA,NA,NA,NA,NA,NA,NA,NA,NA,NA,NA,NA,NA,NA,NA,NA,NA,NA,NA,NA,NA,NA,NA,NA,1.98846777934516,295
"4224","Akwe River-Coho","Coho",1983,22427,6000,NA,NA,8005,10856,3566,NA,NA,NA,NA,NA,NA,NA,NA,NA,NA,NA,NA,NA,NA,NA,NA,NA,NA,NA,NA,NA,NA,NA,NA,NA,NA,1.3185061209161,295
"4225","Akwe River-Coho","Coho",1984,19064,2800,NA,NA,2801,14771,1492,NA,NA,NA,NA,NA,NA,NA,NA,NA,NA,NA,NA,NA,NA,NA,NA,NA,NA,NA,NA,NA,NA,NA,NA,NA,NA,1.91818232261528,295
"4226","Akwe River-Coho","Coho",1985,20603,2400,NA,NA,7131,12679,793,NA,NA,NA,NA,NA,NA,NA,NA,NA,NA,NA,NA,NA,NA,NA,NA,NA,NA,NA,NA,NA,NA,NA,NA,NA,NA,2.14996795890642,295
"4227","Akwe River-Coho","Coho",1986,13394,5900,NA,NA,4475,8560,359,NA,NA,NA,NA,NA,NA,NA,NA,NA,NA,NA,NA,NA,NA,NA,NA,NA,NA,NA,NA,NA,NA,NA,NA,NA,NA,0.819854494576185,295
"4228","East Alsek River-Coho","Coho",1972,4453,1500,NA,NA,1899,2177,377,NA,NA,NA,NA,NA,NA,NA,NA,NA,NA,NA,NA,NA,NA,NA,NA,NA,NA,NA,NA,NA,NA,NA,NA,NA,NA,1.0881129182314,296
"4229","East Alsek River-Coho","Coho",1973,7381,300,NA,NA,3049,3579,753,NA,NA,NA,NA,NA,NA,NA,NA,NA,NA,NA,NA,NA,NA,NA,NA,NA,NA,NA,NA,NA,NA,NA,NA,NA,NA,3.20288193511385,296
"4230","East Alsek River-Coho","Coho",1974,12504,3000,NA,NA,5014,7150,340,NA,NA,NA,NA,NA,NA,NA,NA,NA,NA,NA,NA,NA,NA,NA,NA,NA,NA,NA,NA,NA,NA,NA,NA,NA,NA,1.42743630445107,296
"4231","East Alsek River-Coho","Coho",1975,13530,1500,NA,NA,10017,3232,281,NA,NA,NA,NA,NA,NA,NA,NA,NA,NA,NA,NA,NA,NA,NA,NA,NA,NA,NA,NA,NA,NA,NA,NA,NA,NA,2.19944433407453,296
"4232","East Alsek River-Coho","Coho",1976,8103,2200,NA,NA,4528,2674,901,NA,NA,NA,NA,NA,NA,NA,NA,NA,NA,NA,NA,NA,NA,NA,NA,NA,NA,NA,NA,NA,NA,NA,NA,NA,NA,1.30377700311432,296
"4233","East Alsek River-Coho","Coho",1977,12674,2000,NA,NA,3746,8555,373,NA,NA,NA,NA,NA,NA,NA,NA,NA,NA,NA,NA,NA,NA,NA,NA,NA,NA,NA,NA,NA,NA,NA,NA,NA,NA,1.84640547034138,296
"4234","East Alsek River-Coho","Coho",1978,18457,4500,NA,NA,11986,6471,0,NA,NA,NA,NA,NA,NA,NA,NA,NA,NA,NA,NA,NA,NA,NA,NA,NA,NA,NA,NA,NA,NA,NA,NA,NA,NA,1.41136630554888,296
"4235","East Alsek River-Coho","Coho",1979,11778,1500,NA,NA,5600,6178,0,NA,NA,NA,NA,NA,NA,NA,NA,NA,NA,NA,NA,NA,NA,NA,NA,NA,NA,NA,NA,NA,NA,NA,NA,NA,NA,2.06076827641421,296
"4236","East Alsek River-Coho","Coho",1980,12169,2000,NA,NA,7862,3052,1255,NA,NA,NA,NA,NA,NA,NA,NA,NA,NA,NA,NA,NA,NA,NA,NA,NA,NA,NA,NA,NA,NA,NA,NA,NA,NA,1.80574455379472,296
"4237","East Alsek River-Coho","Coho",1981,44378,7200,NA,NA,27466,16319,593,NA,NA,NA,NA,NA,NA,NA,NA,NA,NA,NA,NA,NA,NA,NA,NA,NA,NA,NA,NA,NA,NA,NA,NA,NA,NA,1.81866282512222,296
"4238","East Alsek River-Coho","Coho",1982,29116,3200,NA,NA,24269,3640,1207,NA,NA,NA,NA,NA,NA,NA,NA,NA,NA,NA,NA,NA,NA,NA,NA,NA,NA,NA,NA,NA,NA,NA,NA,NA,NA,2.20813704145033,296
"4239","East Alsek River-Coho","Coho",1983,11751,3000,NA,NA,4233,5086,2432,NA,NA,NA,NA,NA,NA,NA,NA,NA,NA,NA,NA,NA,NA,NA,NA,NA,NA,NA,NA,NA,NA,NA,NA,NA,NA,1.36532605468369,296
"4240","East Alsek River-Coho","Coho",1984,17721,8000,NA,NA,2328,14939,454,NA,NA,NA,NA,NA,NA,NA,NA,NA,NA,NA,NA,NA,NA,NA,NA,NA,NA,NA,NA,NA,NA,NA,NA,NA,NA,0.795308835313372,296
"4241","East Alsek River-Coho","Coho",1985,22074,13000,NA,NA,17372,4429,273,NA,NA,NA,NA,NA,NA,NA,NA,NA,NA,NA,NA,NA,NA,NA,NA,NA,NA,NA,NA,NA,NA,NA,NA,NA,NA,0.529451087889156,296
"4242","East Alsek River-Coho","Coho",1986,11920,2200,NA,NA,6473,5318,129,NA,NA,NA,NA,NA,NA,NA,NA,NA,NA,NA,NA,NA,NA,NA,NA,NA,NA,NA,NA,NA,NA,NA,NA,NA,NA,1.68976030127293,296
"4243","East Alsek River-Coho","Coho",1987,11301,1300,NA,NA,8045,1994,1262,NA,NA,NA,NA,NA,NA,NA,NA,NA,NA,NA,NA,NA,NA,NA,NA,NA,NA,NA,NA,NA,NA,NA,NA,NA,NA,2.16252695291052,296
"4244","East Alsek River-Coho","Coho",1988,17354,5500,NA,NA,4309,11986,1059,NA,NA,NA,NA,NA,NA,NA,NA,NA,NA,NA,NA,NA,NA,NA,NA,NA,NA,NA,NA,NA,NA,NA,NA,NA,NA,1.14907493513287,296
"4245","Italio River-Coho","Coho",1972,6919,4000,NA,NA,2666,3446,807,NA,NA,NA,NA,NA,NA,NA,NA,NA,NA,NA,NA,NA,NA,NA,NA,NA,NA,NA,NA,NA,NA,NA,NA,NA,NA,0.547976889396783,297
"4246","Italio River-Coho","Coho",1973,13596,800,NA,NA,4073,8881,642,NA,NA,NA,NA,NA,NA,NA,NA,NA,NA,NA,NA,NA,NA,NA,NA,NA,NA,NA,NA,NA,NA,NA,NA,NA,NA,2.83291918314808,297
"4247","Italio River-Coho","Coho",1974,18087,3000,NA,NA,10495,7059,533,NA,NA,NA,NA,NA,NA,NA,NA,NA,NA,NA,NA,NA,NA,NA,NA,NA,NA,NA,NA,NA,NA,NA,NA,NA,NA,1.79658115950727,297
"4248","Italio River-Coho","Coho",1975,14780,1450,NA,NA,8342,5861,577,NA,NA,NA,NA,NA,NA,NA,NA,NA,NA,NA,NA,NA,NA,NA,NA,NA,NA,NA,NA,NA,NA,NA,NA,NA,NA,2.32171135908757,297
"4249","Italio River-Coho","Coho",1976,13973,1000,NA,NA,6927,6346,700,NA,NA,NA,NA,NA,NA,NA,NA,NA,NA,NA,NA,NA,NA,NA,NA,NA,NA,NA,NA,NA,NA,NA,NA,NA,NA,2.63712689609831,297
"4250","Italio River-Coho","Coho",1977,15691,8000,NA,NA,7499,7702,490,NA,NA,NA,NA,NA,NA,NA,NA,NA,NA,NA,NA,NA,NA,NA,NA,NA,NA,NA,NA,NA,NA,NA,NA,NA,NA,0.673645757897095,297
"4251","Italio River-Coho","Coho",1978,20868,3000,NA,NA,9102,11766,0,NA,NA,NA,NA,NA,NA,NA,NA,NA,NA,NA,NA,NA,NA,NA,NA,NA,NA,NA,NA,NA,NA,NA,NA,NA,NA,1.93960459649204,297
"4252","Italio River-Coho","Coho",1980,17349,3000,NA,NA,5857,9658,1834,NA,NA,NA,NA,NA,NA,NA,NA,NA,NA,NA,NA,NA,NA,NA,NA,NA,NA,NA,NA,NA,NA,NA,NA,NA,NA,1.75492257917608,297
"4253","Italio River-Coho","Coho",1981,20955,5500,NA,NA,11805,8669,481,NA,NA,NA,NA,NA,NA,NA,NA,NA,NA,NA,NA,NA,NA,NA,NA,NA,NA,NA,NA,NA,NA,NA,NA,NA,NA,1.33762918913861,297
"4254","Italio River-Coho","Coho",1982,10731,5000,NA,NA,6168,4487,76,NA,NA,NA,NA,NA,NA,NA,NA,NA,NA,NA,NA,NA,NA,NA,NA,NA,NA,NA,NA,NA,NA,NA,NA,NA,NA,0.76369883651089,297
"4255","Italio River-Coho","Coho",1983,6465,500,NA,NA,3045,2440,980,NA,NA,NA,NA,NA,NA,NA,NA,NA,NA,NA,NA,NA,NA,NA,NA,NA,NA,NA,NA,NA,NA,NA,NA,NA,NA,2.55955019278377,297
"4256","Italio River-Coho","Coho",1984,10238,4450,NA,NA,5109,4899,230,NA,NA,NA,NA,NA,NA,NA,NA,NA,NA,NA,NA,NA,NA,NA,NA,NA,NA,NA,NA,NA,NA,NA,NA,NA,NA,0.833202191857243,297
"4257","Italio River-Coho","Coho",1985,6051,5500,NA,NA,3028,2526,497,NA,NA,NA,NA,NA,NA,NA,NA,NA,NA,NA,NA,NA,NA,NA,NA,NA,NA,NA,NA,NA,NA,NA,NA,NA,NA,0.0954754554017592,297
"4258","Italio River-Coho","Coho",1986,6906,2700,NA,NA,2985,3604,317,NA,NA,NA,NA,NA,NA,NA,NA,NA,NA,NA,NA,NA,NA,NA,NA,NA,NA,NA,NA,NA,NA,NA,NA,NA,NA,0.939138825957517,297
"4259","Italio River-Coho","Coho",1987,12179,3500,NA,NA,8327,3487,365,NA,NA,NA,NA,NA,NA,NA,NA,NA,NA,NA,NA,NA,NA,NA,NA,NA,NA,NA,NA,NA,NA,NA,NA,NA,NA,1.24695018860961,297
"4260","Italio River-Coho","Coho",1988,8929,4000,NA,NA,4120,4010,799,NA,NA,NA,NA,NA,NA,NA,NA,NA,NA,NA,NA,NA,NA,NA,NA,NA,NA,NA,NA,NA,NA,NA,NA,NA,NA,0.803010045415189,297
"4261","Kaliakh River-Coho","Coho",1973,19495,8000,NA,NA,4346,12514,2635,NA,NA,NA,NA,NA,NA,NA,NA,NA,NA,NA,NA,NA,NA,NA,NA,NA,NA,NA,NA,NA,NA,NA,NA,NA,NA,0.890716480754725,298
"4262","Kaliakh River-Coho","Coho",1975,28210,3500,NA,NA,14307,12950,953,NA,NA,NA,NA,NA,NA,NA,NA,NA,NA,NA,NA,NA,NA,NA,NA,NA,NA,NA,NA,NA,NA,NA,NA,NA,NA,2.08691355651854,298
"4263","Kaliakh River-Coho","Coho",1976,17120,8000,NA,NA,8947,7491,682,NA,NA,NA,NA,NA,NA,NA,NA,NA,NA,NA,NA,NA,NA,NA,NA,NA,NA,NA,NA,NA,NA,NA,NA,NA,NA,0.76080582903376,298
"4264","Kaliakh River-Coho","Coho",1978,21419,25000,NA,NA,3703,17579,137,NA,NA,NA,NA,NA,NA,NA,NA,NA,NA,NA,NA,NA,NA,NA,NA,NA,NA,NA,NA,NA,NA,NA,NA,NA,NA,-0.154597446279195,298
"4265","Kaliakh River-Coho","Coho",1980,19325,3000,NA,NA,5740,6480,7105,NA,NA,NA,NA,NA,NA,NA,NA,NA,NA,NA,NA,NA,NA,NA,NA,NA,NA,NA,NA,NA,NA,NA,NA,NA,NA,1.86278730580538,298
"4266","Kaliakh River-Coho","Coho",1981,62664,5000,NA,NA,12959,47365,2340,NA,NA,NA,NA,NA,NA,NA,NA,NA,NA,NA,NA,NA,NA,NA,NA,NA,NA,NA,NA,NA,NA,NA,NA,NA,NA,2.52834920763084,298
"4267","Kaliakh River-Coho","Coho",1982,40954,8000,NA,NA,24472,12871,3611,NA,NA,NA,NA,NA,NA,NA,NA,NA,NA,NA,NA,NA,NA,NA,NA,NA,NA,NA,NA,NA,NA,NA,NA,NA,NA,1.63300794394653,298
"4268","Kaliakh River-Coho","Coho",1983,19604,6000,NA,NA,4290,12865,2449,NA,NA,NA,NA,NA,NA,NA,NA,NA,NA,NA,NA,NA,NA,NA,NA,NA,NA,NA,NA,NA,NA,NA,NA,NA,NA,1.18397415781925,298
"4269","Kaliakh River-Coho","Coho",1984,14269,3500,NA,NA,6094,6059,2116,NA,NA,NA,NA,NA,NA,NA,NA,NA,NA,NA,NA,NA,NA,NA,NA,NA,NA,NA,NA,NA,NA,NA,NA,NA,NA,1.40532638345307,298
"4270","Kaliakh River-Coho","Coho",1985,18807,37500,NA,NA,4383,13079,1345,NA,NA,NA,NA,NA,NA,NA,NA,NA,NA,NA,NA,NA,NA,NA,NA,NA,NA,NA,NA,NA,NA,NA,NA,NA,NA,-0.690111792016424,298
"4271","Kaliakh River-Coho","Coho",1986,15572,5200,NA,NA,4039,11533,0,NA,NA,NA,NA,NA,NA,NA,NA,NA,NA,NA,NA,NA,NA,NA,NA,NA,NA,NA,NA,NA,NA,NA,NA,NA,NA,1.09681580416083,298
"4272","Kaliakh River-Coho","Coho",1988,8083,2500,NA,NA,3320,3972,791,NA,NA,NA,NA,NA,NA,NA,NA,NA,NA,NA,NA,NA,NA,NA,NA,NA,NA,NA,NA,NA,NA,NA,NA,NA,NA,1.17347235887755,298
"4273","Lost River-Coho","Coho",1972,7282,3800,NA,NA,2750,3608,924,NA,NA,NA,NA,NA,NA,NA,NA,NA,NA,NA,NA,NA,NA,NA,NA,NA,NA,NA,NA,NA,NA,NA,NA,NA,NA,0.650404483020902,299
"4274","Lost River-Coho","Coho",1973,11763,1978,NA,NA,3608,7238,917,NA,NA,NA,NA,NA,NA,NA,NA,NA,NA,NA,NA,NA,NA,NA,NA,NA,NA,NA,NA,NA,NA,NA,NA,NA,NA,1.78287277877778,299
"4275","Lost River-Coho","Coho",1974,15673,2500,NA,NA,7238,7183,1252,NA,NA,NA,NA,NA,NA,NA,NA,NA,NA,NA,NA,NA,NA,NA,NA,NA,NA,NA,NA,NA,NA,NA,NA,NA,NA,1.83564875479778,299
"4276","Lost River-Coho","Coho",1975,18159,1300,NA,NA,7183,9808,1168,NA,NA,NA,NA,NA,NA,NA,NA,NA,NA,NA,NA,NA,NA,NA,NA,NA,NA,NA,NA,NA,NA,NA,NA,NA,NA,2.63680204111017,299
"4277","Lost River-Coho","Coho",1976,20349,1200,NA,NA,9808,9149,1392,NA,NA,NA,NA,NA,NA,NA,NA,NA,NA,NA,NA,NA,NA,NA,NA,NA,NA,NA,NA,NA,NA,NA,NA,NA,NA,2.8307102138381,299
"4278","Lost River-Coho","Coho",1977,20052,4050,NA,NA,9149,10903,0,NA,NA,NA,NA,NA,NA,NA,NA,NA,NA,NA,NA,NA,NA,NA,NA,NA,NA,NA,NA,NA,NA,NA,NA,NA,NA,1.59961201828281,299
"4279","Lost River-Coho","Coho",1978,26430,3450,NA,NA,10903,15527,0,NA,NA,NA,NA,NA,NA,NA,NA,NA,NA,NA,NA,NA,NA,NA,NA,NA,NA,NA,NA,NA,NA,NA,NA,NA,NA,2.03612549757293,299
"4280","Lost River-Coho","Coho",1979,35361,8450,NA,NA,23722,11639,0,NA,NA,NA,NA,NA,NA,NA,NA,NA,NA,NA,NA,NA,NA,NA,NA,NA,NA,NA,NA,NA,NA,NA,NA,NA,NA,1.43144307654346,299
"4281","Lost River-Coho","Coho",1980,27326,5700,NA,NA,18881,7976,469,NA,NA,NA,NA,NA,NA,NA,NA,NA,NA,NA,NA,NA,NA,NA,NA,NA,NA,NA,NA,NA,NA,NA,NA,NA,NA,1.56737245507579,299
"4282","Lost River-Coho","Coho",1981,27665,7363,NA,NA,14179,11718,1768,NA,NA,NA,NA,NA,NA,NA,NA,NA,NA,NA,NA,NA,NA,NA,NA,NA,NA,NA,NA,NA,NA,NA,NA,NA,NA,1.32370061796349,299
"4283","Lost River-Coho","Coho",1982,16134,10400,NA,NA,7265,6945,1924,NA,NA,NA,NA,NA,NA,NA,NA,NA,NA,NA,NA,NA,NA,NA,NA,NA,NA,NA,NA,NA,NA,NA,NA,NA,NA,0.439123040367456,299
"4284","Lost River-Coho","Coho",1983,13534,8110,NA,NA,4294,7845,1395,NA,NA,NA,NA,NA,NA,NA,NA,NA,NA,NA,NA,NA,NA,NA,NA,NA,NA,NA,NA,NA,NA,NA,NA,NA,NA,0.512107169682712,299
"4285","Lost River-Coho","Coho",1984,13279,6780,NA,NA,5772,6339,1168,NA,NA,NA,NA,NA,NA,NA,NA,NA,NA,NA,NA,NA,NA,NA,NA,NA,NA,NA,NA,NA,NA,NA,NA,NA,NA,0.672206738055886,299
"4286","Lost River-Coho","Coho",1985,11563,3300,NA,NA,5325,5604,634,NA,NA,NA,NA,NA,NA,NA,NA,NA,NA,NA,NA,NA,NA,NA,NA,NA,NA,NA,NA,NA,NA,NA,NA,NA,NA,1.25388787667439,299
"4287","Lost River-Coho","Coho",1986,16465,3610,NA,NA,5371,10778,316,NA,NA,NA,NA,NA,NA,NA,NA,NA,NA,NA,NA,NA,NA,NA,NA,NA,NA,NA,NA,NA,NA,NA,NA,NA,NA,1.51752914348354,299
"4288","Lost River-Coho","Coho",1987,13384,5482,NA,NA,8876,3348,1160,NA,NA,NA,NA,NA,NA,NA,NA,NA,NA,NA,NA,NA,NA,NA,NA,NA,NA,NA,NA,NA,NA,NA,NA,NA,NA,0.892589965803929,299
"4289","Lost River-Coho","Coho",1988,13653,2600,NA,NA,2969,9090,1594,NA,NA,NA,NA,NA,NA,NA,NA,NA,NA,NA,NA,NA,NA,NA,NA,NA,NA,NA,NA,NA,NA,NA,NA,NA,NA,1.65844783267518,299
"4290","Situk River-Coho","Coho",1972,27817,5100,NA,NA,11951,13331,2535,NA,NA,NA,NA,NA,NA,NA,NA,NA,NA,NA,NA,NA,NA,NA,NA,NA,NA,NA,NA,NA,NA,NA,NA,NA,NA,1.69640680486114,300
"4291","Situk River-Coho","Coho",1973,40053,1719,NA,NA,13615,23827,2611,NA,NA,NA,NA,NA,NA,NA,NA,NA,NA,NA,NA,NA,NA,NA,NA,NA,NA,NA,NA,NA,NA,NA,NA,NA,NA,3.14846085067536,300
"4292","Situk River-Coho","Coho",1974,50780,4260,NA,NA,24334,24544,1902,NA,NA,NA,NA,NA,NA,NA,NA,NA,NA,NA,NA,NA,NA,NA,NA,NA,NA,NA,NA,NA,NA,NA,NA,NA,NA,2.47823341599525,300
"4293","Situk River-Coho","Coho",1975,45179,4500,NA,NA,25066,17882,2231,NA,NA,NA,NA,NA,NA,NA,NA,NA,NA,NA,NA,NA,NA,NA,NA,NA,NA,NA,NA,NA,NA,NA,NA,NA,NA,2.30655498033116,300
"4294","Situk River-Coho","Coho",1976,42526,3280,NA,NA,18262,20972,3292,NA,NA,NA,NA,NA,NA,NA,NA,NA,NA,NA,NA,NA,NA,NA,NA,NA,NA,NA,NA,NA,NA,NA,NA,NA,NA,2.56227223118846,300
"4295","Situk River-Coho","Coho",1977,54534,3750,NA,NA,21419,30941,2174,NA,NA,NA,NA,NA,NA,NA,NA,NA,NA,NA,NA,NA,NA,NA,NA,NA,NA,NA,NA,NA,NA,NA,NA,NA,NA,2.67706852038237,300
"4296","Situk River-Coho","Coho",1978,65296,3850,NA,NA,31599,33341,356,NA,NA,NA,NA,NA,NA,NA,NA,NA,NA,NA,NA,NA,NA,NA,NA,NA,NA,NA,NA,NA,NA,NA,NA,NA,NA,2.83085763036376,300
"4297","Situk River-Coho","Coho",1979,58094,7000,NA,NA,44938,13156,0,NA,NA,NA,NA,NA,NA,NA,NA,NA,NA,NA,NA,NA,NA,NA,NA,NA,NA,NA,NA,NA,NA,NA,NA,NA,NA,2.11615223924606,300
"4298","Situk River-Coho","Coho",1980,59839,8100,NA,NA,24534,30122,5183,NA,NA,NA,NA,NA,NA,NA,NA,NA,NA,NA,NA,NA,NA,NA,NA,NA,NA,NA,NA,NA,NA,NA,NA,NA,NA,1.99979356061825,300
"4299","Situk River-Coho","Coho",1981,96027,8430,NA,NA,50527,44573,927,NA,NA,NA,NA,NA,NA,NA,NA,NA,NA,NA,NA,NA,NA,NA,NA,NA,NA,NA,NA,NA,NA,NA,NA,NA,NA,2.43283262991071,300
"4300","Situk River-Coho","Coho",1982,63715,9180,NA,NA,42500,17298,3917,NA,NA,NA,NA,NA,NA,NA,NA,NA,NA,NA,NA,NA,NA,NA,NA,NA,NA,NA,NA,NA,NA,NA,NA,NA,NA,1.93739280903184,300
"4301","Situk River-Coho","Coho",1983,47320,5300,NA,NA,9885,25678,11757,NA,NA,NA,NA,NA,NA,NA,NA,NA,NA,NA,NA,NA,NA,NA,NA,NA,NA,NA,NA,NA,NA,NA,NA,NA,NA,2.18922621855211,300
"4302","Situk River-Coho","Coho",1984,73653,14000,NA,NA,15233,51925,6495,NA,NA,NA,NA,NA,NA,NA,NA,NA,NA,NA,NA,NA,NA,NA,NA,NA,NA,NA,NA,NA,NA,NA,NA,NA,NA,1.66030754566136,300
"4303","Situk River-Coho","Coho",1985,65644,6490,NA,NA,36250,27603,1791,NA,NA,NA,NA,NA,NA,NA,NA,NA,NA,NA,NA,NA,NA,NA,NA,NA,NA,NA,NA,NA,NA,NA,NA,NA,NA,2.31398367210138,300
"4304","Situk River-Coho","Coho",1986,61913,3162,NA,NA,34097,20296,7520,NA,NA,NA,NA,NA,NA,NA,NA,NA,NA,NA,NA,NA,NA,NA,NA,NA,NA,NA,NA,NA,NA,NA,NA,NA,NA,2.97452543500805,300
"4305","Situk River-Coho","Coho",1987,91059,2000,NA,NA,22086,60163,8810,NA,NA,NA,NA,NA,NA,NA,NA,NA,NA,NA,NA,NA,NA,NA,NA,NA,NA,NA,NA,NA,NA,NA,NA,NA,NA,3.81836046751613,300
"4306","Situk River-Coho","Coho",1988,145631,11000,NA,NA,51568,82809,11254,NA,NA,NA,NA,NA,NA,NA,NA,NA,NA,NA,NA,NA,NA,NA,NA,NA,NA,NA,NA,NA,NA,NA,NA,NA,NA,2.58318075238957,300
"4307","Tsiu River-Coho","Coho",1973,42656,30000,NA,NA,17468,19809,5379,NA,NA,NA,NA,NA,NA,NA,NA,NA,NA,NA,NA,NA,NA,NA,NA,NA,NA,NA,NA,NA,NA,NA,NA,NA,NA,0.351970562334143,301
"4308","Tsiu River-Coho","Coho",1974,66743,15000,NA,NA,15999,46619,4125,NA,NA,NA,NA,NA,NA,NA,NA,NA,NA,NA,NA,NA,NA,NA,NA,NA,NA,NA,NA,NA,NA,NA,NA,NA,NA,1.49279922176516,301
"4309","Tsiu River-Coho","Coho",1975,76729,8150,NA,NA,37654,35749,3326,NA,NA,NA,NA,NA,NA,NA,NA,NA,NA,NA,NA,NA,NA,NA,NA,NA,NA,NA,NA,NA,NA,NA,NA,NA,NA,2.24226180613977,301
"4310","Tsiu River-Coho","Coho",1976,61261,30000,NA,NA,28874,28825,3562,NA,NA,NA,NA,NA,NA,NA,NA,NA,NA,NA,NA,NA,NA,NA,NA,NA,NA,NA,NA,NA,NA,NA,NA,NA,NA,0.713946043474732,301
"4311","Tsiu River-Coho","Coho",1977,58793,25000,NA,NA,23281,30871,4641,NA,NA,NA,NA,NA,NA,NA,NA,NA,NA,NA,NA,NA,NA,NA,NA,NA,NA,NA,NA,NA,NA,NA,NA,NA,NA,0.855146975330603,301
"4312","Tsiu River-Coho","Coho",1978,87370,40000,NA,NA,24935,61498,937,NA,NA,NA,NA,NA,NA,NA,NA,NA,NA,NA,NA,NA,NA,NA,NA,NA,NA,NA,NA,NA,NA,NA,NA,NA,NA,0.781272520196067,301
"4313","Tsiu River-Coho","Coho",1979,71915,25000,NA,NA,49895,22020,0,NA,NA,NA,NA,NA,NA,NA,NA,NA,NA,NA,NA,NA,NA,NA,NA,NA,NA,NA,NA,NA,NA,NA,NA,NA,NA,1.05660904118765,301
"4314","Tsiu River-Coho","Coho",1980,58212,18000,NA,NA,23895,26839,7478,NA,NA,NA,NA,NA,NA,NA,NA,NA,NA,NA,NA,NA,NA,NA,NA,NA,NA,NA,NA,NA,NA,NA,NA,NA,NA,1.17371976115492,301
"4315","Tsiu River-Coho","Coho",1981,158677,20000,NA,NA,72564,82263,3850,NA,NA,NA,NA,NA,NA,NA,NA,NA,NA,NA,NA,NA,NA,NA,NA,NA,NA,NA,NA,NA,NA,NA,NA,NA,NA,2.07113841593913,301
"4316","Tsiu River-Coho","Coho",1982,89547,40000,NA,NA,59828,20531,9188,NA,NA,NA,NA,NA,NA,NA,NA,NA,NA,NA,NA,NA,NA,NA,NA,NA,NA,NA,NA,NA,NA,NA,NA,NA,NA,0.805884172994098,301
"4317","Tsiu River-Coho","Coho",1983,65188,16500,NA,NA,18392,36139,10657,NA,NA,NA,NA,NA,NA,NA,NA,NA,NA,NA,NA,NA,NA,NA,NA,NA,NA,NA,NA,NA,NA,NA,NA,NA,NA,1.37391502200721,301
"4318","Tsiu River-Coho","Coho",1984,77901,30000,NA,NA,15926,54107,7868,NA,NA,NA,NA,NA,NA,NA,NA,NA,NA,NA,NA,NA,NA,NA,NA,NA,NA,NA,NA,NA,NA,NA,NA,NA,NA,0.954241408102629,301
"4319","Tsiu River-Coho","Coho",1985,74047,52350,NA,NA,17216,53949,2882,NA,NA,NA,NA,NA,NA,NA,NA,NA,NA,NA,NA,NA,NA,NA,NA,NA,NA,NA,NA,NA,NA,NA,NA,NA,NA,0.346748089409802,301
"4320","Tsiu River-Coho","Coho",1986,87478,14100,NA,NA,50577,35734,1167,NA,NA,NA,NA,NA,NA,NA,NA,NA,NA,NA,NA,NA,NA,NA,NA,NA,NA,NA,NA,NA,NA,NA,NA,NA,NA,1.82521253579456,301
"4321","Tsiu River-Coho","Coho",1987,58303,8500,NA,NA,19020,33830,5453,NA,NA,NA,NA,NA,NA,NA,NA,NA,NA,NA,NA,NA,NA,NA,NA,NA,NA,NA,NA,NA,NA,NA,NA,NA,NA,1.92558738651225,301
"4322","Tsiu River-Coho","Coho",1988,95562,16000,NA,NA,23331,66805,5426,NA,NA,NA,NA,NA,NA,NA,NA,NA,NA,NA,NA,NA,NA,NA,NA,NA,NA,NA,NA,NA,NA,NA,NA,NA,NA,1.78718652925792,301
"4323","Middle_Fraser-Coho","Coho",1998,6339,4851,NA,NA,6149,190,NA,NA,NA,NA,NA,NA,NA,NA,NA,NA,NA,NA,NA,NA,NA,NA,NA,NA,NA,NA,NA,NA,NA,NA,NA,NA,NA,0.26753615803895,302
"4324","Middle_Fraser-Coho","Coho",1999,4430,1652,NA,NA,4176,254,NA,NA,NA,NA,NA,NA,NA,NA,NA,NA,NA,NA,NA,NA,NA,NA,NA,NA,NA,NA,NA,NA,NA,NA,NA,NA,NA,0.986412908958258,302
"4325","Middle_Fraser-Coho","Coho",2000,4371,3920,NA,NA,4120,251,NA,NA,NA,NA,NA,NA,NA,NA,NA,NA,NA,NA,NA,NA,NA,NA,NA,NA,NA,NA,NA,NA,NA,NA,NA,NA,NA,0.108900162078806,302
"4326","Middle_Fraser-Coho","Coho",2001,5454,6162,NA,NA,5229,225,NA,NA,NA,NA,NA,NA,NA,NA,NA,NA,NA,NA,NA,NA,NA,NA,NA,NA,NA,NA,NA,NA,NA,NA,NA,NA,NA,-0.122052115751079,302
"4327","Middle_Fraser-Coho","Coho",2002,2407,4170,NA,NA,2291,116,NA,NA,NA,NA,NA,NA,NA,NA,NA,NA,NA,NA,NA,NA,NA,NA,NA,NA,NA,NA,NA,NA,NA,NA,NA,NA,NA,-0.549534877009775,302
"4328","Middle_Fraser-Coho","Coho",2003,1986,3809,NA,NA,1320,666,NA,NA,NA,NA,NA,NA,NA,NA,NA,NA,NA,NA,NA,NA,NA,NA,NA,NA,NA,NA,NA,NA,NA,NA,NA,NA,NA,-0.651244121873486,302
"4329","Middle_Fraser-Coho","Coho",2004,10685,4760,NA,NA,10548,137,NA,NA,NA,NA,NA,NA,NA,NA,NA,NA,NA,NA,NA,NA,NA,NA,NA,NA,NA,NA,NA,NA,NA,NA,NA,NA,NA,0.808593220527782,302
"4330","Middle_Fraser-Coho","Coho",2005,1859,2189,NA,NA,1486,373,NA,NA,NA,NA,NA,NA,NA,NA,NA,NA,NA,NA,NA,NA,NA,NA,NA,NA,NA,NA,NA,NA,NA,NA,NA,NA,NA,-0.163406109801419,302
"4331","Middle_Fraser-Coho","Coho",2006,2461,1301,NA,NA,2233,228,NA,NA,NA,NA,NA,NA,NA,NA,NA,NA,NA,NA,NA,NA,NA,NA,NA,NA,NA,NA,NA,NA,NA,NA,NA,NA,NA,0.637434571878551,302
"4332","Middle_Fraser-Coho","Coho",2007,5538,9958,NA,NA,5006,532,NA,NA,NA,NA,NA,NA,NA,NA,NA,NA,NA,NA,NA,NA,NA,NA,NA,NA,NA,NA,NA,NA,NA,NA,NA,NA,NA,-0.586742823471221,302
"4333","Middle_Fraser-Coho","Coho",2008,4529,1464,NA,NA,3956,573,NA,NA,NA,NA,NA,NA,NA,NA,NA,NA,NA,NA,NA,NA,NA,NA,NA,NA,NA,NA,NA,NA,NA,NA,NA,NA,NA,1.12932874903496,302
"4334","Middle_Fraser-Coho","Coho",2009,8631,2306,NA,NA,7452,1179,NA,NA,NA,NA,NA,NA,NA,NA,NA,NA,NA,NA,NA,NA,NA,NA,NA,NA,NA,NA,NA,NA,NA,NA,NA,NA,NA,1.31984595139065,302
"4335","Middle_Fraser-Coho","Coho",2010,13251,4689,NA,NA,12686,565,NA,NA,NA,NA,NA,NA,NA,NA,NA,NA,NA,NA,NA,NA,NA,NA,NA,NA,NA,NA,NA,NA,NA,NA,NA,NA,NA,1.03885368117505,302
"4336","Middle_Fraser-Coho","Coho",2011,4140,3920,NA,NA,3953,187,NA,NA,NA,NA,NA,NA,NA,NA,NA,NA,NA,NA,NA,NA,NA,NA,NA,NA,NA,NA,NA,NA,NA,NA,NA,NA,NA,0.0546041340348517,302
"4337","Middle_Fraser-Coho","Coho",2012,4813,7126,NA,NA,1460,3353,NA,NA,NA,NA,NA,NA,NA,NA,NA,NA,NA,NA,NA,NA,NA,NA,NA,NA,NA,NA,NA,NA,NA,NA,NA,NA,NA,-0.392429476862672,302
"4338","Middle_Fraser-Coho","Coho",2013,11980,11625,NA,NA,11388,592,NA,NA,NA,NA,NA,NA,NA,NA,NA,NA,NA,NA,NA,NA,NA,NA,NA,NA,NA,NA,NA,NA,NA,NA,NA,NA,NA,0.0300806412138833,302
"4339","Middle_Fraser-Coho","Coho",2014,4683,3081,NA,NA,3838,845,NA,NA,NA,NA,NA,NA,NA,NA,NA,NA,NA,NA,NA,NA,NA,NA,NA,NA,NA,NA,NA,NA,NA,NA,NA,NA,NA,0.418684710586874,302
"4340","Middle_Fraser-Coho","Coho",2015,3418,1354,NA,NA,3337,81,NA,NA,NA,NA,NA,NA,NA,NA,NA,NA,NA,NA,NA,NA,NA,NA,NA,NA,NA,NA,NA,NA,NA,NA,NA,NA,NA,0.925992410203316,302
"4341","Middle_Fraser-Coho","Coho",2016,6502,13600,NA,NA,4308,2194,NA,NA,NA,NA,NA,NA,NA,NA,NA,NA,NA,NA,NA,NA,NA,NA,NA,NA,NA,NA,NA,NA,NA,NA,NA,NA,NA,-0.737959970860293,302
"4342","Fraser_Canyon-Coho","Coho",1998,6421,5460,NA,NA,6240,181,NA,NA,NA,NA,NA,NA,NA,NA,NA,NA,NA,NA,NA,NA,NA,NA,NA,NA,NA,NA,NA,NA,NA,NA,NA,NA,NA,0.162125079055098,303
"4343","Fraser_Canyon-Coho","Coho",1999,4264,4096,NA,NA,3960,304,NA,NA,NA,NA,NA,NA,NA,NA,NA,NA,NA,NA,NA,NA,NA,NA,NA,NA,NA,NA,NA,NA,NA,NA,NA,NA,NA,0.0401967991263368,303
"4344","Fraser_Canyon-Coho","Coho",2000,5232,2719,NA,NA,4923,309,NA,NA,NA,NA,NA,NA,NA,NA,NA,NA,NA,NA,NA,NA,NA,NA,NA,NA,NA,NA,NA,NA,NA,NA,NA,NA,NA,0.654529448504564,303
"4345","Fraser_Canyon-Coho","Coho",2001,6684,5971,NA,NA,6451,233,NA,NA,NA,NA,NA,NA,NA,NA,NA,NA,NA,NA,NA,NA,NA,NA,NA,NA,NA,NA,NA,NA,NA,NA,NA,NA,NA,0.112802193168292,303
"4346","Fraser_Canyon-Coho","Coho",2002,2518,3817,NA,NA,2375,143,NA,NA,NA,NA,NA,NA,NA,NA,NA,NA,NA,NA,NA,NA,NA,NA,NA,NA,NA,NA,NA,NA,NA,NA,NA,NA,NA,-0.415999838140937,303
"4347","Fraser_Canyon-Coho","Coho",2003,1812,4552,NA,NA,1629,183,NA,NA,NA,NA,NA,NA,NA,NA,NA,NA,NA,NA,NA,NA,NA,NA,NA,NA,NA,NA,NA,NA,NA,NA,NA,NA,NA,-0.921135489203242,303
"4348","Fraser_Canyon-Coho","Coho",2004,3008,5872,NA,NA,2901,107,NA,NA,NA,NA,NA,NA,NA,NA,NA,NA,NA,NA,NA,NA,NA,NA,NA,NA,NA,NA,NA,NA,NA,NA,NA,NA,NA,-0.668919885224621,303
"4349","Fraser_Canyon-Coho","Coho",2005,1528,2269,NA,NA,1155,373,NA,NA,NA,NA,NA,NA,NA,NA,NA,NA,NA,NA,NA,NA,NA,NA,NA,NA,NA,NA,NA,NA,NA,NA,NA,NA,NA,-0.395379515053376,303
"4350","Fraser_Canyon-Coho","Coho",2006,2344,1605,NA,NA,2235,109,NA,NA,NA,NA,NA,NA,NA,NA,NA,NA,NA,NA,NA,NA,NA,NA,NA,NA,NA,NA,NA,NA,NA,NA,NA,NA,NA,0.378735115132787,303
"4351","Fraser_Canyon-Coho","Coho",2007,2809,2739,NA,NA,2377,432,NA,NA,NA,NA,NA,NA,NA,NA,NA,NA,NA,NA,NA,NA,NA,NA,NA,NA,NA,NA,NA,NA,NA,NA,NA,NA,NA,0.0252356578411655,303
"4352","Fraser_Canyon-Coho","Coho",2008,3679,1138,NA,NA,3215,464,NA,NA,NA,NA,NA,NA,NA,NA,NA,NA,NA,NA,NA,NA,NA,NA,NA,NA,NA,NA,NA,NA,NA,NA,NA,NA,NA,1.1733686404185,303
"4353","Fraser_Canyon-Coho","Coho",2009,5865,2308,NA,NA,5317,548,NA,NA,NA,NA,NA,NA,NA,NA,NA,NA,NA,NA,NA,NA,NA,NA,NA,NA,NA,NA,NA,NA,NA,NA,NA,NA,NA,0.932621133459586,303
"4354","Fraser_Canyon-Coho","Coho",2010,6087,2227,NA,NA,5895,192,NA,NA,NA,NA,NA,NA,NA,NA,NA,NA,NA,NA,NA,NA,NA,NA,NA,NA,NA,NA,NA,NA,NA,NA,NA,NA,NA,1.00549996123656,303
"4355","Fraser_Canyon-Coho","Coho",2011,1394,3189,NA,NA,1345,49,NA,NA,NA,NA,NA,NA,NA,NA,NA,NA,NA,NA,NA,NA,NA,NA,NA,NA,NA,NA,NA,NA,NA,NA,NA,NA,NA,-0.827530075689588,303
"4356","Fraser_Canyon-Coho","Coho",2012,664,5134,NA,NA,379,285,NA,NA,NA,NA,NA,NA,NA,NA,NA,NA,NA,NA,NA,NA,NA,NA,NA,NA,NA,NA,NA,NA,NA,NA,NA,NA,NA,-2.04535821195465,303
"4357","Fraser_Canyon-Coho","Coho",2013,1212,5398,NA,NA,966,246,NA,NA,NA,NA,NA,NA,NA,NA,NA,NA,NA,NA,NA,NA,NA,NA,NA,NA,NA,NA,NA,NA,NA,NA,NA,NA,NA,-1.49375662694869,303
"4358","Fraser_Canyon-Coho","Coho",2014,2760,1048,NA,NA,1589,1171,NA,NA,NA,NA,NA,NA,NA,NA,NA,NA,NA,NA,NA,NA,NA,NA,NA,NA,NA,NA,NA,NA,NA,NA,NA,NA,NA,0.968347093830208,303
"4359","Fraser_Canyon-Coho","Coho",2015,4695,352,NA,NA,4629,66,NA,NA,NA,NA,NA,NA,NA,NA,NA,NA,NA,NA,NA,NA,NA,NA,NA,NA,NA,NA,NA,NA,NA,NA,NA,NA,NA,2.59062221604427,303
"4360","Fraser_Canyon-Coho","Coho",2016,4965,1160,NA,NA,3515,1450,NA,NA,NA,NA,NA,NA,NA,NA,NA,NA,NA,NA,NA,NA,NA,NA,NA,NA,NA,NA,NA,NA,NA,NA,NA,NA,NA,1.45399329237886,303
"4361","Lower_Thompson-Coho","Coho",1998,5833,2165,NA,NA,5123,710,NA,NA,NA,NA,NA,NA,NA,NA,NA,NA,NA,NA,NA,NA,NA,NA,NA,NA,NA,NA,NA,NA,NA,NA,NA,NA,NA,0.991111086317047,304
"4362","Lower_Thompson-Coho","Coho",1999,6971,3992,NA,NA,6870,101,NA,NA,NA,NA,NA,NA,NA,NA,NA,NA,NA,NA,NA,NA,NA,NA,NA,NA,NA,NA,NA,NA,NA,NA,NA,NA,NA,0.557466328055044,304
"4363","Lower_Thompson-Coho","Coho",2000,1791,4739,NA,NA,1652,139,NA,NA,NA,NA,NA,NA,NA,NA,NA,NA,NA,NA,NA,NA,NA,NA,NA,NA,NA,NA,NA,NA,NA,NA,NA,NA,NA,-0.973052019906877,304
"4364","Lower_Thompson-Coho","Coho",2001,3115,9522,NA,NA,2907,208,NA,NA,NA,NA,NA,NA,NA,NA,NA,NA,NA,NA,NA,NA,NA,NA,NA,NA,NA,NA,NA,NA,NA,NA,NA,NA,NA,-1.11737575853291,304
"4365","Lower_Thompson-Coho","Coho",2002,2230,16053,NA,NA,2122,108,NA,NA,NA,NA,NA,NA,NA,NA,NA,NA,NA,NA,NA,NA,NA,NA,NA,NA,NA,NA,NA,NA,NA,NA,NA,NA,NA,-1.97389416252525,304
"4366","Lower_Thompson-Coho","Coho",2003,1824,2933,NA,NA,1225,599,NA,NA,NA,NA,NA,NA,NA,NA,NA,NA,NA,NA,NA,NA,NA,NA,NA,NA,NA,NA,NA,NA,NA,NA,NA,NA,NA,-0.474993898343174,304
"4367","Lower_Thompson-Coho","Coho",2004,9809,4304,NA,NA,9481,328,NA,NA,NA,NA,NA,NA,NA,NA,NA,NA,NA,NA,NA,NA,NA,NA,NA,NA,NA,NA,NA,NA,NA,NA,NA,NA,NA,0.823755508722695,304
"4368","Lower_Thompson-Coho","Coho",2005,4173,2614,NA,NA,3544,629,NA,NA,NA,NA,NA,NA,NA,NA,NA,NA,NA,NA,NA,NA,NA,NA,NA,NA,NA,NA,NA,NA,NA,NA,NA,NA,NA,0.467753586407385,304
"4369","Lower_Thompson-Coho","Coho",2006,4996,1082,NA,NA,3770,1226,NA,NA,NA,NA,NA,NA,NA,NA,NA,NA,NA,NA,NA,NA,NA,NA,NA,NA,NA,NA,NA,NA,NA,NA,NA,NA,NA,1.52982641183904,304
"4370","Lower_Thompson-Coho","Coho",2007,11788,10169,NA,NA,11348,440,NA,NA,NA,NA,NA,NA,NA,NA,NA,NA,NA,NA,NA,NA,NA,NA,NA,NA,NA,NA,NA,NA,NA,NA,NA,NA,NA,0.147738188066448,304
"4371","Lower_Thompson-Coho","Coho",2008,7487,3800,NA,NA,6942,545,NA,NA,NA,NA,NA,NA,NA,NA,NA,NA,NA,NA,NA,NA,NA,NA,NA,NA,NA,NA,NA,NA,NA,NA,NA,NA,NA,0.678167116516208,304
"4372","Lower_Thompson-Coho","Coho",2009,11893,4768,NA,NA,11457,436,NA,NA,NA,NA,NA,NA,NA,NA,NA,NA,NA,NA,NA,NA,NA,NA,NA,NA,NA,NA,NA,NA,NA,NA,NA,NA,NA,0.91402306198206,304
"4373","Lower_Thompson-Coho","Coho",2010,14429,12217,NA,NA,13242,1187,NA,NA,NA,NA,NA,NA,NA,NA,NA,NA,NA,NA,NA,NA,NA,NA,NA,NA,NA,NA,NA,NA,NA,NA,NA,NA,NA,0.166411645893196,304
"4374","Lower_Thompson-Coho","Coho",2011,8946,7289,NA,NA,8308,638,NA,NA,NA,NA,NA,NA,NA,NA,NA,NA,NA,NA,NA,NA,NA,NA,NA,NA,NA,NA,NA,NA,NA,NA,NA,NA,NA,0.20484014261058,304
"4375","Lower_Thompson-Coho","Coho",2012,11378,11559,NA,NA,4956,6422,NA,NA,NA,NA,NA,NA,NA,NA,NA,NA,NA,NA,NA,NA,NA,NA,NA,NA,NA,NA,NA,NA,NA,NA,NA,NA,NA,-0.0157826879836746,304
"4376","Lower_Thompson-Coho","Coho",2013,7706,11887,NA,NA,7135,571,NA,NA,NA,NA,NA,NA,NA,NA,NA,NA,NA,NA,NA,NA,NA,NA,NA,NA,NA,NA,NA,NA,NA,NA,NA,NA,NA,-0.433446119794521,304
"4377","Lower_Thompson-Coho","Coho",2014,5893,7447,NA,NA,3697,2196,NA,NA,NA,NA,NA,NA,NA,NA,NA,NA,NA,NA,NA,NA,NA,NA,NA,NA,NA,NA,NA,NA,NA,NA,NA,NA,NA,-0.234046060872732,304
"4378","Lower_Thompson-Coho","Coho",2015,6016,5182,NA,NA,5801,215,NA,NA,NA,NA,NA,NA,NA,NA,NA,NA,NA,NA,NA,NA,NA,NA,NA,NA,NA,NA,NA,NA,NA,NA,NA,NA,NA,0.14923150450762,304
"4379","Lower_Thompson-Coho","Coho",2016,15582,13369,NA,NA,11439,4143,NA,NA,NA,NA,NA,NA,NA,NA,NA,NA,NA,NA,NA,NA,NA,NA,NA,NA,NA,NA,NA,NA,NA,NA,NA,NA,NA,0.153177807907681,304
"4380","North_Thompson-Coho","Coho",1998,26750,9786,NA,NA,26750,0,NA,NA,NA,NA,NA,NA,NA,NA,NA,NA,NA,NA,NA,NA,NA,NA,NA,NA,NA,NA,NA,NA,NA,NA,NA,NA,NA,1.00558168047508,305
"4381","North_Thompson-Coho","Coho",1999,21640,10696,NA,NA,21395,245,NA,NA,NA,NA,NA,NA,NA,NA,NA,NA,NA,NA,NA,NA,NA,NA,NA,NA,NA,NA,NA,NA,NA,NA,NA,NA,NA,0.704673614178639,305
"4382","North_Thompson-Coho","Coho",2000,8388,8054,NA,NA,7595,793,NA,NA,NA,NA,NA,NA,NA,NA,NA,NA,NA,NA,NA,NA,NA,NA,NA,NA,NA,NA,NA,NA,NA,NA,NA,NA,NA,0.0406332506104111,305
"4383","North_Thompson-Coho","Coho",2001,11382,27238,NA,NA,11108,274,NA,NA,NA,NA,NA,NA,NA,NA,NA,NA,NA,NA,NA,NA,NA,NA,NA,NA,NA,NA,NA,NA,NA,NA,NA,NA,NA,-0.872579896965833,305
"4384","North_Thompson-Coho","Coho",2002,5279,22083,NA,NA,4943,336,NA,NA,NA,NA,NA,NA,NA,NA,NA,NA,NA,NA,NA,NA,NA,NA,NA,NA,NA,NA,NA,NA,NA,NA,NA,NA,NA,-1.4310713959032,305
"4385","North_Thompson-Coho","Coho",2003,5683,7211,NA,NA,3836,1847,NA,NA,NA,NA,NA,NA,NA,NA,NA,NA,NA,NA,NA,NA,NA,NA,NA,NA,NA,NA,NA,NA,NA,NA,NA,NA,NA,-0.238128375619638,305
"4386","North_Thompson-Coho","Coho",2004,25972,10661,NA,NA,25621,351,NA,NA,NA,NA,NA,NA,NA,NA,NA,NA,NA,NA,NA,NA,NA,NA,NA,NA,NA,NA,NA,NA,NA,NA,NA,NA,NA,0.890426811677902,305
"4387","North_Thompson-Coho","Coho",2005,5290,4518,NA,NA,3786,1504,NA,NA,NA,NA,NA,NA,NA,NA,NA,NA,NA,NA,NA,NA,NA,NA,NA,NA,NA,NA,NA,NA,NA,NA,NA,NA,NA,0.157748827824396,305
"4388","North_Thompson-Coho","Coho",2006,9110,3670,NA,NA,9027,83,NA,NA,NA,NA,NA,NA,NA,NA,NA,NA,NA,NA,NA,NA,NA,NA,NA,NA,NA,NA,NA,NA,NA,NA,NA,NA,NA,0.909181049205388,305
"4389","North_Thompson-Coho","Coho",2007,13832,24500,NA,NA,13092,740,NA,NA,NA,NA,NA,NA,NA,NA,NA,NA,NA,NA,NA,NA,NA,NA,NA,NA,NA,NA,NA,NA,NA,NA,NA,NA,NA,-0.571688369169692,305
"4390","North_Thompson-Coho","Coho",2008,9594,3849,NA,NA,8880,714,NA,NA,NA,NA,NA,NA,NA,NA,NA,NA,NA,NA,NA,NA,NA,NA,NA,NA,NA,NA,NA,NA,NA,NA,NA,NA,NA,0.913324528778263,305
"4391","North_Thompson-Coho","Coho",2009,22891,9631,NA,NA,21273,1618,NA,NA,NA,NA,NA,NA,NA,NA,NA,NA,NA,NA,NA,NA,NA,NA,NA,NA,NA,NA,NA,NA,NA,NA,NA,NA,NA,0.865756757631141,305
"4392","North_Thompson-Coho","Coho",2010,18379,12159,NA,NA,17404,975,NA,NA,NA,NA,NA,NA,NA,NA,NA,NA,NA,NA,NA,NA,NA,NA,NA,NA,NA,NA,NA,NA,NA,NA,NA,NA,NA,0.413139072169056,305
"4393","North_Thompson-Coho","Coho",2011,7267,8803,NA,NA,6821,446,NA,NA,NA,NA,NA,NA,NA,NA,NA,NA,NA,NA,NA,NA,NA,NA,NA,NA,NA,NA,NA,NA,NA,NA,NA,NA,NA,-0.19174902084427,305
"4394","North_Thompson-Coho","Coho",2012,6079,20058,NA,NA,3469,2610,NA,NA,NA,NA,NA,NA,NA,NA,NA,NA,NA,NA,NA,NA,NA,NA,NA,NA,NA,NA,NA,NA,NA,NA,NA,NA,NA,-1.19378786789943,305
"4395","North_Thompson-Coho","Coho",2013,16517,16271,NA,NA,15562,955,NA,NA,NA,NA,NA,NA,NA,NA,NA,NA,NA,NA,NA,NA,NA,NA,NA,NA,NA,NA,NA,NA,NA,NA,NA,NA,NA,0.0150057713817713,305
"4396","North_Thompson-Coho","Coho",2014,16423,5244,NA,NA,12228,4195,NA,NA,NA,NA,NA,NA,NA,NA,NA,NA,NA,NA,NA,NA,NA,NA,NA,NA,NA,NA,NA,NA,NA,NA,NA,NA,NA,1.14159822545397,305
"4397","North_Thompson-Coho","Coho",2015,9569,3178,NA,NA,9166,403,NA,NA,NA,NA,NA,NA,NA,NA,NA,NA,NA,NA,NA,NA,NA,NA,NA,NA,NA,NA,NA,NA,NA,NA,NA,NA,NA,1.1022766386826,305
"4398","North_Thompson-Coho","Coho",2016,23527,16914,NA,NA,16404,7123,NA,NA,NA,NA,NA,NA,NA,NA,NA,NA,NA,NA,NA,NA,NA,NA,NA,NA,NA,NA,NA,NA,NA,NA,NA,NA,NA,0.330007016438251,305
"4399","South_Thompson-Coho","Coho",1998,12775,5155,NA,NA,12273,502,NA,NA,NA,NA,NA,NA,NA,NA,NA,NA,NA,NA,NA,NA,NA,NA,NA,NA,NA,NA,NA,NA,NA,NA,NA,NA,NA,0.907523018620845,306
"4400","South_Thompson-Coho","Coho",1999,9710,3137,NA,NA,9425,285,NA,NA,NA,NA,NA,NA,NA,NA,NA,NA,NA,NA,NA,NA,NA,NA,NA,NA,NA,NA,NA,NA,NA,NA,NA,NA,NA,1.12988935309469,306
"4401","South_Thompson-Coho","Coho",2000,3918,3307,NA,NA,3416,502,NA,NA,NA,NA,NA,NA,NA,NA,NA,NA,NA,NA,NA,NA,NA,NA,NA,NA,NA,NA,NA,NA,NA,NA,NA,NA,NA,0.169539885522693,306
"4402","South_Thompson-Coho","Coho",2001,17619,13063,NA,NA,17325,294,NA,NA,NA,NA,NA,NA,NA,NA,NA,NA,NA,NA,NA,NA,NA,NA,NA,NA,NA,NA,NA,NA,NA,NA,NA,NA,NA,0.299194058704066,306
"4403","South_Thompson-Coho","Coho",2002,2341,10544,NA,NA,2161,180,NA,NA,NA,NA,NA,NA,NA,NA,NA,NA,NA,NA,NA,NA,NA,NA,NA,NA,NA,NA,NA,NA,NA,NA,NA,NA,NA,-1.50497878925138,306
"4404","South_Thompson-Coho","Coho",2003,2535,3422,NA,NA,2049,486,NA,NA,NA,NA,NA,NA,NA,NA,NA,NA,NA,NA,NA,NA,NA,NA,NA,NA,NA,NA,NA,NA,NA,NA,NA,NA,NA,-0.300031538426855,306
"4405","South_Thompson-Coho","Coho",2004,13416,15850,NA,NA,12803,613,NA,NA,NA,NA,NA,NA,NA,NA,NA,NA,NA,NA,NA,NA,NA,NA,NA,NA,NA,NA,NA,NA,NA,NA,NA,NA,NA,-0.166721475802382,306
"4406","South_Thompson-Coho","Coho",2005,7222,2302,NA,NA,6617,605,NA,NA,NA,NA,NA,NA,NA,NA,NA,NA,NA,NA,NA,NA,NA,NA,NA,NA,NA,NA,NA,NA,NA,NA,NA,NA,NA,1.14335361255558,306
"4407","South_Thompson-Coho","Coho",2006,4264,2003,NA,NA,3625,639,NA,NA,NA,NA,NA,NA,NA,NA,NA,NA,NA,NA,NA,NA,NA,NA,NA,NA,NA,NA,NA,NA,NA,NA,NA,NA,NA,0.755561630179862,306
"4408","South_Thompson-Coho","Coho",2007,9903,12345,NA,NA,8898,1005,NA,NA,NA,NA,NA,NA,NA,NA,NA,NA,NA,NA,NA,NA,NA,NA,NA,NA,NA,NA,NA,NA,NA,NA,NA,NA,NA,-0.220413381257977,306
"4409","South_Thompson-Coho","Coho",2008,5420,6688,NA,NA,3455,1965,NA,NA,NA,NA,NA,NA,NA,NA,NA,NA,NA,NA,NA,NA,NA,NA,NA,NA,NA,NA,NA,NA,NA,NA,NA,NA,NA,-0.210219060330846,306
"4410","South_Thompson-Coho","Coho",2009,14096,3821,NA,NA,12531,1565,NA,NA,NA,NA,NA,NA,NA,NA,NA,NA,NA,NA,NA,NA,NA,NA,NA,NA,NA,NA,NA,NA,NA,NA,NA,NA,NA,1.30537890072906,306
"4411","South_Thompson-Coho","Coho",2010,13035,8946,NA,NA,12662,373,NA,NA,NA,NA,NA,NA,NA,NA,NA,NA,NA,NA,NA,NA,NA,NA,NA,NA,NA,NA,NA,NA,NA,NA,NA,NA,NA,0.376431542374809,306
"4412","South_Thompson-Coho","Coho",2011,2890,4771,NA,NA,2609,281,NA,NA,NA,NA,NA,NA,NA,NA,NA,NA,NA,NA,NA,NA,NA,NA,NA,NA,NA,NA,NA,NA,NA,NA,NA,NA,NA,-0.501299424409629,306
"4413","South_Thompson-Coho","Coho",2012,6620,13303,NA,NA,2182,4438,NA,NA,NA,NA,NA,NA,NA,NA,NA,NA,NA,NA,NA,NA,NA,NA,NA,NA,NA,NA,NA,NA,NA,NA,NA,NA,NA,-0.697894203752852,306
"4414","South_Thompson-Coho","Coho",2013,11383,13132,NA,NA,10697,686,NA,NA,NA,NA,NA,NA,NA,NA,NA,NA,NA,NA,NA,NA,NA,NA,NA,NA,NA,NA,NA,NA,NA,NA,NA,NA,NA,-0.142930985296267,306
"4415","South_Thompson-Coho","Coho",2014,2492,2270,NA,NA,2033,459,NA,NA,NA,NA,NA,NA,NA,NA,NA,NA,NA,NA,NA,NA,NA,NA,NA,NA,NA,NA,NA,NA,NA,NA,NA,NA,NA,0.0933057694318954,306
"4416","South_Thompson-Coho","Coho",2015,6433,2392,NA,NA,6352,81,NA,NA,NA,NA,NA,NA,NA,NA,NA,NA,NA,NA,NA,NA,NA,NA,NA,NA,NA,NA,NA,NA,NA,NA,NA,NA,NA,0.989311156340478,306
"4417","South_Thompson-Coho","Coho",2016,12206,15023,NA,NA,8386,3820,NA,NA,NA,NA,NA,NA,NA,NA,NA,NA,NA,NA,NA,NA,NA,NA,NA,NA,NA,NA,NA,NA,NA,NA,NA,NA,NA,-0.207654725957983,306
"4418","Lower Skeena-Coho","Coho",1954,919904,231607,NA,NA,NA,NA,NA,NA,NA,NA,NA,NA,NA,NA,NA,NA,NA,NA,NA,NA,NA,NA,NA,NA,NA,NA,NA,NA,NA,NA,NA,NA,NA,1.37922734700525,307
"4419","Lower Skeena-Coho","Coho",1957,907049,261359,NA,NA,NA,NA,NA,NA,NA,NA,NA,NA,NA,NA,NA,NA,NA,NA,NA,NA,NA,NA,NA,NA,NA,NA,NA,NA,NA,NA,NA,NA,NA,1.24430153176636,307
"4420","Lower Skeena-Coho","Coho",1958,475707,620978,NA,NA,NA,NA,NA,NA,NA,NA,NA,NA,NA,NA,NA,NA,NA,NA,NA,NA,NA,NA,NA,NA,NA,NA,NA,NA,NA,NA,NA,NA,NA,-0.266493536088278,307
"4421","Lower Skeena-Coho","Coho",1960,909412,496932,NA,NA,NA,NA,NA,NA,NA,NA,NA,NA,NA,NA,NA,NA,NA,NA,NA,NA,NA,NA,NA,NA,NA,NA,NA,NA,NA,NA,NA,NA,NA,0.604345041007137,307
"4422","Lower Skeena-Coho","Coho",1961,1029395,291312,NA,NA,NA,NA,NA,NA,NA,NA,NA,NA,NA,NA,NA,NA,NA,NA,NA,NA,NA,NA,NA,NA,NA,NA,NA,NA,NA,NA,NA,NA,NA,1.26233167224688,307
"4423","Lower Skeena-Coho","Coho",1962,1161062,108945,NA,NA,NA,NA,NA,NA,NA,NA,NA,NA,NA,NA,NA,NA,NA,NA,NA,NA,NA,NA,NA,NA,NA,NA,NA,NA,NA,NA,NA,NA,NA,2.36624721478525,307
"4424","Lower Skeena-Coho","Coho",1963,567760,526504,NA,NA,NA,NA,NA,NA,NA,NA,NA,NA,NA,NA,NA,NA,NA,NA,NA,NA,NA,NA,NA,NA,NA,NA,NA,NA,NA,NA,NA,NA,NA,0.0754398653306262,307
"4425","Lower Skeena-Coho","Coho",1964,498624,264025,NA,NA,NA,NA,NA,NA,NA,NA,NA,NA,NA,NA,NA,NA,NA,NA,NA,NA,NA,NA,NA,NA,NA,NA,NA,NA,NA,NA,NA,NA,NA,0.635808509075855,307
"4426","Lower Skeena-Coho","Coho",1965,585649,756017,NA,NA,NA,NA,NA,NA,NA,NA,NA,NA,NA,NA,NA,NA,NA,NA,NA,NA,NA,NA,NA,NA,NA,NA,NA,NA,NA,NA,NA,NA,NA,-0.255343228689252,307
"4427","Lower Skeena-Coho","Coho",1966,412398,317662,NA,NA,NA,NA,NA,NA,NA,NA,NA,NA,NA,NA,NA,NA,NA,NA,NA,NA,NA,NA,NA,NA,NA,NA,NA,NA,NA,NA,NA,NA,NA,0.261000978043541,307
"4428","Lower Skeena-Coho","Coho",1967,486306,153276,NA,NA,NA,NA,NA,NA,NA,NA,NA,NA,NA,NA,NA,NA,NA,NA,NA,NA,NA,NA,NA,NA,NA,NA,NA,NA,NA,NA,NA,NA,NA,1.15459783754791,307
"4429","Lower Skeena-Coho","Coho",1968,392616,319857,NA,NA,NA,NA,NA,NA,NA,NA,NA,NA,NA,NA,NA,NA,NA,NA,NA,NA,NA,NA,NA,NA,NA,NA,NA,NA,NA,NA,NA,NA,NA,0.204958014044597,307
"4430","Lower Skeena-Coho","Coho",1969,259760,162823,NA,NA,NA,NA,NA,NA,NA,NA,NA,NA,NA,NA,NA,NA,NA,NA,NA,NA,NA,NA,NA,NA,NA,NA,NA,NA,NA,NA,NA,NA,NA,0.467094406563619,307
"4431","Lower Skeena-Coho","Coho",1970,160270,227220,NA,NA,NA,NA,NA,NA,NA,NA,NA,NA,NA,NA,NA,NA,NA,NA,NA,NA,NA,NA,NA,NA,NA,NA,NA,NA,NA,NA,NA,NA,NA,-0.349058818136274,307
"4432","Lower Skeena-Coho","Coho",1971,134331,185274,NA,NA,NA,NA,NA,NA,NA,NA,NA,NA,NA,NA,NA,NA,NA,NA,NA,NA,NA,NA,NA,NA,NA,NA,NA,NA,NA,NA,NA,NA,NA,-0.321528907039916,307
"4433","Lower Skeena-Coho","Coho",1972,117667,116623,NA,NA,NA,NA,NA,NA,NA,NA,NA,NA,NA,NA,NA,NA,NA,NA,NA,NA,NA,NA,NA,NA,NA,NA,NA,NA,NA,NA,NA,NA,NA,0.00891209108368109,307
"4434","Lower Skeena-Coho","Coho",1973,157172,72940,NA,NA,NA,NA,NA,NA,NA,NA,NA,NA,NA,NA,NA,NA,NA,NA,NA,NA,NA,NA,NA,NA,NA,NA,NA,NA,NA,NA,NA,NA,NA,0.767703561701501,307
"4435","Lower Skeena-Coho","Coho",1974,188554,77480,NA,NA,NA,NA,NA,NA,NA,NA,NA,NA,NA,NA,NA,NA,NA,NA,NA,NA,NA,NA,NA,NA,NA,NA,NA,NA,NA,NA,NA,NA,NA,0.8893645994725,307
"4436","Lower Skeena-Coho","Coho",1975,217179,42220,NA,NA,NA,NA,NA,NA,NA,NA,NA,NA,NA,NA,NA,NA,NA,NA,NA,NA,NA,NA,NA,NA,NA,NA,NA,NA,NA,NA,NA,NA,NA,1.63782785588243,307
"4437","Lower Skeena-Coho","Coho",1976,234860,92007,NA,NA,NA,NA,NA,NA,NA,NA,NA,NA,NA,NA,NA,NA,NA,NA,NA,NA,NA,NA,NA,NA,NA,NA,NA,NA,NA,NA,NA,NA,NA,0.937124930825839,307
"4438","Lower Skeena-Coho","Coho",1977,297395,56924,NA,NA,NA,NA,NA,NA,NA,NA,NA,NA,NA,NA,NA,NA,NA,NA,NA,NA,NA,NA,NA,NA,NA,NA,NA,NA,NA,NA,NA,NA,NA,1.6533441766894,307
"4439","Lower Skeena-Coho","Coho",1978,195518,79132,NA,NA,NA,NA,NA,NA,NA,NA,NA,NA,NA,NA,NA,NA,NA,NA,NA,NA,NA,NA,NA,NA,NA,NA,NA,NA,NA,NA,NA,NA,NA,0.904535102632497,307
"4440","Lower Skeena-Coho","Coho",1979,186979,47984,NA,NA,NA,NA,NA,NA,NA,NA,NA,NA,NA,NA,NA,NA,NA,NA,NA,NA,NA,NA,NA,NA,NA,NA,NA,NA,NA,NA,NA,NA,NA,1.36012868907664,307
"4441","Lower Skeena-Coho","Coho",1980,367528,85180,NA,NA,NA,NA,NA,NA,NA,NA,NA,NA,NA,NA,NA,NA,NA,NA,NA,NA,NA,NA,NA,NA,NA,NA,NA,NA,NA,NA,NA,NA,NA,1.46203284173167,307
"4442","Lower Skeena-Coho","Coho",1981,357896,85195,NA,NA,NA,NA,NA,NA,NA,NA,NA,NA,NA,NA,NA,NA,NA,NA,NA,NA,NA,NA,NA,NA,NA,NA,NA,NA,NA,NA,NA,NA,NA,1.43529969473609,307
"4443","Lower Skeena-Coho","Coho",1982,474908,46639,NA,NA,NA,NA,NA,NA,NA,NA,NA,NA,NA,NA,NA,NA,NA,NA,NA,NA,NA,NA,NA,NA,NA,NA,NA,NA,NA,NA,NA,NA,NA,2.32068400007585,307
"4444","Lower Skeena-Coho","Coho",1983,662040,54479,NA,NA,NA,NA,NA,NA,NA,NA,NA,NA,NA,NA,NA,NA,NA,NA,NA,NA,NA,NA,NA,NA,NA,NA,NA,NA,NA,NA,NA,NA,NA,2.49751067075931,307
"4445","Lower Skeena-Coho","Coho",1984,278406,133513,NA,NA,NA,NA,NA,NA,NA,NA,NA,NA,NA,NA,NA,NA,NA,NA,NA,NA,NA,NA,NA,NA,NA,NA,NA,NA,NA,NA,NA,NA,NA,0.734881628575666,307
"4446","Lower Skeena-Coho","Coho",1985,193735,48857,NA,NA,NA,NA,NA,NA,NA,NA,NA,NA,NA,NA,NA,NA,NA,NA,NA,NA,NA,NA,NA,NA,NA,NA,NA,NA,NA,NA,NA,NA,NA,1.37759358185518,307
"4447","Lower Skeena-Coho","Coho",1986,448073,144410,NA,NA,NA,NA,NA,NA,NA,NA,NA,NA,NA,NA,NA,NA,NA,NA,NA,NA,NA,NA,NA,NA,NA,NA,NA,NA,NA,NA,NA,NA,NA,1.13229968943076,307
"4448","Lower Skeena-Coho","Coho",1987,511000,149344,NA,NA,NA,NA,NA,NA,NA,NA,NA,NA,NA,NA,NA,NA,NA,NA,NA,NA,NA,NA,NA,NA,NA,NA,NA,NA,NA,NA,NA,NA,NA,1.2301172204363,307
"4449","Lower Skeena-Coho","Coho",1988,371263,35318,NA,NA,NA,NA,NA,NA,NA,NA,NA,NA,NA,NA,NA,NA,NA,NA,NA,NA,NA,NA,NA,NA,NA,NA,NA,NA,NA,NA,NA,NA,NA,2.35251795734792,307
"4450","Lower Skeena-Coho","Coho",1989,275035,124207,NA,NA,NA,NA,NA,NA,NA,NA,NA,NA,NA,NA,NA,NA,NA,NA,NA,NA,NA,NA,NA,NA,NA,NA,NA,NA,NA,NA,NA,NA,NA,0.79494883367565,307
"4451","Lower Skeena-Coho","Coho",1990,269613,186603,NA,NA,NA,NA,NA,NA,NA,NA,NA,NA,NA,NA,NA,NA,NA,NA,NA,NA,NA,NA,NA,NA,NA,NA,NA,NA,NA,NA,NA,NA,NA,0.36800423200577,307
"4452","Lower Skeena-Coho","Coho",1991,293826,139204,NA,NA,NA,NA,NA,NA,NA,NA,NA,NA,NA,NA,NA,NA,NA,NA,NA,NA,NA,NA,NA,NA,NA,NA,NA,NA,NA,NA,NA,NA,NA,0.747047272279853,307
"4453","Lower Skeena-Coho","Coho",1992,132921,129820,NA,NA,NA,NA,NA,NA,NA,NA,NA,NA,NA,NA,NA,NA,NA,NA,NA,NA,NA,NA,NA,NA,NA,NA,NA,NA,NA,NA,NA,NA,NA,0.02360609117507,307
"4454","Lower Skeena-Coho","Coho",1993,126900,61342,NA,NA,NA,NA,NA,NA,NA,NA,NA,NA,NA,NA,NA,NA,NA,NA,NA,NA,NA,NA,NA,NA,NA,NA,NA,NA,NA,NA,NA,NA,NA,0.726934611414159,307
"4455","Lower Skeena-Coho","Coho",1994,91483,152386,NA,NA,NA,NA,NA,NA,NA,NA,NA,NA,NA,NA,NA,NA,NA,NA,NA,NA,NA,NA,NA,NA,NA,NA,NA,NA,NA,NA,NA,NA,NA,-0.510263612845562,307
"4456","Lower Skeena-Coho","Coho",1995,164202,59276,NA,NA,NA,NA,NA,NA,NA,NA,NA,NA,NA,NA,NA,NA,NA,NA,NA,NA,NA,NA,NA,NA,NA,NA,NA,NA,NA,NA,NA,NA,NA,1.01889287488418,307
"4457","Lower Skeena-Coho","Coho",1996,142496,47928,NA,NA,NA,NA,NA,NA,NA,NA,NA,NA,NA,NA,NA,NA,NA,NA,NA,NA,NA,NA,NA,NA,NA,NA,NA,NA,NA,NA,NA,NA,NA,1.08961404435767,307
"4458","Lower Skeena-Coho","Coho",1997,107589,25919,NA,NA,NA,NA,NA,NA,NA,NA,NA,NA,NA,NA,NA,NA,NA,NA,NA,NA,NA,NA,NA,NA,NA,NA,NA,NA,NA,NA,NA,NA,NA,1.4233421215256,307
"4459","Lower Skeena-Coho","Coho",1998,143939,115767,NA,NA,NA,NA,NA,NA,NA,NA,NA,NA,NA,NA,NA,NA,NA,NA,NA,NA,NA,NA,NA,NA,NA,NA,NA,NA,NA,NA,NA,NA,NA,0.217810048283558,307
"4460","Lower Skeena-Coho","Coho",1999,145889,149768,NA,NA,NA,NA,NA,NA,NA,NA,NA,NA,NA,NA,NA,NA,NA,NA,NA,NA,NA,NA,NA,NA,NA,NA,NA,NA,NA,NA,NA,NA,NA,-0.0262413715250574,307
"4461","Lower Skeena-Coho","Coho",2000,146110,62736,NA,NA,NA,NA,NA,NA,NA,NA,NA,NA,NA,NA,NA,NA,NA,NA,NA,NA,NA,NA,NA,NA,NA,NA,NA,NA,NA,NA,NA,NA,NA,0.845424317134017,307
"4462","Lower Skeena-Coho","Coho",2001,124268,107616,NA,NA,NA,NA,NA,NA,NA,NA,NA,NA,NA,NA,NA,NA,NA,NA,NA,NA,NA,NA,NA,NA,NA,NA,NA,NA,NA,NA,NA,NA,NA,0.143871188141639,307
"4463","Lower Skeena-Coho","Coho",2002,100059,104596,NA,NA,NA,NA,NA,NA,NA,NA,NA,NA,NA,NA,NA,NA,NA,NA,NA,NA,NA,NA,NA,NA,NA,NA,NA,NA,NA,NA,NA,NA,NA,-0.0443452979753172,307
"4464","Lower Skeena-Coho","Coho",2003,83537,116284,NA,NA,NA,NA,NA,NA,NA,NA,NA,NA,NA,NA,NA,NA,NA,NA,NA,NA,NA,NA,NA,NA,NA,NA,NA,NA,NA,NA,NA,NA,NA,-0.330745827340471,307
"4465","Lower Skeena-Coho","Coho",2004,80198,77815,NA,NA,NA,NA,NA,NA,NA,NA,NA,NA,NA,NA,NA,NA,NA,NA,NA,NA,NA,NA,NA,NA,NA,NA,NA,NA,NA,NA,NA,NA,NA,0.0301643622486867,307
"4466","Lower Skeena-Coho","Coho",2005,110183,85553,NA,NA,NA,NA,NA,NA,NA,NA,NA,NA,NA,NA,NA,NA,NA,NA,NA,NA,NA,NA,NA,NA,NA,NA,NA,NA,NA,NA,NA,NA,NA,0.253006552910454,307
"4467","Lower Skeena-Coho","Coho",2006,182000,59133,NA,NA,NA,NA,NA,NA,NA,NA,NA,NA,NA,NA,NA,NA,NA,NA,NA,NA,NA,NA,NA,NA,NA,NA,NA,NA,NA,NA,NA,NA,NA,1.12421754286389,307
"4468","Lower Skeena-Coho","Coho",2007,158460,53504,NA,NA,NA,NA,NA,NA,NA,NA,NA,NA,NA,NA,NA,NA,NA,NA,NA,NA,NA,NA,NA,NA,NA,NA,NA,NA,NA,NA,NA,NA,NA,1.08574577807486,307
"4469","Lower Skeena-Coho","Coho",2008,108004,41281,NA,NA,NA,NA,NA,NA,NA,NA,NA,NA,NA,NA,NA,NA,NA,NA,NA,NA,NA,NA,NA,NA,NA,NA,NA,NA,NA,NA,NA,NA,NA,0.96176591778931,307
"4470","Lower Skeena-Coho","Coho",2009,165611,108724,NA,NA,NA,NA,NA,NA,NA,NA,NA,NA,NA,NA,NA,NA,NA,NA,NA,NA,NA,NA,NA,NA,NA,NA,NA,NA,NA,NA,NA,NA,NA,0.420829103941147,307
"4471","Lower Skeena-Coho","Coho",2010,213273,135006,NA,NA,NA,NA,NA,NA,NA,NA,NA,NA,NA,NA,NA,NA,NA,NA,NA,NA,NA,NA,NA,NA,NA,NA,NA,NA,NA,NA,NA,NA,NA,0.457253813291362,307
"4472","Lower Skeena-Coho","Coho",2011,121039,63601,NA,NA,NA,NA,NA,NA,NA,NA,NA,NA,NA,NA,NA,NA,NA,NA,NA,NA,NA,NA,NA,NA,NA,NA,NA,NA,NA,NA,NA,NA,NA,0.643483614221406,307
"4473","Lower Skeena-Coho","Coho",2012,125227,67480,NA,NA,NA,NA,NA,NA,NA,NA,NA,NA,NA,NA,NA,NA,NA,NA,NA,NA,NA,NA,NA,NA,NA,NA,NA,NA,NA,NA,NA,NA,NA,0.618296832690121,307
"4474","Lower Skeena-Coho","Coho",2013,148037,158310,NA,NA,NA,NA,NA,NA,NA,NA,NA,NA,NA,NA,NA,NA,NA,NA,NA,NA,NA,NA,NA,NA,NA,NA,NA,NA,NA,NA,NA,NA,NA,-0.0670928935663638,307
"4475","Middle Skeena-Coho","Coho",1954,130951,179410,NA,NA,NA,NA,NA,NA,NA,NA,NA,NA,NA,NA,NA,NA,NA,NA,NA,NA,NA,NA,NA,NA,NA,NA,NA,NA,NA,NA,NA,NA,NA,-0.314850482004248,308
"4476","Middle Skeena-Coho","Coho",1955,186028,144682,NA,NA,NA,NA,NA,NA,NA,NA,NA,NA,NA,NA,NA,NA,NA,NA,NA,NA,NA,NA,NA,NA,NA,NA,NA,NA,NA,NA,NA,NA,NA,0.251358969418878,308
"4477","Middle Skeena-Coho","Coho",1956,236865,210753,NA,NA,NA,NA,NA,NA,NA,NA,NA,NA,NA,NA,NA,NA,NA,NA,NA,NA,NA,NA,NA,NA,NA,NA,NA,NA,NA,NA,NA,NA,NA,0.116803526930621,308
"4478","Middle Skeena-Coho","Coho",1957,346265,50649,NA,NA,NA,NA,NA,NA,NA,NA,NA,NA,NA,NA,NA,NA,NA,NA,NA,NA,NA,NA,NA,NA,NA,NA,NA,NA,NA,NA,NA,NA,NA,1.92228489069968,308
"4479","Middle Skeena-Coho","Coho",1958,189149,84084,NA,NA,NA,NA,NA,NA,NA,NA,NA,NA,NA,NA,NA,NA,NA,NA,NA,NA,NA,NA,NA,NA,NA,NA,NA,NA,NA,NA,NA,NA,NA,0.810718765079255,308
"4480","Middle Skeena-Coho","Coho",1959,228208,81728,NA,NA,NA,NA,NA,NA,NA,NA,NA,NA,NA,NA,NA,NA,NA,NA,NA,NA,NA,NA,NA,NA,NA,NA,NA,NA,NA,NA,NA,NA,NA,1.02686083337099,308
"4481","Middle Skeena-Coho","Coho",1960,105081,183008,NA,NA,NA,NA,NA,NA,NA,NA,NA,NA,NA,NA,NA,NA,NA,NA,NA,NA,NA,NA,NA,NA,NA,NA,NA,NA,NA,NA,NA,NA,NA,-0.554798386402036,308
"4482","Middle Skeena-Coho","Coho",1961,146291,72839,NA,NA,NA,NA,NA,NA,NA,NA,NA,NA,NA,NA,NA,NA,NA,NA,NA,NA,NA,NA,NA,NA,NA,NA,NA,NA,NA,NA,NA,NA,NA,0.697346262659181,308
"4483","Middle Skeena-Coho","Coho",1962,138413,123096,NA,NA,NA,NA,NA,NA,NA,NA,NA,NA,NA,NA,NA,NA,NA,NA,NA,NA,NA,NA,NA,NA,NA,NA,NA,NA,NA,NA,NA,NA,NA,0.117277430653124,308
"4484","Middle Skeena-Coho","Coho",1963,143110,45016,NA,NA,NA,NA,NA,NA,NA,NA,NA,NA,NA,NA,NA,NA,NA,NA,NA,NA,NA,NA,NA,NA,NA,NA,NA,NA,NA,NA,NA,NA,NA,1.15659558319181,308
"4485","Middle Skeena-Coho","Coho",1964,143257,55847,NA,NA,NA,NA,NA,NA,NA,NA,NA,NA,NA,NA,NA,NA,NA,NA,NA,NA,NA,NA,NA,NA,NA,NA,NA,NA,NA,NA,NA,NA,NA,0.942024411256882,308
"4486","Middle Skeena-Coho","Coho",1965,256940,68618,NA,NA,NA,NA,NA,NA,NA,NA,NA,NA,NA,NA,NA,NA,NA,NA,NA,NA,NA,NA,NA,NA,NA,NA,NA,NA,NA,NA,NA,NA,NA,1.32028770361948,308
"4487","Middle Skeena-Coho","Coho",1966,150794,65007,NA,NA,NA,NA,NA,NA,NA,NA,NA,NA,NA,NA,NA,NA,NA,NA,NA,NA,NA,NA,NA,NA,NA,NA,NA,NA,NA,NA,NA,NA,NA,0.841419710578963,308
"4488","Middle Skeena-Coho","Coho",1967,166709,50106,NA,NA,NA,NA,NA,NA,NA,NA,NA,NA,NA,NA,NA,NA,NA,NA,NA,NA,NA,NA,NA,NA,NA,NA,NA,NA,NA,NA,NA,NA,NA,1.2021090161024,308
"4489","Middle Skeena-Coho","Coho",1968,227861,119879,NA,NA,NA,NA,NA,NA,NA,NA,NA,NA,NA,NA,NA,NA,NA,NA,NA,NA,NA,NA,NA,NA,NA,NA,NA,NA,NA,NA,NA,NA,NA,0.642252893181381,308
"4490","Middle Skeena-Coho","Coho",1969,275714,74631,NA,NA,NA,NA,NA,NA,NA,NA,NA,NA,NA,NA,NA,NA,NA,NA,NA,NA,NA,NA,NA,NA,NA,NA,NA,NA,NA,NA,NA,NA,NA,1.3068081260829,308
"4491","Middle Skeena-Coho","Coho",1970,158977,66673,NA,NA,NA,NA,NA,NA,NA,NA,NA,NA,NA,NA,NA,NA,NA,NA,NA,NA,NA,NA,NA,NA,NA,NA,NA,NA,NA,NA,NA,NA,NA,0.868959464301057,308
"4492","Middle Skeena-Coho","Coho",1971,101394,86505,NA,NA,NA,NA,NA,NA,NA,NA,NA,NA,NA,NA,NA,NA,NA,NA,NA,NA,NA,NA,NA,NA,NA,NA,NA,NA,NA,NA,NA,NA,NA,0.158811702073256,308
"4493","Middle Skeena-Coho","Coho",1972,51441,105419,NA,NA,NA,NA,NA,NA,NA,NA,NA,NA,NA,NA,NA,NA,NA,NA,NA,NA,NA,NA,NA,NA,NA,NA,NA,NA,NA,NA,NA,NA,NA,-0.717507365651186,308
"4494","Middle Skeena-Coho","Coho",1973,97516,84222,NA,NA,NA,NA,NA,NA,NA,NA,NA,NA,NA,NA,NA,NA,NA,NA,NA,NA,NA,NA,NA,NA,NA,NA,NA,NA,NA,NA,NA,NA,NA,0.146560297324307,308
"4495","Middle Skeena-Coho","Coho",1974,190684,52996,NA,NA,NA,NA,NA,NA,NA,NA,NA,NA,NA,NA,NA,NA,NA,NA,NA,NA,NA,NA,NA,NA,NA,NA,NA,NA,NA,NA,NA,NA,NA,1.28040116866474,308
"4496","Middle Skeena-Coho","Coho",1975,219366,23367,NA,NA,NA,NA,NA,NA,NA,NA,NA,NA,NA,NA,NA,NA,NA,NA,NA,NA,NA,NA,NA,NA,NA,NA,NA,NA,NA,NA,NA,NA,NA,2.23941679713161,308
"4497","Middle Skeena-Coho","Coho",1976,91370,40769,NA,NA,NA,NA,NA,NA,NA,NA,NA,NA,NA,NA,NA,NA,NA,NA,NA,NA,NA,NA,NA,NA,NA,NA,NA,NA,NA,NA,NA,NA,NA,0.806995208319277,308
"4498","Middle Skeena-Coho","Coho",1977,187523,67002,NA,NA,NA,NA,NA,NA,NA,NA,NA,NA,NA,NA,NA,NA,NA,NA,NA,NA,NA,NA,NA,NA,NA,NA,NA,NA,NA,NA,NA,NA,NA,1.02917903486248,308
"4499","Middle Skeena-Coho","Coho",1978,83432,85372,NA,NA,NA,NA,NA,NA,NA,NA,NA,NA,NA,NA,NA,NA,NA,NA,NA,NA,NA,NA,NA,NA,NA,NA,NA,NA,NA,NA,NA,NA,NA,-0.0229862493624099,308
"4500","Middle Skeena-Coho","Coho",1979,161735,13847,NA,NA,NA,NA,NA,NA,NA,NA,NA,NA,NA,NA,NA,NA,NA,NA,NA,NA,NA,NA,NA,NA,NA,NA,NA,NA,NA,NA,NA,NA,NA,2.45789059070497,308
"4501","Middle Skeena-Coho","Coho",1980,267119,58527,NA,NA,NA,NA,NA,NA,NA,NA,NA,NA,NA,NA,NA,NA,NA,NA,NA,NA,NA,NA,NA,NA,NA,NA,NA,NA,NA,NA,NA,NA,NA,1.51820606576934,308
"4502","Middle Skeena-Coho","Coho",1981,135405,24117,NA,NA,NA,NA,NA,NA,NA,NA,NA,NA,NA,NA,NA,NA,NA,NA,NA,NA,NA,NA,NA,NA,NA,NA,NA,NA,NA,NA,NA,NA,NA,1.72535330140429,308
"4503","Middle Skeena-Coho","Coho",1982,177945,47537,NA,NA,NA,NA,NA,NA,NA,NA,NA,NA,NA,NA,NA,NA,NA,NA,NA,NA,NA,NA,NA,NA,NA,NA,NA,NA,NA,NA,NA,NA,NA,1.31996615859421,308
"4504","Middle Skeena-Coho","Coho",1983,262836,59021,NA,NA,NA,NA,NA,NA,NA,NA,NA,NA,NA,NA,NA,NA,NA,NA,NA,NA,NA,NA,NA,NA,NA,NA,NA,NA,NA,NA,NA,NA,NA,1.49363695074979,308
"4505","Middle Skeena-Coho","Coho",1984,98425,37794,NA,NA,NA,NA,NA,NA,NA,NA,NA,NA,NA,NA,NA,NA,NA,NA,NA,NA,NA,NA,NA,NA,NA,NA,NA,NA,NA,NA,NA,NA,NA,0.957144476961954,308
"4506","Middle Skeena-Coho","Coho",1985,64473,33805,NA,NA,NA,NA,NA,NA,NA,NA,NA,NA,NA,NA,NA,NA,NA,NA,NA,NA,NA,NA,NA,NA,NA,NA,NA,NA,NA,NA,NA,NA,NA,0.645637810968537,308
"4507","Middle Skeena-Coho","Coho",1986,211711,52572,NA,NA,NA,NA,NA,NA,NA,NA,NA,NA,NA,NA,NA,NA,NA,NA,NA,NA,NA,NA,NA,NA,NA,NA,NA,NA,NA,NA,NA,NA,NA,1.39303847849238,308
"4508","Middle Skeena-Coho","Coho",1987,249512,44195,NA,NA,NA,NA,NA,NA,NA,NA,NA,NA,NA,NA,NA,NA,NA,NA,NA,NA,NA,NA,NA,NA,NA,NA,NA,NA,NA,NA,NA,NA,NA,1.73089534971446,308
"4509","Middle Skeena-Coho","Coho",1988,147975,8552,NA,NA,NA,NA,NA,NA,NA,NA,NA,NA,NA,NA,NA,NA,NA,NA,NA,NA,NA,NA,NA,NA,NA,NA,NA,NA,NA,NA,NA,NA,NA,2.85087816685404,308
"4510","Middle Skeena-Coho","Coho",1989,117100,72892,NA,NA,NA,NA,NA,NA,NA,NA,NA,NA,NA,NA,NA,NA,NA,NA,NA,NA,NA,NA,NA,NA,NA,NA,NA,NA,NA,NA,NA,NA,NA,0.474049376979863,308
"4511","Middle Skeena-Coho","Coho",1990,106089,85000,NA,NA,NA,NA,NA,NA,NA,NA,NA,NA,NA,NA,NA,NA,NA,NA,NA,NA,NA,NA,NA,NA,NA,NA,NA,NA,NA,NA,NA,NA,NA,0.221627107977348,308
"4512","Middle Skeena-Coho","Coho",1991,145624,58033,NA,NA,NA,NA,NA,NA,NA,NA,NA,NA,NA,NA,NA,NA,NA,NA,NA,NA,NA,NA,NA,NA,NA,NA,NA,NA,NA,NA,NA,NA,NA,0.920016143079447,308
"4513","Middle Skeena-Coho","Coho",1992,46644,44713,NA,NA,NA,NA,NA,NA,NA,NA,NA,NA,NA,NA,NA,NA,NA,NA,NA,NA,NA,NA,NA,NA,NA,NA,NA,NA,NA,NA,NA,NA,NA,0.0422800145802608,308
"4514","Middle Skeena-Coho","Coho",1993,83386,34996,NA,NA,NA,NA,NA,NA,NA,NA,NA,NA,NA,NA,NA,NA,NA,NA,NA,NA,NA,NA,NA,NA,NA,NA,NA,NA,NA,NA,NA,NA,NA,0.868246660322224,308
"4515","Middle Skeena-Coho","Coho",1994,32409,63498,NA,NA,NA,NA,NA,NA,NA,NA,NA,NA,NA,NA,NA,NA,NA,NA,NA,NA,NA,NA,NA,NA,NA,NA,NA,NA,NA,NA,NA,NA,NA,-0.672572247336685,308
"4516","Middle Skeena-Coho","Coho",1995,115626,17136,NA,NA,NA,NA,NA,NA,NA,NA,NA,NA,NA,NA,NA,NA,NA,NA,NA,NA,NA,NA,NA,NA,NA,NA,NA,NA,NA,NA,NA,NA,NA,1.90917933073845,308
"4517","Middle Skeena-Coho","Coho",1996,223368,27447,NA,NA,NA,NA,NA,NA,NA,NA,NA,NA,NA,NA,NA,NA,NA,NA,NA,NA,NA,NA,NA,NA,NA,NA,NA,NA,NA,NA,NA,NA,NA,2.09656376318601,308
"4518","Middle Skeena-Coho","Coho",1997,239048,9060,NA,NA,NA,NA,NA,NA,NA,NA,NA,NA,NA,NA,NA,NA,NA,NA,NA,NA,NA,NA,NA,NA,NA,NA,NA,NA,NA,NA,NA,NA,NA,3.27279524853169,308
"4519","Middle Skeena-Coho","Coho",1998,428037,59828,NA,NA,NA,NA,NA,NA,NA,NA,NA,NA,NA,NA,NA,NA,NA,NA,NA,NA,NA,NA,NA,NA,NA,NA,NA,NA,NA,NA,NA,NA,NA,1.96773586164638,308
"4520","Middle Skeena-Coho","Coho",1999,315839,188448,NA,NA,NA,NA,NA,NA,NA,NA,NA,NA,NA,NA,NA,NA,NA,NA,NA,NA,NA,NA,NA,NA,NA,NA,NA,NA,NA,NA,NA,NA,NA,0.516410483317863,308
"4521","Middle Skeena-Coho","Coho",2000,298855,136304,NA,NA,NA,NA,NA,NA,NA,NA,NA,NA,NA,NA,NA,NA,NA,NA,NA,NA,NA,NA,NA,NA,NA,NA,NA,NA,NA,NA,NA,NA,NA,0.785070820631226,308
"4522","Middle Skeena-Coho","Coho",2001,347130,333828,NA,NA,NA,NA,NA,NA,NA,NA,NA,NA,NA,NA,NA,NA,NA,NA,NA,NA,NA,NA,NA,NA,NA,NA,NA,NA,NA,NA,NA,NA,NA,0.0390734592821568,308
"4523","Middle Skeena-Coho","Coho",2002,484590,245261,NA,NA,NA,NA,NA,NA,NA,NA,NA,NA,NA,NA,NA,NA,NA,NA,NA,NA,NA,NA,NA,NA,NA,NA,NA,NA,NA,NA,NA,NA,NA,0.680980222962492,308
"4524","Middle Skeena-Coho","Coho",2003,289732,222614,NA,NA,NA,NA,NA,NA,NA,NA,NA,NA,NA,NA,NA,NA,NA,NA,NA,NA,NA,NA,NA,NA,NA,NA,NA,NA,NA,NA,NA,NA,NA,0.263517027825246,308
"4525","Middle Skeena-Coho","Coho",2004,268422,169283,NA,NA,NA,NA,NA,NA,NA,NA,NA,NA,NA,NA,NA,NA,NA,NA,NA,NA,NA,NA,NA,NA,NA,NA,NA,NA,NA,NA,NA,NA,NA,0.460988498321411,308
"4526","Middle Skeena-Coho","Coho",2005,301943,398685,NA,NA,NA,NA,NA,NA,NA,NA,NA,NA,NA,NA,NA,NA,NA,NA,NA,NA,NA,NA,NA,NA,NA,NA,NA,NA,NA,NA,NA,NA,NA,-0.277933373568134,308
"4527","Middle Skeena-Coho","Coho",2006,487063,225266,NA,NA,NA,NA,NA,NA,NA,NA,NA,NA,NA,NA,NA,NA,NA,NA,NA,NA,NA,NA,NA,NA,NA,NA,NA,NA,NA,NA,NA,NA,NA,0.771111552013312,308
"4528","Middle Skeena-Coho","Coho",2007,236036,163456,NA,NA,NA,NA,NA,NA,NA,NA,NA,NA,NA,NA,NA,NA,NA,NA,NA,NA,NA,NA,NA,NA,NA,NA,NA,NA,NA,NA,NA,NA,NA,0.367440494795067,308
"4529","Middle Skeena-Coho","Coho",2008,149499,144141,NA,NA,NA,NA,NA,NA,NA,NA,NA,NA,NA,NA,NA,NA,NA,NA,NA,NA,NA,NA,NA,NA,NA,NA,NA,NA,NA,NA,NA,NA,NA,0.0364977166734711,308
"4530","Middle Skeena-Coho","Coho",2009,248905,350118,NA,NA,NA,NA,NA,NA,NA,NA,NA,NA,NA,NA,NA,NA,NA,NA,NA,NA,NA,NA,NA,NA,NA,NA,NA,NA,NA,NA,NA,NA,NA,-0.341198942960031,308
"4531","Middle Skeena-Coho","Coho",2010,367786,188635,NA,NA,NA,NA,NA,NA,NA,NA,NA,NA,NA,NA,NA,NA,NA,NA,NA,NA,NA,NA,NA,NA,NA,NA,NA,NA,NA,NA,NA,NA,NA,0.667687316355818,308
"4532","Middle Skeena-Coho","Coho",2011,313578,73965,NA,NA,NA,NA,NA,NA,NA,NA,NA,NA,NA,NA,NA,NA,NA,NA,NA,NA,NA,NA,NA,NA,NA,NA,NA,NA,NA,NA,NA,NA,NA,1.44445612460999,308
"4533","Middle Skeena-Coho","Coho",2012,221903,137341,NA,NA,NA,NA,NA,NA,NA,NA,NA,NA,NA,NA,NA,NA,NA,NA,NA,NA,NA,NA,NA,NA,NA,NA,NA,NA,NA,NA,NA,NA,NA,0.47977346508462,308
"4534","Middle Skeena-Coho","Coho",2013,323009,235092,NA,NA,NA,NA,NA,NA,NA,NA,NA,NA,NA,NA,NA,NA,NA,NA,NA,NA,NA,NA,NA,NA,NA,NA,NA,NA,NA,NA,NA,NA,NA,0.317703259717663,308
"4535","Upper Skeena-Coho","Coho",1958,29292,17543,NA,NA,NA,NA,NA,NA,NA,NA,NA,NA,NA,NA,NA,NA,NA,NA,NA,NA,NA,NA,NA,NA,NA,NA,NA,NA,NA,NA,NA,NA,NA,0.512659431251776,309
"4536","Upper Skeena-Coho","Coho",1959,33761,4678,NA,NA,NA,NA,NA,NA,NA,NA,NA,NA,NA,NA,NA,NA,NA,NA,NA,NA,NA,NA,NA,NA,NA,NA,NA,NA,NA,NA,NA,NA,NA,1.97643562198016,309
"4537","Upper Skeena-Coho","Coho",1962,18222,11696,NA,NA,NA,NA,NA,NA,NA,NA,NA,NA,NA,NA,NA,NA,NA,NA,NA,NA,NA,NA,NA,NA,NA,NA,NA,NA,NA,NA,NA,NA,NA,0.443382752284244,309
"4538","Upper Skeena-Coho","Coho",1963,11282,23391,NA,NA,NA,NA,NA,NA,NA,NA,NA,NA,NA,NA,NA,NA,NA,NA,NA,NA,NA,NA,NA,NA,NA,NA,NA,NA,NA,NA,NA,NA,NA,-0.729142797677788,309
"4539","Upper Skeena-Coho","Coho",1965,11558,11696,NA,NA,NA,NA,NA,NA,NA,NA,NA,NA,NA,NA,NA,NA,NA,NA,NA,NA,NA,NA,NA,NA,NA,NA,NA,NA,NA,NA,NA,NA,NA,-0.0118690651118365,309
"4540","Upper Skeena-Coho","Coho",1966,13372,4678,NA,NA,NA,NA,NA,NA,NA,NA,NA,NA,NA,NA,NA,NA,NA,NA,NA,NA,NA,NA,NA,NA,NA,NA,NA,NA,NA,NA,NA,NA,NA,1.05029230039587,309
"4541","Upper Skeena-Coho","Coho",1969,5509,3509,NA,NA,NA,NA,NA,NA,NA,NA,NA,NA,NA,NA,NA,NA,NA,NA,NA,NA,NA,NA,NA,NA,NA,NA,NA,NA,NA,NA,NA,NA,NA,0.451052021889501,309
"4542","Upper Skeena-Coho","Coho",2000,11109,5049,NA,NA,NA,NA,NA,NA,NA,NA,NA,NA,NA,NA,NA,NA,NA,NA,NA,NA,NA,NA,NA,NA,NA,NA,NA,NA,NA,NA,NA,NA,NA,0.788565386722807,309
"4543","Upper Skeena-Coho","Coho",2001,15821,7401,NA,NA,NA,NA,NA,NA,NA,NA,NA,NA,NA,NA,NA,NA,NA,NA,NA,NA,NA,NA,NA,NA,NA,NA,NA,NA,NA,NA,NA,NA,NA,0.759723045251598,309
"4544","Upper Skeena-Coho","Coho",2002,17339,7208,NA,NA,NA,NA,NA,NA,NA,NA,NA,NA,NA,NA,NA,NA,NA,NA,NA,NA,NA,NA,NA,NA,NA,NA,NA,NA,NA,NA,NA,NA,NA,0.877766779256499,309
"4545","Upper Skeena-Coho","Coho",2003,11029,7498,NA,NA,NA,NA,NA,NA,NA,NA,NA,NA,NA,NA,NA,NA,NA,NA,NA,NA,NA,NA,NA,NA,NA,NA,NA,NA,NA,NA,NA,NA,NA,0.38589184901029,309
"4546","Upper Skeena-Coho","Coho",2004,12259,7446,NA,NA,NA,NA,NA,NA,NA,NA,NA,NA,NA,NA,NA,NA,NA,NA,NA,NA,NA,NA,NA,NA,NA,NA,NA,NA,NA,NA,NA,NA,NA,0.498583385662332,309
"4547","Upper Skeena-Coho","Coho",2005,21394,15595,NA,NA,NA,NA,NA,NA,NA,NA,NA,NA,NA,NA,NA,NA,NA,NA,NA,NA,NA,NA,NA,NA,NA,NA,NA,NA,NA,NA,NA,NA,NA,0.316160158824173,309
"4548","Upper Skeena-Coho","Coho",2006,30229,8326,NA,NA,NA,NA,NA,NA,NA,NA,NA,NA,NA,NA,NA,NA,NA,NA,NA,NA,NA,NA,NA,NA,NA,NA,NA,NA,NA,NA,NA,NA,NA,1.28941857974931,309
"4549","Upper Skeena-Coho","Coho",2007,23174,6556,NA,NA,NA,NA,NA,NA,NA,NA,NA,NA,NA,NA,NA,NA,NA,NA,NA,NA,NA,NA,NA,NA,NA,NA,NA,NA,NA,NA,NA,NA,NA,1.26265029969329,309
"4550","Upper Skeena-Coho","Coho",2008,21213,8830,NA,NA,NA,NA,NA,NA,NA,NA,NA,NA,NA,NA,NA,NA,NA,NA,NA,NA,NA,NA,NA,NA,NA,NA,NA,NA,NA,NA,NA,NA,NA,0.876459186674345,309
"4551","Upper Skeena-Coho","Coho",2009,21721,21526,NA,NA,NA,NA,NA,NA,NA,NA,NA,NA,NA,NA,NA,NA,NA,NA,NA,NA,NA,NA,NA,NA,NA,NA,NA,NA,NA,NA,NA,NA,NA,0.00901802767945001,309
"4552","Upper Skeena-Coho","Coho",2010,28678,16483,NA,NA,NA,NA,NA,NA,NA,NA,NA,NA,NA,NA,NA,NA,NA,NA,NA,NA,NA,NA,NA,NA,NA,NA,NA,NA,NA,NA,NA,NA,NA,0.553800731543629,309
"4553","Upper Skeena-Coho","Coho",2011,30889,12800,NA,NA,NA,NA,NA,NA,NA,NA,NA,NA,NA,NA,NA,NA,NA,NA,NA,NA,NA,NA,NA,NA,NA,NA,NA,NA,NA,NA,NA,NA,NA,0.880954962544679,309
"4554","Upper Skeena-Coho","Coho",2012,22451,12638,NA,NA,NA,NA,NA,NA,NA,NA,NA,NA,NA,NA,NA,NA,NA,NA,NA,NA,NA,NA,NA,NA,NA,NA,NA,NA,NA,NA,NA,NA,NA,0.574627008274815,309
"4555","Upper Skeena-Coho","Coho",2013,15203,16235,NA,NA,NA,NA,NA,NA,NA,NA,NA,NA,NA,NA,NA,NA,NA,NA,NA,NA,NA,NA,NA,NA,NA,NA,NA,NA,NA,NA,NA,NA,NA,-0.0656766287561104,309
"4556","Lower Nass-Coho","Coho",1959,106595,34969,NA,NA,NA,NA,NA,NA,NA,NA,NA,NA,NA,NA,NA,NA,NA,NA,NA,NA,NA,NA,NA,NA,NA,NA,NA,NA,NA,NA,NA,NA,NA,1.11457465158947,310
"4557","Lower Nass-Coho","Coho",1961,142913,69939,NA,NA,NA,NA,NA,NA,NA,NA,NA,NA,NA,NA,NA,NA,NA,NA,NA,NA,NA,NA,NA,NA,NA,NA,NA,NA,NA,NA,NA,NA,NA,0.714612619942919,310
"4558","Lower Nass-Coho","Coho",1962,219018,39965,NA,NA,NA,NA,NA,NA,NA,NA,NA,NA,NA,NA,NA,NA,NA,NA,NA,NA,NA,NA,NA,NA,NA,NA,NA,NA,NA,NA,NA,NA,NA,1.70114984714178,310
"4559","Lower Nass-Coho","Coho",1963,139662,74935,NA,NA,NA,NA,NA,NA,NA,NA,NA,NA,NA,NA,NA,NA,NA,NA,NA,NA,NA,NA,NA,NA,NA,NA,NA,NA,NA,NA,NA,NA,NA,0.622604146711017,310
"4560","Lower Nass-Coho","Coho",1964,67445,32172,NA,NA,NA,NA,NA,NA,NA,NA,NA,NA,NA,NA,NA,NA,NA,NA,NA,NA,NA,NA,NA,NA,NA,NA,NA,NA,NA,NA,NA,NA,NA,0.74021594187982,310
"4561","Lower Nass-Coho","Coho",1965,59811,127305,NA,NA,NA,NA,NA,NA,NA,NA,NA,NA,NA,NA,NA,NA,NA,NA,NA,NA,NA,NA,NA,NA,NA,NA,NA,NA,NA,NA,NA,NA,NA,-0.75539619156095,310
"4562","Lower Nass-Coho","Coho",1966,47440,92824,NA,NA,NA,NA,NA,NA,NA,NA,NA,NA,NA,NA,NA,NA,NA,NA,NA,NA,NA,NA,NA,NA,NA,NA,NA,NA,NA,NA,NA,NA,NA,-0.671239472355774,310
"4563","Lower Nass-Coho","Coho",1967,114326,29141,NA,NA,NA,NA,NA,NA,NA,NA,NA,NA,NA,NA,NA,NA,NA,NA,NA,NA,NA,NA,NA,NA,NA,NA,NA,NA,NA,NA,NA,NA,NA,1.36690789923093,310
"4564","Lower Nass-Coho","Coho",1968,126734,40077,NA,NA,NA,NA,NA,NA,NA,NA,NA,NA,NA,NA,NA,NA,NA,NA,NA,NA,NA,NA,NA,NA,NA,NA,NA,NA,NA,NA,NA,NA,NA,1.15128779808587,310
"4565","Lower Nass-Coho","Coho",1969,69958,11190,NA,NA,NA,NA,NA,NA,NA,NA,NA,NA,NA,NA,NA,NA,NA,NA,NA,NA,NA,NA,NA,NA,NA,NA,NA,NA,NA,NA,NA,NA,NA,1.83287453965349,310
"4566","Lower Nass-Coho","Coho",1970,48966,38661,NA,NA,NA,NA,NA,NA,NA,NA,NA,NA,NA,NA,NA,NA,NA,NA,NA,NA,NA,NA,NA,NA,NA,NA,NA,NA,NA,NA,NA,NA,NA,0.236294839740797,310
"4567","Lower Nass-Coho","Coho",1971,63691,74032,NA,NA,NA,NA,NA,NA,NA,NA,NA,NA,NA,NA,NA,NA,NA,NA,NA,NA,NA,NA,NA,NA,NA,NA,NA,NA,NA,NA,NA,NA,NA,-0.150454166852659,310
"4568","Lower Nass-Coho","Coho",1972,82458,33272,NA,NA,NA,NA,NA,NA,NA,NA,NA,NA,NA,NA,NA,NA,NA,NA,NA,NA,NA,NA,NA,NA,NA,NA,NA,NA,NA,NA,NA,NA,NA,0.907572870360159,310
"4569","Lower Nass-Coho","Coho",1973,70748,25500,NA,NA,NA,NA,NA,NA,NA,NA,NA,NA,NA,NA,NA,NA,NA,NA,NA,NA,NA,NA,NA,NA,NA,NA,NA,NA,NA,NA,NA,NA,NA,1.02044581540817,310
"4570","Lower Nass-Coho","Coho",1974,101699,23675,NA,NA,NA,NA,NA,NA,NA,NA,NA,NA,NA,NA,NA,NA,NA,NA,NA,NA,NA,NA,NA,NA,NA,NA,NA,NA,NA,NA,NA,NA,NA,1.45759783109234,310
"4571","Lower Nass-Coho","Coho",1975,146311,47350,NA,NA,NA,NA,NA,NA,NA,NA,NA,NA,NA,NA,NA,NA,NA,NA,NA,NA,NA,NA,NA,NA,NA,NA,NA,NA,NA,NA,NA,NA,NA,1.12816767353744,310
"4572","Lower Nass-Coho","Coho",1976,121285,47098,NA,NA,NA,NA,NA,NA,NA,NA,NA,NA,NA,NA,NA,NA,NA,NA,NA,NA,NA,NA,NA,NA,NA,NA,NA,NA,NA,NA,NA,NA,NA,0.945912610681395,310
"4573","Lower Nass-Coho","Coho",1977,121712,24692,NA,NA,NA,NA,NA,NA,NA,NA,NA,NA,NA,NA,NA,NA,NA,NA,NA,NA,NA,NA,NA,NA,NA,NA,NA,NA,NA,NA,NA,NA,NA,1.5951782937233,310
"4574","Lower Nass-Coho","Coho",1978,101612,58986,NA,NA,NA,NA,NA,NA,NA,NA,NA,NA,NA,NA,NA,NA,NA,NA,NA,NA,NA,NA,NA,NA,NA,NA,NA,NA,NA,NA,NA,NA,NA,0.543861510793295,310
"4575","Lower Nass-Coho","Coho",1979,135336,41519,NA,NA,NA,NA,NA,NA,NA,NA,NA,NA,NA,NA,NA,NA,NA,NA,NA,NA,NA,NA,NA,NA,NA,NA,NA,NA,NA,NA,NA,NA,NA,1.18160942138382,310
"4576","Lower Nass-Coho","Coho",1980,172287,37495,NA,NA,NA,NA,NA,NA,NA,NA,NA,NA,NA,NA,NA,NA,NA,NA,NA,NA,NA,NA,NA,NA,NA,NA,NA,NA,NA,NA,NA,NA,NA,1.52495410013719,310
"4577","Lower Nass-Coho","Coho",1981,163586,46823,NA,NA,NA,NA,NA,NA,NA,NA,NA,NA,NA,NA,NA,NA,NA,NA,NA,NA,NA,NA,NA,NA,NA,NA,NA,NA,NA,NA,NA,NA,NA,1.25096431074322,310
"4578","Lower Nass-Coho","Coho",1982,225673,32557,NA,NA,NA,NA,NA,NA,NA,NA,NA,NA,NA,NA,NA,NA,NA,NA,NA,NA,NA,NA,NA,NA,NA,NA,NA,NA,NA,NA,NA,NA,NA,1.93609464954569,310
"4579","Lower Nass-Coho","Coho",1983,156967,54871,NA,NA,NA,NA,NA,NA,NA,NA,NA,NA,NA,NA,NA,NA,NA,NA,NA,NA,NA,NA,NA,NA,NA,NA,NA,NA,NA,NA,NA,NA,NA,1.05105061637224,310
"4580","Lower Nass-Coho","Coho",1984,67918,34752,NA,NA,NA,NA,NA,NA,NA,NA,NA,NA,NA,NA,NA,NA,NA,NA,NA,NA,NA,NA,NA,NA,NA,NA,NA,NA,NA,NA,NA,NA,NA,0.670063970850529,310
"4581","Lower Nass-Coho","Coho",1985,52073,73162,NA,NA,NA,NA,NA,NA,NA,NA,NA,NA,NA,NA,NA,NA,NA,NA,NA,NA,NA,NA,NA,NA,NA,NA,NA,NA,NA,NA,NA,NA,NA,-0.340029580227299,310
"4582","Lower Nass-Coho","Coho",1986,84613,46870,NA,NA,NA,NA,NA,NA,NA,NA,NA,NA,NA,NA,NA,NA,NA,NA,NA,NA,NA,NA,NA,NA,NA,NA,NA,NA,NA,NA,NA,NA,NA,0.590710107175014,310
"4583","Lower Nass-Coho","Coho",1987,86317,37757,NA,NA,NA,NA,NA,NA,NA,NA,NA,NA,NA,NA,NA,NA,NA,NA,NA,NA,NA,NA,NA,NA,NA,NA,NA,NA,NA,NA,NA,NA,NA,0.8268556769752,310
"4584","Lower Nass-Coho","Coho",1988,110375,14087,NA,NA,NA,NA,NA,NA,NA,NA,NA,NA,NA,NA,NA,NA,NA,NA,NA,NA,NA,NA,NA,NA,NA,NA,NA,NA,NA,NA,NA,NA,NA,2.05863127264595,310
"4585","Lower Nass-Coho","Coho",1989,149734,32549,NA,NA,NA,NA,NA,NA,NA,NA,NA,NA,NA,NA,NA,NA,NA,NA,NA,NA,NA,NA,NA,NA,NA,NA,NA,NA,NA,NA,NA,NA,NA,1.52611374032957,310
"4586","Lower Nass-Coho","Coho",1990,356846,33851,NA,NA,NA,NA,NA,NA,NA,NA,NA,NA,NA,NA,NA,NA,NA,NA,NA,NA,NA,NA,NA,NA,NA,NA,NA,NA,NA,NA,NA,NA,NA,2.3553357751433,310
"4587","Lower Nass-Coho","Coho",1991,477487,24737,NA,NA,NA,NA,NA,NA,NA,NA,NA,NA,NA,NA,NA,NA,NA,NA,NA,NA,NA,NA,NA,NA,NA,NA,NA,NA,NA,NA,NA,NA,NA,2.96023683592327,310
"4588","Lower Nass-Coho","Coho",1992,221107,57572,NA,NA,NA,NA,NA,NA,NA,NA,NA,NA,NA,NA,NA,NA,NA,NA,NA,NA,NA,NA,NA,NA,NA,NA,NA,NA,NA,NA,NA,NA,NA,1.34561040884422,310
"4589","Lower Nass-Coho","Coho",1993,148673,47861,NA,NA,NA,NA,NA,NA,NA,NA,NA,NA,NA,NA,NA,NA,NA,NA,NA,NA,NA,NA,NA,NA,NA,NA,NA,NA,NA,NA,NA,NA,NA,1.13344828680451,310
"4590","Lower Nass-Coho","Coho",1994,102485,179820,NA,NA,NA,NA,NA,NA,NA,NA,NA,NA,NA,NA,NA,NA,NA,NA,NA,NA,NA,NA,NA,NA,NA,NA,NA,NA,NA,NA,NA,NA,NA,-0.562239904150535,310
"4591","Lower Nass-Coho","Coho",1995,166027,73757,NA,NA,NA,NA,NA,NA,NA,NA,NA,NA,NA,NA,NA,NA,NA,NA,NA,NA,NA,NA,NA,NA,NA,NA,NA,NA,NA,NA,NA,NA,NA,0.811374519762779,310
"4592","Lower Nass-Coho","Coho",1996,156913,77445,NA,NA,NA,NA,NA,NA,NA,NA,NA,NA,NA,NA,NA,NA,NA,NA,NA,NA,NA,NA,NA,NA,NA,NA,NA,NA,NA,NA,NA,NA,NA,0.706123504628813,310
"4593","Lower Nass-Coho","Coho",1997,158230,34666,NA,NA,NA,NA,NA,NA,NA,NA,NA,NA,NA,NA,NA,NA,NA,NA,NA,NA,NA,NA,NA,NA,NA,NA,NA,NA,NA,NA,NA,NA,NA,1.51829029121177,310
"4594","Lower Nass-Coho","Coho",1998,243224,71323,NA,NA,NA,NA,NA,NA,NA,NA,NA,NA,NA,NA,NA,NA,NA,NA,NA,NA,NA,NA,NA,NA,NA,NA,NA,NA,NA,NA,NA,NA,NA,1.22676397338611,310
"4595","Lower Nass-Coho","Coho",1999,240663,102744,NA,NA,NA,NA,NA,NA,NA,NA,NA,NA,NA,NA,NA,NA,NA,NA,NA,NA,NA,NA,NA,NA,NA,NA,NA,NA,NA,NA,NA,NA,NA,0.851157157140837,310
"4596","Lower Nass-Coho","Coho",2000,193294,42397,NA,NA,NA,NA,NA,NA,NA,NA,NA,NA,NA,NA,NA,NA,NA,NA,NA,NA,NA,NA,NA,NA,NA,NA,NA,NA,NA,NA,NA,NA,NA,1.51713474088039,310
"4597","Lower Nass-Coho","Coho",2001,164135,115595,NA,NA,NA,NA,NA,NA,NA,NA,NA,NA,NA,NA,NA,NA,NA,NA,NA,NA,NA,NA,NA,NA,NA,NA,NA,NA,NA,NA,NA,NA,NA,0.350596557228993,310
"4598","Lower Nass-Coho","Coho",2002,158533,183014,NA,NA,NA,NA,NA,NA,NA,NA,NA,NA,NA,NA,NA,NA,NA,NA,NA,NA,NA,NA,NA,NA,NA,NA,NA,NA,NA,NA,NA,NA,NA,-0.143599879108403,310
"4599","Lower Nass-Coho","Coho",2003,128349,134105,NA,NA,NA,NA,NA,NA,NA,NA,NA,NA,NA,NA,NA,NA,NA,NA,NA,NA,NA,NA,NA,NA,NA,NA,NA,NA,NA,NA,NA,NA,NA,-0.0438699591094479,310
"4600","Lower Nass-Coho","Coho",2004,151172,53518,NA,NA,NA,NA,NA,NA,NA,NA,NA,NA,NA,NA,NA,NA,NA,NA,NA,NA,NA,NA,NA,NA,NA,NA,NA,NA,NA,NA,NA,NA,NA,1.0384002154974,310
"4601","Lower Nass-Coho","Coho",2005,185019,95659,NA,NA,NA,NA,NA,NA,NA,NA,NA,NA,NA,NA,NA,NA,NA,NA,NA,NA,NA,NA,NA,NA,NA,NA,NA,NA,NA,NA,NA,NA,NA,0.659668738000108,310
"4602","Lower Nass-Coho","Coho",2006,247044,37111,NA,NA,NA,NA,NA,NA,NA,NA,NA,NA,NA,NA,NA,NA,NA,NA,NA,NA,NA,NA,NA,NA,NA,NA,NA,NA,NA,NA,NA,NA,NA,1.89565303679115,310
"4603","Lower Nass-Coho","Coho",2007,89370,103706,NA,NA,NA,NA,NA,NA,NA,NA,NA,NA,NA,NA,NA,NA,NA,NA,NA,NA,NA,NA,NA,NA,NA,NA,NA,NA,NA,NA,NA,NA,NA,-0.148774917377659,310
"4604","Lower Nass-Coho","Coho",2008,75781,45815,NA,NA,NA,NA,NA,NA,NA,NA,NA,NA,NA,NA,NA,NA,NA,NA,NA,NA,NA,NA,NA,NA,NA,NA,NA,NA,NA,NA,NA,NA,NA,0.503236053180167,310
"4605","Lower Nass-Coho","Coho",2009,477485,215095,NA,NA,NA,NA,NA,NA,NA,NA,NA,NA,NA,NA,NA,NA,NA,NA,NA,NA,NA,NA,NA,NA,NA,NA,NA,NA,NA,NA,NA,NA,NA,0.797452954813611,310
"4606","Lower Nass-Coho","Coho",2010,680074,73674,NA,NA,NA,NA,NA,NA,NA,NA,NA,NA,NA,NA,NA,NA,NA,NA,NA,NA,NA,NA,NA,NA,NA,NA,NA,NA,NA,NA,NA,NA,NA,2.22255166037228,310
"4607","Lower Nass-Coho","Coho",2011,215976,12232,NA,NA,NA,NA,NA,NA,NA,NA,NA,NA,NA,NA,NA,NA,NA,NA,NA,NA,NA,NA,NA,NA,NA,NA,NA,NA,NA,NA,NA,NA,NA,2.871111821773,310
"4608","Lower Nass-Coho","Coho",2012,138312,61647,NA,NA,NA,NA,NA,NA,NA,NA,NA,NA,NA,NA,NA,NA,NA,NA,NA,NA,NA,NA,NA,NA,NA,NA,NA,NA,NA,NA,NA,NA,NA,0.808087436176632,310
"4609","Lower Nass-Coho","Coho",2013,303448,319446,NA,NA,NA,NA,NA,NA,NA,NA,NA,NA,NA,NA,NA,NA,NA,NA,NA,NA,NA,NA,NA,NA,NA,NA,NA,NA,NA,NA,NA,NA,NA,-0.051377984060091,310
"4610","Upper Nass-Coho","Coho",1970,11073,12403,NA,NA,NA,NA,NA,NA,NA,NA,NA,NA,NA,NA,NA,NA,NA,NA,NA,NA,NA,NA,NA,NA,NA,NA,NA,NA,NA,NA,NA,NA,NA,-0.113428666117221,311
"4611","Upper Nass-Coho","Coho",1971,7978,12403,NA,NA,NA,NA,NA,NA,NA,NA,NA,NA,NA,NA,NA,NA,NA,NA,NA,NA,NA,NA,NA,NA,NA,NA,NA,NA,NA,NA,NA,NA,NA,-0.441250625349978,311
"4612","Upper Nass-Coho","Coho",1973,15936,7088,NA,NA,NA,NA,NA,NA,NA,NA,NA,NA,NA,NA,NA,NA,NA,NA,NA,NA,NA,NA,NA,NA,NA,NA,NA,NA,NA,NA,NA,NA,NA,0.810177487539463,311
"4613","Upper Nass-Coho","Coho",1974,22200,2835,NA,NA,NA,NA,NA,NA,NA,NA,NA,NA,NA,NA,NA,NA,NA,NA,NA,NA,NA,NA,NA,NA,NA,NA,NA,NA,NA,NA,NA,NA,NA,2.05805035169852,311
"4614","Upper Nass-Coho","Coho",1975,18611,7088,NA,NA,NA,NA,NA,NA,NA,NA,NA,NA,NA,NA,NA,NA,NA,NA,NA,NA,NA,NA,NA,NA,NA,NA,NA,NA,NA,NA,NA,NA,NA,0.965349590459047,311
"4615","Upper Nass-Coho","Coho",1976,20830,7088,NA,NA,NA,NA,NA,NA,NA,NA,NA,NA,NA,NA,NA,NA,NA,NA,NA,NA,NA,NA,NA,NA,NA,NA,NA,NA,NA,NA,NA,NA,NA,1.0779910419701,311
"4616","Upper Nass-Coho","Coho",1977,26773,10632,NA,NA,NA,NA,NA,NA,NA,NA,NA,NA,NA,NA,NA,NA,NA,NA,NA,NA,NA,NA,NA,NA,NA,NA,NA,NA,NA,NA,NA,NA,NA,0.923525595587658,311
"4617","Upper Nass-Coho","Coho",1978,20875,6928,NA,NA,NA,NA,NA,NA,NA,NA,NA,NA,NA,NA,NA,NA,NA,NA,NA,NA,NA,NA,NA,NA,NA,NA,NA,NA,NA,NA,NA,NA,NA,1.10298109947679,311
"4618","Upper Nass-Coho","Coho",1979,18927,5800,NA,NA,NA,NA,NA,NA,NA,NA,NA,NA,NA,NA,NA,NA,NA,NA,NA,NA,NA,NA,NA,NA,NA,NA,NA,NA,NA,NA,NA,NA,NA,1.18273155650441,311
"4619","Upper Nass-Coho","Coho",1980,20700,9023,NA,NA,NA,NA,NA,NA,NA,NA,NA,NA,NA,NA,NA,NA,NA,NA,NA,NA,NA,NA,NA,NA,NA,NA,NA,NA,NA,NA,NA,NA,NA,0.83035682725896,311
"4620","Upper Nass-Coho","Coho",1981,29963,8378,NA,NA,NA,NA,NA,NA,NA,NA,NA,NA,NA,NA,NA,NA,NA,NA,NA,NA,NA,NA,NA,NA,NA,NA,NA,NA,NA,NA,NA,NA,NA,1.2743540646225,311
"4621","Upper Nass-Coho","Coho",1982,58244,8298,NA,NA,NA,NA,NA,NA,NA,NA,NA,NA,NA,NA,NA,NA,NA,NA,NA,NA,NA,NA,NA,NA,NA,NA,NA,NA,NA,NA,NA,NA,NA,1.94862656093798,311
"4622","Upper Nass-Coho","Coho",1983,58711,5156,NA,NA,NA,NA,NA,NA,NA,NA,NA,NA,NA,NA,NA,NA,NA,NA,NA,NA,NA,NA,NA,NA,NA,NA,NA,NA,NA,NA,NA,NA,NA,2.43246601772754,311
"4623","Upper Nass-Coho","Coho",1984,19090,6686,NA,NA,NA,NA,NA,NA,NA,NA,NA,NA,NA,NA,NA,NA,NA,NA,NA,NA,NA,NA,NA,NA,NA,NA,NA,NA,NA,NA,NA,NA,NA,1.04914884973975,311
"4624","Upper Nass-Coho","Coho",1985,11687,15368,NA,NA,NA,NA,NA,NA,NA,NA,NA,NA,NA,NA,NA,NA,NA,NA,NA,NA,NA,NA,NA,NA,NA,NA,NA,NA,NA,NA,NA,NA,NA,-0.273810312515236,311
"4625","Upper Nass-Coho","Coho",1986,31589,16999,NA,NA,NA,NA,NA,NA,NA,NA,NA,NA,NA,NA,NA,NA,NA,NA,NA,NA,NA,NA,NA,NA,NA,NA,NA,NA,NA,NA,NA,NA,NA,0.619654439929101,311
"4626","Upper Nass-Coho","Coho",1987,33376,10199,NA,NA,NA,NA,NA,NA,NA,NA,NA,NA,NA,NA,NA,NA,NA,NA,NA,NA,NA,NA,NA,NA,NA,NA,NA,NA,NA,NA,NA,NA,NA,1.18554740254998,311
"4627","Upper Nass-Coho","Coho",1988,12711,2485,NA,NA,NA,NA,NA,NA,NA,NA,NA,NA,NA,NA,NA,NA,NA,NA,NA,NA,NA,NA,NA,NA,NA,NA,NA,NA,NA,NA,NA,NA,NA,1.63219510076394,311
"4628","Upper Nass-Coho","Coho",1989,28562,10199,NA,NA,NA,NA,NA,NA,NA,NA,NA,NA,NA,NA,NA,NA,NA,NA,NA,NA,NA,NA,NA,NA,NA,NA,NA,NA,NA,NA,NA,NA,NA,1.02978748676236,311
"4629","Upper Nass-Coho","Coho",1990,21110,16999,NA,NA,NA,NA,NA,NA,NA,NA,NA,NA,NA,NA,NA,NA,NA,NA,NA,NA,NA,NA,NA,NA,NA,NA,NA,NA,NA,NA,NA,NA,NA,0.216592343063597,311
"4630","Upper Nass-Coho","Coho",1991,36558,449,NA,NA,NA,NA,NA,NA,NA,NA,NA,NA,NA,NA,NA,NA,NA,NA,NA,NA,NA,NA,NA,NA,NA,NA,NA,NA,NA,NA,NA,NA,NA,4.39963243173429,311
"4631","Upper Nass-Coho","Coho",1992,18799,13283,NA,NA,NA,NA,NA,NA,NA,NA,NA,NA,NA,NA,NA,NA,NA,NA,NA,NA,NA,NA,NA,NA,NA,NA,NA,NA,NA,NA,NA,NA,NA,0.347318654781458,311
"4632","Upper Nass-Coho","Coho",1993,13446,3706,NA,NA,NA,NA,NA,NA,NA,NA,NA,NA,NA,NA,NA,NA,NA,NA,NA,NA,NA,NA,NA,NA,NA,NA,NA,NA,NA,NA,NA,NA,NA,1.28872853618368,311
"4633","Upper Nass-Coho","Coho",1994,7513,12151,NA,NA,NA,NA,NA,NA,NA,NA,NA,NA,NA,NA,NA,NA,NA,NA,NA,NA,NA,NA,NA,NA,NA,NA,NA,NA,NA,NA,NA,NA,NA,-0.480776617539451,311
"4634","Upper Nass-Coho","Coho",1995,15279,6092,NA,NA,NA,NA,NA,NA,NA,NA,NA,NA,NA,NA,NA,NA,NA,NA,NA,NA,NA,NA,NA,NA,NA,NA,NA,NA,NA,NA,NA,NA,NA,0.919502901537662,311
"4635","Upper Nass-Coho","Coho",1996,17031,6653,NA,NA,NA,NA,NA,NA,NA,NA,NA,NA,NA,NA,NA,NA,NA,NA,NA,NA,NA,NA,NA,NA,NA,NA,NA,NA,NA,NA,NA,NA,NA,0.939967332096948,311
"4636","Upper Nass-Coho","Coho",1997,20084,2247,NA,NA,NA,NA,NA,NA,NA,NA,NA,NA,NA,NA,NA,NA,NA,NA,NA,NA,NA,NA,NA,NA,NA,NA,NA,NA,NA,NA,NA,NA,NA,2.19032748496927,311
"4637","Upper Nass-Coho","Coho",1998,35271,6766,NA,NA,NA,NA,NA,NA,NA,NA,NA,NA,NA,NA,NA,NA,NA,NA,NA,NA,NA,NA,NA,NA,NA,NA,NA,NA,NA,NA,NA,NA,NA,1.6511510261952,311
"4638","Upper Nass-Coho","Coho",1999,22105,10111,NA,NA,NA,NA,NA,NA,NA,NA,NA,NA,NA,NA,NA,NA,NA,NA,NA,NA,NA,NA,NA,NA,NA,NA,NA,NA,NA,NA,NA,NA,NA,0.782179887168944,311
"4639","Upper Nass-Coho","Coho",2000,25827,4684,NA,NA,NA,NA,NA,NA,NA,NA,NA,NA,NA,NA,NA,NA,NA,NA,NA,NA,NA,NA,NA,NA,NA,NA,NA,NA,NA,NA,NA,NA,NA,1.70726801060846,311
"4640","Upper Nass-Coho","Coho",2001,38376,19408,NA,NA,NA,NA,NA,NA,NA,NA,NA,NA,NA,NA,NA,NA,NA,NA,NA,NA,NA,NA,NA,NA,NA,NA,NA,NA,NA,NA,NA,NA,NA,0.681746911998068,311
"4641","Upper Nass-Coho","Coho",2002,48392,16599,NA,NA,NA,NA,NA,NA,NA,NA,NA,NA,NA,NA,NA,NA,NA,NA,NA,NA,NA,NA,NA,NA,NA,NA,NA,NA,NA,NA,NA,NA,NA,1.06999205822053,311
"4642","Upper Nass-Coho","Coho",2003,28240,12761,NA,NA,NA,NA,NA,NA,NA,NA,NA,NA,NA,NA,NA,NA,NA,NA,NA,NA,NA,NA,NA,NA,NA,NA,NA,NA,NA,NA,NA,NA,NA,0.794345767873202,311
"4643","Upper Nass-Coho","Coho",2004,17699,13627,NA,NA,NA,NA,NA,NA,NA,NA,NA,NA,NA,NA,NA,NA,NA,NA,NA,NA,NA,NA,NA,NA,NA,NA,NA,NA,NA,NA,NA,NA,NA,0.261455022040933,311
"4644","Upper Nass-Coho","Coho",2005,23032,23582,NA,NA,NA,NA,NA,NA,NA,NA,NA,NA,NA,NA,NA,NA,NA,NA,NA,NA,NA,NA,NA,NA,NA,NA,NA,NA,NA,NA,NA,NA,NA,-0.0235991558446069,311
"4645","Upper Nass-Coho","Coho",2006,26535,17791,NA,NA,NA,NA,NA,NA,NA,NA,NA,NA,NA,NA,NA,NA,NA,NA,NA,NA,NA,NA,NA,NA,NA,NA,NA,NA,NA,NA,NA,NA,NA,0.39977190482722,311
"4646","Upper Nass-Coho","Coho",2007,22097,8117,NA,NA,NA,NA,NA,NA,NA,NA,NA,NA,NA,NA,NA,NA,NA,NA,NA,NA,NA,NA,NA,NA,NA,NA,NA,NA,NA,NA,NA,NA,NA,1.00148122492393,311
"4647","Upper Nass-Coho","Coho",2008,22255,12571,NA,NA,NA,NA,NA,NA,NA,NA,NA,NA,NA,NA,NA,NA,NA,NA,NA,NA,NA,NA,NA,NA,NA,NA,NA,NA,NA,NA,NA,NA,NA,0.571174128535124,311
"4648","Upper Nass-Coho","Coho",2009,42672,17736,NA,NA,NA,NA,NA,NA,NA,NA,NA,NA,NA,NA,NA,NA,NA,NA,NA,NA,NA,NA,NA,NA,NA,NA,NA,NA,NA,NA,NA,NA,NA,0.877946495125648,311
"4649","Upper Nass-Coho","Coho",2010,51612,13463,NA,NA,NA,NA,NA,NA,NA,NA,NA,NA,NA,NA,NA,NA,NA,NA,NA,NA,NA,NA,NA,NA,NA,NA,NA,NA,NA,NA,NA,NA,NA,1.3438090215925,311
"4650","Upper Nass-Coho","Coho",2011,35002,7653,NA,NA,NA,NA,NA,NA,NA,NA,NA,NA,NA,NA,NA,NA,NA,NA,NA,NA,NA,NA,NA,NA,NA,NA,NA,NA,NA,NA,NA,NA,NA,1.52030747488618,311
"4651","Upper Nass-Coho","Coho",2012,31869,16203,NA,NA,NA,NA,NA,NA,NA,NA,NA,NA,NA,NA,NA,NA,NA,NA,NA,NA,NA,NA,NA,NA,NA,NA,NA,NA,NA,NA,NA,NA,NA,0.676437340187122,311
"4652","Upper Nass-Coho","Coho",2013,56273,19307,NA,NA,NA,NA,NA,NA,NA,NA,NA,NA,NA,NA,NA,NA,NA,NA,NA,NA,NA,NA,NA,NA,NA,NA,NA,NA,NA,NA,NA,NA,NA,1.06974712194746,311
"4653","Portland Sound-Observatory Inlet-Portland Canal-Coho","Coho",1954,48540,10039,NA,NA,NA,NA,NA,NA,NA,NA,NA,NA,NA,NA,NA,NA,NA,NA,NA,NA,NA,NA,NA,NA,NA,NA,NA,NA,NA,NA,NA,NA,NA,1.57591069258907,312
"4654","Portland Sound-Observatory Inlet-Portland Canal-Coho","Coho",1955,29957,41215,NA,NA,NA,NA,NA,NA,NA,NA,NA,NA,NA,NA,NA,NA,NA,NA,NA,NA,NA,NA,NA,NA,NA,NA,NA,NA,NA,NA,NA,NA,NA,-0.319039247641215,312
"4655","Portland Sound-Observatory Inlet-Portland Canal-Coho","Coho",1965,44452,21617,NA,NA,NA,NA,NA,NA,NA,NA,NA,NA,NA,NA,NA,NA,NA,NA,NA,NA,NA,NA,NA,NA,NA,NA,NA,NA,NA,NA,NA,NA,NA,0.720929913147484,312
"4656","Portland Sound-Observatory Inlet-Portland Canal-Coho","Coho",1966,34497,5764,NA,NA,NA,NA,NA,NA,NA,NA,NA,NA,NA,NA,NA,NA,NA,NA,NA,NA,NA,NA,NA,NA,NA,NA,NA,NA,NA,NA,NA,NA,NA,1.78924068559736,312
"4657","Portland Sound-Observatory Inlet-Portland Canal-Coho","Coho",1968,38144,21617,NA,NA,NA,NA,NA,NA,NA,NA,NA,NA,NA,NA,NA,NA,NA,NA,NA,NA,NA,NA,NA,NA,NA,NA,NA,NA,NA,NA,NA,NA,NA,0.567888429266969,312
"4658","Portland Sound-Observatory Inlet-Portland Canal-Coho","Coho",1971,63896,21136,NA,NA,NA,NA,NA,NA,NA,NA,NA,NA,NA,NA,NA,NA,NA,NA,NA,NA,NA,NA,NA,NA,NA,NA,NA,NA,NA,NA,NA,NA,NA,1.10627901383512,312
"4659","Portland Sound-Observatory Inlet-Portland Canal-Coho","Coho",1972,36594,11625,NA,NA,NA,NA,NA,NA,NA,NA,NA,NA,NA,NA,NA,NA,NA,NA,NA,NA,NA,NA,NA,NA,NA,NA,NA,NA,NA,NA,NA,NA,NA,1.14672634106895,312
"4660","Portland Sound-Observatory Inlet-Portland Canal-Coho","Coho",1974,41786,41560,NA,NA,NA,NA,NA,NA,NA,NA,NA,NA,NA,NA,NA,NA,NA,NA,NA,NA,NA,NA,NA,NA,NA,NA,NA,NA,NA,NA,NA,NA,NA,0.00542318896903253,312
"4661","Portland Sound-Observatory Inlet-Portland Canal-Coho","Coho",1975,43879,20780,NA,NA,NA,NA,NA,NA,NA,NA,NA,NA,NA,NA,NA,NA,NA,NA,NA,NA,NA,NA,NA,NA,NA,NA,NA,NA,NA,NA,NA,NA,NA,0.747444860050559,312
"4662","Portland Sound-Observatory Inlet-Portland Canal-Coho","Coho",1976,40772,21136,NA,NA,NA,NA,NA,NA,NA,NA,NA,NA,NA,NA,NA,NA,NA,NA,NA,NA,NA,NA,NA,NA,NA,NA,NA,NA,NA,NA,NA,NA,NA,0.657017823526197,312
"4663","Portland Sound-Observatory Inlet-Portland Canal-Coho","Coho",1977,52223,17965,NA,NA,NA,NA,NA,NA,NA,NA,NA,NA,NA,NA,NA,NA,NA,NA,NA,NA,NA,NA,NA,NA,NA,NA,NA,NA,NA,NA,NA,NA,NA,1.06709759030852,312
"4664","Portland Sound-Observatory Inlet-Portland Canal-Coho","Coho",1978,92569,15852,NA,NA,NA,NA,NA,NA,NA,NA,NA,NA,NA,NA,NA,NA,NA,NA,NA,NA,NA,NA,NA,NA,NA,NA,NA,NA,NA,NA,NA,NA,NA,1.76465863705674,312
"4665","Portland Sound-Observatory Inlet-Portland Canal-Coho","Coho",1979,162588,14795,NA,NA,NA,NA,NA,NA,NA,NA,NA,NA,NA,NA,NA,NA,NA,NA,NA,NA,NA,NA,NA,NA,NA,NA,NA,NA,NA,NA,NA,NA,NA,2.39693010780012,312
"4666","Portland Sound-Observatory Inlet-Portland Canal-Coho","Coho",1980,297388,11625,NA,NA,NA,NA,NA,NA,NA,NA,NA,NA,NA,NA,NA,NA,NA,NA,NA,NA,NA,NA,NA,NA,NA,NA,NA,NA,NA,NA,NA,NA,NA,3.24187973204119,312
"4667","Portland Sound-Observatory Inlet-Portland Canal-Coho","Coho",1981,321522,26420,NA,NA,NA,NA,NA,NA,NA,NA,NA,NA,NA,NA,NA,NA,NA,NA,NA,NA,NA,NA,NA,NA,NA,NA,NA,NA,NA,NA,NA,NA,NA,2.49894467148027,312
"4668","Portland Sound-Observatory Inlet-Portland Canal-Coho","Coho",1982,249433,54953,NA,NA,NA,NA,NA,NA,NA,NA,NA,NA,NA,NA,NA,NA,NA,NA,NA,NA,NA,NA,NA,NA,NA,NA,NA,NA,NA,NA,NA,NA,NA,1.51271206760907,312
"4669","Portland Sound-Observatory Inlet-Portland Canal-Coho","Coho",1983,215544,52839,NA,NA,NA,NA,NA,NA,NA,NA,NA,NA,NA,NA,NA,NA,NA,NA,NA,NA,NA,NA,NA,NA,NA,NA,NA,NA,NA,NA,NA,NA,NA,1.40591551061849,312
"4670","Portland Sound-Observatory Inlet-Portland Canal-Coho","Coho",1984,108454,132099,NA,NA,NA,NA,NA,NA,NA,NA,NA,NA,NA,NA,NA,NA,NA,NA,NA,NA,NA,NA,NA,NA,NA,NA,NA,NA,NA,NA,NA,NA,NA,-0.197225521527822,312
"4671","Portland Sound-Observatory Inlet-Portland Canal-Coho","Coho",1985,94250,68691,NA,NA,NA,NA,NA,NA,NA,NA,NA,NA,NA,NA,NA,NA,NA,NA,NA,NA,NA,NA,NA,NA,NA,NA,NA,NA,NA,NA,NA,NA,NA,0.31633264004845,312
"4672","Portland Sound-Observatory Inlet-Portland Canal-Coho","Coho",1986,243830,63407,NA,NA,NA,NA,NA,NA,NA,NA,NA,NA,NA,NA,NA,NA,NA,NA,NA,NA,NA,NA,NA,NA,NA,NA,NA,NA,NA,NA,NA,NA,NA,1.34689699571557,312
"4673","Portland Sound-Observatory Inlet-Portland Canal-Coho","Coho",1987,318924,57067,NA,NA,NA,NA,NA,NA,NA,NA,NA,NA,NA,NA,NA,NA,NA,NA,NA,NA,NA,NA,NA,NA,NA,NA,NA,NA,NA,NA,NA,NA,NA,1.72072681374204,312
"4674","Portland Sound-Observatory Inlet-Portland Canal-Coho","Coho",1988,213777,28533,NA,NA,NA,NA,NA,NA,NA,NA,NA,NA,NA,NA,NA,NA,NA,NA,NA,NA,NA,NA,NA,NA,NA,NA,NA,NA,NA,NA,NA,NA,NA,2.01387210346082,312
"4675","Portland Sound-Observatory Inlet-Portland Canal-Coho","Coho",1989,138441,52839,NA,NA,NA,NA,NA,NA,NA,NA,NA,NA,NA,NA,NA,NA,NA,NA,NA,NA,NA,NA,NA,NA,NA,NA,NA,NA,NA,NA,NA,NA,NA,0.963194687668641,312
"4676","Portland Sound-Observatory Inlet-Portland Canal-Coho","Coho",1990,153555,137383,NA,NA,NA,NA,NA,NA,NA,NA,NA,NA,NA,NA,NA,NA,NA,NA,NA,NA,NA,NA,NA,NA,NA,NA,NA,NA,NA,NA,NA,NA,NA,0.111286163252764,312
"4677","Portland Sound-Observatory Inlet-Portland Canal-Coho","Coho",1991,229564,79259,NA,NA,NA,NA,NA,NA,NA,NA,NA,NA,NA,NA,NA,NA,NA,NA,NA,NA,NA,NA,NA,NA,NA,NA,NA,NA,NA,NA,NA,NA,NA,1.06346088674861,312
"4678","Portland Sound-Observatory Inlet-Portland Canal-Coho","Coho",1992,194340,68691,NA,NA,NA,NA,NA,NA,NA,NA,NA,NA,NA,NA,NA,NA,NA,NA,NA,NA,NA,NA,NA,NA,NA,NA,NA,NA,NA,NA,NA,NA,NA,1.03999101613162,312
"4679","Portland Sound-Observatory Inlet-Portland Canal-Coho","Coho",1993,122712,26420,NA,NA,NA,NA,NA,NA,NA,NA,NA,NA,NA,NA,NA,NA,NA,NA,NA,NA,NA,NA,NA,NA,NA,NA,NA,NA,NA,NA,NA,NA,NA,1.53571884735163,312
"4680","Portland Sound-Observatory Inlet-Portland Canal-Coho","Coho",1994,75904,68691,NA,NA,NA,NA,NA,NA,NA,NA,NA,NA,NA,NA,NA,NA,NA,NA,NA,NA,NA,NA,NA,NA,NA,NA,NA,NA,NA,NA,NA,NA,NA,0.0998511976555358,312
"4681","Portland Sound-Observatory Inlet-Portland Canal-Coho","Coho",1995,116516,63407,NA,NA,NA,NA,NA,NA,NA,NA,NA,NA,NA,NA,NA,NA,NA,NA,NA,NA,NA,NA,NA,NA,NA,NA,NA,NA,NA,NA,NA,NA,NA,0.608454337188333,312
"4682","Portland Sound-Observatory Inlet-Portland Canal-Coho","Coho",1996,123579,70805,NA,NA,NA,NA,NA,NA,NA,NA,NA,NA,NA,NA,NA,NA,NA,NA,NA,NA,NA,NA,NA,NA,NA,NA,NA,NA,NA,NA,NA,NA,NA,0.556951008000812,312
"4683","Portland Sound-Observatory Inlet-Portland Canal-Coho","Coho",1997,160151,21136,NA,NA,NA,NA,NA,NA,NA,NA,NA,NA,NA,NA,NA,NA,NA,NA,NA,NA,NA,NA,NA,NA,NA,NA,NA,NA,NA,NA,NA,NA,NA,2.02513937240182,312
"4684","Portland Sound-Observatory Inlet-Portland Canal-Coho","Coho",1998,173516,58123,NA,NA,NA,NA,NA,NA,NA,NA,NA,NA,NA,NA,NA,NA,NA,NA,NA,NA,NA,NA,NA,NA,NA,NA,NA,NA,NA,NA,NA,NA,NA,1.09370835944179,312
"4685","Portland Sound-Observatory Inlet-Portland Canal-Coho","Coho",1999,111079,61294,NA,NA,NA,NA,NA,NA,NA,NA,NA,NA,NA,NA,NA,NA,NA,NA,NA,NA,NA,NA,NA,NA,NA,NA,NA,NA,NA,NA,NA,NA,NA,0.594559701007912,312
"4686","Portland Sound-Observatory Inlet-Portland Canal-Coho","Coho",2000,124193,58123,NA,NA,NA,NA,NA,NA,NA,NA,NA,NA,NA,NA,NA,NA,NA,NA,NA,NA,NA,NA,NA,NA,NA,NA,NA,NA,NA,NA,NA,NA,NA,0.759275352489139,312
"4687","Portland Sound-Observatory Inlet-Portland Canal-Coho","Coho",2001,169939,95111,NA,NA,NA,NA,NA,NA,NA,NA,NA,NA,NA,NA,NA,NA,NA,NA,NA,NA,NA,NA,NA,NA,NA,NA,NA,NA,NA,NA,NA,NA,NA,0.580394918547742,312
"4688","Portland Sound-Observatory Inlet-Portland Canal-Coho","Coho",2002,146901,105679,NA,NA,NA,NA,NA,NA,NA,NA,NA,NA,NA,NA,NA,NA,NA,NA,NA,NA,NA,NA,NA,NA,NA,NA,NA,NA,NA,NA,NA,NA,NA,0.32935269286769,312
"4689","Portland Sound-Observatory Inlet-Portland Canal-Coho","Coho",2010,57846,56010,NA,NA,NA,NA,NA,NA,NA,NA,NA,NA,NA,NA,NA,NA,NA,NA,NA,NA,NA,NA,NA,NA,NA,NA,NA,NA,NA,NA,NA,NA,NA,0.0322540606885573,312
"4690","Mussel-Kynoch-Coho","Coho",1954,1111,6790,NA,NA,NA,NA,NA,NA,NA,NA,NA,NA,NA,NA,NA,NA,NA,NA,NA,NA,NA,NA,NA,NA,NA,NA,NA,NA,NA,NA,NA,NA,NA,-1.81019043091311,313
"4691","Mussel-Kynoch-Coho","Coho",1955,2492,5884,NA,NA,NA,NA,NA,NA,NA,NA,NA,NA,NA,NA,NA,NA,NA,NA,NA,NA,NA,NA,NA,NA,NA,NA,NA,NA,NA,NA,NA,NA,NA,-0.859151201813984,313
"4692","Mussel-Kynoch-Coho","Coho",1956,2164,10185,NA,NA,NA,NA,NA,NA,NA,NA,NA,NA,NA,NA,NA,NA,NA,NA,NA,NA,NA,NA,NA,NA,NA,NA,NA,NA,NA,NA,NA,NA,NA,-1.54895768869453,313
"4693","Mussel-Kynoch-Coho","Coho",1957,2189,580,NA,NA,NA,NA,NA,NA,NA,NA,NA,NA,NA,NA,NA,NA,NA,NA,NA,NA,NA,NA,NA,NA,NA,NA,NA,NA,NA,NA,NA,NA,NA,1.3281719939824,313
"4694","Mussel-Kynoch-Coho","Coho",1958,4174,1697,NA,NA,NA,NA,NA,NA,NA,NA,NA,NA,NA,NA,NA,NA,NA,NA,NA,NA,NA,NA,NA,NA,NA,NA,NA,NA,NA,NA,NA,NA,NA,0.90001282240292,313
"4695","Mussel-Kynoch-Coho","Coho",1959,4990,1471,NA,NA,NA,NA,NA,NA,NA,NA,NA,NA,NA,NA,NA,NA,NA,NA,NA,NA,NA,NA,NA,NA,NA,NA,NA,NA,NA,NA,NA,NA,NA,1.22149346814413,313
"4696","Mussel-Kynoch-Coho","Coho",1960,7485,1245,NA,NA,NA,NA,NA,NA,NA,NA,NA,NA,NA,NA,NA,NA,NA,NA,NA,NA,NA,NA,NA,NA,NA,NA,NA,NA,NA,NA,NA,NA,NA,1.79376548795492,313
"4697","Mussel-Kynoch-Coho","Coho",1961,17653,2716,NA,NA,NA,NA,NA,NA,NA,NA,NA,NA,NA,NA,NA,NA,NA,NA,NA,NA,NA,NA,NA,NA,NA,NA,NA,NA,NA,NA,NA,NA,NA,1.8717455309107,313
"4698","Mussel-Kynoch-Coho","Coho",1962,36638,3169,NA,NA,NA,NA,NA,NA,NA,NA,NA,NA,NA,NA,NA,NA,NA,NA,NA,NA,NA,NA,NA,NA,NA,NA,NA,NA,NA,NA,NA,NA,NA,2.44766987245448,313
"4699","Mussel-Kynoch-Coho","Coho",1963,41011,4300,NA,NA,NA,NA,NA,NA,NA,NA,NA,NA,NA,NA,NA,NA,NA,NA,NA,NA,NA,NA,NA,NA,NA,NA,NA,NA,NA,NA,NA,NA,NA,2.25522530070367,313
"4700","Mussel-Kynoch-Coho","Coho",1964,8216,9053,NA,NA,NA,NA,NA,NA,NA,NA,NA,NA,NA,NA,NA,NA,NA,NA,NA,NA,NA,NA,NA,NA,NA,NA,NA,NA,NA,NA,NA,NA,NA,-0.0970127218670462,313
"4701","Mussel-Kynoch-Coho","Coho",1965,31129,24896,NA,NA,NA,NA,NA,NA,NA,NA,NA,NA,NA,NA,NA,NA,NA,NA,NA,NA,NA,NA,NA,NA,NA,NA,NA,NA,NA,NA,NA,NA,NA,0.223432712587892,313
"4702","Mussel-Kynoch-Coho","Coho",1966,33542,30308,NA,NA,NA,NA,NA,NA,NA,NA,NA,NA,NA,NA,NA,NA,NA,NA,NA,NA,NA,NA,NA,NA,NA,NA,NA,NA,NA,NA,NA,NA,NA,0.101386680840309,313
"4703","Mussel-Kynoch-Coho","Coho",1967,14367,3169,NA,NA,NA,NA,NA,NA,NA,NA,NA,NA,NA,NA,NA,NA,NA,NA,NA,NA,NA,NA,NA,NA,NA,NA,NA,NA,NA,NA,NA,NA,NA,1.5115178293198,313
"4704","Mussel-Kynoch-Coho","Coho",1968,22589,19464,NA,NA,NA,NA,NA,NA,NA,NA,NA,NA,NA,NA,NA,NA,NA,NA,NA,NA,NA,NA,NA,NA,NA,NA,NA,NA,NA,NA,NA,NA,NA,0.148896456643917,313
"4705","Mussel-Kynoch-Coho","Coho",1969,27202,25801,NA,NA,NA,NA,NA,NA,NA,NA,NA,NA,NA,NA,NA,NA,NA,NA,NA,NA,NA,NA,NA,NA,NA,NA,NA,NA,NA,NA,NA,NA,NA,0.0528772491442047,313
"4706","Mussel-Kynoch-Coho","Coho",1970,10839,8600,NA,NA,NA,NA,NA,NA,NA,NA,NA,NA,NA,NA,NA,NA,NA,NA,NA,NA,NA,NA,NA,NA,NA,NA,NA,NA,NA,NA,NA,NA,NA,0.231388537574151,313
"4707","Mussel-Kynoch-Coho","Coho",1971,15818,14032,NA,NA,NA,NA,NA,NA,NA,NA,NA,NA,NA,NA,NA,NA,NA,NA,NA,NA,NA,NA,NA,NA,NA,NA,NA,NA,NA,NA,NA,NA,NA,0.119808096467398,313
"4708","Mussel-Kynoch-Coho","Coho",1972,8376,18106,NA,NA,NA,NA,NA,NA,NA,NA,NA,NA,NA,NA,NA,NA,NA,NA,NA,NA,NA,NA,NA,NA,NA,NA,NA,NA,NA,NA,NA,NA,NA,-0.770872901485013,313
"4709","Mussel-Kynoch-Coho","Coho",1973,9247,6790,NA,NA,NA,NA,NA,NA,NA,NA,NA,NA,NA,NA,NA,NA,NA,NA,NA,NA,NA,NA,NA,NA,NA,NA,NA,NA,NA,NA,NA,NA,NA,0.308848233024897,313
"4710","Mussel-Kynoch-Coho","Coho",1974,7828,11316,NA,NA,NA,NA,NA,NA,NA,NA,NA,NA,NA,NA,NA,NA,NA,NA,NA,NA,NA,NA,NA,NA,NA,NA,NA,NA,NA,NA,NA,NA,NA,-0.368510603905491,313
"4711","Mussel-Kynoch-Coho","Coho",1975,4013,5924,NA,NA,NA,NA,NA,NA,NA,NA,NA,NA,NA,NA,NA,NA,NA,NA,NA,NA,NA,NA,NA,NA,NA,NA,NA,NA,NA,NA,NA,NA,NA,-0.389472805120773,313
"4712","Mussel-Kynoch-Coho","Coho",1976,2357,6790,NA,NA,NA,NA,NA,NA,NA,NA,NA,NA,NA,NA,NA,NA,NA,NA,NA,NA,NA,NA,NA,NA,NA,NA,NA,NA,NA,NA,NA,NA,NA,-1.05806131761661,313
"4713","Mussel-Kynoch-Coho","Coho",1977,1598,5432,NA,NA,NA,NA,NA,NA,NA,NA,NA,NA,NA,NA,NA,NA,NA,NA,NA,NA,NA,NA,NA,NA,NA,NA,NA,NA,NA,NA,NA,NA,NA,-1.22355454291231,313
"4714","Mussel-Kynoch-Coho","Coho",1978,3864,2490,NA,NA,NA,NA,NA,NA,NA,NA,NA,NA,NA,NA,NA,NA,NA,NA,NA,NA,NA,NA,NA,NA,NA,NA,NA,NA,NA,NA,NA,NA,NA,0.439420205873655,313
"4715","Mussel-Kynoch-Coho","Coho",1979,4367,1448,NA,NA,NA,NA,NA,NA,NA,NA,NA,NA,NA,NA,NA,NA,NA,NA,NA,NA,NA,NA,NA,NA,NA,NA,NA,NA,NA,NA,NA,NA,NA,1.1038929805399,313
"4716","Mussel-Kynoch-Coho","Coho",1980,5934,674,NA,NA,NA,NA,NA,NA,NA,NA,NA,NA,NA,NA,NA,NA,NA,NA,NA,NA,NA,NA,NA,NA,NA,NA,NA,NA,NA,NA,NA,NA,NA,2.17522368993846,313
"4717","Mussel-Kynoch-Coho","Coho",1981,9176,2263,NA,NA,NA,NA,NA,NA,NA,NA,NA,NA,NA,NA,NA,NA,NA,NA,NA,NA,NA,NA,NA,NA,NA,NA,NA,NA,NA,NA,NA,NA,NA,1.39990001317567,313
"4718","Mussel-Kynoch-Coho","Coho",1982,6392,2716,NA,NA,NA,NA,NA,NA,NA,NA,NA,NA,NA,NA,NA,NA,NA,NA,NA,NA,NA,NA,NA,NA,NA,NA,NA,NA,NA,NA,NA,NA,NA,0.855886998767524,313
"4719","Mussel-Kynoch-Coho","Coho",1983,5128,2716,NA,NA,NA,NA,NA,NA,NA,NA,NA,NA,NA,NA,NA,NA,NA,NA,NA,NA,NA,NA,NA,NA,NA,NA,NA,NA,NA,NA,NA,NA,NA,0.635555509921919,313
"4720","Mussel-Kynoch-Coho","Coho",1984,5858,5432,NA,NA,NA,NA,NA,NA,NA,NA,NA,NA,NA,NA,NA,NA,NA,NA,NA,NA,NA,NA,NA,NA,NA,NA,NA,NA,NA,NA,NA,NA,NA,0.0755008581491467,313
"4721","Mussel-Kynoch-Coho","Coho",1985,5920,3621,NA,NA,NA,NA,NA,NA,NA,NA,NA,NA,NA,NA,NA,NA,NA,NA,NA,NA,NA,NA,NA,NA,NA,NA,NA,NA,NA,NA,NA,NA,NA,0.49158621811241,313
"4722","Mussel-Kynoch-Coho","Coho",1986,8548,2490,NA,NA,NA,NA,NA,NA,NA,NA,NA,NA,NA,NA,NA,NA,NA,NA,NA,NA,NA,NA,NA,NA,NA,NA,NA,NA,NA,NA,NA,NA,NA,1.23341462698029,313
"4723","Mussel-Kynoch-Coho","Coho",1987,9284,3621,NA,NA,NA,NA,NA,NA,NA,NA,NA,NA,NA,NA,NA,NA,NA,NA,NA,NA,NA,NA,NA,NA,NA,NA,NA,NA,NA,NA,NA,NA,NA,0.941542257628686,313
"4724","Mussel-Kynoch-Coho","Coho",1988,10559,3395,NA,NA,NA,NA,NA,NA,NA,NA,NA,NA,NA,NA,NA,NA,NA,NA,NA,NA,NA,NA,NA,NA,NA,NA,NA,NA,NA,NA,NA,NA,NA,1.13467481581372,313
"4725","Mussel-Kynoch-Coho","Coho",1989,6343,5319,NA,NA,NA,NA,NA,NA,NA,NA,NA,NA,NA,NA,NA,NA,NA,NA,NA,NA,NA,NA,NA,NA,NA,NA,NA,NA,NA,NA,NA,NA,NA,0.17606652689158,313
"4726","Mussel-Kynoch-Coho","Coho",1990,5537,5192,NA,NA,NA,NA,NA,NA,NA,NA,NA,NA,NA,NA,NA,NA,NA,NA,NA,NA,NA,NA,NA,NA,NA,NA,NA,NA,NA,NA,NA,NA,NA,0.0643338584390412,313
"4727","Mussel-Kynoch-Coho","Coho",1991,7456,7016,NA,NA,NA,NA,NA,NA,NA,NA,NA,NA,NA,NA,NA,NA,NA,NA,NA,NA,NA,NA,NA,NA,NA,NA,NA,NA,NA,NA,NA,NA,NA,0.0608258223134081,313
"4728","Mussel-Kynoch-Coho","Coho",1992,5236,3961,NA,NA,NA,NA,NA,NA,NA,NA,NA,NA,NA,NA,NA,NA,NA,NA,NA,NA,NA,NA,NA,NA,NA,NA,NA,NA,NA,NA,NA,NA,NA,0.279061329407874,313
"4729","Mussel-Kynoch-Coho","Coho",1993,5133,3395,NA,NA,NA,NA,NA,NA,NA,NA,NA,NA,NA,NA,NA,NA,NA,NA,NA,NA,NA,NA,NA,NA,NA,NA,NA,NA,NA,NA,NA,NA,NA,0.413386522567507,313
"4730","Mussel-Kynoch-Coho","Coho",1994,5572,4681,NA,NA,NA,NA,NA,NA,NA,NA,NA,NA,NA,NA,NA,NA,NA,NA,NA,NA,NA,NA,NA,NA,NA,NA,NA,NA,NA,NA,NA,NA,NA,0.174242293599626,313
"4731","Mussel-Kynoch-Coho","Coho",1995,10781,3961,NA,NA,NA,NA,NA,NA,NA,NA,NA,NA,NA,NA,NA,NA,NA,NA,NA,NA,NA,NA,NA,NA,NA,NA,NA,NA,NA,NA,NA,NA,NA,1.0012888069172,313
"4732","Mussel-Kynoch-Coho","Coho",1996,2471,2880,NA,NA,NA,NA,NA,NA,NA,NA,NA,NA,NA,NA,NA,NA,NA,NA,NA,NA,NA,NA,NA,NA,NA,NA,NA,NA,NA,NA,NA,NA,NA,-0.153167367141382,313
"4733","Mussel-Kynoch-Coho","Coho",1997,7933,2520,NA,NA,NA,NA,NA,NA,NA,NA,NA,NA,NA,NA,NA,NA,NA,NA,NA,NA,NA,NA,NA,NA,NA,NA,NA,NA,NA,NA,NA,NA,NA,1.14677237279653,313
"4734","Mussel-Kynoch-Coho","Coho",1998,11037,10411,NA,NA,NA,NA,NA,NA,NA,NA,NA,NA,NA,NA,NA,NA,NA,NA,NA,NA,NA,NA,NA,NA,NA,NA,NA,NA,NA,NA,NA,NA,NA,0.0583903252981312,313
"4735","Mussel-Kynoch-Coho","Coho",1999,11758,1358,NA,NA,NA,NA,NA,NA,NA,NA,NA,NA,NA,NA,NA,NA,NA,NA,NA,NA,NA,NA,NA,NA,NA,NA,NA,NA,NA,NA,NA,NA,NA,2.15852083084356,313
"4736","Mussel-Kynoch-Coho","Coho",2000,9708,5993,NA,NA,NA,NA,NA,NA,NA,NA,NA,NA,NA,NA,NA,NA,NA,NA,NA,NA,NA,NA,NA,NA,NA,NA,NA,NA,NA,NA,NA,NA,NA,0.482358166388307,313
"4737","Mussel-Kynoch-Coho","Coho",2001,20004,8717,NA,NA,NA,NA,NA,NA,NA,NA,NA,NA,NA,NA,NA,NA,NA,NA,NA,NA,NA,NA,NA,NA,NA,NA,NA,NA,NA,NA,NA,NA,NA,0.830657111527218,313
"4738","Mussel-Kynoch-Coho","Coho",2002,8378,10705,NA,NA,NA,NA,NA,NA,NA,NA,NA,NA,NA,NA,NA,NA,NA,NA,NA,NA,NA,NA,NA,NA,NA,NA,NA,NA,NA,NA,NA,NA,NA,-0.245101699516803,313
"4739","Mussel-Kynoch-Coho","Coho",2003,26844,6201,NA,NA,NA,NA,NA,NA,NA,NA,NA,NA,NA,NA,NA,NA,NA,NA,NA,NA,NA,NA,NA,NA,NA,NA,NA,NA,NA,NA,NA,NA,NA,1.46533176292825,313
"4740","Mussel-Kynoch-Coho","Coho",2004,4240,16748,NA,NA,NA,NA,NA,NA,NA,NA,NA,NA,NA,NA,NA,NA,NA,NA,NA,NA,NA,NA,NA,NA,NA,NA,NA,NA,NA,NA,NA,NA,NA,-1.37371557891303,313
"4741","Mussel-Kynoch-Coho","Coho",2005,5684,3712,NA,NA,NA,NA,NA,NA,NA,NA,NA,NA,NA,NA,NA,NA,NA,NA,NA,NA,NA,NA,NA,NA,NA,NA,NA,NA,NA,NA,NA,NA,NA,0.4260843953109,313
"4742","Mussel-Kynoch-Coho","Coho",2006,12314,25122,NA,NA,NA,NA,NA,NA,NA,NA,NA,NA,NA,NA,NA,NA,NA,NA,NA,NA,NA,NA,NA,NA,NA,NA,NA,NA,NA,NA,NA,NA,NA,-0.713007129776043,313
"4743","Mussel-Kynoch-Coho","Coho",2007,6163,3169,NA,NA,NA,NA,NA,NA,NA,NA,NA,NA,NA,NA,NA,NA,NA,NA,NA,NA,NA,NA,NA,NA,NA,NA,NA,NA,NA,NA,NA,NA,NA,0.665147591271322,313
"4744","Mussel-Kynoch-Coho","Coho",2008,7276,3269,NA,NA,NA,NA,NA,NA,NA,NA,NA,NA,NA,NA,NA,NA,NA,NA,NA,NA,NA,NA,NA,NA,NA,NA,NA,NA,NA,NA,NA,NA,NA,0.800097132913802,313
"4745","Mussel-Kynoch-Coho","Coho",2009,5561,10079,NA,NA,NA,NA,NA,NA,NA,NA,NA,NA,NA,NA,NA,NA,NA,NA,NA,NA,NA,NA,NA,NA,NA,NA,NA,NA,NA,NA,NA,NA,NA,-0.594676103167314,313
"4746","Mussel-Kynoch-Coho","Coho",2010,3976,4767,NA,NA,NA,NA,NA,NA,NA,NA,NA,NA,NA,NA,NA,NA,NA,NA,NA,NA,NA,NA,NA,NA,NA,NA,NA,NA,NA,NA,NA,NA,NA,-0.181440887428361,313
"4747","Hecate Strait Mainland-Coho","Coho",1954,505192,230430,NA,NA,NA,NA,NA,NA,NA,NA,NA,NA,NA,NA,NA,NA,NA,NA,NA,NA,NA,NA,NA,NA,NA,NA,NA,NA,NA,NA,NA,NA,NA,0.784991426359508,314
"4748","Hecate Strait Mainland-Coho","Coho",1955,287113,311273,NA,NA,NA,NA,NA,NA,NA,NA,NA,NA,NA,NA,NA,NA,NA,NA,NA,NA,NA,NA,NA,NA,NA,NA,NA,NA,NA,NA,NA,NA,NA,-0.0807944741391023,314
"4749","Hecate Strait Mainland-Coho","Coho",1956,428442,327034,NA,NA,NA,NA,NA,NA,NA,NA,NA,NA,NA,NA,NA,NA,NA,NA,NA,NA,NA,NA,NA,NA,NA,NA,NA,NA,NA,NA,NA,NA,NA,0.27009123195641,314
"4750","Hecate Strait Mainland-Coho","Coho",1957,338441,381458,NA,NA,NA,NA,NA,NA,NA,NA,NA,NA,NA,NA,NA,NA,NA,NA,NA,NA,NA,NA,NA,NA,NA,NA,NA,NA,NA,NA,NA,NA,NA,-0.119650974135434,314
"4751","Hecate Strait Mainland-Coho","Coho",1958,615003,181714,NA,NA,NA,NA,NA,NA,NA,NA,NA,NA,NA,NA,NA,NA,NA,NA,NA,NA,NA,NA,NA,NA,NA,NA,NA,NA,NA,NA,NA,NA,NA,1.21919312332693,314
"4752","Hecate Strait Mainland-Coho","Coho",1959,430059,314898,NA,NA,NA,NA,NA,NA,NA,NA,NA,NA,NA,NA,NA,NA,NA,NA,NA,NA,NA,NA,NA,NA,NA,NA,NA,NA,NA,NA,NA,NA,NA,0.311673631713399,314
"4753","Hecate Strait Mainland-Coho","Coho",1960,547527,200393,NA,NA,NA,NA,NA,NA,NA,NA,NA,NA,NA,NA,NA,NA,NA,NA,NA,NA,NA,NA,NA,NA,NA,NA,NA,NA,NA,NA,NA,NA,NA,1.00513133708228,314
"4754","Hecate Strait Mainland-Coho","Coho",1961,786715,453043,NA,NA,NA,NA,NA,NA,NA,NA,NA,NA,NA,NA,NA,NA,NA,NA,NA,NA,NA,NA,NA,NA,NA,NA,NA,NA,NA,NA,NA,NA,NA,0.551879004426648,314
"4755","Hecate Strait Mainland-Coho","Coho",1962,571427,290818,NA,NA,NA,NA,NA,NA,NA,NA,NA,NA,NA,NA,NA,NA,NA,NA,NA,NA,NA,NA,NA,NA,NA,NA,NA,NA,NA,NA,NA,NA,NA,0.675439099087355,314
"4756","Hecate Strait Mainland-Coho","Coho",1963,712415,363932,NA,NA,NA,NA,NA,NA,NA,NA,NA,NA,NA,NA,NA,NA,NA,NA,NA,NA,NA,NA,NA,NA,NA,NA,NA,NA,NA,NA,NA,NA,NA,0.671693569782419,314
"4757","Hecate Strait Mainland-Coho","Coho",1964,264293,542227,NA,NA,NA,NA,NA,NA,NA,NA,NA,NA,NA,NA,NA,NA,NA,NA,NA,NA,NA,NA,NA,NA,NA,NA,NA,NA,NA,NA,NA,NA,NA,-0.718626396742916,314
"4758","Hecate Strait Mainland-Coho","Coho",1965,429792,395416,NA,NA,NA,NA,NA,NA,NA,NA,NA,NA,NA,NA,NA,NA,NA,NA,NA,NA,NA,NA,NA,NA,NA,NA,NA,NA,NA,NA,NA,NA,NA,0.0833629954573057,314
"4759","Hecate Strait Mainland-Coho","Coho",1966,115036,537010,NA,NA,NA,NA,NA,NA,NA,NA,NA,NA,NA,NA,NA,NA,NA,NA,NA,NA,NA,NA,NA,NA,NA,NA,NA,NA,NA,NA,NA,NA,NA,-1.54077159345578,314
"4760","Hecate Strait Mainland-Coho","Coho",1967,127801,169901,NA,NA,NA,NA,NA,NA,NA,NA,NA,NA,NA,NA,NA,NA,NA,NA,NA,NA,NA,NA,NA,NA,NA,NA,NA,NA,NA,NA,NA,NA,NA,-0.284741547836794,314
"4761","Hecate Strait Mainland-Coho","Coho",1968,151531,327343,NA,NA,NA,NA,NA,NA,NA,NA,NA,NA,NA,NA,NA,NA,NA,NA,NA,NA,NA,NA,NA,NA,NA,NA,NA,NA,NA,NA,NA,NA,NA,-0.770218326338977,314
"4762","Hecate Strait Mainland-Coho","Coho",1969,261658,82093,NA,NA,NA,NA,NA,NA,NA,NA,NA,NA,NA,NA,NA,NA,NA,NA,NA,NA,NA,NA,NA,NA,NA,NA,NA,NA,NA,NA,NA,NA,NA,1.15918555659906,314
"4763","Hecate Strait Mainland-Coho","Coho",1970,207652,86965,NA,NA,NA,NA,NA,NA,NA,NA,NA,NA,NA,NA,NA,NA,NA,NA,NA,NA,NA,NA,NA,NA,NA,NA,NA,NA,NA,NA,NA,NA,NA,0.870357862761883,314
"4764","Hecate Strait Mainland-Coho","Coho",1971,243400,90412,NA,NA,NA,NA,NA,NA,NA,NA,NA,NA,NA,NA,NA,NA,NA,NA,NA,NA,NA,NA,NA,NA,NA,NA,NA,NA,NA,NA,NA,NA,NA,0.990329178602085,314
"4765","Hecate Strait Mainland-Coho","Coho",1972,362068,173205,NA,NA,NA,NA,NA,NA,NA,NA,NA,NA,NA,NA,NA,NA,NA,NA,NA,NA,NA,NA,NA,NA,NA,NA,NA,NA,NA,NA,NA,NA,NA,0.73735617541699,314
"4766","Hecate Strait Mainland-Coho","Coho",1973,285594,147377,NA,NA,NA,NA,NA,NA,NA,NA,NA,NA,NA,NA,NA,NA,NA,NA,NA,NA,NA,NA,NA,NA,NA,NA,NA,NA,NA,NA,NA,NA,NA,0.661577292253205,314
"4767","Hecate Strait Mainland-Coho","Coho",1974,308568,153430,NA,NA,NA,NA,NA,NA,NA,NA,NA,NA,NA,NA,NA,NA,NA,NA,NA,NA,NA,NA,NA,NA,NA,NA,NA,NA,NA,NA,NA,NA,NA,0.698697803492943,314
"4768","Hecate Strait Mainland-Coho","Coho",1975,255144,281068,NA,NA,NA,NA,NA,NA,NA,NA,NA,NA,NA,NA,NA,NA,NA,NA,NA,NA,NA,NA,NA,NA,NA,NA,NA,NA,NA,NA,NA,NA,NA,-0.0967685412863396,314
"4769","Hecate Strait Mainland-Coho","Coho",1976,208765,209861,NA,NA,NA,NA,NA,NA,NA,NA,NA,NA,NA,NA,NA,NA,NA,NA,NA,NA,NA,NA,NA,NA,NA,NA,NA,NA,NA,NA,NA,NA,NA,-0.00523618936304425,314
"4770","Hecate Strait Mainland-Coho","Coho",1977,172388,214357,NA,NA,NA,NA,NA,NA,NA,NA,NA,NA,NA,NA,NA,NA,NA,NA,NA,NA,NA,NA,NA,NA,NA,NA,NA,NA,NA,NA,NA,NA,NA,-0.217895099141801,314
"4771","Hecate Strait Mainland-Coho","Coho",1978,236670,162947,NA,NA,NA,NA,NA,NA,NA,NA,NA,NA,NA,NA,NA,NA,NA,NA,NA,NA,NA,NA,NA,NA,NA,NA,NA,NA,NA,NA,NA,NA,NA,0.373241771216399,314
"4772","Hecate Strait Mainland-Coho","Coho",1979,128269,132438,NA,NA,NA,NA,NA,NA,NA,NA,NA,NA,NA,NA,NA,NA,NA,NA,NA,NA,NA,NA,NA,NA,NA,NA,NA,NA,NA,NA,NA,NA,NA,-0.0319849901609558,314
"4773","Hecate Strait Mainland-Coho","Coho",1980,110338,94541,NA,NA,NA,NA,NA,NA,NA,NA,NA,NA,NA,NA,NA,NA,NA,NA,NA,NA,NA,NA,NA,NA,NA,NA,NA,NA,NA,NA,NA,NA,NA,0.154514779044539,314
"4774","Hecate Strait Mainland-Coho","Coho",1981,143160,161179,NA,NA,NA,NA,NA,NA,NA,NA,NA,NA,NA,NA,NA,NA,NA,NA,NA,NA,NA,NA,NA,NA,NA,NA,NA,NA,NA,NA,NA,NA,NA,-0.118552662735591,314
"4775","Hecate Strait Mainland-Coho","Coho",1982,221212,89989,NA,NA,NA,NA,NA,NA,NA,NA,NA,NA,NA,NA,NA,NA,NA,NA,NA,NA,NA,NA,NA,NA,NA,NA,NA,NA,NA,NA,NA,NA,NA,0.899434077086348,314
"4776","Hecate Strait Mainland-Coho","Coho",1983,343125,59026,NA,NA,NA,NA,NA,NA,NA,NA,NA,NA,NA,NA,NA,NA,NA,NA,NA,NA,NA,NA,NA,NA,NA,NA,NA,NA,NA,NA,NA,NA,NA,1.76011678746199,314
"4777","Hecate Strait Mainland-Coho","Coho",1984,160946,80650,NA,NA,NA,NA,NA,NA,NA,NA,NA,NA,NA,NA,NA,NA,NA,NA,NA,NA,NA,NA,NA,NA,NA,NA,NA,NA,NA,NA,NA,NA,NA,0.690950100426127,314
"4778","Hecate Strait Mainland-Coho","Coho",1985,138600,115649,NA,NA,NA,NA,NA,NA,NA,NA,NA,NA,NA,NA,NA,NA,NA,NA,NA,NA,NA,NA,NA,NA,NA,NA,NA,NA,NA,NA,NA,NA,NA,0.181032344894813,314
"4779","Hecate Strait Mainland-Coho","Coho",1986,130199,203747,NA,NA,NA,NA,NA,NA,NA,NA,NA,NA,NA,NA,NA,NA,NA,NA,NA,NA,NA,NA,NA,NA,NA,NA,NA,NA,NA,NA,NA,NA,NA,-0.447814978832771,314
"4780","Hecate Strait Mainland-Coho","Coho",1987,81242,106950,NA,NA,NA,NA,NA,NA,NA,NA,NA,NA,NA,NA,NA,NA,NA,NA,NA,NA,NA,NA,NA,NA,NA,NA,NA,NA,NA,NA,NA,NA,NA,-0.274929080704685,314
"4781","Hecate Strait Mainland-Coho","Coho",1988,72093,90981,NA,NA,NA,NA,NA,NA,NA,NA,NA,NA,NA,NA,NA,NA,NA,NA,NA,NA,NA,NA,NA,NA,NA,NA,NA,NA,NA,NA,NA,NA,NA,-0.232693741309162,314
"4782","Hecate Strait Mainland-Coho","Coho",1989,79989,91732,NA,NA,NA,NA,NA,NA,NA,NA,NA,NA,NA,NA,NA,NA,NA,NA,NA,NA,NA,NA,NA,NA,NA,NA,NA,NA,NA,NA,NA,NA,NA,-0.136982157181836,314
"4783","Hecate Strait Mainland-Coho","Coho",1990,87052,51285,NA,NA,NA,NA,NA,NA,NA,NA,NA,NA,NA,NA,NA,NA,NA,NA,NA,NA,NA,NA,NA,NA,NA,NA,NA,NA,NA,NA,NA,NA,NA,0.529107329492446,314
"4784","Hecate Strait Mainland-Coho","Coho",1991,75335,47971,NA,NA,NA,NA,NA,NA,NA,NA,NA,NA,NA,NA,NA,NA,NA,NA,NA,NA,NA,NA,NA,NA,NA,NA,NA,NA,NA,NA,NA,NA,NA,0.451348172594252,314
"4785","Hecate Strait Mainland-Coho","Coho",1992,34384,52987,NA,NA,NA,NA,NA,NA,NA,NA,NA,NA,NA,NA,NA,NA,NA,NA,NA,NA,NA,NA,NA,NA,NA,NA,NA,NA,NA,NA,NA,NA,NA,-0.4324552605463,314
"4786","Hecate Strait Mainland-Coho","Coho",1993,53631,62401,NA,NA,NA,NA,NA,NA,NA,NA,NA,NA,NA,NA,NA,NA,NA,NA,NA,NA,NA,NA,NA,NA,NA,NA,NA,NA,NA,NA,NA,NA,NA,-0.151454041786937,314
"4787","Hecate Strait Mainland-Coho","Coho",1994,119968,54524,NA,NA,NA,NA,NA,NA,NA,NA,NA,NA,NA,NA,NA,NA,NA,NA,NA,NA,NA,NA,NA,NA,NA,NA,NA,NA,NA,NA,NA,NA,NA,0.788584068844905,314
"4788","Hecate Strait Mainland-Coho","Coho",1995,52021,25874,NA,NA,NA,NA,NA,NA,NA,NA,NA,NA,NA,NA,NA,NA,NA,NA,NA,NA,NA,NA,NA,NA,NA,NA,NA,NA,NA,NA,NA,NA,NA,0.698408879715653,314
"4789","Hecate Strait Mainland-Coho","Coho",1996,63874,24466,NA,NA,NA,NA,NA,NA,NA,NA,NA,NA,NA,NA,NA,NA,NA,NA,NA,NA,NA,NA,NA,NA,NA,NA,NA,NA,NA,NA,NA,NA,NA,0.959627994199295,314
"4790","Hecate Strait Mainland-Coho","Coho",1997,82705,82456,NA,NA,NA,NA,NA,NA,NA,NA,NA,NA,NA,NA,NA,NA,NA,NA,NA,NA,NA,NA,NA,NA,NA,NA,NA,NA,NA,NA,NA,NA,NA,0.00301524195969283,314
"4791","Hecate Strait Mainland-Coho","Coho",1998,187258,43856,NA,NA,NA,NA,NA,NA,NA,NA,NA,NA,NA,NA,NA,NA,NA,NA,NA,NA,NA,NA,NA,NA,NA,NA,NA,NA,NA,NA,NA,NA,NA,1.45157580555578,314
"4792","Hecate Strait Mainland-Coho","Coho",1999,218099,55243,NA,NA,NA,NA,NA,NA,NA,NA,NA,NA,NA,NA,NA,NA,NA,NA,NA,NA,NA,NA,NA,NA,NA,NA,NA,NA,NA,NA,NA,NA,NA,1.37320745260578,314
"4793","Hecate Strait Mainland-Coho","Coho",2000,174018,56056,NA,NA,NA,NA,NA,NA,NA,NA,NA,NA,NA,NA,NA,NA,NA,NA,NA,NA,NA,NA,NA,NA,NA,NA,NA,NA,NA,NA,NA,NA,NA,1.13280755107175,314
"4794","Hecate Strait Mainland-Coho","Coho",2001,160734,152649,NA,NA,NA,NA,NA,NA,NA,NA,NA,NA,NA,NA,NA,NA,NA,NA,NA,NA,NA,NA,NA,NA,NA,NA,NA,NA,NA,NA,NA,NA,NA,0.0516096565010122,314
"4795","Hecate Strait Mainland-Coho","Coho",2002,184773,198529,NA,NA,NA,NA,NA,NA,NA,NA,NA,NA,NA,NA,NA,NA,NA,NA,NA,NA,NA,NA,NA,NA,NA,NA,NA,NA,NA,NA,NA,NA,NA,-0.0718071405369232,314
"4796","Hecate Strait Mainland-Coho","Coho",2003,135270,148927,NA,NA,NA,NA,NA,NA,NA,NA,NA,NA,NA,NA,NA,NA,NA,NA,NA,NA,NA,NA,NA,NA,NA,NA,NA,NA,NA,NA,NA,NA,NA,-0.0961834719021197,314
"4797","Hecate Strait Mainland-Coho","Coho",2004,124031,121243,NA,NA,NA,NA,NA,NA,NA,NA,NA,NA,NA,NA,NA,NA,NA,NA,NA,NA,NA,NA,NA,NA,NA,NA,NA,NA,NA,NA,NA,NA,NA,0.0227347381679682,314
"4798","Hecate Strait Mainland-Coho","Coho",2005,97417,158899,NA,NA,NA,NA,NA,NA,NA,NA,NA,NA,NA,NA,NA,NA,NA,NA,NA,NA,NA,NA,NA,NA,NA,NA,NA,NA,NA,NA,NA,NA,NA,-0.489268046850476,314
"4799","Hecate Strait Mainland-Coho","Coho",2006,258440,115225,NA,NA,NA,NA,NA,NA,NA,NA,NA,NA,NA,NA,NA,NA,NA,NA,NA,NA,NA,NA,NA,NA,NA,NA,NA,NA,NA,NA,NA,NA,NA,0.807776820083393,314
"4800","Hecate Strait Mainland-Coho","Coho",2007,152580,107552,NA,NA,NA,NA,NA,NA,NA,NA,NA,NA,NA,NA,NA,NA,NA,NA,NA,NA,NA,NA,NA,NA,NA,NA,NA,NA,NA,NA,NA,NA,NA,0.349714597119388,314
"4801","Hecate Strait Mainland-Coho","Coho",2008,154848,53978,NA,NA,NA,NA,NA,NA,NA,NA,NA,NA,NA,NA,NA,NA,NA,NA,NA,NA,NA,NA,NA,NA,NA,NA,NA,NA,NA,NA,NA,NA,NA,1.05386743446699,314
"4802","Hecate Strait Mainland-Coho","Coho",2009,107889,222065,NA,NA,NA,NA,NA,NA,NA,NA,NA,NA,NA,NA,NA,NA,NA,NA,NA,NA,NA,NA,NA,NA,NA,NA,NA,NA,NA,NA,NA,NA,NA,-0.721867210988935,314
"4803","Hecate Strait Mainland-Coho","Coho",2010,83358,125880,NA,NA,NA,NA,NA,NA,NA,NA,NA,NA,NA,NA,NA,NA,NA,NA,NA,NA,NA,NA,NA,NA,NA,NA,NA,NA,NA,NA,NA,NA,NA,-0.412184486801427,314
"4804","Hecate Strait Mainland-Coho","Coho",2011,122133,134652,NA,NA,NA,NA,NA,NA,NA,NA,NA,NA,NA,NA,NA,NA,NA,NA,NA,NA,NA,NA,NA,NA,NA,NA,NA,NA,NA,NA,NA,NA,NA,-0.0975830576002304,314
"4805","Hecate Strait Mainland-Coho","Coho",2012,78603,97864,NA,NA,NA,NA,NA,NA,NA,NA,NA,NA,NA,NA,NA,NA,NA,NA,NA,NA,NA,NA,NA,NA,NA,NA,NA,NA,NA,NA,NA,NA,NA,-0.2191688930989,314
"4806","Hecate Strait Mainland-Coho","Coho",2013,83116,64173,NA,NA,NA,NA,NA,NA,NA,NA,NA,NA,NA,NA,NA,NA,NA,NA,NA,NA,NA,NA,NA,NA,NA,NA,NA,NA,NA,NA,NA,NA,NA,0.258654660949856,314
"4807","Northern Coastal Streams-Coho","Coho",1954,159736,147888,NA,NA,NA,NA,NA,NA,NA,NA,NA,NA,NA,NA,NA,NA,NA,NA,NA,NA,NA,NA,NA,NA,NA,NA,NA,NA,NA,NA,NA,NA,NA,0.0770672219621748,315
"4808","Northern Coastal Streams-Coho","Coho",1955,137761,133308,NA,NA,NA,NA,NA,NA,NA,NA,NA,NA,NA,NA,NA,NA,NA,NA,NA,NA,NA,NA,NA,NA,NA,NA,NA,NA,NA,NA,NA,NA,NA,0.03285805926665,315
"4809","Northern Coastal Streams-Coho","Coho",1956,222329,128274,NA,NA,NA,NA,NA,NA,NA,NA,NA,NA,NA,NA,NA,NA,NA,NA,NA,NA,NA,NA,NA,NA,NA,NA,NA,NA,NA,NA,NA,NA,NA,0.549989665756378,315
"4810","Northern Coastal Streams-Coho","Coho",1957,236977,123993,NA,NA,NA,NA,NA,NA,NA,NA,NA,NA,NA,NA,NA,NA,NA,NA,NA,NA,NA,NA,NA,NA,NA,NA,NA,NA,NA,NA,NA,NA,NA,0.64773797761364,315
"4811","Northern Coastal Streams-Coho","Coho",1958,352557,63343,NA,NA,NA,NA,NA,NA,NA,NA,NA,NA,NA,NA,NA,NA,NA,NA,NA,NA,NA,NA,NA,NA,NA,NA,NA,NA,NA,NA,NA,NA,NA,1.71664790788329,315
"4812","Northern Coastal Streams-Coho","Coho",1959,229312,163240,NA,NA,NA,NA,NA,NA,NA,NA,NA,NA,NA,NA,NA,NA,NA,NA,NA,NA,NA,NA,NA,NA,NA,NA,NA,NA,NA,NA,NA,NA,NA,0.339862011144884,315
"4813","Northern Coastal Streams-Coho","Coho",1960,325854,111436,NA,NA,NA,NA,NA,NA,NA,NA,NA,NA,NA,NA,NA,NA,NA,NA,NA,NA,NA,NA,NA,NA,NA,NA,NA,NA,NA,NA,NA,NA,NA,1.0729989932171,315
"4814","Northern Coastal Streams-Coho","Coho",1961,430221,274643,NA,NA,NA,NA,NA,NA,NA,NA,NA,NA,NA,NA,NA,NA,NA,NA,NA,NA,NA,NA,NA,NA,NA,NA,NA,NA,NA,NA,NA,NA,NA,0.448826957666725,315
"4815","Northern Coastal Streams-Coho","Coho",1962,361935,137376,NA,NA,NA,NA,NA,NA,NA,NA,NA,NA,NA,NA,NA,NA,NA,NA,NA,NA,NA,NA,NA,NA,NA,NA,NA,NA,NA,NA,NA,NA,NA,0.968742945650102,315
"4816","Northern Coastal Streams-Coho","Coho",1963,159094,200852,NA,NA,NA,NA,NA,NA,NA,NA,NA,NA,NA,NA,NA,NA,NA,NA,NA,NA,NA,NA,NA,NA,NA,NA,NA,NA,NA,NA,NA,NA,NA,-0.233073095933689,315
"4817","Northern Coastal Streams-Coho","Coho",1964,233304,260340,NA,NA,NA,NA,NA,NA,NA,NA,NA,NA,NA,NA,NA,NA,NA,NA,NA,NA,NA,NA,NA,NA,NA,NA,NA,NA,NA,NA,NA,NA,NA,-0.109646144851437,315
"4818","Northern Coastal Streams-Coho","Coho",1965,199118,322578,NA,NA,NA,NA,NA,NA,NA,NA,NA,NA,NA,NA,NA,NA,NA,NA,NA,NA,NA,NA,NA,NA,NA,NA,NA,NA,NA,NA,NA,NA,NA,-0.482447353642979,315
"4819","Northern Coastal Streams-Coho","Coho",1966,106393,84543,NA,NA,NA,NA,NA,NA,NA,NA,NA,NA,NA,NA,NA,NA,NA,NA,NA,NA,NA,NA,NA,NA,NA,NA,NA,NA,NA,NA,NA,NA,NA,0.229879504600215,315
"4820","Northern Coastal Streams-Coho","Coho",1967,166463,163252,NA,NA,NA,NA,NA,NA,NA,NA,NA,NA,NA,NA,NA,NA,NA,NA,NA,NA,NA,NA,NA,NA,NA,NA,NA,NA,NA,NA,NA,NA,NA,0.0194780432732188,315
"4821","Northern Coastal Streams-Coho","Coho",1968,166793,158507,NA,NA,NA,NA,NA,NA,NA,NA,NA,NA,NA,NA,NA,NA,NA,NA,NA,NA,NA,NA,NA,NA,NA,NA,NA,NA,NA,NA,NA,NA,NA,0.050954766237185,315
"4822","Northern Coastal Streams-Coho","Coho",1969,162635,56747,NA,NA,NA,NA,NA,NA,NA,NA,NA,NA,NA,NA,NA,NA,NA,NA,NA,NA,NA,NA,NA,NA,NA,NA,NA,NA,NA,NA,NA,NA,NA,1.05290563457474,315
"4823","Northern Coastal Streams-Coho","Coho",1970,122024,110654,NA,NA,NA,NA,NA,NA,NA,NA,NA,NA,NA,NA,NA,NA,NA,NA,NA,NA,NA,NA,NA,NA,NA,NA,NA,NA,NA,NA,NA,NA,NA,0.0978095308313759,315
"4824","Northern Coastal Streams-Coho","Coho",1971,125361,105231,NA,NA,NA,NA,NA,NA,NA,NA,NA,NA,NA,NA,NA,NA,NA,NA,NA,NA,NA,NA,NA,NA,NA,NA,NA,NA,NA,NA,NA,NA,NA,0.175039641341103,315
"4825","Northern Coastal Streams-Coho","Coho",1972,112767,109575,NA,NA,NA,NA,NA,NA,NA,NA,NA,NA,NA,NA,NA,NA,NA,NA,NA,NA,NA,NA,NA,NA,NA,NA,NA,NA,NA,NA,NA,NA,NA,0.0287144967655633,315
"4826","Northern Coastal Streams-Coho","Coho",1973,168402,78559,NA,NA,NA,NA,NA,NA,NA,NA,NA,NA,NA,NA,NA,NA,NA,NA,NA,NA,NA,NA,NA,NA,NA,NA,NA,NA,NA,NA,NA,NA,NA,0.762504043381304,315
"4827","Northern Coastal Streams-Coho","Coho",1974,112776,94631,NA,NA,NA,NA,NA,NA,NA,NA,NA,NA,NA,NA,NA,NA,NA,NA,NA,NA,NA,NA,NA,NA,NA,NA,NA,NA,NA,NA,NA,NA,NA,0.175418432531001,315
"4828","Northern Coastal Streams-Coho","Coho",1975,154134,58654,NA,NA,NA,NA,NA,NA,NA,NA,NA,NA,NA,NA,NA,NA,NA,NA,NA,NA,NA,NA,NA,NA,NA,NA,NA,NA,NA,NA,NA,NA,NA,0.96616657997281,315
"4829","Northern Coastal Streams-Coho","Coho",1976,215626,138094,NA,NA,NA,NA,NA,NA,NA,NA,NA,NA,NA,NA,NA,NA,NA,NA,NA,NA,NA,NA,NA,NA,NA,NA,NA,NA,NA,NA,NA,NA,NA,0.445610812762319,315
"4830","Northern Coastal Streams-Coho","Coho",1977,124124,71647,NA,NA,NA,NA,NA,NA,NA,NA,NA,NA,NA,NA,NA,NA,NA,NA,NA,NA,NA,NA,NA,NA,NA,NA,NA,NA,NA,NA,NA,NA,NA,0.549529782742894,315
"4831","Northern Coastal Streams-Coho","Coho",1978,105601,67771,NA,NA,NA,NA,NA,NA,NA,NA,NA,NA,NA,NA,NA,NA,NA,NA,NA,NA,NA,NA,NA,NA,NA,NA,NA,NA,NA,NA,NA,NA,NA,0.443533466093489,315
"4832","Northern Coastal Streams-Coho","Coho",1979,125614,141813,NA,NA,NA,NA,NA,NA,NA,NA,NA,NA,NA,NA,NA,NA,NA,NA,NA,NA,NA,NA,NA,NA,NA,NA,NA,NA,NA,NA,NA,NA,NA,-0.121295575525635,315
"4833","Northern Coastal Streams-Coho","Coho",1980,143477,73948,NA,NA,NA,NA,NA,NA,NA,NA,NA,NA,NA,NA,NA,NA,NA,NA,NA,NA,NA,NA,NA,NA,NA,NA,NA,NA,NA,NA,NA,NA,NA,0.662812600117821,315
"4834","Northern Coastal Streams-Coho","Coho",1981,152989,59485,NA,NA,NA,NA,NA,NA,NA,NA,NA,NA,NA,NA,NA,NA,NA,NA,NA,NA,NA,NA,NA,NA,NA,NA,NA,NA,NA,NA,NA,NA,NA,0.94464184345451,315
"4835","Northern Coastal Streams-Coho","Coho",1982,161858,77659,NA,NA,NA,NA,NA,NA,NA,NA,NA,NA,NA,NA,NA,NA,NA,NA,NA,NA,NA,NA,NA,NA,NA,NA,NA,NA,NA,NA,NA,NA,NA,0.734391960055025,315
"4836","Northern Coastal Streams-Coho","Coho",1983,150722,71756,NA,NA,NA,NA,NA,NA,NA,NA,NA,NA,NA,NA,NA,NA,NA,NA,NA,NA,NA,NA,NA,NA,NA,NA,NA,NA,NA,NA,NA,NA,NA,0.742165605542234,315
"4837","Northern Coastal Streams-Coho","Coho",1984,97429,85053,NA,NA,NA,NA,NA,NA,NA,NA,NA,NA,NA,NA,NA,NA,NA,NA,NA,NA,NA,NA,NA,NA,NA,NA,NA,NA,NA,NA,NA,NA,NA,0.135849316017067,315
"4838","Northern Coastal Streams-Coho","Coho",1985,82336,86858,NA,NA,NA,NA,NA,NA,NA,NA,NA,NA,NA,NA,NA,NA,NA,NA,NA,NA,NA,NA,NA,NA,NA,NA,NA,NA,NA,NA,NA,NA,NA,-0.0534661651838801,315
"4839","Northern Coastal Streams-Coho","Coho",1986,120137,84297,NA,NA,NA,NA,NA,NA,NA,NA,NA,NA,NA,NA,NA,NA,NA,NA,NA,NA,NA,NA,NA,NA,NA,NA,NA,NA,NA,NA,NA,NA,NA,0.354286481056958,315
"4840","Northern Coastal Streams-Coho","Coho",1987,183405,64183,NA,NA,NA,NA,NA,NA,NA,NA,NA,NA,NA,NA,NA,NA,NA,NA,NA,NA,NA,NA,NA,NA,NA,NA,NA,NA,NA,NA,NA,NA,NA,1.04995844414119,315
"4841","Northern Coastal Streams-Coho","Coho",1988,134199,49121,NA,NA,NA,NA,NA,NA,NA,NA,NA,NA,NA,NA,NA,NA,NA,NA,NA,NA,NA,NA,NA,NA,NA,NA,NA,NA,NA,NA,NA,NA,NA,1.00503713100714,315
"4842","Northern Coastal Streams-Coho","Coho",1989,85400,56431,NA,NA,NA,NA,NA,NA,NA,NA,NA,NA,NA,NA,NA,NA,NA,NA,NA,NA,NA,NA,NA,NA,NA,NA,NA,NA,NA,NA,NA,NA,NA,0.414327447900139,315
"4843","Northern Coastal Streams-Coho","Coho",1990,95581,113246,NA,NA,NA,NA,NA,NA,NA,NA,NA,NA,NA,NA,NA,NA,NA,NA,NA,NA,NA,NA,NA,NA,NA,NA,NA,NA,NA,NA,NA,NA,NA,-0.169588388115952,315
"4844","Northern Coastal Streams-Coho","Coho",1991,113622,95236,NA,NA,NA,NA,NA,NA,NA,NA,NA,NA,NA,NA,NA,NA,NA,NA,NA,NA,NA,NA,NA,NA,NA,NA,NA,NA,NA,NA,NA,NA,NA,0.176519127932167,315
"4845","Northern Coastal Streams-Coho","Coho",1992,79366,53374,NA,NA,NA,NA,NA,NA,NA,NA,NA,NA,NA,NA,NA,NA,NA,NA,NA,NA,NA,NA,NA,NA,NA,NA,NA,NA,NA,NA,NA,NA,NA,0.396746328947143,315
"4846","Northern Coastal Streams-Coho","Coho",1993,122798,51918,NA,NA,NA,NA,NA,NA,NA,NA,NA,NA,NA,NA,NA,NA,NA,NA,NA,NA,NA,NA,NA,NA,NA,NA,NA,NA,NA,NA,NA,NA,NA,0.860875178082805,315
"4847","Northern Coastal Streams-Coho","Coho",1994,114197,81945,NA,NA,NA,NA,NA,NA,NA,NA,NA,NA,NA,NA,NA,NA,NA,NA,NA,NA,NA,NA,NA,NA,NA,NA,NA,NA,NA,NA,NA,NA,NA,0.331876736658788,315
"4848","Northern Coastal Streams-Coho","Coho",1995,177851,41556,NA,NA,NA,NA,NA,NA,NA,NA,NA,NA,NA,NA,NA,NA,NA,NA,NA,NA,NA,NA,NA,NA,NA,NA,NA,NA,NA,NA,NA,NA,NA,1.45390420588614,315
"4849","Northern Coastal Streams-Coho","Coho",1996,129428,77469,NA,NA,NA,NA,NA,NA,NA,NA,NA,NA,NA,NA,NA,NA,NA,NA,NA,NA,NA,NA,NA,NA,NA,NA,NA,NA,NA,NA,NA,NA,NA,0.513246885628921,315
"4850","Northern Coastal Streams-Coho","Coho",1997,176566,45027,NA,NA,NA,NA,NA,NA,NA,NA,NA,NA,NA,NA,NA,NA,NA,NA,NA,NA,NA,NA,NA,NA,NA,NA,NA,NA,NA,NA,NA,NA,NA,1.36643243431085,315
"4851","Northern Coastal Streams-Coho","Coho",1998,252756,168586,NA,NA,NA,NA,NA,NA,NA,NA,NA,NA,NA,NA,NA,NA,NA,NA,NA,NA,NA,NA,NA,NA,NA,NA,NA,NA,NA,NA,NA,NA,NA,0.404978591144639,315
"4852","Northern Coastal Streams-Coho","Coho",1999,212144,104823,NA,NA,NA,NA,NA,NA,NA,NA,NA,NA,NA,NA,NA,NA,NA,NA,NA,NA,NA,NA,NA,NA,NA,NA,NA,NA,NA,NA,NA,NA,NA,0.704992075915629,315
"4853","Northern Coastal Streams-Coho","Coho",2000,188886,114938,NA,NA,NA,NA,NA,NA,NA,NA,NA,NA,NA,NA,NA,NA,NA,NA,NA,NA,NA,NA,NA,NA,NA,NA,NA,NA,NA,NA,NA,NA,NA,0.496750805928086,315
"4854","Northern Coastal Streams-Coho","Coho",2001,243708,210389,NA,NA,NA,NA,NA,NA,NA,NA,NA,NA,NA,NA,NA,NA,NA,NA,NA,NA,NA,NA,NA,NA,NA,NA,NA,NA,NA,NA,NA,NA,NA,0.147012589210958,315
"4855","Northern Coastal Streams-Coho","Coho",2002,201230,199793,NA,NA,NA,NA,NA,NA,NA,NA,NA,NA,NA,NA,NA,NA,NA,NA,NA,NA,NA,NA,NA,NA,NA,NA,NA,NA,NA,NA,NA,NA,NA,0.00716670191259992,315
"4856","Northern Coastal Streams-Coho","Coho",2003,116790,134004,NA,NA,NA,NA,NA,NA,NA,NA,NA,NA,NA,NA,NA,NA,NA,NA,NA,NA,NA,NA,NA,NA,NA,NA,NA,NA,NA,NA,NA,NA,NA,-0.137492199961181,315
"4857","Northern Coastal Streams-Coho","Coho",2004,92937,185540,NA,NA,NA,NA,NA,NA,NA,NA,NA,NA,NA,NA,NA,NA,NA,NA,NA,NA,NA,NA,NA,NA,NA,NA,NA,NA,NA,NA,NA,NA,NA,-0.691348647978874,315
"4858","Northern Coastal Streams-Coho","Coho",2005,167308,181668,NA,NA,NA,NA,NA,NA,NA,NA,NA,NA,NA,NA,NA,NA,NA,NA,NA,NA,NA,NA,NA,NA,NA,NA,NA,NA,NA,NA,NA,NA,NA,-0.0823444202777257,315
"4859","Northern Coastal Streams-Coho","Coho",2006,262610,104875,NA,NA,NA,NA,NA,NA,NA,NA,NA,NA,NA,NA,NA,NA,NA,NA,NA,NA,NA,NA,NA,NA,NA,NA,NA,NA,NA,NA,NA,NA,NA,0.917900877087423,315
"4860","Northern Coastal Streams-Coho","Coho",2007,133637,67235,NA,NA,NA,NA,NA,NA,NA,NA,NA,NA,NA,NA,NA,NA,NA,NA,NA,NA,NA,NA,NA,NA,NA,NA,NA,NA,NA,NA,NA,NA,NA,0.686933223592002,315
"4861","Northern Coastal Streams-Coho","Coho",2008,184868,77316,NA,NA,NA,NA,NA,NA,NA,NA,NA,NA,NA,NA,NA,NA,NA,NA,NA,NA,NA,NA,NA,NA,NA,NA,NA,NA,NA,NA,NA,NA,NA,0.87174113694839,315
"4862","Northern Coastal Streams-Coho","Coho",2009,153815,244107,NA,NA,NA,NA,NA,NA,NA,NA,NA,NA,NA,NA,NA,NA,NA,NA,NA,NA,NA,NA,NA,NA,NA,NA,NA,NA,NA,NA,NA,NA,NA,-0.461856072184906,315
"4863","Northern Coastal Streams-Coho","Coho",2010,153112,87357,NA,NA,NA,NA,NA,NA,NA,NA,NA,NA,NA,NA,NA,NA,NA,NA,NA,NA,NA,NA,NA,NA,NA,NA,NA,NA,NA,NA,NA,NA,NA,0.561166508988172,315
"4864","Northern Coastal Streams-Coho","Coho",2011,174162,145729,NA,NA,NA,NA,NA,NA,NA,NA,NA,NA,NA,NA,NA,NA,NA,NA,NA,NA,NA,NA,NA,NA,NA,NA,NA,NA,NA,NA,NA,NA,NA,0.178237168036527,315
"4865","Northern Coastal Streams-Coho","Coho",2012,161450,126474,NA,NA,NA,NA,NA,NA,NA,NA,NA,NA,NA,NA,NA,NA,NA,NA,NA,NA,NA,NA,NA,NA,NA,NA,NA,NA,NA,NA,NA,NA,NA,0.244158743758472,315
"4866","Northern Coastal Streams-Coho","Coho",2013,178227,109640,NA,NA,NA,NA,NA,NA,NA,NA,NA,NA,NA,NA,NA,NA,NA,NA,NA,NA,NA,NA,NA,NA,NA,NA,NA,NA,NA,NA,NA,NA,NA,0.485855747276378,315
"4867","East Haida Gwaii-Coho","Coho",1954,55360,127065,NA,NA,NA,NA,NA,NA,NA,NA,NA,NA,NA,NA,NA,NA,NA,NA,NA,NA,NA,NA,NA,NA,NA,NA,NA,NA,NA,NA,NA,NA,NA,-0.83084145524221,316
"4868","East Haida Gwaii-Coho","Coho",1955,53649,44016,NA,NA,NA,NA,NA,NA,NA,NA,NA,NA,NA,NA,NA,NA,NA,NA,NA,NA,NA,NA,NA,NA,NA,NA,NA,NA,NA,NA,NA,NA,NA,0.19790962539179,316
"4869","East Haida Gwaii-Coho","Coho",1956,18539,51283,NA,NA,NA,NA,NA,NA,NA,NA,NA,NA,NA,NA,NA,NA,NA,NA,NA,NA,NA,NA,NA,NA,NA,NA,NA,NA,NA,NA,NA,NA,NA,-1.01748269199086,316
"4870","East Haida Gwaii-Coho","Coho",1957,65742,42147,NA,NA,NA,NA,NA,NA,NA,NA,NA,NA,NA,NA,NA,NA,NA,NA,NA,NA,NA,NA,NA,NA,NA,NA,NA,NA,NA,NA,NA,NA,NA,0.444574483113687,316
"4871","East Haida Gwaii-Coho","Coho",1958,93227,46715,NA,NA,NA,NA,NA,NA,NA,NA,NA,NA,NA,NA,NA,NA,NA,NA,NA,NA,NA,NA,NA,NA,NA,NA,NA,NA,NA,NA,NA,NA,NA,0.690972067062624,316
"4872","East Haida Gwaii-Coho","Coho",1959,123356,8524,NA,NA,NA,NA,NA,NA,NA,NA,NA,NA,NA,NA,NA,NA,NA,NA,NA,NA,NA,NA,NA,NA,NA,NA,NA,NA,NA,NA,NA,NA,NA,2.6721887696314,316
"4873","East Haida Gwaii-Coho","Coho",1960,226302,47408,NA,NA,NA,NA,NA,NA,NA,NA,NA,NA,NA,NA,NA,NA,NA,NA,NA,NA,NA,NA,NA,NA,NA,NA,NA,NA,NA,NA,NA,NA,NA,1.56307939959512,316
"4874","East Haida Gwaii-Coho","Coho",1961,455494,69105,NA,NA,NA,NA,NA,NA,NA,NA,NA,NA,NA,NA,NA,NA,NA,NA,NA,NA,NA,NA,NA,NA,NA,NA,NA,NA,NA,NA,NA,NA,NA,1.88575545721918,316
"4875","East Haida Gwaii-Coho","Coho",1962,240608,86063,NA,NA,NA,NA,NA,NA,NA,NA,NA,NA,NA,NA,NA,NA,NA,NA,NA,NA,NA,NA,NA,NA,NA,NA,NA,NA,NA,NA,NA,NA,NA,1.02808946699232,316
"4876","East Haida Gwaii-Coho","Coho",1963,263357,144145,NA,NA,NA,NA,NA,NA,NA,NA,NA,NA,NA,NA,NA,NA,NA,NA,NA,NA,NA,NA,NA,NA,NA,NA,NA,NA,NA,NA,NA,NA,NA,0.602690788780348,316
"4877","East Haida Gwaii-Coho","Coho",1964,115771,363340,NA,NA,NA,NA,NA,NA,NA,NA,NA,NA,NA,NA,NA,NA,NA,NA,NA,NA,NA,NA,NA,NA,NA,NA,NA,NA,NA,NA,NA,NA,NA,-1.14372493301391,316
"4878","East Haida Gwaii-Coho","Coho",1965,134304,186540,NA,NA,NA,NA,NA,NA,NA,NA,NA,NA,NA,NA,NA,NA,NA,NA,NA,NA,NA,NA,NA,NA,NA,NA,NA,NA,NA,NA,NA,NA,NA,-0.328539806147537,316
"4879","East Haida Gwaii-Coho","Coho",1966,219297,217589,NA,NA,NA,NA,NA,NA,NA,NA,NA,NA,NA,NA,NA,NA,NA,NA,NA,NA,NA,NA,NA,NA,NA,NA,NA,NA,NA,NA,NA,NA,NA,0.00781901320628034,316
"4880","East Haida Gwaii-Coho","Coho",1967,317866,91769,NA,NA,NA,NA,NA,NA,NA,NA,NA,NA,NA,NA,NA,NA,NA,NA,NA,NA,NA,NA,NA,NA,NA,NA,NA,NA,NA,NA,NA,NA,NA,1.24235536036102,316
"4881","East Haida Gwaii-Coho","Coho",1968,61011,92600,NA,NA,NA,NA,NA,NA,NA,NA,NA,NA,NA,NA,NA,NA,NA,NA,NA,NA,NA,NA,NA,NA,NA,NA,NA,NA,NA,NA,NA,NA,NA,-0.417234965867086,316
"4882","East Haida Gwaii-Coho","Coho",1969,164332,155302,NA,NA,NA,NA,NA,NA,NA,NA,NA,NA,NA,NA,NA,NA,NA,NA,NA,NA,NA,NA,NA,NA,NA,NA,NA,NA,NA,NA,NA,NA,NA,0.0565171633796201,316
"4883","East Haida Gwaii-Coho","Coho",1970,146650,277384,NA,NA,NA,NA,NA,NA,NA,NA,NA,NA,NA,NA,NA,NA,NA,NA,NA,NA,NA,NA,NA,NA,NA,NA,NA,NA,NA,NA,NA,NA,NA,-0.637354032351124,316
"4884","East Haida Gwaii-Coho","Coho",1971,104677,32870,NA,NA,NA,NA,NA,NA,NA,NA,NA,NA,NA,NA,NA,NA,NA,NA,NA,NA,NA,NA,NA,NA,NA,NA,NA,NA,NA,NA,NA,NA,NA,1.15831903080556,316
"4885","East Haida Gwaii-Coho","Coho",1972,144070,120421,NA,NA,NA,NA,NA,NA,NA,NA,NA,NA,NA,NA,NA,NA,NA,NA,NA,NA,NA,NA,NA,NA,NA,NA,NA,NA,NA,NA,NA,NA,NA,0.179305356303166,316
"4886","East Haida Gwaii-Coho","Coho",1973,84118,121893,NA,NA,NA,NA,NA,NA,NA,NA,NA,NA,NA,NA,NA,NA,NA,NA,NA,NA,NA,NA,NA,NA,NA,NA,NA,NA,NA,NA,NA,NA,NA,-0.370923035727138,316
"4887","East Haida Gwaii-Coho","Coho",1974,82762,74007,NA,NA,NA,NA,NA,NA,NA,NA,NA,NA,NA,NA,NA,NA,NA,NA,NA,NA,NA,NA,NA,NA,NA,NA,NA,NA,NA,NA,NA,NA,NA,0.111809335524261,316
"4888","East Haida Gwaii-Coho","Coho",1975,101118,124574,NA,NA,NA,NA,NA,NA,NA,NA,NA,NA,NA,NA,NA,NA,NA,NA,NA,NA,NA,NA,NA,NA,NA,NA,NA,NA,NA,NA,NA,NA,NA,-0.208611765120516,316
"4889","East Haida Gwaii-Coho","Coho",1976,88222,68516,NA,NA,NA,NA,NA,NA,NA,NA,NA,NA,NA,NA,NA,NA,NA,NA,NA,NA,NA,NA,NA,NA,NA,NA,NA,NA,NA,NA,NA,NA,NA,0.252789070380318,316
"4890","East Haida Gwaii-Coho","Coho",1977,87422,59795,NA,NA,NA,NA,NA,NA,NA,NA,NA,NA,NA,NA,NA,NA,NA,NA,NA,NA,NA,NA,NA,NA,NA,NA,NA,NA,NA,NA,NA,NA,NA,0.379824921812639,316
"4891","East Haida Gwaii-Coho","Coho",1978,101057,73499,NA,NA,NA,NA,NA,NA,NA,NA,NA,NA,NA,NA,NA,NA,NA,NA,NA,NA,NA,NA,NA,NA,NA,NA,NA,NA,NA,NA,NA,NA,NA,0.318412913403641,316
"4892","East Haida Gwaii-Coho","Coho",1979,86465,62411,NA,NA,NA,NA,NA,NA,NA,NA,NA,NA,NA,NA,NA,NA,NA,NA,NA,NA,NA,NA,NA,NA,NA,NA,NA,NA,NA,NA,NA,NA,NA,0.325998165887077,316
"4893","East Haida Gwaii-Coho","Coho",1980,94898,58550,NA,NA,NA,NA,NA,NA,NA,NA,NA,NA,NA,NA,NA,NA,NA,NA,NA,NA,NA,NA,NA,NA,NA,NA,NA,NA,NA,NA,NA,NA,NA,0.482921540534483,316
"4894","East Haida Gwaii-Coho","Coho",1981,90659,74719,NA,NA,NA,NA,NA,NA,NA,NA,NA,NA,NA,NA,NA,NA,NA,NA,NA,NA,NA,NA,NA,NA,NA,NA,NA,NA,NA,NA,NA,NA,NA,0.193370804695674,316
"4895","East Haida Gwaii-Coho","Coho",1982,86832,64363,NA,NA,NA,NA,NA,NA,NA,NA,NA,NA,NA,NA,NA,NA,NA,NA,NA,NA,NA,NA,NA,NA,NA,NA,NA,NA,NA,NA,NA,NA,NA,0.299436283480226,316
"4896","East Haida Gwaii-Coho","Coho",1983,75108,63242,NA,NA,NA,NA,NA,NA,NA,NA,NA,NA,NA,NA,NA,NA,NA,NA,NA,NA,NA,NA,NA,NA,NA,NA,NA,NA,NA,NA,NA,NA,NA,0.171958440335923,316
"4897","East Haida Gwaii-Coho","Coho",1984,86872,63641,NA,NA,NA,NA,NA,NA,NA,NA,NA,NA,NA,NA,NA,NA,NA,NA,NA,NA,NA,NA,NA,NA,NA,NA,NA,NA,NA,NA,NA,NA,NA,0.311177854180661,316
"4898","East Haida Gwaii-Coho","Coho",1985,74640,61207,NA,NA,NA,NA,NA,NA,NA,NA,NA,NA,NA,NA,NA,NA,NA,NA,NA,NA,NA,NA,NA,NA,NA,NA,NA,NA,NA,NA,NA,NA,NA,0.19841499447663,316
"4899","East Haida Gwaii-Coho","Coho",1986,39507,47654,NA,NA,NA,NA,NA,NA,NA,NA,NA,NA,NA,NA,NA,NA,NA,NA,NA,NA,NA,NA,NA,NA,NA,NA,NA,NA,NA,NA,NA,NA,NA,-0.187488700616264,316
"4900","East Haida Gwaii-Coho","Coho",1987,69993,64529,NA,NA,NA,NA,NA,NA,NA,NA,NA,NA,NA,NA,NA,NA,NA,NA,NA,NA,NA,NA,NA,NA,NA,NA,NA,NA,NA,NA,NA,NA,NA,0.0812805018895683,316
"4901","East Haida Gwaii-Coho","Coho",1988,96657,59878,NA,NA,NA,NA,NA,NA,NA,NA,NA,NA,NA,NA,NA,NA,NA,NA,NA,NA,NA,NA,NA,NA,NA,NA,NA,NA,NA,NA,NA,NA,NA,0.478859470452046,316
"4902","East Haida Gwaii-Coho","Coho",1989,112764,25911,NA,NA,NA,NA,NA,NA,NA,NA,NA,NA,NA,NA,NA,NA,NA,NA,NA,NA,NA,NA,NA,NA,NA,NA,NA,NA,NA,NA,NA,NA,NA,1.47062955022267,316
"4903","East Haida Gwaii-Coho","Coho",1990,62338,46773,NA,NA,NA,NA,NA,NA,NA,NA,NA,NA,NA,NA,NA,NA,NA,NA,NA,NA,NA,NA,NA,NA,NA,NA,NA,NA,NA,NA,NA,NA,NA,0.287265078331771,316
"4904","East Haida Gwaii-Coho","Coho",1991,55517,73324,NA,NA,NA,NA,NA,NA,NA,NA,NA,NA,NA,NA,NA,NA,NA,NA,NA,NA,NA,NA,NA,NA,NA,NA,NA,NA,NA,NA,NA,NA,NA,-0.278198696700622,316
"4905","East Haida Gwaii-Coho","Coho",1992,47123,97998,NA,NA,NA,NA,NA,NA,NA,NA,NA,NA,NA,NA,NA,NA,NA,NA,NA,NA,NA,NA,NA,NA,NA,NA,NA,NA,NA,NA,NA,NA,NA,-0.7321858657498,316
"4906","East Haida Gwaii-Coho","Coho",1993,48071,51640,NA,NA,NA,NA,NA,NA,NA,NA,NA,NA,NA,NA,NA,NA,NA,NA,NA,NA,NA,NA,NA,NA,NA,NA,NA,NA,NA,NA,NA,NA,NA,-0.0716174812933204,316
"4907","East Haida Gwaii-Coho","Coho",1994,58235,44531,NA,NA,NA,NA,NA,NA,NA,NA,NA,NA,NA,NA,NA,NA,NA,NA,NA,NA,NA,NA,NA,NA,NA,NA,NA,NA,NA,NA,NA,NA,NA,0.268300972702437,316
"4908","East Haida Gwaii-Coho","Coho",1995,91819,39590,NA,NA,NA,NA,NA,NA,NA,NA,NA,NA,NA,NA,NA,NA,NA,NA,NA,NA,NA,NA,NA,NA,NA,NA,NA,NA,NA,NA,NA,NA,NA,0.841242686770283,316
"4909","East Haida Gwaii-Coho","Coho",1996,84091,34939,NA,NA,NA,NA,NA,NA,NA,NA,NA,NA,NA,NA,NA,NA,NA,NA,NA,NA,NA,NA,NA,NA,NA,NA,NA,NA,NA,NA,NA,NA,NA,0.878295861990487,316
"4910","East Haida Gwaii-Coho","Coho",1997,51838,40777,NA,NA,NA,NA,NA,NA,NA,NA,NA,NA,NA,NA,NA,NA,NA,NA,NA,NA,NA,NA,NA,NA,NA,NA,NA,NA,NA,NA,NA,NA,NA,0.240005274085903,316
"4911","East Haida Gwaii-Coho","Coho",1998,128643,88223,NA,NA,NA,NA,NA,NA,NA,NA,NA,NA,NA,NA,NA,NA,NA,NA,NA,NA,NA,NA,NA,NA,NA,NA,NA,NA,NA,NA,NA,NA,NA,0.377173426061289,316
"4912","East Haida Gwaii-Coho","Coho",1999,112969,89436,NA,NA,NA,NA,NA,NA,NA,NA,NA,NA,NA,NA,NA,NA,NA,NA,NA,NA,NA,NA,NA,NA,NA,NA,NA,NA,NA,NA,NA,NA,NA,0.233590159104516,316
"4913","East Haida Gwaii-Coho","Coho",2000,98344,38452,NA,NA,NA,NA,NA,NA,NA,NA,NA,NA,NA,NA,NA,NA,NA,NA,NA,NA,NA,NA,NA,NA,NA,NA,NA,NA,NA,NA,NA,NA,NA,0.93906082616147,316
"4914","East Haida Gwaii-Coho","Coho",2001,149626,130686,NA,NA,NA,NA,NA,NA,NA,NA,NA,NA,NA,NA,NA,NA,NA,NA,NA,NA,NA,NA,NA,NA,NA,NA,NA,NA,NA,NA,NA,NA,NA,0.135341347869762,316
"4915","East Haida Gwaii-Coho","Coho",2002,141760,116651,NA,NA,NA,NA,NA,NA,NA,NA,NA,NA,NA,NA,NA,NA,NA,NA,NA,NA,NA,NA,NA,NA,NA,NA,NA,NA,NA,NA,NA,NA,NA,0.194948915772841,316
"4916","East Haida Gwaii-Coho","Coho",2003,104608,84926,NA,NA,NA,NA,NA,NA,NA,NA,NA,NA,NA,NA,NA,NA,NA,NA,NA,NA,NA,NA,NA,NA,NA,NA,NA,NA,NA,NA,NA,NA,NA,0.208439741468806,316
"4917","East Haida Gwaii-Coho","Coho",2004,77392,66240,NA,NA,NA,NA,NA,NA,NA,NA,NA,NA,NA,NA,NA,NA,NA,NA,NA,NA,NA,NA,NA,NA,NA,NA,NA,NA,NA,NA,NA,NA,NA,0.155598906003623,316
"4918","East Haida Gwaii-Coho","Coho",2005,56362,54962,NA,NA,NA,NA,NA,NA,NA,NA,NA,NA,NA,NA,NA,NA,NA,NA,NA,NA,NA,NA,NA,NA,NA,NA,NA,NA,NA,NA,NA,NA,NA,0.0251531352073756,316
"4919","East Haida Gwaii-Coho","Coho",2006,106808,86221,NA,NA,NA,NA,NA,NA,NA,NA,NA,NA,NA,NA,NA,NA,NA,NA,NA,NA,NA,NA,NA,NA,NA,NA,NA,NA,NA,NA,NA,NA,NA,0.214119062598996,316
"4920","East Haida Gwaii-Coho","Coho",2007,118138,66829,NA,NA,NA,NA,NA,NA,NA,NA,NA,NA,NA,NA,NA,NA,NA,NA,NA,NA,NA,NA,NA,NA,NA,NA,NA,NA,NA,NA,NA,NA,NA,0.569716314597373,316
"4921","East Haida Gwaii-Coho","Coho",2008,120921,39058,NA,NA,NA,NA,NA,NA,NA,NA,NA,NA,NA,NA,NA,NA,NA,NA,NA,NA,NA,NA,NA,NA,NA,NA,NA,NA,NA,NA,NA,NA,NA,1.130089718947,316
"4922","East Haida Gwaii-Coho","Coho",2009,39702,87736,NA,NA,NA,NA,NA,NA,NA,NA,NA,NA,NA,NA,NA,NA,NA,NA,NA,NA,NA,NA,NA,NA,NA,NA,NA,NA,NA,NA,NA,NA,NA,-0.79293074119993,316
"4923","East Haida Gwaii-Coho","Coho",2010,81477,84164,NA,NA,NA,NA,NA,NA,NA,NA,NA,NA,NA,NA,NA,NA,NA,NA,NA,NA,NA,NA,NA,NA,NA,NA,NA,NA,NA,NA,NA,NA,NA,-0.0324465045475431,316
"4924","East Haida Gwaii-Coho","Coho",2011,94988,121308,NA,NA,NA,NA,NA,NA,NA,NA,NA,NA,NA,NA,NA,NA,NA,NA,NA,NA,NA,NA,NA,NA,NA,NA,NA,NA,NA,NA,NA,NA,NA,-0.244582198127365,316
"4925","East Haida Gwaii-Coho","Coho",2012,109438,28138,NA,NA,NA,NA,NA,NA,NA,NA,NA,NA,NA,NA,NA,NA,NA,NA,NA,NA,NA,NA,NA,NA,NA,NA,NA,NA,NA,NA,NA,NA,NA,1.35823720289843,316
"4926","East Haida Gwaii-Coho","Coho",2013,60279,65315,NA,NA,NA,NA,NA,NA,NA,NA,NA,NA,NA,NA,NA,NA,NA,NA,NA,NA,NA,NA,NA,NA,NA,NA,NA,NA,NA,NA,NA,NA,NA,-0.0802379345680009,316
"4927","West Haida Gwaii-Coho","Coho",1964,100216,98632,NA,NA,NA,NA,NA,NA,NA,NA,NA,NA,NA,NA,NA,NA,NA,NA,NA,NA,NA,NA,NA,NA,NA,NA,NA,NA,NA,NA,NA,NA,NA,0.0159321039756393,317
"4928","West Haida Gwaii-Coho","Coho",1965,89683,55830,NA,NA,NA,NA,NA,NA,NA,NA,NA,NA,NA,NA,NA,NA,NA,NA,NA,NA,NA,NA,NA,NA,NA,NA,NA,NA,NA,NA,NA,NA,NA,0.473969871156875,317
"4929","West Haida Gwaii-Coho","Coho",1966,64289,104680,NA,NA,NA,NA,NA,NA,NA,NA,NA,NA,NA,NA,NA,NA,NA,NA,NA,NA,NA,NA,NA,NA,NA,NA,NA,NA,NA,NA,NA,NA,NA,-0.48751953414791,317
"4930","West Haida Gwaii-Coho","Coho",1967,31572,81589,NA,NA,NA,NA,NA,NA,NA,NA,NA,NA,NA,NA,NA,NA,NA,NA,NA,NA,NA,NA,NA,NA,NA,NA,NA,NA,NA,NA,NA,NA,NA,-0.949423797115471,317
"4931","West Haida Gwaii-Coho","Coho",1968,15276,70325,NA,NA,NA,NA,NA,NA,NA,NA,NA,NA,NA,NA,NA,NA,NA,NA,NA,NA,NA,NA,NA,NA,NA,NA,NA,NA,NA,NA,NA,NA,NA,-1.52684438501265,317
"4932","West Haida Gwaii-Coho","Coho",1969,48131,54893,NA,NA,NA,NA,NA,NA,NA,NA,NA,NA,NA,NA,NA,NA,NA,NA,NA,NA,NA,NA,NA,NA,NA,NA,NA,NA,NA,NA,NA,NA,NA,-0.131459375671053,317
"4933","West Haida Gwaii-Coho","Coho",1970,9740,26832,NA,NA,NA,NA,NA,NA,NA,NA,NA,NA,NA,NA,NA,NA,NA,NA,NA,NA,NA,NA,NA,NA,NA,NA,NA,NA,NA,NA,NA,NA,NA,-1.01335408742641,317
"4934","West Haida Gwaii-Coho","Coho",1971,7232,6708,NA,NA,NA,NA,NA,NA,NA,NA,NA,NA,NA,NA,NA,NA,NA,NA,NA,NA,NA,NA,NA,NA,NA,NA,NA,NA,NA,NA,NA,NA,NA,0.0752147791289131,317
"4935","West Haida Gwaii-Coho","Coho",1974,35692,5185,NA,NA,NA,NA,NA,NA,NA,NA,NA,NA,NA,NA,NA,NA,NA,NA,NA,NA,NA,NA,NA,NA,NA,NA,NA,NA,NA,NA,NA,NA,NA,1.92915673235641,317
"4936","West Haida Gwaii-Coho","Coho",1975,26532,8296,NA,NA,NA,NA,NA,NA,NA,NA,NA,NA,NA,NA,NA,NA,NA,NA,NA,NA,NA,NA,NA,NA,NA,NA,NA,NA,NA,NA,NA,NA,NA,1.16257808073608,317
"4937","West Haida Gwaii-Coho","Coho",1977,14507,28348,NA,NA,NA,NA,NA,NA,NA,NA,NA,NA,NA,NA,NA,NA,NA,NA,NA,NA,NA,NA,NA,NA,NA,NA,NA,NA,NA,NA,NA,NA,NA,-0.669925189391244,317
"4938","West Haida Gwaii-Coho","Coho",1978,33329,16938,NA,NA,NA,NA,NA,NA,NA,NA,NA,NA,NA,NA,NA,NA,NA,NA,NA,NA,NA,NA,NA,NA,NA,NA,NA,NA,NA,NA,NA,NA,NA,0.676868270369842,317
"4939","West Haida Gwaii-Coho","Coho",1979,9655,30665,NA,NA,NA,NA,NA,NA,NA,NA,NA,NA,NA,NA,NA,NA,NA,NA,NA,NA,NA,NA,NA,NA,NA,NA,NA,NA,NA,NA,NA,NA,NA,-1.15564602319747,317
"4940","West Haida Gwaii-Coho","Coho",1980,14615,7424,NA,NA,NA,NA,NA,NA,NA,NA,NA,NA,NA,NA,NA,NA,NA,NA,NA,NA,NA,NA,NA,NA,NA,NA,NA,NA,NA,NA,NA,NA,NA,0.67733040307931,317
"4941","West Haida Gwaii-Coho","Coho",1981,20821,26976,NA,NA,NA,NA,NA,NA,NA,NA,NA,NA,NA,NA,NA,NA,NA,NA,NA,NA,NA,NA,NA,NA,NA,NA,NA,NA,NA,NA,NA,NA,NA,-0.258985489046388,317
"4942","West Haida Gwaii-Coho","Coho",1982,21692,6796,NA,NA,NA,NA,NA,NA,NA,NA,NA,NA,NA,NA,NA,NA,NA,NA,NA,NA,NA,NA,NA,NA,NA,NA,NA,NA,NA,NA,NA,NA,NA,1.16060932516913,317
"4943","West Haida Gwaii-Coho","Coho",1983,69667,8887,NA,NA,NA,NA,NA,NA,NA,NA,NA,NA,NA,NA,NA,NA,NA,NA,NA,NA,NA,NA,NA,NA,NA,NA,NA,NA,NA,NA,NA,NA,NA,2.05913721321791,317
"4944","West Haida Gwaii-Coho","Coho",1984,51036,15265,NA,NA,NA,NA,NA,NA,NA,NA,NA,NA,NA,NA,NA,NA,NA,NA,NA,NA,NA,NA,NA,NA,NA,NA,NA,NA,NA,NA,NA,NA,NA,1.20696863987266,317
"4945","West Haida Gwaii-Coho","Coho",1985,45830,8992,NA,NA,NA,NA,NA,NA,NA,NA,NA,NA,NA,NA,NA,NA,NA,NA,NA,NA,NA,NA,NA,NA,NA,NA,NA,NA,NA,NA,NA,NA,NA,1.6286036053697,317
"4946","West Haida Gwaii-Coho","Coho",1986,14923,47574,NA,NA,NA,NA,NA,NA,NA,NA,NA,NA,NA,NA,NA,NA,NA,NA,NA,NA,NA,NA,NA,NA,NA,NA,NA,NA,NA,NA,NA,NA,NA,-1.15938274656899,317
"4947","West Haida Gwaii-Coho","Coho",1987,14783,37526,NA,NA,NA,NA,NA,NA,NA,NA,NA,NA,NA,NA,NA,NA,NA,NA,NA,NA,NA,NA,NA,NA,NA,NA,NA,NA,NA,NA,NA,NA,NA,-0.93155615414623,317
"4948","West Haida Gwaii-Coho","Coho",1988,19948,37641,NA,NA,NA,NA,NA,NA,NA,NA,NA,NA,NA,NA,NA,NA,NA,NA,NA,NA,NA,NA,NA,NA,NA,NA,NA,NA,NA,NA,NA,NA,NA,-0.634964994161796,317
"4949","West Haida Gwaii-Coho","Coho",1989,26351,11188,NA,NA,NA,NA,NA,NA,NA,NA,NA,NA,NA,NA,NA,NA,NA,NA,NA,NA,NA,NA,NA,NA,NA,NA,NA,NA,NA,NA,NA,NA,NA,0.856664449591686,317
"4950","West Haida Gwaii-Coho","Coho",1990,38808,9933,NA,NA,NA,NA,NA,NA,NA,NA,NA,NA,NA,NA,NA,NA,NA,NA,NA,NA,NA,NA,NA,NA,NA,NA,NA,NA,NA,NA,NA,NA,NA,1.3627638637097,317
"4951","West Haida Gwaii-Coho","Coho",1991,24045,15161,NA,NA,NA,NA,NA,NA,NA,NA,NA,NA,NA,NA,NA,NA,NA,NA,NA,NA,NA,NA,NA,NA,NA,NA,NA,NA,NA,NA,NA,NA,NA,0.461200733630181,317
"4952","West Haida Gwaii-Coho","Coho",1992,13228,19343,NA,NA,NA,NA,NA,NA,NA,NA,NA,NA,NA,NA,NA,NA,NA,NA,NA,NA,NA,NA,NA,NA,NA,NA,NA,NA,NA,NA,NA,NA,NA,-0.379994801800414,317
"4953","West Haida Gwaii-Coho","Coho",1993,30278,33458,NA,NA,NA,NA,NA,NA,NA,NA,NA,NA,NA,NA,NA,NA,NA,NA,NA,NA,NA,NA,NA,NA,NA,NA,NA,NA,NA,NA,NA,NA,NA,-0.099869544719402,317
"4954","West Haida Gwaii-Coho","Coho",1994,11166,20598,NA,NA,NA,NA,NA,NA,NA,NA,NA,NA,NA,NA,NA,NA,NA,NA,NA,NA,NA,NA,NA,NA,NA,NA,NA,NA,NA,NA,NA,NA,NA,-0.612320536815441,317
"4955","West Haida Gwaii-Coho","Coho",1995,29746,8260,NA,NA,NA,NA,NA,NA,NA,NA,NA,NA,NA,NA,NA,NA,NA,NA,NA,NA,NA,NA,NA,NA,NA,NA,NA,NA,NA,NA,NA,NA,NA,1.28127008163752,317
"4956","West Haida Gwaii-Coho","Coho",1996,23752,25198,NA,NA,NA,NA,NA,NA,NA,NA,NA,NA,NA,NA,NA,NA,NA,NA,NA,NA,NA,NA,NA,NA,NA,NA,NA,NA,NA,NA,NA,NA,NA,-0.0590978888269793,317
"4957","West Haida Gwaii-Coho","Coho",1997,37711,6086,NA,NA,NA,NA,NA,NA,NA,NA,NA,NA,NA,NA,NA,NA,NA,NA,NA,NA,NA,NA,NA,NA,NA,NA,NA,NA,NA,NA,NA,NA,NA,1.82396077760883,317
"4958","West Haida Gwaii-Coho","Coho",1998,59029,29694,NA,NA,NA,NA,NA,NA,NA,NA,NA,NA,NA,NA,NA,NA,NA,NA,NA,NA,NA,NA,NA,NA,NA,NA,NA,NA,NA,NA,NA,NA,NA,0.687083843372592,317
"4959","West Haida Gwaii-Coho","Coho",1999,44950,21434,NA,NA,NA,NA,NA,NA,NA,NA,NA,NA,NA,NA,NA,NA,NA,NA,NA,NA,NA,NA,NA,NA,NA,NA,NA,NA,NA,NA,NA,NA,NA,0.740572314626824,317
"4960","West Haida Gwaii-Coho","Coho",2005,34374,20908,NA,NA,NA,NA,NA,NA,NA,NA,NA,NA,NA,NA,NA,NA,NA,NA,NA,NA,NA,NA,NA,NA,NA,NA,NA,NA,NA,NA,NA,NA,NA,0.49716860380382,317
"4961","Haida Gwaii-Graham Island Lowlands-Coho","Coho",1954,275762,213048,NA,NA,NA,NA,NA,NA,NA,NA,NA,NA,NA,NA,NA,NA,NA,NA,NA,NA,NA,NA,NA,NA,NA,NA,NA,NA,NA,NA,NA,NA,NA,0.258020682431674,318
"4962","Haida Gwaii-Graham Island Lowlands-Coho","Coho",1955,250951,213048,NA,NA,NA,NA,NA,NA,NA,NA,NA,NA,NA,NA,NA,NA,NA,NA,NA,NA,NA,NA,NA,NA,NA,NA,NA,NA,NA,NA,NA,NA,NA,0.163740208516417,318
"4963","Haida Gwaii-Graham Island Lowlands-Coho","Coho",1956,135712,213048,NA,NA,NA,NA,NA,NA,NA,NA,NA,NA,NA,NA,NA,NA,NA,NA,NA,NA,NA,NA,NA,NA,NA,NA,NA,NA,NA,NA,NA,NA,NA,-0.450982499141948,318
"4964","Haida Gwaii-Graham Island Lowlands-Coho","Coho",1957,471873,213048,NA,NA,NA,NA,NA,NA,NA,NA,NA,NA,NA,NA,NA,NA,NA,NA,NA,NA,NA,NA,NA,NA,NA,NA,NA,NA,NA,NA,NA,NA,NA,0.795192389149583,318
"4965","Haida Gwaii-Graham Island Lowlands-Coho","Coho",1958,965354,213048,NA,NA,NA,NA,NA,NA,NA,NA,NA,NA,NA,NA,NA,NA,NA,NA,NA,NA,NA,NA,NA,NA,NA,NA,NA,NA,NA,NA,NA,NA,NA,1.51097738101398,318
"4966","Haida Gwaii-Graham Island Lowlands-Coho","Coho",1959,140139,71016,NA,NA,NA,NA,NA,NA,NA,NA,NA,NA,NA,NA,NA,NA,NA,NA,NA,NA,NA,NA,NA,NA,NA,NA,NA,NA,NA,NA,NA,NA,NA,0.679729583429489,318
"4967","Haida Gwaii-Graham Island Lowlands-Coho","Coho",1960,211136,284064,NA,NA,NA,NA,NA,NA,NA,NA,NA,NA,NA,NA,NA,NA,NA,NA,NA,NA,NA,NA,NA,NA,NA,NA,NA,NA,NA,NA,NA,NA,NA,-0.296697089279793,318
"4968","Haida Gwaii-Graham Island Lowlands-Coho","Coho",1961,605221,852192,NA,NA,NA,NA,NA,NA,NA,NA,NA,NA,NA,NA,NA,NA,NA,NA,NA,NA,NA,NA,NA,NA,NA,NA,NA,NA,NA,NA,NA,NA,NA,-0.342218172968856,318
"4969","Haida Gwaii-Graham Island Lowlands-Coho","Coho",1962,208428,106524,NA,NA,NA,NA,NA,NA,NA,NA,NA,NA,NA,NA,NA,NA,NA,NA,NA,NA,NA,NA,NA,NA,NA,NA,NA,NA,NA,NA,NA,NA,NA,0.671223345985693,318
"4970","Haida Gwaii-Graham Island Lowlands-Coho","Coho",1963,292068,106524,NA,NA,NA,NA,NA,NA,NA,NA,NA,NA,NA,NA,NA,NA,NA,NA,NA,NA,NA,NA,NA,NA,NA,NA,NA,NA,NA,NA,NA,NA,NA,1.00861633999486,318
"4971","Haida Gwaii-Graham Island Lowlands-Coho","Coho",1964,322531,497112,NA,NA,NA,NA,NA,NA,NA,NA,NA,NA,NA,NA,NA,NA,NA,NA,NA,NA,NA,NA,NA,NA,NA,NA,NA,NA,NA,NA,NA,NA,NA,-0.432616097174115,318
"4972","Haida Gwaii-Graham Island Lowlands-Coho","Coho",1965,140768,156235,NA,NA,NA,NA,NA,NA,NA,NA,NA,NA,NA,NA,NA,NA,NA,NA,NA,NA,NA,NA,NA,NA,NA,NA,NA,NA,NA,NA,NA,NA,NA,-0.104248138841907,318
"4973","Haida Gwaii-Graham Island Lowlands-Coho","Coho",1966,147356,213048,NA,NA,NA,NA,NA,NA,NA,NA,NA,NA,NA,NA,NA,NA,NA,NA,NA,NA,NA,NA,NA,NA,NA,NA,NA,NA,NA,NA,NA,NA,NA,-0.368666064703799,318
"4974","Haida Gwaii-Graham Island Lowlands-Coho","Coho",1967,216102,284064,NA,NA,NA,NA,NA,NA,NA,NA,NA,NA,NA,NA,NA,NA,NA,NA,NA,NA,NA,NA,NA,NA,NA,NA,NA,NA,NA,NA,NA,NA,NA,-0.273449046441347,318
"4975","Haida Gwaii-Graham Island Lowlands-Coho","Coho",1968,185109,106524,NA,NA,NA,NA,NA,NA,NA,NA,NA,NA,NA,NA,NA,NA,NA,NA,NA,NA,NA,NA,NA,NA,NA,NA,NA,NA,NA,NA,NA,NA,NA,0.552574528889529,318
"4976","Haida Gwaii-Graham Island Lowlands-Coho","Coho",1969,259194,106524,NA,NA,NA,NA,NA,NA,NA,NA,NA,NA,NA,NA,NA,NA,NA,NA,NA,NA,NA,NA,NA,NA,NA,NA,NA,NA,NA,NA,NA,NA,NA,0.889206504187866,318
"4977","Haida Gwaii-Graham Island Lowlands-Coho","Coho",1972,181650,213048,NA,NA,NA,NA,NA,NA,NA,NA,NA,NA,NA,NA,NA,NA,NA,NA,NA,NA,NA,NA,NA,NA,NA,NA,NA,NA,NA,NA,NA,NA,NA,-0.159435733766917,318
"4978","Haida Gwaii-Graham Island Lowlands-Coho","Coho",1973,202387,44030,NA,NA,NA,NA,NA,NA,NA,NA,NA,NA,NA,NA,NA,NA,NA,NA,NA,NA,NA,NA,NA,NA,NA,NA,NA,NA,NA,NA,NA,NA,NA,1.52531048633385,318
"4979","Haida Gwaii-Graham Island Lowlands-Coho","Coho",1975,279065,142032,NA,NA,NA,NA,NA,NA,NA,NA,NA,NA,NA,NA,NA,NA,NA,NA,NA,NA,NA,NA,NA,NA,NA,NA,NA,NA,NA,NA,NA,NA,NA,0.675392345271356,318
"4980","Haida Gwaii-Graham Island Lowlands-Coho","Coho",1976,155849,177540,NA,NA,NA,NA,NA,NA,NA,NA,NA,NA,NA,NA,NA,NA,NA,NA,NA,NA,NA,NA,NA,NA,NA,NA,NA,NA,NA,NA,NA,NA,NA,-0.130308345873463,318
"4981","Haida Gwaii-Graham Island Lowlands-Coho","Coho",1977,119713,71016,NA,NA,NA,NA,NA,NA,NA,NA,NA,NA,NA,NA,NA,NA,NA,NA,NA,NA,NA,NA,NA,NA,NA,NA,NA,NA,NA,NA,NA,NA,NA,0.522192007746277,318
"4982","Haida Gwaii-Graham Island Lowlands-Coho","Coho",1978,97908,213048,NA,NA,NA,NA,NA,NA,NA,NA,NA,NA,NA,NA,NA,NA,NA,NA,NA,NA,NA,NA,NA,NA,NA,NA,NA,NA,NA,NA,NA,NA,NA,-0.777489230199464,318
"4983","Haida Gwaii-Graham Island Lowlands-Coho","Coho",1979,94022,113626,NA,NA,NA,NA,NA,NA,NA,NA,NA,NA,NA,NA,NA,NA,NA,NA,NA,NA,NA,NA,NA,NA,NA,NA,NA,NA,NA,NA,NA,NA,NA,-0.189383555899494,318
"4984","Haida Gwaii-Graham Island Lowlands-Coho","Coho",1980,93291,85219,NA,NA,NA,NA,NA,NA,NA,NA,NA,NA,NA,NA,NA,NA,NA,NA,NA,NA,NA,NA,NA,NA,NA,NA,NA,NA,NA,NA,NA,NA,NA,0.0904992265096787,318
"4985","Haida Gwaii-Graham Island Lowlands-Coho","Coho",1981,84381,71016,NA,NA,NA,NA,NA,NA,NA,NA,NA,NA,NA,NA,NA,NA,NA,NA,NA,NA,NA,NA,NA,NA,NA,NA,NA,NA,NA,NA,NA,NA,NA,0.172437054009512,318
"4986","Haida Gwaii-Graham Island Lowlands-Coho","Coho",1982,150780,71016,NA,NA,NA,NA,NA,NA,NA,NA,NA,NA,NA,NA,NA,NA,NA,NA,NA,NA,NA,NA,NA,NA,NA,NA,NA,NA,NA,NA,NA,NA,NA,0.752916617017538,318
"4987","Haida Gwaii-Graham Island Lowlands-Coho","Coho",1983,63029,63914,NA,NA,NA,NA,NA,NA,NA,NA,NA,NA,NA,NA,NA,NA,NA,NA,NA,NA,NA,NA,NA,NA,NA,NA,NA,NA,NA,NA,NA,NA,NA,-0.0139434917797683,318
"4988","Haida Gwaii-Graham Island Lowlands-Coho","Coho",1984,56877,49711,NA,NA,NA,NA,NA,NA,NA,NA,NA,NA,NA,NA,NA,NA,NA,NA,NA,NA,NA,NA,NA,NA,NA,NA,NA,NA,NA,NA,NA,NA,NA,0.134664804907042,318
"4989","Haida Gwaii-Graham Island Lowlands-Coho","Coho",1985,106828,113626,NA,NA,NA,NA,NA,NA,NA,NA,NA,NA,NA,NA,NA,NA,NA,NA,NA,NA,NA,NA,NA,NA,NA,NA,NA,NA,NA,NA,NA,NA,NA,-0.0616922888894126,318
"4990","Haida Gwaii-Graham Island Lowlands-Coho","Coho",1986,100201,42610,NA,NA,NA,NA,NA,NA,NA,NA,NA,NA,NA,NA,NA,NA,NA,NA,NA,NA,NA,NA,NA,NA,NA,NA,NA,NA,NA,NA,NA,NA,NA,0.855089201129064,318
"4991","Haida Gwaii-Graham Island Lowlands-Coho","Coho",1987,16835,35508,NA,NA,NA,NA,NA,NA,NA,NA,NA,NA,NA,NA,NA,NA,NA,NA,NA,NA,NA,NA,NA,NA,NA,NA,NA,NA,NA,NA,NA,NA,NA,-0.746297970593035,318
"4992","Haida Gwaii-Graham Island Lowlands-Coho","Coho",1988,29370,78118,NA,NA,NA,NA,NA,NA,NA,NA,NA,NA,NA,NA,NA,NA,NA,NA,NA,NA,NA,NA,NA,NA,NA,NA,NA,NA,NA,NA,NA,NA,NA,-0.978246758831717,318
"4993","Haida Gwaii-Graham Island Lowlands-Coho","Coho",1989,43156,85219,NA,NA,NA,NA,NA,NA,NA,NA,NA,NA,NA,NA,NA,NA,NA,NA,NA,NA,NA,NA,NA,NA,NA,NA,NA,NA,NA,NA,NA,NA,NA,-0.680402955979161,318
"4994","Haida Gwaii-Graham Island Lowlands-Coho","Coho",1990,65335,10652,NA,NA,NA,NA,NA,NA,NA,NA,NA,NA,NA,NA,NA,NA,NA,NA,NA,NA,NA,NA,NA,NA,NA,NA,NA,NA,NA,NA,NA,NA,NA,1.81378021248942,318
"4995","Haida Gwaii-Graham Island Lowlands-Coho","Coho",1991,236020,21305,NA,NA,NA,NA,NA,NA,NA,NA,NA,NA,NA,NA,NA,NA,NA,NA,NA,NA,NA,NA,NA,NA,NA,NA,NA,NA,NA,NA,NA,NA,NA,2.40497476024573,318
"4996","Haida Gwaii-Graham Island Lowlands-Coho","Coho",1992,28802,35508,NA,NA,NA,NA,NA,NA,NA,NA,NA,NA,NA,NA,NA,NA,NA,NA,NA,NA,NA,NA,NA,NA,NA,NA,NA,NA,NA,NA,NA,NA,NA,-0.209313194030882,318
"4997","Haida Gwaii-Graham Island Lowlands-Coho","Coho",1993,73130,25566,NA,NA,NA,NA,NA,NA,NA,NA,NA,NA,NA,NA,NA,NA,NA,NA,NA,NA,NA,NA,NA,NA,NA,NA,NA,NA,NA,NA,NA,NA,NA,1.05097533553703,318
"4998","Haida Gwaii-Graham Island Lowlands-Coho","Coho",1994,40498,213048,NA,NA,NA,NA,NA,NA,NA,NA,NA,NA,NA,NA,NA,NA,NA,NA,NA,NA,NA,NA,NA,NA,NA,NA,NA,NA,NA,NA,NA,NA,NA,-1.66026490225705,318
"4999","Haida Gwaii-Graham Island Lowlands-Coho","Coho",1995,112392,17044,NA,NA,NA,NA,NA,NA,NA,NA,NA,NA,NA,NA,NA,NA,NA,NA,NA,NA,NA,NA,NA,NA,NA,NA,NA,NA,NA,NA,NA,NA,NA,1.88619452491168,318
"5000","Haida Gwaii-Graham Island Lowlands-Coho","Coho",1996,83659,59653,NA,NA,NA,NA,NA,NA,NA,NA,NA,NA,NA,NA,NA,NA,NA,NA,NA,NA,NA,NA,NA,NA,NA,NA,NA,NA,NA,NA,NA,NA,NA,0.338204572141642,318
"5001","Haida Gwaii-Graham Island Lowlands-Coho","Coho",1997,137121,21305,NA,NA,NA,NA,NA,NA,NA,NA,NA,NA,NA,NA,NA,NA,NA,NA,NA,NA,NA,NA,NA,NA,NA,NA,NA,NA,NA,NA,NA,NA,NA,1.86192196075315,318
"5002","Haida Gwaii-Graham Island Lowlands-Coho","Coho",2005,115438,95971,NA,NA,NA,NA,NA,NA,NA,NA,NA,NA,NA,NA,NA,NA,NA,NA,NA,NA,NA,NA,NA,NA,NA,NA,NA,NA,NA,NA,NA,NA,NA,0.184687526800069,318
"5003","Haida Gwaii-Graham Island Lowlands-Coho","Coho",2006,253136,163663,NA,NA,NA,NA,NA,NA,NA,NA,NA,NA,NA,NA,NA,NA,NA,NA,NA,NA,NA,NA,NA,NA,NA,NA,NA,NA,NA,NA,NA,NA,NA,0.43611745808991,318
"5004","Haida Gwaii-Graham Island Lowlands-Coho","Coho",2007,146158,131124,NA,NA,NA,NA,NA,NA,NA,NA,NA,NA,NA,NA,NA,NA,NA,NA,NA,NA,NA,NA,NA,NA,NA,NA,NA,NA,NA,NA,NA,NA,NA,0.108544787965148,318
"5005","Haida Gwaii-Graham Island Lowlands-Coho","Coho",2008,79044,73033,NA,NA,NA,NA,NA,NA,NA,NA,NA,NA,NA,NA,NA,NA,NA,NA,NA,NA,NA,NA,NA,NA,NA,NA,NA,NA,NA,NA,NA,NA,NA,0.0790932656496307,318
"5006","Haida Gwaii-Graham Island Lowlands-Coho","Coho",2012,226579,115046,NA,NA,NA,NA,NA,NA,NA,NA,NA,NA,NA,NA,NA,NA,NA,NA,NA,NA,NA,NA,NA,NA,NA,NA,NA,NA,NA,NA,NA,NA,NA,0.677761621598824,318
"5007","Puyallup-Pink-Odd","Pink-Odd",1959,35762,14000,NA,NA,NA,NA,NA,NA,NA,NA,NA,NA,NA,NA,NA,NA,NA,NA,NA,NA,NA,NA,NA,NA,NA,NA,NA,NA,NA,NA,NA,NA,NA,0.937828547537753,159
"5008","Puyallup-Pink-Odd","Pink-Odd",1961,115338,10000,NA,NA,NA,NA,NA,NA,NA,NA,NA,NA,NA,NA,NA,NA,NA,NA,NA,NA,NA,NA,NA,NA,NA,NA,NA,NA,NA,NA,NA,NA,NA,2.44528185500473,159
"5009","Puyallup-Pink-Odd","Pink-Odd",1963,36145,10221,NA,NA,NA,NA,NA,NA,NA,NA,NA,NA,NA,NA,NA,NA,NA,NA,NA,NA,NA,NA,NA,NA,NA,NA,NA,NA,NA,NA,NA,NA,NA,1.26309419910532,159
"5010","Puyallup-Pink-Odd","Pink-Odd",1965,45313,25131,NA,NA,NA,NA,NA,NA,NA,NA,NA,NA,NA,NA,NA,NA,NA,NA,NA,NA,NA,NA,NA,NA,NA,NA,NA,NA,NA,NA,NA,NA,NA,0.589491823196991,159
"5011","Puyallup-Pink-Odd","Pink-Odd",1967,24152,22038,NA,NA,NA,NA,NA,NA,NA,NA,NA,NA,NA,NA,NA,NA,NA,NA,NA,NA,NA,NA,NA,NA,NA,NA,NA,NA,NA,NA,NA,NA,NA,0.0915989563389524,159
"5012","Puyallup-Pink-Odd","Pink-Odd",1969,66498,16003,NA,NA,NA,NA,NA,NA,NA,NA,NA,NA,NA,NA,NA,NA,NA,NA,NA,NA,NA,NA,NA,NA,NA,NA,NA,NA,NA,NA,NA,NA,NA,1.42439566735772,159
"5013","Puyallup-Pink-Odd","Pink-Odd",1971,32721,40000,NA,NA,NA,NA,NA,NA,NA,NA,NA,NA,NA,NA,NA,NA,NA,NA,NA,NA,NA,NA,NA,NA,NA,NA,NA,NA,NA,NA,NA,NA,NA,-0.200862380499221,159
"5014","Puyallup-Pink-Odd","Pink-Odd",1973,38204,12194,NA,NA,NA,NA,NA,NA,NA,NA,NA,NA,NA,NA,NA,NA,NA,NA,NA,NA,NA,NA,NA,NA,NA,NA,NA,NA,NA,NA,NA,NA,NA,1.14199619468687,159
"5015","Puyallup-Pink-Odd","Pink-Odd",1975,57846,11800,NA,NA,NA,NA,NA,NA,NA,NA,NA,NA,NA,NA,NA,NA,NA,NA,NA,NA,NA,NA,NA,NA,NA,NA,NA,NA,NA,NA,NA,NA,NA,1.58968477543868,159
"5016","Puyallup-Pink-Odd","Pink-Odd",1977,111968,29429,NA,NA,NA,NA,NA,NA,NA,NA,NA,NA,NA,NA,NA,NA,NA,NA,NA,NA,NA,NA,NA,NA,NA,NA,NA,NA,NA,NA,NA,NA,NA,1.33623253345025,159
"5017","Puyallup-Pink-Odd","Pink-Odd",1979,37940,29481,NA,NA,NA,NA,NA,NA,NA,NA,NA,NA,NA,NA,NA,NA,NA,NA,NA,NA,NA,NA,NA,NA,NA,NA,NA,NA,NA,NA,NA,NA,NA,0.252259976458469,159
"5018","Puyallup-Pink-Odd","Pink-Odd",1981,25827,12115,NA,NA,NA,NA,NA,NA,NA,NA,NA,NA,NA,NA,NA,NA,NA,NA,NA,NA,NA,NA,NA,NA,NA,NA,NA,NA,NA,NA,NA,NA,NA,0.756976102075438,159
"5019","Puyallup-Pink-Odd","Pink-Odd",1983,54789,11600,NA,NA,NA,NA,NA,NA,NA,NA,NA,NA,NA,NA,NA,NA,NA,NA,NA,NA,NA,NA,NA,NA,NA,NA,NA,NA,NA,NA,NA,NA,NA,1.5524843457657,159
"5020","Puyallup-Pink-Odd","Pink-Odd",1985,48423,34100,NA,NA,NA,NA,NA,NA,NA,NA,NA,NA,NA,NA,NA,NA,NA,NA,NA,NA,NA,NA,NA,NA,NA,NA,NA,NA,NA,NA,NA,NA,NA,0.350677523169781,159
"5021","Puyallup-Pink-Odd","Pink-Odd",1987,113178,34400,NA,NA,NA,NA,NA,NA,NA,NA,NA,NA,NA,NA,NA,NA,NA,NA,NA,NA,NA,NA,NA,NA,NA,NA,NA,NA,NA,NA,NA,NA,NA,1.19090523621229,159
"5022","Puyallup-Pink-Odd","Pink-Odd",1989,24600,49850,NA,NA,NA,NA,NA,NA,NA,NA,NA,NA,NA,NA,NA,NA,NA,NA,NA,NA,NA,NA,NA,NA,NA,NA,NA,NA,NA,NA,NA,NA,NA,-0.70627205346953,159
"5023","Puyallup-Pink-Odd","Pink-Odd",1991,14312,14000,NA,NA,NA,NA,NA,NA,NA,NA,NA,NA,NA,NA,NA,NA,NA,NA,NA,NA,NA,NA,NA,NA,NA,NA,NA,NA,NA,NA,NA,NA,NA,0.0220410165911594,159
"5024","Puyallup-Pink-Odd","Pink-Odd",1993,27926,10069,NA,NA,NA,NA,NA,NA,NA,NA,NA,NA,NA,NA,NA,NA,NA,NA,NA,NA,NA,NA,NA,NA,NA,NA,NA,NA,NA,NA,NA,NA,NA,1.02009675758653,159
"5025","Puyallup-Pink-Odd","Pink-Odd",1995,3703,17596,NA,NA,NA,NA,NA,NA,NA,NA,NA,NA,NA,NA,NA,NA,NA,NA,NA,NA,NA,NA,NA,NA,NA,NA,NA,NA,NA,NA,NA,NA,NA,-1.558528301555,159
"5026","Puyallup-Pink-Odd","Pink-Odd",1997,4832,2732,NA,NA,NA,NA,NA,NA,NA,NA,NA,NA,NA,NA,NA,NA,NA,NA,NA,NA,NA,NA,NA,NA,NA,NA,NA,NA,NA,NA,NA,NA,NA,0.57022651892397,159
"5027","Puyallup-Pink-Odd","Pink-Odd",1999,18875,4653,NA,NA,NA,NA,NA,NA,NA,NA,NA,NA,NA,NA,NA,NA,NA,NA,NA,NA,NA,NA,NA,NA,NA,NA,NA,NA,NA,NA,NA,NA,NA,1.40032612227258,159
"5028","Puyallup-Pink-Odd","Pink-Odd",2001,213130,16577,NA,NA,NA,NA,NA,NA,NA,NA,NA,NA,NA,NA,NA,NA,NA,NA,NA,NA,NA,NA,NA,NA,NA,NA,NA,NA,NA,NA,NA,NA,NA,2.55388611573042,159
"5029","Puyallup-Pink-Odd","Pink-Odd",2003,323833,191515,NA,NA,NA,NA,NA,NA,NA,NA,NA,NA,NA,NA,NA,NA,NA,NA,NA,NA,NA,NA,NA,NA,NA,NA,NA,NA,NA,NA,NA,NA,NA,0.525261816277908,159
"5030","Puyallup-Pink-Odd","Pink-Odd",2005,471705,287230,NA,NA,NA,NA,NA,NA,NA,NA,NA,NA,NA,NA,NA,NA,NA,NA,NA,NA,NA,NA,NA,NA,NA,NA,NA,NA,NA,NA,NA,NA,NA,0.49607050164829,159
"5031","Puyallup-Pink-Odd","Pink-Odd",2007,1502355,417767,NA,NA,NA,NA,NA,NA,NA,NA,NA,NA,NA,NA,NA,NA,NA,NA,NA,NA,NA,NA,NA,NA,NA,NA,NA,NA,NA,NA,NA,NA,NA,1.27986529508614,159
"5032","Puyallup-Pink-Odd","Pink-Odd",2009,1034234,1203364,NA,NA,NA,NA,NA,NA,NA,NA,NA,NA,NA,NA,NA,NA,NA,NA,NA,NA,NA,NA,NA,NA,NA,NA,NA,NA,NA,NA,NA,NA,NA,-0.151459912024222,159
"5033","Puyallup-Pink-Odd","Pink-Odd",2011,869920,792785,NA,NA,NA,NA,NA,NA,NA,NA,NA,NA,NA,NA,NA,NA,NA,NA,NA,NA,NA,NA,NA,NA,NA,NA,NA,NA,NA,NA,NA,NA,NA,0.0928491908433661,159
"5034","Puyallup-Pink-Odd","Pink-Odd",2013,832550,596693,NA,NA,NA,NA,NA,NA,NA,NA,NA,NA,NA,NA,NA,NA,NA,NA,NA,NA,NA,NA,NA,NA,NA,NA,NA,NA,NA,NA,NA,NA,NA,0.333090536840102,159
"5035","Puyallup-Pink-Odd","Pink-Odd",2015,104208,626096,NA,NA,NA,NA,NA,NA,NA,NA,NA,NA,NA,NA,NA,NA,NA,NA,NA,NA,NA,NA,NA,NA,NA,NA,NA,NA,NA,NA,NA,NA,NA,-1.79311481217102,159
"5036","Puyallup-Pink-Odd","Pink-Odd",2017,570753,85374,NA,NA,NA,NA,NA,NA,NA,NA,NA,NA,NA,NA,NA,NA,NA,NA,NA,NA,NA,NA,NA,NA,NA,NA,NA,NA,NA,NA,NA,NA,NA,1.89991493684627,159
"5037","Puyallup-Pink-Odd","Pink-Odd",2019,610026,515546,NA,NA,NA,NA,NA,NA,NA,NA,NA,NA,NA,NA,NA,NA,NA,NA,NA,NA,NA,NA,NA,NA,NA,NA,NA,NA,NA,NA,NA,NA,NA,0.168275045980287,159
"5038","Hood Canal-Pink-Odd","Pink-Odd",1959,44967,30500,NA,NA,NA,NA,NA,NA,NA,NA,NA,NA,NA,NA,NA,NA,NA,NA,NA,NA,NA,NA,NA,NA,NA,NA,NA,NA,NA,NA,NA,NA,NA,0.388202203803202,160
"5039","Hood Canal-Pink-Odd","Pink-Odd",1961,901739,36800,NA,NA,NA,NA,NA,NA,NA,NA,NA,NA,NA,NA,NA,NA,NA,NA,NA,NA,NA,NA,NA,NA,NA,NA,NA,NA,NA,NA,NA,NA,NA,3.19882727603145,160
"5040","Hood Canal-Pink-Odd","Pink-Odd",1963,221037,503000,NA,NA,NA,NA,NA,NA,NA,NA,NA,NA,NA,NA,NA,NA,NA,NA,NA,NA,NA,NA,NA,NA,NA,NA,NA,NA,NA,NA,NA,NA,NA,-0.822260061780807,160
"5041","Hood Canal-Pink-Odd","Pink-Odd",1965,501233,160000,NA,NA,NA,NA,NA,NA,NA,NA,NA,NA,NA,NA,NA,NA,NA,NA,NA,NA,NA,NA,NA,NA,NA,NA,NA,NA,NA,NA,NA,NA,NA,1.14189724759985,160
"5042","Hood Canal-Pink-Odd","Pink-Odd",1967,60227,269000,NA,NA,NA,NA,NA,NA,NA,NA,NA,NA,NA,NA,NA,NA,NA,NA,NA,NA,NA,NA,NA,NA,NA,NA,NA,NA,NA,NA,NA,NA,NA,-1.49659062285197,160
"5043","Hood Canal-Pink-Odd","Pink-Odd",1969,143701,42000,NA,NA,NA,NA,NA,NA,NA,NA,NA,NA,NA,NA,NA,NA,NA,NA,NA,NA,NA,NA,NA,NA,NA,NA,NA,NA,NA,NA,NA,NA,NA,1.23006513371964,160
"5044","Hood Canal-Pink-Odd","Pink-Odd",1971,72276,104000,NA,NA,NA,NA,NA,NA,NA,NA,NA,NA,NA,NA,NA,NA,NA,NA,NA,NA,NA,NA,NA,NA,NA,NA,NA,NA,NA,NA,NA,NA,NA,-0.363898775291788,160
"5045","Hood Canal-Pink-Odd","Pink-Odd",1973,19748,46500,NA,NA,NA,NA,NA,NA,NA,NA,NA,NA,NA,NA,NA,NA,NA,NA,NA,NA,NA,NA,NA,NA,NA,NA,NA,NA,NA,NA,NA,NA,NA,-0.856400092196694,160
"5046","Hood Canal-Pink-Odd","Pink-Odd",1975,81580,12500,NA,NA,NA,NA,NA,NA,NA,NA,NA,NA,NA,NA,NA,NA,NA,NA,NA,NA,NA,NA,NA,NA,NA,NA,NA,NA,NA,NA,NA,NA,NA,1.87585548958116,160
"5047","Hood Canal-Pink-Odd","Pink-Odd",1977,76320,44000,NA,NA,NA,NA,NA,NA,NA,NA,NA,NA,NA,NA,NA,NA,NA,NA,NA,NA,NA,NA,NA,NA,NA,NA,NA,NA,NA,NA,NA,NA,NA,0.55074539322177,160
"5048","Hood Canal-Pink-Odd","Pink-Odd",1979,12426,37100,NA,NA,NA,NA,NA,NA,NA,NA,NA,NA,NA,NA,NA,NA,NA,NA,NA,NA,NA,NA,NA,NA,NA,NA,NA,NA,NA,NA,NA,NA,NA,-1.09382591797189,160
"5049","Hood Canal-Pink-Odd","Pink-Odd",1981,29372,6450,NA,NA,NA,NA,NA,NA,NA,NA,NA,NA,NA,NA,NA,NA,NA,NA,NA,NA,NA,NA,NA,NA,NA,NA,NA,NA,NA,NA,NA,NA,NA,1.51596170878168,160
"5050","Hood Canal-Pink-Odd","Pink-Odd",1983,91463,25000,NA,NA,NA,NA,NA,NA,NA,NA,NA,NA,NA,NA,NA,NA,NA,NA,NA,NA,NA,NA,NA,NA,NA,NA,NA,NA,NA,NA,NA,NA,NA,1.29705869404834,160
"5051","Hood Canal-Pink-Odd","Pink-Odd",1985,81812,63800,NA,NA,NA,NA,NA,NA,NA,NA,NA,NA,NA,NA,NA,NA,NA,NA,NA,NA,NA,NA,NA,NA,NA,NA,NA,NA,NA,NA,NA,NA,NA,0.248670741765176,160
"5052","Hood Canal-Pink-Odd","Pink-Odd",1987,120813,62100,NA,NA,NA,NA,NA,NA,NA,NA,NA,NA,NA,NA,NA,NA,NA,NA,NA,NA,NA,NA,NA,NA,NA,NA,NA,NA,NA,NA,NA,NA,NA,0.665497906665146,160
"5053","Hood Canal-Pink-Odd","Pink-Odd",1989,166550,60800,NA,NA,NA,NA,NA,NA,NA,NA,NA,NA,NA,NA,NA,NA,NA,NA,NA,NA,NA,NA,NA,NA,NA,NA,NA,NA,NA,NA,NA,NA,NA,1.00770577566757,160
"5054","Hood Canal-Pink-Odd","Pink-Odd",1991,39519,118200,NA,NA,NA,NA,NA,NA,NA,NA,NA,NA,NA,NA,NA,NA,NA,NA,NA,NA,NA,NA,NA,NA,NA,NA,NA,NA,NA,NA,NA,NA,NA,-1.0955965360562,160
"5055","Hood Canal-Pink-Odd","Pink-Odd",1993,36244,35326,NA,NA,NA,NA,NA,NA,NA,NA,NA,NA,NA,NA,NA,NA,NA,NA,NA,NA,NA,NA,NA,NA,NA,NA,NA,NA,NA,NA,NA,NA,NA,0.0256546136265625,160
"5056","Hood Canal-Pink-Odd","Pink-Odd",1995,9685,31286,NA,NA,NA,NA,NA,NA,NA,NA,NA,NA,NA,NA,NA,NA,NA,NA,NA,NA,NA,NA,NA,NA,NA,NA,NA,NA,NA,NA,NA,NA,NA,-1.17259241628062,160
"5057","Hood Canal-Pink-Odd","Pink-Odd",1997,12981,8299,NA,NA,NA,NA,NA,NA,NA,NA,NA,NA,NA,NA,NA,NA,NA,NA,NA,NA,NA,NA,NA,NA,NA,NA,NA,NA,NA,NA,NA,NA,NA,0.447351724294547,160
"5058","Hood Canal-Pink-Odd","Pink-Odd",1999,104022,12663,NA,NA,NA,NA,NA,NA,NA,NA,NA,NA,NA,NA,NA,NA,NA,NA,NA,NA,NA,NA,NA,NA,NA,NA,NA,NA,NA,NA,NA,NA,NA,2.10591805976333,160
"5059","Hood Canal-Pink-Odd","Pink-Odd",2001,40521,98261,NA,NA,NA,NA,NA,NA,NA,NA,NA,NA,NA,NA,NA,NA,NA,NA,NA,NA,NA,NA,NA,NA,NA,NA,NA,NA,NA,NA,NA,NA,NA,-0.885806845523192,160
"5060","Hood Canal-Pink-Odd","Pink-Odd",2003,17954,37462,NA,NA,NA,NA,NA,NA,NA,NA,NA,NA,NA,NA,NA,NA,NA,NA,NA,NA,NA,NA,NA,NA,NA,NA,NA,NA,NA,NA,NA,NA,NA,-0.735514154539204,160
"5061","Hood Canal-Pink-Odd","Pink-Odd",2005,30709,17442,NA,NA,NA,NA,NA,NA,NA,NA,NA,NA,NA,NA,NA,NA,NA,NA,NA,NA,NA,NA,NA,NA,NA,NA,NA,NA,NA,NA,NA,NA,NA,0.565674680434596,160
"5062","Hood Canal-Pink-Odd","Pink-Odd",2007,11673,28964,NA,NA,NA,NA,NA,NA,NA,NA,NA,NA,NA,NA,NA,NA,NA,NA,NA,NA,NA,NA,NA,NA,NA,NA,NA,NA,NA,NA,NA,NA,NA,-0.908775196856048,160
"5063","Hood Canal-Pink-Odd","Pink-Odd",2009,15524,10797,NA,NA,NA,NA,NA,NA,NA,NA,NA,NA,NA,NA,NA,NA,NA,NA,NA,NA,NA,NA,NA,NA,NA,NA,NA,NA,NA,NA,NA,NA,NA,0.363118895741657,160
"5064","Hood Canal-Pink-Odd","Pink-Odd",2011,203323,14275,NA,NA,NA,NA,NA,NA,NA,NA,NA,NA,NA,NA,NA,NA,NA,NA,NA,NA,NA,NA,NA,NA,NA,NA,NA,NA,NA,NA,NA,NA,NA,2.65628609199368,160
"5065","Hood Canal-Pink-Odd","Pink-Odd",2013,591671,191676,NA,NA,NA,NA,NA,NA,NA,NA,NA,NA,NA,NA,NA,NA,NA,NA,NA,NA,NA,NA,NA,NA,NA,NA,NA,NA,NA,NA,NA,NA,NA,1.12714429056243,160
"5066","Hood Canal-Pink-Odd","Pink-Odd",2015,28561,549512,NA,NA,NA,NA,NA,NA,NA,NA,NA,NA,NA,NA,NA,NA,NA,NA,NA,NA,NA,NA,NA,NA,NA,NA,NA,NA,NA,NA,NA,NA,NA,-2.9569884607758,160
"5067","Hood Canal-Pink-Odd","Pink-Odd",2017,57157,27174,NA,NA,NA,NA,NA,NA,NA,NA,NA,NA,NA,NA,NA,NA,NA,NA,NA,NA,NA,NA,NA,NA,NA,NA,NA,NA,NA,NA,NA,NA,NA,0.743541233627465,160
"5068","Hood Canal-Pink-Odd","Pink-Odd",2019,466969,55297,NA,NA,NA,NA,NA,NA,NA,NA,NA,NA,NA,NA,NA,NA,NA,NA,NA,NA,NA,NA,NA,NA,NA,NA,NA,NA,NA,NA,NA,NA,NA,2.13354421680045,160
"5069","Snohomish-Pink-Odd","Pink-Odd",1959,82669,85000,NA,NA,NA,NA,NA,NA,NA,NA,NA,NA,NA,NA,NA,NA,NA,NA,NA,NA,NA,NA,NA,NA,NA,NA,NA,NA,NA,NA,NA,NA,NA,-0.027806573585333,161
"5070","Snohomish-Pink-Odd","Pink-Odd",1961,983024,50168,NA,NA,NA,NA,NA,NA,NA,NA,NA,NA,NA,NA,NA,NA,NA,NA,NA,NA,NA,NA,NA,NA,NA,NA,NA,NA,NA,NA,NA,NA,NA,2.97525616166436,161
"5071","Snohomish-Pink-Odd","Pink-Odd",1963,303210,275042,NA,NA,NA,NA,NA,NA,NA,NA,NA,NA,NA,NA,NA,NA,NA,NA,NA,NA,NA,NA,NA,NA,NA,NA,NA,NA,NA,NA,NA,NA,NA,0.0975018214770048,161
"5072","Snohomish-Pink-Odd","Pink-Odd",1965,210943,185015,NA,NA,NA,NA,NA,NA,NA,NA,NA,NA,NA,NA,NA,NA,NA,NA,NA,NA,NA,NA,NA,NA,NA,NA,NA,NA,NA,NA,NA,NA,NA,0.131151051928487,161
"5073","Snohomish-Pink-Odd","Pink-Odd",1967,109266,95013,NA,NA,NA,NA,NA,NA,NA,NA,NA,NA,NA,NA,NA,NA,NA,NA,NA,NA,NA,NA,NA,NA,NA,NA,NA,NA,NA,NA,NA,NA,NA,0.13977155199796,161
"5074","Snohomish-Pink-Odd","Pink-Odd",1969,191706,70009,NA,NA,NA,NA,NA,NA,NA,NA,NA,NA,NA,NA,NA,NA,NA,NA,NA,NA,NA,NA,NA,NA,NA,NA,NA,NA,NA,NA,NA,NA,NA,1.007339143253,161
"5075","Snohomish-Pink-Odd","Pink-Odd",1971,207379,125000,NA,NA,NA,NA,NA,NA,NA,NA,NA,NA,NA,NA,NA,NA,NA,NA,NA,NA,NA,NA,NA,NA,NA,NA,NA,NA,NA,NA,NA,NA,NA,0.506234299750432,161
"5076","Snohomish-Pink-Odd","Pink-Odd",1973,129011,110000,NA,NA,NA,NA,NA,NA,NA,NA,NA,NA,NA,NA,NA,NA,NA,NA,NA,NA,NA,NA,NA,NA,NA,NA,NA,NA,NA,NA,NA,NA,NA,0.159417306251693,161
"5077","Snohomish-Pink-Odd","Pink-Odd",1975,237583,65751,NA,NA,NA,NA,NA,NA,NA,NA,NA,NA,NA,NA,NA,NA,NA,NA,NA,NA,NA,NA,NA,NA,NA,NA,NA,NA,NA,NA,NA,NA,NA,1.28464215603951,161
"5078","Snohomish-Pink-Odd","Pink-Odd",1977,404441,125990,NA,NA,NA,NA,NA,NA,NA,NA,NA,NA,NA,NA,NA,NA,NA,NA,NA,NA,NA,NA,NA,NA,NA,NA,NA,NA,NA,NA,NA,NA,NA,1.16630332805225,161
"5079","Snohomish-Pink-Odd","Pink-Odd",1979,205267,180724,NA,NA,NA,NA,NA,NA,NA,NA,NA,NA,NA,NA,NA,NA,NA,NA,NA,NA,NA,NA,NA,NA,NA,NA,NA,NA,NA,NA,NA,NA,NA,0.127340565122563,161
"5080","Snohomish-Pink-Odd","Pink-Odd",1981,265291,90096,NA,NA,NA,NA,NA,NA,NA,NA,NA,NA,NA,NA,NA,NA,NA,NA,NA,NA,NA,NA,NA,NA,NA,NA,NA,NA,NA,NA,NA,NA,NA,1.07995156819622,161
"5081","Snohomish-Pink-Odd","Pink-Odd",1983,565630,198283,NA,NA,NA,NA,NA,NA,NA,NA,NA,NA,NA,NA,NA,NA,NA,NA,NA,NA,NA,NA,NA,NA,NA,NA,NA,NA,NA,NA,NA,NA,NA,1.04824485103719,161
"5082","Snohomish-Pink-Odd","Pink-Odd",1985,244729,302192,NA,NA,NA,NA,NA,NA,NA,NA,NA,NA,NA,NA,NA,NA,NA,NA,NA,NA,NA,NA,NA,NA,NA,NA,NA,NA,NA,NA,NA,NA,NA,-0.21091110106267,161
"5083","Snohomish-Pink-Odd","Pink-Odd",1987,329570,152418,NA,NA,NA,NA,NA,NA,NA,NA,NA,NA,NA,NA,NA,NA,NA,NA,NA,NA,NA,NA,NA,NA,NA,NA,NA,NA,NA,NA,NA,NA,NA,0.771162027961021,161
"5084","Snohomish-Pink-Odd","Pink-Odd",1989,292600,80149,NA,NA,NA,NA,NA,NA,NA,NA,NA,NA,NA,NA,NA,NA,NA,NA,NA,NA,NA,NA,NA,NA,NA,NA,NA,NA,NA,NA,NA,NA,NA,1.29491908621466,161
"5085","Snohomish-Pink-Odd","Pink-Odd",1991,125514,174000,NA,NA,NA,NA,NA,NA,NA,NA,NA,NA,NA,NA,NA,NA,NA,NA,NA,NA,NA,NA,NA,NA,NA,NA,NA,NA,NA,NA,NA,NA,NA,-0.326637993079491,161
"5086","Snohomish-Pink-Odd","Pink-Odd",1993,169436,1e+05,NA,NA,NA,NA,NA,NA,NA,NA,NA,NA,NA,NA,NA,NA,NA,NA,NA,NA,NA,NA,NA,NA,NA,NA,NA,NA,NA,NA,NA,NA,NA,0.52730508840977,161
"5087","Snohomish-Pink-Odd","Pink-Odd",1995,147012,101600,NA,NA,NA,NA,NA,NA,NA,NA,NA,NA,NA,NA,NA,NA,NA,NA,NA,NA,NA,NA,NA,NA,NA,NA,NA,NA,NA,NA,NA,NA,NA,0.369470680955652,161
"5088","Snohomish-Pink-Odd","Pink-Odd",1997,253347,103537,NA,NA,NA,NA,NA,NA,NA,NA,NA,NA,NA,NA,NA,NA,NA,NA,NA,NA,NA,NA,NA,NA,NA,NA,NA,NA,NA,NA,NA,NA,NA,0.894831053781035,161
"5089","Snohomish-Pink-Odd","Pink-Odd",1999,1195100,237057,NA,NA,NA,NA,NA,NA,NA,NA,NA,NA,NA,NA,NA,NA,NA,NA,NA,NA,NA,NA,NA,NA,NA,NA,NA,NA,NA,NA,NA,NA,NA,1.6176845243256,161
"5090","Snohomish-Pink-Odd","Pink-Odd",2001,1648022,1073369,NA,NA,NA,NA,NA,NA,NA,NA,NA,NA,NA,NA,NA,NA,NA,NA,NA,NA,NA,NA,NA,NA,NA,NA,NA,NA,NA,NA,NA,NA,NA,0.428773480762965,161
"5091","Snohomish-Pink-Odd","Pink-Odd",2003,541646,1392568,NA,NA,NA,NA,NA,NA,NA,NA,NA,NA,NA,NA,NA,NA,NA,NA,NA,NA,NA,NA,NA,NA,NA,NA,NA,NA,NA,NA,NA,NA,NA,-0.944292152121559,161
"5092","Snohomish-Pink-Odd","Pink-Odd",2005,1259510,482245,NA,NA,NA,NA,NA,NA,NA,NA,NA,NA,NA,NA,NA,NA,NA,NA,NA,NA,NA,NA,NA,NA,NA,NA,NA,NA,NA,NA,NA,NA,NA,0.960025751754007,161
"5093","Snohomish-Pink-Odd","Pink-Odd",2007,2517254,1143695,NA,NA,NA,NA,NA,NA,NA,NA,NA,NA,NA,NA,NA,NA,NA,NA,NA,NA,NA,NA,NA,NA,NA,NA,NA,NA,NA,NA,NA,NA,NA,0.788904375828316,161
"5094","Snohomish-Pink-Odd","Pink-Odd",2009,897289,1929839,NA,NA,NA,NA,NA,NA,NA,NA,NA,NA,NA,NA,NA,NA,NA,NA,NA,NA,NA,NA,NA,NA,NA,NA,NA,NA,NA,NA,NA,NA,NA,-0.765813863500546,161
"5095","Snohomish-Pink-Odd","Pink-Odd",2011,3054656,433326,NA,NA,NA,NA,NA,NA,NA,NA,NA,NA,NA,NA,NA,NA,NA,NA,NA,NA,NA,NA,NA,NA,NA,NA,NA,NA,NA,NA,NA,NA,NA,1.95293193141286,161
"5096","Snohomish-Pink-Odd","Pink-Odd",2013,569619,1907088,NA,NA,NA,NA,NA,NA,NA,NA,NA,NA,NA,NA,NA,NA,NA,NA,NA,NA,NA,NA,NA,NA,NA,NA,NA,NA,NA,NA,NA,NA,NA,-1.20836503403143,161
"5097","Snohomish-Pink-Odd","Pink-Odd",2015,72484,389446,NA,NA,NA,NA,NA,NA,NA,NA,NA,NA,NA,NA,NA,NA,NA,NA,NA,NA,NA,NA,NA,NA,NA,NA,NA,NA,NA,NA,NA,NA,NA,-1.68135936856845,161
"5098","Snohomish-Pink-Odd","Pink-Odd",2017,628168,57491,NA,NA,NA,NA,NA,NA,NA,NA,NA,NA,NA,NA,NA,NA,NA,NA,NA,NA,NA,NA,NA,NA,NA,NA,NA,NA,NA,NA,NA,NA,NA,2.39117923280239,161
"5099","Snohomish-Pink-Odd","Pink-Odd",2019,849784,595953,NA,NA,NA,NA,NA,NA,NA,NA,NA,NA,NA,NA,NA,NA,NA,NA,NA,NA,NA,NA,NA,NA,NA,NA,NA,NA,NA,NA,NA,NA,NA,0.354820394648535,161
"5100","Dungeness-Pink-Odd","Pink-Odd",1959,83783,40000,NA,NA,NA,NA,NA,NA,NA,NA,NA,NA,NA,NA,NA,NA,NA,NA,NA,NA,NA,NA,NA,NA,NA,NA,NA,NA,NA,NA,NA,NA,NA,0.73935066883261,162
"5101","Dungeness-Pink-Odd","Pink-Odd",1961,638225,70000,NA,NA,NA,NA,NA,NA,NA,NA,NA,NA,NA,NA,NA,NA,NA,NA,NA,NA,NA,NA,NA,NA,NA,NA,NA,NA,NA,NA,NA,NA,NA,2.2101956437007,162
"5102","Dungeness-Pink-Odd","Pink-Odd",1963,101214,4e+05,NA,NA,NA,NA,NA,NA,NA,NA,NA,NA,NA,NA,NA,NA,NA,NA,NA,NA,NA,NA,NA,NA,NA,NA,NA,NA,NA,NA,NA,NA,NA,-1.37422745990175,162
"5103","Dungeness-Pink-Odd","Pink-Odd",1965,206141,75000,NA,NA,NA,NA,NA,NA,NA,NA,NA,NA,NA,NA,NA,NA,NA,NA,NA,NA,NA,NA,NA,NA,NA,NA,NA,NA,NA,NA,NA,NA,NA,1.01107228713266,162
"5104","Dungeness-Pink-Odd","Pink-Odd",1967,20471,95000,NA,NA,NA,NA,NA,NA,NA,NA,NA,NA,NA,NA,NA,NA,NA,NA,NA,NA,NA,NA,NA,NA,NA,NA,NA,NA,NA,NA,NA,NA,NA,-1.53486764114206,162
"5105","Dungeness-Pink-Odd","Pink-Odd",1969,62553,14400,NA,NA,NA,NA,NA,NA,NA,NA,NA,NA,NA,NA,NA,NA,NA,NA,NA,NA,NA,NA,NA,NA,NA,NA,NA,NA,NA,NA,NA,NA,NA,1.46878599081154,162
"5106","Dungeness-Pink-Odd","Pink-Odd",1971,71434,46000,NA,NA,NA,NA,NA,NA,NA,NA,NA,NA,NA,NA,NA,NA,NA,NA,NA,NA,NA,NA,NA,NA,NA,NA,NA,NA,NA,NA,NA,NA,NA,0.44013254998993,162
"5107","Dungeness-Pink-Odd","Pink-Odd",1973,36419,47000,NA,NA,NA,NA,NA,NA,NA,NA,NA,NA,NA,NA,NA,NA,NA,NA,NA,NA,NA,NA,NA,NA,NA,NA,NA,NA,NA,NA,NA,NA,NA,-0.255056985228526,162
"5108","Dungeness-Pink-Odd","Pink-Odd",1975,65109,24300,NA,NA,NA,NA,NA,NA,NA,NA,NA,NA,NA,NA,NA,NA,NA,NA,NA,NA,NA,NA,NA,NA,NA,NA,NA,NA,NA,NA,NA,NA,NA,0.985586438160456,162
"5109","Dungeness-Pink-Odd","Pink-Odd",1977,115931,35700,NA,NA,NA,NA,NA,NA,NA,NA,NA,NA,NA,NA,NA,NA,NA,NA,NA,NA,NA,NA,NA,NA,NA,NA,NA,NA,NA,NA,NA,NA,NA,1.17784449775445,162
"5110","Dungeness-Pink-Odd","Pink-Odd",1979,6184,50100,NA,NA,NA,NA,NA,NA,NA,NA,NA,NA,NA,NA,NA,NA,NA,NA,NA,NA,NA,NA,NA,NA,NA,NA,NA,NA,NA,NA,NA,NA,NA,-2.0920556968057,162
"5111","Dungeness-Pink-Odd","Pink-Odd",1981,5712,2900,NA,NA,NA,NA,NA,NA,NA,NA,NA,NA,NA,NA,NA,NA,NA,NA,NA,NA,NA,NA,NA,NA,NA,NA,NA,NA,NA,NA,NA,NA,NA,0.677858488044855,162
"5112","Dungeness-Pink-Odd","Pink-Odd",1983,6559,4888,NA,NA,NA,NA,NA,NA,NA,NA,NA,NA,NA,NA,NA,NA,NA,NA,NA,NA,NA,NA,NA,NA,NA,NA,NA,NA,NA,NA,NA,NA,NA,0.294054930442304,162
"5113","Dungeness-Pink-Odd","Pink-Odd",1985,2308,4730,NA,NA,NA,NA,NA,NA,NA,NA,NA,NA,NA,NA,NA,NA,NA,NA,NA,NA,NA,NA,NA,NA,NA,NA,NA,NA,NA,NA,NA,NA,NA,-0.717543853857988,162
"5114","Dungeness-Pink-Odd","Pink-Odd",1987,15663,1906,NA,NA,NA,NA,NA,NA,NA,NA,NA,NA,NA,NA,NA,NA,NA,NA,NA,NA,NA,NA,NA,NA,NA,NA,NA,NA,NA,NA,NA,NA,NA,2.10629443786451,162
"5115","Dungeness-Pink-Odd","Pink-Odd",1989,13887,10902,NA,NA,NA,NA,NA,NA,NA,NA,NA,NA,NA,NA,NA,NA,NA,NA,NA,NA,NA,NA,NA,NA,NA,NA,NA,NA,NA,NA,NA,NA,NA,0.242006892075154,162
"5116","Dungeness-Pink-Odd","Pink-Odd",1991,1861,9895,NA,NA,NA,NA,NA,NA,NA,NA,NA,NA,NA,NA,NA,NA,NA,NA,NA,NA,NA,NA,NA,NA,NA,NA,NA,NA,NA,NA,NA,NA,NA,-1.67091560139442,162
"5117","Dungeness-Pink-Odd","Pink-Odd",1993,9460,1695,NA,NA,NA,NA,NA,NA,NA,NA,NA,NA,NA,NA,NA,NA,NA,NA,NA,NA,NA,NA,NA,NA,NA,NA,NA,NA,NA,NA,NA,NA,NA,1.71938964223137,162
"5118","Dungeness-Pink-Odd","Pink-Odd",1995,5615,8252,NA,NA,NA,NA,NA,NA,NA,NA,NA,NA,NA,NA,NA,NA,NA,NA,NA,NA,NA,NA,NA,NA,NA,NA,NA,NA,NA,NA,NA,NA,NA,-0.385014007018599,162
"5119","Dungeness-Pink-Odd","Pink-Odd",1997,7332,4935,NA,NA,NA,NA,NA,NA,NA,NA,NA,NA,NA,NA,NA,NA,NA,NA,NA,NA,NA,NA,NA,NA,NA,NA,NA,NA,NA,NA,NA,NA,NA,0.395895657092014,162
"5120","Dungeness-Pink-Odd","Pink-Odd",1999,81138,7306,NA,NA,NA,NA,NA,NA,NA,NA,NA,NA,NA,NA,NA,NA,NA,NA,NA,NA,NA,NA,NA,NA,NA,NA,NA,NA,NA,NA,NA,NA,NA,2.40745548034619,162
"5121","Dungeness-Pink-Odd","Pink-Odd",2001,15461,80344,NA,NA,NA,NA,NA,NA,NA,NA,NA,NA,NA,NA,NA,NA,NA,NA,NA,NA,NA,NA,NA,NA,NA,NA,NA,NA,NA,NA,NA,NA,NA,-1.64799669197058,162
"5122","Dungeness-Pink-Odd","Pink-Odd",2003,8779,15116,NA,NA,NA,NA,NA,NA,NA,NA,NA,NA,NA,NA,NA,NA,NA,NA,NA,NA,NA,NA,NA,NA,NA,NA,NA,NA,NA,NA,NA,NA,NA,-0.543391279543171,162
"5123","Dungeness-Pink-Odd","Pink-Odd",2005,6359,8667,NA,NA,NA,NA,NA,NA,NA,NA,NA,NA,NA,NA,NA,NA,NA,NA,NA,NA,NA,NA,NA,NA,NA,NA,NA,NA,NA,NA,NA,NA,NA,-0.309651577866937,162
"5124","Dungeness-Pink-Odd","Pink-Odd",2007,44172,6223,NA,NA,NA,NA,NA,NA,NA,NA,NA,NA,NA,NA,NA,NA,NA,NA,NA,NA,NA,NA,NA,NA,NA,NA,NA,NA,NA,NA,NA,NA,NA,1.9598389985978,162
"5125","Dungeness-Pink-Odd","Pink-Odd",2009,29315,41477,NA,NA,NA,NA,NA,NA,NA,NA,NA,NA,NA,NA,NA,NA,NA,NA,NA,NA,NA,NA,NA,NA,NA,NA,NA,NA,NA,NA,NA,NA,NA,-0.347039726318069,162
"5126","Dungeness-Pink-Odd","Pink-Odd",2011,414684,27405,NA,NA,NA,NA,NA,NA,NA,NA,NA,NA,NA,NA,NA,NA,NA,NA,NA,NA,NA,NA,NA,NA,NA,NA,NA,NA,NA,NA,NA,NA,NA,2.7167913059024,162
"5127","Dungeness-Pink-Odd","Pink-Odd",2013,357071,394016,NA,NA,NA,NA,NA,NA,NA,NA,NA,NA,NA,NA,NA,NA,NA,NA,NA,NA,NA,NA,NA,NA,NA,NA,NA,NA,NA,NA,NA,NA,NA,-0.0984568760529175,162
"5128","Dungeness-Pink-Odd","Pink-Odd",2015,18441,337616,NA,NA,NA,NA,NA,NA,NA,NA,NA,NA,NA,NA,NA,NA,NA,NA,NA,NA,NA,NA,NA,NA,NA,NA,NA,NA,NA,NA,NA,NA,NA,-2.90733270837072,162
"5129","Dungeness-Pink-Odd","Pink-Odd",2017,49618,17753,NA,NA,NA,NA,NA,NA,NA,NA,NA,NA,NA,NA,NA,NA,NA,NA,NA,NA,NA,NA,NA,NA,NA,NA,NA,NA,NA,NA,NA,NA,NA,1.02779915539858,162
"5130","Dungeness-Pink-Odd","Pink-Odd",2019,160226,48233,NA,NA,NA,NA,NA,NA,NA,NA,NA,NA,NA,NA,NA,NA,NA,NA,NA,NA,NA,NA,NA,NA,NA,NA,NA,NA,NA,NA,NA,NA,NA,1.20054188449868,162
"5131","Stillaguamish-Pink-Odd","Pink-Odd",1959,205979,125000,NA,NA,NA,NA,NA,NA,NA,NA,NA,NA,NA,NA,NA,NA,NA,NA,NA,NA,NA,NA,NA,NA,NA,NA,NA,NA,NA,NA,NA,NA,NA,0.499460484543294,163
"5132","Stillaguamish-Pink-Odd","Pink-Odd",1961,2287418,125000,NA,NA,NA,NA,NA,NA,NA,NA,NA,NA,NA,NA,NA,NA,NA,NA,NA,NA,NA,NA,NA,NA,NA,NA,NA,NA,NA,NA,NA,NA,NA,2.90686521221032,163
"5133","Stillaguamish-Pink-Odd","Pink-Odd",1963,303185,640000,NA,NA,NA,NA,NA,NA,NA,NA,NA,NA,NA,NA,NA,NA,NA,NA,NA,NA,NA,NA,NA,NA,NA,NA,NA,NA,NA,NA,NA,NA,NA,-0.74712499610481,163
"5134","Stillaguamish-Pink-Odd","Pink-Odd",1965,233114,185000,NA,NA,NA,NA,NA,NA,NA,NA,NA,NA,NA,NA,NA,NA,NA,NA,NA,NA,NA,NA,NA,NA,NA,NA,NA,NA,NA,NA,NA,NA,NA,0.231171779219913,163
"5135","Stillaguamish-Pink-Odd","Pink-Odd",1967,117056,105000,NA,NA,NA,NA,NA,NA,NA,NA,NA,NA,NA,NA,NA,NA,NA,NA,NA,NA,NA,NA,NA,NA,NA,NA,NA,NA,NA,NA,NA,NA,NA,0.108692102610877,163
"5136","Stillaguamish-Pink-Odd","Pink-Odd",1969,306729,75000,NA,NA,NA,NA,NA,NA,NA,NA,NA,NA,NA,NA,NA,NA,NA,NA,NA,NA,NA,NA,NA,NA,NA,NA,NA,NA,NA,NA,NA,NA,NA,1.40847650805354,163
"5137","Stillaguamish-Pink-Odd","Pink-Odd",1971,65984,2e+05,NA,NA,NA,NA,NA,NA,NA,NA,NA,NA,NA,NA,NA,NA,NA,NA,NA,NA,NA,NA,NA,NA,NA,NA,NA,NA,NA,NA,NA,NA,NA,-1.10890507815354,163
"5138","Stillaguamish-Pink-Odd","Pink-Odd",1973,58918,35000,NA,NA,NA,NA,NA,NA,NA,NA,NA,NA,NA,NA,NA,NA,NA,NA,NA,NA,NA,NA,NA,NA,NA,NA,NA,NA,NA,NA,NA,NA,NA,0.520798585197597,163
"5139","Stillaguamish-Pink-Odd","Pink-Odd",1975,71653,30000,NA,NA,NA,NA,NA,NA,NA,NA,NA,NA,NA,NA,NA,NA,NA,NA,NA,NA,NA,NA,NA,NA,NA,NA,NA,NA,NA,NA,NA,NA,NA,0.870637641937866,163
"5140","Stillaguamish-Pink-Odd","Pink-Odd",1977,299923,38000,NA,NA,NA,NA,NA,NA,NA,NA,NA,NA,NA,NA,NA,NA,NA,NA,NA,NA,NA,NA,NA,NA,NA,NA,NA,NA,NA,NA,NA,NA,NA,2.06593961531862,163
"5141","Stillaguamish-Pink-Odd","Pink-Odd",1979,46884,135000,NA,NA,NA,NA,NA,NA,NA,NA,NA,NA,NA,NA,NA,NA,NA,NA,NA,NA,NA,NA,NA,NA,NA,NA,NA,NA,NA,NA,NA,NA,NA,-1.0575983125775,163
"5142","Stillaguamish-Pink-Odd","Pink-Odd",1981,168700,18000,NA,NA,NA,NA,NA,NA,NA,NA,NA,NA,NA,NA,NA,NA,NA,NA,NA,NA,NA,NA,NA,NA,NA,NA,NA,NA,NA,NA,NA,NA,NA,2.23775023165576,163
"5143","Stillaguamish-Pink-Odd","Pink-Odd",1983,374856,126100,NA,NA,NA,NA,NA,NA,NA,NA,NA,NA,NA,NA,NA,NA,NA,NA,NA,NA,NA,NA,NA,NA,NA,NA,NA,NA,NA,NA,NA,NA,NA,1.08946670925266,163
"5144","Stillaguamish-Pink-Odd","Pink-Odd",1985,188426,2e+05,NA,NA,NA,NA,NA,NA,NA,NA,NA,NA,NA,NA,NA,NA,NA,NA,NA,NA,NA,NA,NA,NA,NA,NA,NA,NA,NA,NA,NA,NA,NA,-0.0596120096811995,163
"5145","Stillaguamish-Pink-Odd","Pink-Odd",1987,339913,119000,NA,NA,NA,NA,NA,NA,NA,NA,NA,NA,NA,NA,NA,NA,NA,NA,NA,NA,NA,NA,NA,NA,NA,NA,NA,NA,NA,NA,NA,NA,NA,1.04956620940226,163
"5146","Stillaguamish-Pink-Odd","Pink-Odd",1989,146866,70400,NA,NA,NA,NA,NA,NA,NA,NA,NA,NA,NA,NA,NA,NA,NA,NA,NA,NA,NA,NA,NA,NA,NA,NA,NA,NA,NA,NA,NA,NA,NA,0.735327343261195,163
"5147","Stillaguamish-Pink-Odd","Pink-Odd",1991,131730,86000,NA,NA,NA,NA,NA,NA,NA,NA,NA,NA,NA,NA,NA,NA,NA,NA,NA,NA,NA,NA,NA,NA,NA,NA,NA,NA,NA,NA,NA,NA,NA,0.426407076988228,163
"5148","Stillaguamish-Pink-Odd","Pink-Odd",1993,310020,110000,NA,NA,NA,NA,NA,NA,NA,NA,NA,NA,NA,NA,NA,NA,NA,NA,NA,NA,NA,NA,NA,NA,NA,NA,NA,NA,NA,NA,NA,NA,NA,1.03615644573473,163
"5149","Stillaguamish-Pink-Odd","Pink-Odd",1995,128134,208000,NA,NA,NA,NA,NA,NA,NA,NA,NA,NA,NA,NA,NA,NA,NA,NA,NA,NA,NA,NA,NA,NA,NA,NA,NA,NA,NA,NA,NA,NA,NA,-0.484461488373194,163
"5150","Stillaguamish-Pink-Odd","Pink-Odd",1997,237809,88572,NA,NA,NA,NA,NA,NA,NA,NA,NA,NA,NA,NA,NA,NA,NA,NA,NA,NA,NA,NA,NA,NA,NA,NA,NA,NA,NA,NA,NA,NA,NA,0.987652049894782,163
"5151","Stillaguamish-Pink-Odd","Pink-Odd",1999,854506,224486,NA,NA,NA,NA,NA,NA,NA,NA,NA,NA,NA,NA,NA,NA,NA,NA,NA,NA,NA,NA,NA,NA,NA,NA,NA,NA,NA,NA,NA,NA,NA,1.33671017974507,163
"5152","Stillaguamish-Pink-Odd","Pink-Odd",2001,217964,774279,NA,NA,NA,NA,NA,NA,NA,NA,NA,NA,NA,NA,NA,NA,NA,NA,NA,NA,NA,NA,NA,NA,NA,NA,NA,NA,NA,NA,NA,NA,NA,-1.26760236221637,163
"5153","Stillaguamish-Pink-Odd","Pink-Odd",2003,125761,184433,NA,NA,NA,NA,NA,NA,NA,NA,NA,NA,NA,NA,NA,NA,NA,NA,NA,NA,NA,NA,NA,NA,NA,NA,NA,NA,NA,NA,NA,NA,NA,-0.382902973593304,163
"5154","Stillaguamish-Pink-Odd","Pink-Odd",2005,258475,117879,NA,NA,NA,NA,NA,NA,NA,NA,NA,NA,NA,NA,NA,NA,NA,NA,NA,NA,NA,NA,NA,NA,NA,NA,NA,NA,NA,NA,NA,NA,NA,0.785140302842503,163
"5155","Stillaguamish-Pink-Odd","Pink-Odd",2007,1216236,239896,NA,NA,NA,NA,NA,NA,NA,NA,NA,NA,NA,NA,NA,NA,NA,NA,NA,NA,NA,NA,NA,NA,NA,NA,NA,NA,NA,NA,NA,NA,NA,1.62331062654996,163
"5156","Stillaguamish-Pink-Odd","Pink-Odd",2009,339463,952534,NA,NA,NA,NA,NA,NA,NA,NA,NA,NA,NA,NA,NA,NA,NA,NA,NA,NA,NA,NA,NA,NA,NA,NA,NA,NA,NA,NA,NA,NA,NA,-1.03176084464196,163
"5157","Stillaguamish-Pink-Odd","Pink-Odd",2011,389454,179577,NA,NA,NA,NA,NA,NA,NA,NA,NA,NA,NA,NA,NA,NA,NA,NA,NA,NA,NA,NA,NA,NA,NA,NA,NA,NA,NA,NA,NA,NA,NA,0.774141672901451,163
"5158","Stillaguamish-Pink-Odd","Pink-Odd",2013,125497,246481,NA,NA,NA,NA,NA,NA,NA,NA,NA,NA,NA,NA,NA,NA,NA,NA,NA,NA,NA,NA,NA,NA,NA,NA,NA,NA,NA,NA,NA,NA,NA,-0.675003057500839,163
"5159","Stillaguamish-Pink-Odd","Pink-Odd",2015,22411,91228,NA,NA,NA,NA,NA,NA,NA,NA,NA,NA,NA,NA,NA,NA,NA,NA,NA,NA,NA,NA,NA,NA,NA,NA,NA,NA,NA,NA,NA,NA,NA,-1.40380995775045,163
"5160","Stillaguamish-Pink-Odd","Pink-Odd",2017,58209,21462,NA,NA,NA,NA,NA,NA,NA,NA,NA,NA,NA,NA,NA,NA,NA,NA,NA,NA,NA,NA,NA,NA,NA,NA,NA,NA,NA,NA,NA,NA,NA,0.997756052452309,163
"5161","Stillaguamish-Pink-Odd","Pink-Odd",2019,250162,55322,NA,NA,NA,NA,NA,NA,NA,NA,NA,NA,NA,NA,NA,NA,NA,NA,NA,NA,NA,NA,NA,NA,NA,NA,NA,NA,NA,NA,NA,NA,NA,1.50893804856791,163
"5162","Skagit-Pink-Odd","Pink-Odd",1959,615898,2e+05,NA,NA,NA,NA,NA,NA,NA,NA,NA,NA,NA,NA,NA,NA,NA,NA,NA,NA,NA,NA,NA,NA,NA,NA,NA,NA,NA,NA,NA,NA,NA,1.12476399885929,164
"5163","Skagit-Pink-Odd","Pink-Odd",1961,5008979,4e+05,NA,NA,NA,NA,NA,NA,NA,NA,NA,NA,NA,NA,NA,NA,NA,NA,NA,NA,NA,NA,NA,NA,NA,NA,NA,NA,NA,NA,NA,NA,NA,2.52752283378726,164
"5164","Skagit-Pink-Odd","Pink-Odd",1963,266258,1190000,NA,NA,NA,NA,NA,NA,NA,NA,NA,NA,NA,NA,NA,NA,NA,NA,NA,NA,NA,NA,NA,NA,NA,NA,NA,NA,NA,NA,NA,NA,NA,-1.49724282258498,164
"5165","Skagit-Pink-Odd","Pink-Odd",1965,243063,150000,NA,NA,NA,NA,NA,NA,NA,NA,NA,NA,NA,NA,NA,NA,NA,NA,NA,NA,NA,NA,NA,NA,NA,NA,NA,NA,NA,NA,NA,NA,NA,0.482685374901678,164
"5166","Skagit-Pink-Odd","Pink-Odd",1967,155912,1e+05,NA,NA,NA,NA,NA,NA,NA,NA,NA,NA,NA,NA,NA,NA,NA,NA,NA,NA,NA,NA,NA,NA,NA,NA,NA,NA,NA,NA,NA,NA,NA,0.444121559531632,164
"5167","Skagit-Pink-Odd","Pink-Odd",1969,499705,1e+05,NA,NA,NA,NA,NA,NA,NA,NA,NA,NA,NA,NA,NA,NA,NA,NA,NA,NA,NA,NA,NA,NA,NA,NA,NA,NA,NA,NA,NA,NA,NA,1.60884773831561,164
"5168","Skagit-Pink-Odd","Pink-Odd",1971,510767,300555,NA,NA,NA,NA,NA,NA,NA,NA,NA,NA,NA,NA,NA,NA,NA,NA,NA,NA,NA,NA,NA,NA,NA,NA,NA,NA,NA,NA,NA,NA,NA,0.530282752015707,164
"5169","Skagit-Pink-Odd","Pink-Odd",1973,212626,251181,NA,NA,NA,NA,NA,NA,NA,NA,NA,NA,NA,NA,NA,NA,NA,NA,NA,NA,NA,NA,NA,NA,NA,NA,NA,NA,NA,NA,NA,NA,NA,-0.16663904096997,164
"5170","Skagit-Pink-Odd","Pink-Odd",1975,934557,103135,NA,NA,NA,NA,NA,NA,NA,NA,NA,NA,NA,NA,NA,NA,NA,NA,NA,NA,NA,NA,NA,NA,NA,NA,NA,NA,NA,NA,NA,NA,NA,2.20403381056952,164
"5171","Skagit-Pink-Odd","Pink-Odd",1977,1146601,504924,NA,NA,NA,NA,NA,NA,NA,NA,NA,NA,NA,NA,NA,NA,NA,NA,NA,NA,NA,NA,NA,NA,NA,NA,NA,NA,NA,NA,NA,NA,NA,0.820149269717293,164
"5172","Skagit-Pink-Odd","Pink-Odd",1979,408984,300384,NA,NA,NA,NA,NA,NA,NA,NA,NA,NA,NA,NA,NA,NA,NA,NA,NA,NA,NA,NA,NA,NA,NA,NA,NA,NA,NA,NA,NA,NA,NA,0.30861437931862,164
"5173","Skagit-Pink-Odd","Pink-Odd",1981,556769,100268,NA,NA,NA,NA,NA,NA,NA,NA,NA,NA,NA,NA,NA,NA,NA,NA,NA,NA,NA,NA,NA,NA,NA,NA,NA,NA,NA,NA,NA,NA,NA,1.71430383099143,164
"5174","Skagit-Pink-Odd","Pink-Odd",1983,1320537,470128,NA,NA,NA,NA,NA,NA,NA,NA,NA,NA,NA,NA,NA,NA,NA,NA,NA,NA,NA,NA,NA,NA,NA,NA,NA,NA,NA,NA,NA,NA,NA,1.03278875298244,164
"5175","Skagit-Pink-Odd","Pink-Odd",1985,1162609,710030,NA,NA,NA,NA,NA,NA,NA,NA,NA,NA,NA,NA,NA,NA,NA,NA,NA,NA,NA,NA,NA,NA,NA,NA,NA,NA,NA,NA,NA,NA,NA,0.493114673843022,164
"5176","Skagit-Pink-Odd","Pink-Odd",1987,1443525,593535,NA,NA,NA,NA,NA,NA,NA,NA,NA,NA,NA,NA,NA,NA,NA,NA,NA,NA,NA,NA,NA,NA,NA,NA,NA,NA,NA,NA,NA,NA,NA,0.888747133459546,164
"5177","Skagit-Pink-Odd","Pink-Odd",1989,708469,401300,NA,NA,NA,NA,NA,NA,NA,NA,NA,NA,NA,NA,NA,NA,NA,NA,NA,NA,NA,NA,NA,NA,NA,NA,NA,NA,NA,NA,NA,NA,NA,0.568397026489885,164
"5178","Skagit-Pink-Odd","Pink-Odd",1991,782503,351000,NA,NA,NA,NA,NA,NA,NA,NA,NA,NA,NA,NA,NA,NA,NA,NA,NA,NA,NA,NA,NA,NA,NA,NA,NA,NA,NA,NA,NA,NA,NA,0.801711532806908,164
"5179","Skagit-Pink-Odd","Pink-Odd",1993,1716170,530000,NA,NA,NA,NA,NA,NA,NA,NA,NA,NA,NA,NA,NA,NA,NA,NA,NA,NA,NA,NA,NA,NA,NA,NA,NA,NA,NA,NA,NA,NA,NA,1.17497333619394,164
"5180","Skagit-Pink-Odd","Pink-Odd",1995,140873,857000,NA,NA,NA,NA,NA,NA,NA,NA,NA,NA,NA,NA,NA,NA,NA,NA,NA,NA,NA,NA,NA,NA,NA,NA,NA,NA,NA,NA,NA,NA,NA,-1.80557914332176,164
"5181","Skagit-Pink-Odd","Pink-Odd",1997,353892,60000,NA,NA,NA,NA,NA,NA,NA,NA,NA,NA,NA,NA,NA,NA,NA,NA,NA,NA,NA,NA,NA,NA,NA,NA,NA,NA,NA,NA,NA,NA,NA,1.77464721961809,164
"5182","Skagit-Pink-Odd","Pink-Odd",1999,1200342,320000,NA,NA,NA,NA,NA,NA,NA,NA,NA,NA,NA,NA,NA,NA,NA,NA,NA,NA,NA,NA,NA,NA,NA,NA,NA,NA,NA,NA,NA,NA,NA,1.32204079937753,164
"5183","Skagit-Pink-Odd","Pink-Odd",2001,876931,894061,NA,NA,NA,NA,NA,NA,NA,NA,NA,NA,NA,NA,NA,NA,NA,NA,NA,NA,NA,NA,NA,NA,NA,NA,NA,NA,NA,NA,NA,NA,NA,-0.0193456935400111,164
"5184","Skagit-Pink-Odd","Pink-Odd",2003,85276,567080,NA,NA,NA,NA,NA,NA,NA,NA,NA,NA,NA,NA,NA,NA,NA,NA,NA,NA,NA,NA,NA,NA,NA,NA,NA,NA,NA,NA,NA,NA,NA,-1.89460733224714,164
"5185","Skagit-Pink-Odd","Pink-Odd",2005,315038,60000,NA,NA,NA,NA,NA,NA,NA,NA,NA,NA,NA,NA,NA,NA,NA,NA,NA,NA,NA,NA,NA,NA,NA,NA,NA,NA,NA,NA,NA,NA,NA,1.65834870424836,164
"5186","Skagit-Pink-Odd","Pink-Odd",2007,1585213,3e+05,NA,NA,NA,NA,NA,NA,NA,NA,NA,NA,NA,NA,NA,NA,NA,NA,NA,NA,NA,NA,NA,NA,NA,NA,NA,NA,NA,NA,NA,NA,NA,1.66469158748439,164
"5187","Skagit-Pink-Odd","Pink-Odd",2009,1027540,1110000,NA,NA,NA,NA,NA,NA,NA,NA,NA,NA,NA,NA,NA,NA,NA,NA,NA,NA,NA,NA,NA,NA,NA,NA,NA,NA,NA,NA,NA,NA,NA,-0.0771924192533318,164
"5188","Skagit-Pink-Odd","Pink-Odd",2011,1624838,560000,NA,NA,NA,NA,NA,NA,NA,NA,NA,NA,NA,NA,NA,NA,NA,NA,NA,NA,NA,NA,NA,NA,NA,NA,NA,NA,NA,NA,NA,NA,NA,1.06522661375734,164
"5189","Skagit-Pink-Odd","Pink-Odd",2013,412901,9e+05,NA,NA,NA,NA,NA,NA,NA,NA,NA,NA,NA,NA,NA,NA,NA,NA,NA,NA,NA,NA,NA,NA,NA,NA,NA,NA,NA,NA,NA,NA,NA,-0.779186908541278,164
"5190","Skagit-Pink-Odd","Pink-Odd",2015,117877,290000,NA,NA,NA,NA,NA,NA,NA,NA,NA,NA,NA,NA,NA,NA,NA,NA,NA,NA,NA,NA,NA,NA,NA,NA,NA,NA,NA,NA,NA,NA,NA,-0.900239215044645,164
"5191","Skagit-Pink-Odd","Pink-Odd",2017,309481,110000,NA,NA,NA,NA,NA,NA,NA,NA,NA,NA,NA,NA,NA,NA,NA,NA,NA,NA,NA,NA,NA,NA,NA,NA,NA,NA,NA,NA,NA,NA,NA,1.03441633511019,164
"5192","Skagit-Pink-Odd","Pink-Odd",2019,619972,3e+05,NA,NA,NA,NA,NA,NA,NA,NA,NA,NA,NA,NA,NA,NA,NA,NA,NA,NA,NA,NA,NA,NA,NA,NA,NA,NA,NA,NA,NA,NA,NA,0.725891841072812,164
"5193","Nooksack-Pink-Odd","Pink-Odd",1959,182400,30000,NA,NA,NA,NA,NA,NA,NA,NA,NA,NA,NA,NA,NA,NA,NA,NA,NA,NA,NA,NA,NA,NA,NA,NA,NA,NA,NA,NA,NA,NA,NA,1.80500469597808,165
"5194","Nooksack-Pink-Odd","Pink-Odd",1961,591801,1e+05,NA,NA,NA,NA,NA,NA,NA,NA,NA,NA,NA,NA,NA,NA,NA,NA,NA,NA,NA,NA,NA,NA,NA,NA,NA,NA,NA,NA,NA,NA,NA,1.77800024373664,165
"5195","Nooksack-Pink-Odd","Pink-Odd",1963,31244,150000,NA,NA,NA,NA,NA,NA,NA,NA,NA,NA,NA,NA,NA,NA,NA,NA,NA,NA,NA,NA,NA,NA,NA,NA,NA,NA,NA,NA,NA,NA,NA,-1.5688079363482,165
"5196","Nooksack-Pink-Odd","Pink-Odd",1965,62741,15251,NA,NA,NA,NA,NA,NA,NA,NA,NA,NA,NA,NA,NA,NA,NA,NA,NA,NA,NA,NA,NA,NA,NA,NA,NA,NA,NA,NA,NA,NA,NA,1.41437006675649,165
"5197","Nooksack-Pink-Odd","Pink-Odd",1967,31759,20000,NA,NA,NA,NA,NA,NA,NA,NA,NA,NA,NA,NA,NA,NA,NA,NA,NA,NA,NA,NA,NA,NA,NA,NA,NA,NA,NA,NA,NA,NA,NA,0.462443876183149,165
"5198","Nooksack-Pink-Odd","Pink-Odd",1969,69924,15000,NA,NA,NA,NA,NA,NA,NA,NA,NA,NA,NA,NA,NA,NA,NA,NA,NA,NA,NA,NA,NA,NA,NA,NA,NA,NA,NA,NA,NA,NA,NA,1.53935873684673,165
"5199","Nooksack-Pink-Odd","Pink-Odd",1971,203146,40000,NA,NA,NA,NA,NA,NA,NA,NA,NA,NA,NA,NA,NA,NA,NA,NA,NA,NA,NA,NA,NA,NA,NA,NA,NA,NA,NA,NA,NA,NA,NA,1.62504547824163,165
"5200","Nooksack-Pink-Odd","Pink-Odd",1973,105782,75000,NA,NA,NA,NA,NA,NA,NA,NA,NA,NA,NA,NA,NA,NA,NA,NA,NA,NA,NA,NA,NA,NA,NA,NA,NA,NA,NA,NA,NA,NA,NA,0.343892259088601,165
"5201","Nooksack-Pink-Odd","Pink-Odd",1975,58222,36000,NA,NA,NA,NA,NA,NA,NA,NA,NA,NA,NA,NA,NA,NA,NA,NA,NA,NA,NA,NA,NA,NA,NA,NA,NA,NA,NA,NA,NA,NA,NA,0.480744351727536,165
"5202","Nooksack-Pink-Odd","Pink-Odd",1977,141271,25000,NA,NA,NA,NA,NA,NA,NA,NA,NA,NA,NA,NA,NA,NA,NA,NA,NA,NA,NA,NA,NA,NA,NA,NA,NA,NA,NA,NA,NA,NA,NA,1.73180420667405,165
"5203","Nooksack-Pink-Odd","Pink-Odd",1979,56041,3100,NA,NA,NA,NA,NA,NA,NA,NA,NA,NA,NA,NA,NA,NA,NA,NA,NA,NA,NA,NA,NA,NA,NA,NA,NA,NA,NA,NA,NA,NA,NA,2.89468145421536,165
"5204","Nooksack-Pink-Odd","Pink-Odd",1981,83007,15000,NA,NA,NA,NA,NA,NA,NA,NA,NA,NA,NA,NA,NA,NA,NA,NA,NA,NA,NA,NA,NA,NA,NA,NA,NA,NA,NA,NA,NA,NA,NA,1.71087474048759,165
"5205","Nooksack-Pink-Odd","Pink-Odd",1983,40138,60000,NA,NA,NA,NA,NA,NA,NA,NA,NA,NA,NA,NA,NA,NA,NA,NA,NA,NA,NA,NA,NA,NA,NA,NA,NA,NA,NA,NA,NA,NA,NA,-0.402021045705609,165
"5206","Nooksack-Pink-Odd","Pink-Odd",1985,47614,23000,NA,NA,NA,NA,NA,NA,NA,NA,NA,NA,NA,NA,NA,NA,NA,NA,NA,NA,NA,NA,NA,NA,NA,NA,NA,NA,NA,NA,NA,NA,NA,0.727632619711167,165
"5207","Nooksack-Pink-Odd","Pink-Odd",1987,212294,37000,NA,NA,NA,NA,NA,NA,NA,NA,NA,NA,NA,NA,NA,NA,NA,NA,NA,NA,NA,NA,NA,NA,NA,NA,NA,NA,NA,NA,NA,NA,NA,1.74705419377206,165
"5208","Nooksack-Pink-Odd","Pink-Odd",1989,58262,136000,NA,NA,NA,NA,NA,NA,NA,NA,NA,NA,NA,NA,NA,NA,NA,NA,NA,NA,NA,NA,NA,NA,NA,NA,NA,NA,NA,NA,NA,NA,NA,-0.847704805923405,165
"5209","Nooksack-Pink-Odd","Pink-Odd",1991,63098,24000,NA,NA,NA,NA,NA,NA,NA,NA,NA,NA,NA,NA,NA,NA,NA,NA,NA,NA,NA,NA,NA,NA,NA,NA,NA,NA,NA,NA,NA,NA,NA,0.966635242975824,165
"5210","Nooksack-Pink-Odd","Pink-Odd",1993,260726,56000,NA,NA,NA,NA,NA,NA,NA,NA,NA,NA,NA,NA,NA,NA,NA,NA,NA,NA,NA,NA,NA,NA,NA,NA,NA,NA,NA,NA,NA,NA,NA,1.53811835672359,165
"5211","Nooksack-Pink-Odd","Pink-Odd",1995,30971,220000,NA,NA,NA,NA,NA,NA,NA,NA,NA,NA,NA,NA,NA,NA,NA,NA,NA,NA,NA,NA,NA,NA,NA,NA,NA,NA,NA,NA,NA,NA,NA,-1.9605762635763,165
"5212","Nooksack-Pink-Odd","Pink-Odd",1997,97851,26000,NA,NA,NA,NA,NA,NA,NA,NA,NA,NA,NA,NA,NA,NA,NA,NA,NA,NA,NA,NA,NA,NA,NA,NA,NA,NA,NA,NA,NA,NA,NA,1.32534937549245,165
"5213","Nooksack-Pink-Odd","Pink-Odd",1999,240729,95000,NA,NA,NA,NA,NA,NA,NA,NA,NA,NA,NA,NA,NA,NA,NA,NA,NA,NA,NA,NA,NA,NA,NA,NA,NA,NA,NA,NA,NA,NA,NA,0.929794927858832,165
"5214","Nooksack-Pink-Odd","Pink-Odd",2001,53973,226000,NA,NA,NA,NA,NA,NA,NA,NA,NA,NA,NA,NA,NA,NA,NA,NA,NA,NA,NA,NA,NA,NA,NA,NA,NA,NA,NA,NA,NA,NA,NA,-1.43205107774969,165
"5215","Nooksack-Pink-Odd","Pink-Odd",2003,5622,51000,NA,NA,NA,NA,NA,NA,NA,NA,NA,NA,NA,NA,NA,NA,NA,NA,NA,NA,NA,NA,NA,NA,NA,NA,NA,NA,NA,NA,NA,NA,NA,-2.20513816023999,165
"5216","Nooksack-Pink-Odd","Pink-Odd",2005,10181,3700,NA,NA,NA,NA,NA,NA,NA,NA,NA,NA,NA,NA,NA,NA,NA,NA,NA,NA,NA,NA,NA,NA,NA,NA,NA,NA,NA,NA,NA,NA,NA,1.01219041847488,165
"5217","Nooksack-Pink-Odd","Pink-Odd",2007,51202,9300,NA,NA,NA,NA,NA,NA,NA,NA,NA,NA,NA,NA,NA,NA,NA,NA,NA,NA,NA,NA,NA,NA,NA,NA,NA,NA,NA,NA,NA,NA,NA,1.70576419362333,165
"5218","Nooksack-Pink-Odd","Pink-Odd",2009,60676,45000,NA,NA,NA,NA,NA,NA,NA,NA,NA,NA,NA,NA,NA,NA,NA,NA,NA,NA,NA,NA,NA,NA,NA,NA,NA,NA,NA,NA,NA,NA,NA,0.298885742959106,165
"5219","Nooksack-Pink-Odd","Pink-Odd",2011,328351,49000,NA,NA,NA,NA,NA,NA,NA,NA,NA,NA,NA,NA,NA,NA,NA,NA,NA,NA,NA,NA,NA,NA,NA,NA,NA,NA,NA,NA,NA,NA,NA,1.9022628600524,165
"5220","Nooksack-Pink-Odd","Pink-Odd",2013,336360,224000,NA,NA,NA,NA,NA,NA,NA,NA,NA,NA,NA,NA,NA,NA,NA,NA,NA,NA,NA,NA,NA,NA,NA,NA,NA,NA,NA,NA,NA,NA,NA,0.406535963109657,165
"5221","Nooksack-Pink-Odd","Pink-Odd",2015,32568,247000,NA,NA,NA,NA,NA,NA,NA,NA,NA,NA,NA,NA,NA,NA,NA,NA,NA,NA,NA,NA,NA,NA,NA,NA,NA,NA,NA,NA,NA,NA,NA,-2.0260581254273,165
"5222","Nooksack-Pink-Odd","Pink-Odd",2017,69662,24000,NA,NA,NA,NA,NA,NA,NA,NA,NA,NA,NA,NA,NA,NA,NA,NA,NA,NA,NA,NA,NA,NA,NA,NA,NA,NA,NA,NA,NA,NA,NA,1.06560114505918,165
"5223","Nooksack-Pink-Odd","Pink-Odd",2019,130045,50000,NA,NA,NA,NA,NA,NA,NA,NA,NA,NA,NA,NA,NA,NA,NA,NA,NA,NA,NA,NA,NA,NA,NA,NA,NA,NA,NA,NA,NA,NA,NA,0.95585753897617,165
"5224","Nisqually-Pink-Odd","Pink-Odd",1959,8764,4000,NA,NA,NA,NA,NA,NA,NA,NA,NA,NA,NA,NA,NA,NA,NA,NA,NA,NA,NA,NA,NA,NA,NA,NA,NA,NA,NA,NA,NA,NA,NA,0.784358060613329,166
"5225","Nisqually-Pink-Odd","Pink-Odd",1961,19593,5000,NA,NA,NA,NA,NA,NA,NA,NA,NA,NA,NA,NA,NA,NA,NA,NA,NA,NA,NA,NA,NA,NA,NA,NA,NA,NA,NA,NA,NA,NA,NA,1.36573444715453,166
"5226","Nisqually-Pink-Odd","Pink-Odd",1963,9057,9000,NA,NA,NA,NA,NA,NA,NA,NA,NA,NA,NA,NA,NA,NA,NA,NA,NA,NA,NA,NA,NA,NA,NA,NA,NA,NA,NA,NA,NA,NA,NA,0.00631336205659203,166
"5227","Nisqually-Pink-Odd","Pink-Odd",1965,17416,4000,NA,NA,NA,NA,NA,NA,NA,NA,NA,NA,NA,NA,NA,NA,NA,NA,NA,NA,NA,NA,NA,NA,NA,NA,NA,NA,NA,NA,NA,NA,NA,1.47109496281236,166
"5228","Nisqually-Pink-Odd","Pink-Odd",1967,6295,7000,NA,NA,NA,NA,NA,NA,NA,NA,NA,NA,NA,NA,NA,NA,NA,NA,NA,NA,NA,NA,NA,NA,NA,NA,NA,NA,NA,NA,NA,NA,NA,-0.106154481559003,166
"5229","Nisqually-Pink-Odd","Pink-Odd",1969,20545,3500,NA,NA,NA,NA,NA,NA,NA,NA,NA,NA,NA,NA,NA,NA,NA,NA,NA,NA,NA,NA,NA,NA,NA,NA,NA,NA,NA,NA,NA,NA,NA,1.76985463384001,166
"5230","Nisqually-Pink-Odd","Pink-Odd",1971,25160,10000,NA,NA,NA,NA,NA,NA,NA,NA,NA,NA,NA,NA,NA,NA,NA,NA,NA,NA,NA,NA,NA,NA,NA,NA,NA,NA,NA,NA,NA,NA,NA,0.922670338838194,166
"5231","Nisqually-Pink-Odd","Pink-Odd",1973,13645,8000,NA,NA,NA,NA,NA,NA,NA,NA,NA,NA,NA,NA,NA,NA,NA,NA,NA,NA,NA,NA,NA,NA,NA,NA,NA,NA,NA,NA,NA,NA,NA,0.533931612480466,166
"5232","Nisqually-Pink-Odd","Pink-Odd",1975,10690,6000,NA,NA,NA,NA,NA,NA,NA,NA,NA,NA,NA,NA,NA,NA,NA,NA,NA,NA,NA,NA,NA,NA,NA,NA,NA,NA,NA,NA,NA,NA,NA,0.577549255808899,166
"5233","Nisqually-Pink-Odd","Pink-Odd",1977,4654,5200,NA,NA,NA,NA,NA,NA,NA,NA,NA,NA,NA,NA,NA,NA,NA,NA,NA,NA,NA,NA,NA,NA,NA,NA,NA,NA,NA,NA,NA,NA,NA,-0.110931560707282,166
"5234","Nisqually-Pink-Odd","Pink-Odd",1979,1281,1300,NA,NA,NA,NA,NA,NA,NA,NA,NA,NA,NA,NA,NA,NA,NA,NA,NA,NA,NA,NA,NA,NA,NA,NA,NA,NA,NA,NA,NA,NA,NA,-0.0147232415528938,166
"5235","Nisqually-Pink-Odd","Pink-Odd",1981,1178,500,NA,NA,NA,NA,NA,NA,NA,NA,NA,NA,NA,NA,NA,NA,NA,NA,NA,NA,NA,NA,NA,NA,NA,NA,NA,NA,NA,NA,NA,NA,NA,0.85696526578934,166
"5236","Nisqually-Pink-Odd","Pink-Odd",1983,1440,500,NA,NA,NA,NA,NA,NA,NA,NA,NA,NA,NA,NA,NA,NA,NA,NA,NA,NA,NA,NA,NA,NA,NA,NA,NA,NA,NA,NA,NA,NA,NA,1.05779029414785,166
"5237","Nisqually-Pink-Odd","Pink-Odd",1985,12576,500,NA,NA,NA,NA,NA,NA,NA,NA,NA,NA,NA,NA,NA,NA,NA,NA,NA,NA,NA,NA,NA,NA,NA,NA,NA,NA,NA,NA,NA,NA,NA,3.2249374162468,166
"5238","Nisqually-Pink-Odd","Pink-Odd",1987,22582,7700,NA,NA,NA,NA,NA,NA,NA,NA,NA,NA,NA,NA,NA,NA,NA,NA,NA,NA,NA,NA,NA,NA,NA,NA,NA,NA,NA,NA,NA,NA,NA,1.07593279989869,166
"5239","Nisqually-Pink-Odd","Pink-Odd",1989,3213,12300,NA,NA,NA,NA,NA,NA,NA,NA,NA,NA,NA,NA,NA,NA,NA,NA,NA,NA,NA,NA,NA,NA,NA,NA,NA,NA,NA,NA,NA,NA,NA,-1.34239418224465,166
"5240","Nisqually-Pink-Odd","Pink-Odd",1991,690,1900,NA,NA,NA,NA,NA,NA,NA,NA,NA,NA,NA,NA,NA,NA,NA,NA,NA,NA,NA,NA,NA,NA,NA,NA,NA,NA,NA,NA,NA,NA,NA,-1.01291756756323,166
"5241","Nisqually-Pink-Odd","Pink-Odd",1993,892,500,NA,NA,NA,NA,NA,NA,NA,NA,NA,NA,NA,NA,NA,NA,NA,NA,NA,NA,NA,NA,NA,NA,NA,NA,NA,NA,NA,NA,NA,NA,NA,0.578858034157818,166
"5242","Nisqually-Pink-Odd","Pink-Odd",1995,46,579,NA,NA,NA,NA,NA,NA,NA,NA,NA,NA,NA,NA,NA,NA,NA,NA,NA,NA,NA,NA,NA,NA,NA,NA,NA,NA,NA,NA,NA,NA,NA,-2.5326610810839,166
"5243","Nisqually-Pink-Odd","Pink-Odd",2005,1452,581,NA,NA,NA,NA,NA,NA,NA,NA,NA,NA,NA,NA,NA,NA,NA,NA,NA,NA,NA,NA,NA,NA,NA,NA,NA,NA,NA,NA,NA,NA,NA,0.91594643853283,166
"5244","Nisqually-Pink-Odd","Pink-Odd",2007,14978,1000,NA,NA,NA,NA,NA,NA,NA,NA,NA,NA,NA,NA,NA,NA,NA,NA,NA,NA,NA,NA,NA,NA,NA,NA,NA,NA,NA,NA,NA,NA,NA,2.70658245782718,166
"5245","Nisqually-Pink-Odd","Pink-Odd",2009,853033,12300,NA,NA,NA,NA,NA,NA,NA,NA,NA,NA,NA,NA,NA,NA,NA,NA,NA,NA,NA,NA,NA,NA,NA,NA,NA,NA,NA,NA,NA,NA,NA,4.23919897135209,166
"5246","Nisqually-Pink-Odd","Pink-Odd",2011,921434,765447,NA,NA,NA,NA,NA,NA,NA,NA,NA,NA,NA,NA,NA,NA,NA,NA,NA,NA,NA,NA,NA,NA,NA,NA,NA,NA,NA,NA,NA,NA,NA,0.185471175282787,166
"5247","Nisqually-Pink-Odd","Pink-Odd",2013,204814,815887,NA,NA,NA,NA,NA,NA,NA,NA,NA,NA,NA,NA,NA,NA,NA,NA,NA,NA,NA,NA,NA,NA,NA,NA,NA,NA,NA,NA,NA,NA,NA,-1.3821736147787,166
"5248","Nisqually-Pink-Odd","Pink-Odd",2015,9492,162148,NA,NA,NA,NA,NA,NA,NA,NA,NA,NA,NA,NA,NA,NA,NA,NA,NA,NA,NA,NA,NA,NA,NA,NA,NA,NA,NA,NA,NA,NA,NA,-2.83806015984534,166
"5249","Nisqually-Pink-Odd","Pink-Odd",2017,425527,6801,NA,NA,NA,NA,NA,NA,NA,NA,NA,NA,NA,NA,NA,NA,NA,NA,NA,NA,NA,NA,NA,NA,NA,NA,NA,NA,NA,NA,NA,NA,NA,4.13625874056587,166
"5250","Nisqually-Pink-Odd","Pink-Odd",2019,94429,406029,NA,NA,NA,NA,NA,NA,NA,NA,NA,NA,NA,NA,NA,NA,NA,NA,NA,NA,NA,NA,NA,NA,NA,NA,NA,NA,NA,NA,NA,NA,NA,-1.45857635625828,166
"5251","S South Misc.-Pink-Odd","Pink-Odd",1959,122,100,NA,NA,NA,NA,NA,NA,NA,NA,NA,NA,NA,NA,NA,NA,NA,NA,NA,NA,NA,NA,NA,NA,NA,NA,NA,NA,NA,NA,NA,NA,NA,0.198850858745165,167
"5252","S South Misc.-Pink-Odd","Pink-Odd",1961,368,100,NA,NA,NA,NA,NA,NA,NA,NA,NA,NA,NA,NA,NA,NA,NA,NA,NA,NA,NA,NA,NA,NA,NA,NA,NA,NA,NA,NA,NA,NA,NA,1.30291275218084,167
"5253","S South Misc.-Pink-Odd","Pink-Odd",1963,719,200,NA,NA,NA,NA,NA,NA,NA,NA,NA,NA,NA,NA,NA,NA,NA,NA,NA,NA,NA,NA,NA,NA,NA,NA,NA,NA,NA,NA,NA,NA,NA,1.27954399117301,167
"5254","S South Misc.-Pink-Odd","Pink-Odd",1965,813,500,NA,NA,NA,NA,NA,NA,NA,NA,NA,NA,NA,NA,NA,NA,NA,NA,NA,NA,NA,NA,NA,NA,NA,NA,NA,NA,NA,NA,NA,NA,NA,0.486123011125619,167
"5255","S South Misc.-Pink-Odd","Pink-Odd",1967,452,400,NA,NA,NA,NA,NA,NA,NA,NA,NA,NA,NA,NA,NA,NA,NA,NA,NA,NA,NA,NA,NA,NA,NA,NA,NA,NA,NA,NA,NA,NA,NA,0.122217632724249,167
"5256","S South Misc.-Pink-Odd","Pink-Odd",1969,720,300,NA,NA,NA,NA,NA,NA,NA,NA,NA,NA,NA,NA,NA,NA,NA,NA,NA,NA,NA,NA,NA,NA,NA,NA,NA,NA,NA,NA,NA,NA,NA,0.8754687373539,167
"5257","S South Misc.-Pink-Odd","Pink-Odd",1971,975,500,NA,NA,NA,NA,NA,NA,NA,NA,NA,NA,NA,NA,NA,NA,NA,NA,NA,NA,NA,NA,NA,NA,NA,NA,NA,NA,NA,NA,NA,NA,NA,0.667829372575655,167
"5258","S South Misc.-Pink-Odd","Pink-Odd",1973,174,600,NA,NA,NA,NA,NA,NA,NA,NA,NA,NA,NA,NA,NA,NA,NA,NA,NA,NA,NA,NA,NA,NA,NA,NA,NA,NA,NA,NA,NA,NA,NA,-1.23787435600162,167
"5259","S South Misc.-Pink-Odd","Pink-Odd",1975,1419,100,NA,NA,NA,NA,NA,NA,NA,NA,NA,NA,NA,NA,NA,NA,NA,NA,NA,NA,NA,NA,NA,NA,NA,NA,NA,NA,NA,NA,NA,NA,NA,2.65253749117195,167
"5260","S South Misc.-Pink-Odd","Pink-Odd",1977,2374,700,NA,NA,NA,NA,NA,NA,NA,NA,NA,NA,NA,NA,NA,NA,NA,NA,NA,NA,NA,NA,NA,NA,NA,NA,NA,NA,NA,NA,NA,NA,NA,1.22125124012621,167
"5261","S South Misc.-Pink-Odd","Pink-Odd",1979,429,800,NA,NA,NA,NA,NA,NA,NA,NA,NA,NA,NA,NA,NA,NA,NA,NA,NA,NA,NA,NA,NA,NA,NA,NA,NA,NA,NA,NA,NA,NA,NA,-0.62315480873991,167
"5262","S South Misc.-Pink-Odd","Pink-Odd",1981,241,100,NA,NA,NA,NA,NA,NA,NA,NA,NA,NA,NA,NA,NA,NA,NA,NA,NA,NA,NA,NA,NA,NA,NA,NA,NA,NA,NA,NA,NA,NA,NA,0.879626747502564,167
"5263","S South Misc.-Pink-Odd","Pink-Odd",1983,195,100,NA,NA,NA,NA,NA,NA,NA,NA,NA,NA,NA,NA,NA,NA,NA,NA,NA,NA,NA,NA,NA,NA,NA,NA,NA,NA,NA,NA,NA,NA,NA,0.667829372575655,167
"5264","S South Misc.-Pink-Odd","Pink-Odd",1985,142,100,NA,NA,NA,NA,NA,NA,NA,NA,NA,NA,NA,NA,NA,NA,NA,NA,NA,NA,NA,NA,NA,NA,NA,NA,NA,NA,NA,NA,NA,NA,NA,0.350656871613169,167
"5265","S South Misc.-Pink-Odd","Pink-Odd",1987,98,100,NA,NA,NA,NA,NA,NA,NA,NA,NA,NA,NA,NA,NA,NA,NA,NA,NA,NA,NA,NA,NA,NA,NA,NA,NA,NA,NA,NA,NA,NA,NA,-0.0202027073175195,167
"5266","S South Misc.-Pink-Odd","Pink-Odd",1989,83,50,NA,NA,NA,NA,NA,NA,NA,NA,NA,NA,NA,NA,NA,NA,NA,NA,NA,NA,NA,NA,NA,NA,NA,NA,NA,NA,NA,NA,NA,NA,NA,0.506817602368452,167
"5267","S South Misc.-Pink-Odd","Pink-Odd",1991,66,50,NA,NA,NA,NA,NA,NA,NA,NA,NA,NA,NA,NA,NA,NA,NA,NA,NA,NA,NA,NA,NA,NA,NA,NA,NA,NA,NA,NA,NA,NA,NA,0.27763173659828,167
"5268","S South Misc.-Pink-Odd","Pink-Odd",1993,71,50,NA,NA,NA,NA,NA,NA,NA,NA,NA,NA,NA,NA,NA,NA,NA,NA,NA,NA,NA,NA,NA,NA,NA,NA,NA,NA,NA,NA,NA,NA,NA,0.350656871613169,167
"5269","S South Misc.-Pink-Odd","Pink-Odd",1995,326,31,NA,NA,NA,NA,NA,NA,NA,NA,NA,NA,NA,NA,NA,NA,NA,NA,NA,NA,NA,NA,NA,NA,NA,NA,NA,NA,NA,NA,NA,NA,NA,2.35291017688156,167
"5270","S South Misc.-Pink-Odd","Pink-Odd",1997,20,233,NA,NA,NA,NA,NA,NA,NA,NA,NA,NA,NA,NA,NA,NA,NA,NA,NA,NA,NA,NA,NA,NA,NA,NA,NA,NA,NA,NA,NA,NA,NA,-2.45530618001171,167
"5271","S South Misc.-Pink-Odd","Pink-Odd",1999,174,17,NA,NA,NA,NA,NA,NA,NA,NA,NA,NA,NA,NA,NA,NA,NA,NA,NA,NA,NA,NA,NA,NA,NA,NA,NA,NA,NA,NA,NA,NA,NA,2.32584195515831,167
"5272","S South Misc.-Pink-Odd","Pink-Odd",2001,204,114,NA,NA,NA,NA,NA,NA,NA,NA,NA,NA,NA,NA,NA,NA,NA,NA,NA,NA,NA,NA,NA,NA,NA,NA,NA,NA,NA,NA,NA,NA,NA,0.581921545449721,167
"5273","S South Misc.-Pink-Odd","Pink-Odd",2003,107,186,NA,NA,NA,NA,NA,NA,NA,NA,NA,NA,NA,NA,NA,NA,NA,NA,NA,NA,NA,NA,NA,NA,NA,NA,NA,NA,NA,NA,NA,NA,NA,-0.552917839251295,167
"5274","S South Misc.-Pink-Odd","Pink-Odd",2005,143,95,NA,NA,NA,NA,NA,NA,NA,NA,NA,NA,NA,NA,NA,NA,NA,NA,NA,NA,NA,NA,NA,NA,NA,NA,NA,NA,NA,NA,NA,NA,NA,0.408967738659366,167
"5275","S South Misc.-Pink-Odd","Pink-Odd",2007,1852,129,NA,NA,NA,NA,NA,NA,NA,NA,NA,NA,NA,NA,NA,NA,NA,NA,NA,NA,NA,NA,NA,NA,NA,NA,NA,NA,NA,NA,NA,NA,NA,2.66420901084445,167
"5276","S South Misc.-Pink-Odd","Pink-Odd",2009,585,1492,NA,NA,NA,NA,NA,NA,NA,NA,NA,NA,NA,NA,NA,NA,NA,NA,NA,NA,NA,NA,NA,NA,NA,NA,NA,NA,NA,NA,NA,NA,NA,-0.93626093353185,167
"5277","S South Misc.-Pink-Odd","Pink-Odd",2011,1648,315,NA,NA,NA,NA,NA,NA,NA,NA,NA,NA,NA,NA,NA,NA,NA,NA,NA,NA,NA,NA,NA,NA,NA,NA,NA,NA,NA,NA,NA,NA,NA,1.65474507164378,167
"5278","S South Misc.-Pink-Odd","Pink-Odd",2013,827,1147,NA,NA,NA,NA,NA,NA,NA,NA,NA,NA,NA,NA,NA,NA,NA,NA,NA,NA,NA,NA,NA,NA,NA,NA,NA,NA,NA,NA,NA,NA,NA,-0.327100422105679,167
"5279","S South Misc.-Pink-Odd","Pink-Odd",2015,93,607,NA,NA,NA,NA,NA,NA,NA,NA,NA,NA,NA,NA,NA,NA,NA,NA,NA,NA,NA,NA,NA,NA,NA,NA,NA,NA,NA,NA,NA,NA,NA,-1.87592929790624,167
"5280","S South Misc.-Pink-Odd","Pink-Odd",2017,31,86,NA,NA,NA,NA,NA,NA,NA,NA,NA,NA,NA,NA,NA,NA,NA,NA,NA,NA,NA,NA,NA,NA,NA,NA,NA,NA,NA,NA,NA,NA,NA,-1.02036009176836,167
"5281","S South Misc.-Pink-Odd","Pink-Odd",2019,161,14,NA,NA,NA,NA,NA,NA,NA,NA,NA,NA,NA,NA,NA,NA,NA,NA,NA,NA,NA,NA,NA,NA,NA,NA,NA,NA,NA,NA,NA,NA,NA,2.4423470353692,167
"5282","Fraser-Pink-Odd","Pink-Odd",1961,6460055,1092561,NA,NA,NA,NA,NA,NA,NA,NA,NA,NA,NA,NA,NA,NA,NA,NA,NA,NA,NA,NA,NA,NA,NA,NA,NA,NA,NA,NA,NA,NA,NA,1.777113350021,168
"5283","Fraser-Pink-Odd","Pink-Odd",1963,1889246,1954038,NA,NA,NA,NA,NA,NA,NA,NA,NA,NA,NA,NA,NA,NA,NA,NA,NA,NA,NA,NA,NA,NA,NA,NA,NA,NA,NA,NA,NA,NA,NA,-0.0337201930449512,168
"5284","Fraser-Pink-Odd","Pink-Odd",1965,5482350,1194099,NA,NA,NA,NA,NA,NA,NA,NA,NA,NA,NA,NA,NA,NA,NA,NA,NA,NA,NA,NA,NA,NA,NA,NA,NA,NA,NA,NA,NA,NA,NA,1.52414191504845,168
"5285","Fraser-Pink-Odd","Pink-Odd",1967,2319887,1831219,NA,NA,NA,NA,NA,NA,NA,NA,NA,NA,NA,NA,NA,NA,NA,NA,NA,NA,NA,NA,NA,NA,NA,NA,NA,NA,NA,NA,NA,NA,NA,0.236536612283138,168
"5286","Fraser-Pink-Odd","Pink-Odd",1969,12962791,1530913,NA,NA,NA,NA,NA,NA,NA,NA,NA,NA,NA,NA,NA,NA,NA,NA,NA,NA,NA,NA,NA,NA,NA,NA,NA,NA,NA,NA,NA,NA,NA,2.13621873322012,168
"5287","Fraser-Pink-Odd","Pink-Odd",1971,3931461,1804952,NA,NA,NA,NA,NA,NA,NA,NA,NA,NA,NA,NA,NA,NA,NA,NA,NA,NA,NA,NA,NA,NA,NA,NA,NA,NA,NA,NA,NA,NA,NA,0.778477113888857,168
"5288","Fraser-Pink-Odd","Pink-Odd",1973,9763328,1754261,NA,NA,NA,NA,NA,NA,NA,NA,NA,NA,NA,NA,NA,NA,NA,NA,NA,NA,NA,NA,NA,NA,NA,NA,NA,NA,NA,NA,NA,NA,NA,1.7165856402933,168
"5289","Fraser-Pink-Odd","Pink-Odd",1975,6803984,1367089,NA,NA,NA,NA,NA,NA,NA,NA,NA,NA,NA,NA,NA,NA,NA,NA,NA,NA,NA,NA,NA,NA,NA,NA,NA,NA,NA,NA,NA,NA,NA,1.60482466127875,168
"5290","Fraser-Pink-Odd","Pink-Odd",1977,4893955,2387811,NA,NA,NA,NA,NA,NA,NA,NA,NA,NA,NA,NA,NA,NA,NA,NA,NA,NA,NA,NA,NA,NA,NA,NA,NA,NA,NA,NA,NA,NA,NA,0.717623723376112,168
"5291","Fraser-Pink-Odd","Pink-Odd",1979,8209485,3560654,NA,NA,NA,NA,NA,NA,NA,NA,NA,NA,NA,NA,NA,NA,NA,NA,NA,NA,NA,NA,NA,NA,NA,NA,NA,NA,NA,NA,NA,NA,NA,0.835345957259921,168
"5292","Fraser-Pink-Odd","Pink-Odd",1981,14404120,4488336,NA,NA,NA,NA,NA,NA,NA,NA,NA,NA,NA,NA,NA,NA,NA,NA,NA,NA,NA,NA,NA,NA,NA,NA,NA,NA,NA,NA,NA,NA,NA,1.16603224504287,168
"5293","Fraser-Pink-Odd","Pink-Odd",1983,18684689,4631721,NA,NA,NA,NA,NA,NA,NA,NA,NA,NA,NA,NA,NA,NA,NA,NA,NA,NA,NA,NA,NA,NA,NA,NA,NA,NA,NA,NA,NA,NA,NA,1.39477591313581,168
"5294","Fraser-Pink-Odd","Pink-Odd",1985,15346097,6460950,NA,NA,NA,NA,NA,NA,NA,NA,NA,NA,NA,NA,NA,NA,NA,NA,NA,NA,NA,NA,NA,NA,NA,NA,NA,NA,NA,NA,NA,NA,NA,0.865084808794918,168
"5295","Fraser-Pink-Odd","Pink-Odd",1987,19038024,3223521,NA,NA,NA,NA,NA,NA,NA,NA,NA,NA,NA,NA,NA,NA,NA,NA,NA,NA,NA,NA,NA,NA,NA,NA,NA,NA,NA,NA,NA,NA,NA,1.77596400205964,168
"5296","Fraser-Pink-Odd","Pink-Odd",1989,7171773,7189201,NA,NA,NA,NA,NA,NA,NA,NA,NA,NA,NA,NA,NA,NA,NA,NA,NA,NA,NA,NA,NA,NA,NA,NA,NA,NA,NA,NA,NA,NA,NA,-0.00242713461575371,168
"5297","Fraser-Pink-Odd","Pink-Odd",1991,16484275,12942835,NA,NA,NA,NA,NA,NA,NA,NA,NA,NA,NA,NA,NA,NA,NA,NA,NA,NA,NA,NA,NA,NA,NA,NA,NA,NA,NA,NA,NA,NA,NA,0.241864543006004,168
"5298","Fraser-Pink-Odd","Pink-Odd",1993,22173639,10768335,NA,NA,NA,NA,NA,NA,NA,NA,NA,NA,NA,NA,NA,NA,NA,NA,NA,NA,NA,NA,NA,NA,NA,NA,NA,NA,NA,NA,NA,NA,NA,0.722294267772512,168
"5299","Fraser-Pink-Odd","Pink-Odd",1995,16983498,7174584,NA,NA,NA,NA,NA,NA,NA,NA,NA,NA,NA,NA,NA,NA,NA,NA,NA,NA,NA,NA,NA,NA,NA,NA,NA,NA,NA,NA,NA,NA,NA,0.861697385863041,168
"5300","Fraser-Pink-Odd","Pink-Odd",1997,12903708,2842108,NA,NA,NA,NA,NA,NA,NA,NA,NA,NA,NA,NA,NA,NA,NA,NA,NA,NA,NA,NA,NA,NA,NA,NA,NA,NA,NA,NA,NA,NA,NA,1.51296868156426,168
"5301","Fraser-Pink-Odd","Pink-Odd",1999,8175964,3444982,NA,NA,NA,NA,NA,NA,NA,NA,NA,NA,NA,NA,NA,NA,NA,NA,NA,NA,NA,NA,NA,NA,NA,NA,NA,NA,NA,NA,NA,NA,NA,0.864279950832283,168
"5302","Fraser-Pink-Odd","Pink-Odd",2001,3608265,19813620,NA,NA,NA,NA,NA,NA,NA,NA,NA,NA,NA,NA,NA,NA,NA,NA,NA,NA,NA,NA,NA,NA,NA,NA,NA,NA,NA,NA,NA,NA,NA,-1.70314253261141,168
"5303","Fraser-Pink-Odd","Pink-Odd",2003,21261774,22181030,NA,NA,NA,NA,NA,NA,NA,NA,NA,NA,NA,NA,NA,NA,NA,NA,NA,NA,NA,NA,NA,NA,NA,NA,NA,NA,NA,NA,NA,NA,NA,-0.0423266065584137,168
"5304","Fraser-Pink-Odd","Pink-Odd",2005,24250000,8809624,NA,NA,NA,NA,NA,NA,NA,NA,NA,NA,NA,NA,NA,NA,NA,NA,NA,NA,NA,NA,NA,NA,NA,NA,NA,NA,NA,NA,NA,NA,NA,1.01257185712029,168
"5305","Fraser-Pink-Odd","Pink-Odd",2007,9870000,7650052,NA,NA,NA,NA,NA,NA,NA,NA,NA,NA,NA,NA,NA,NA,NA,NA,NA,NA,NA,NA,NA,NA,NA,NA,NA,NA,NA,NA,NA,NA,NA,0.254787408244427,168
"5306","Fraser-Pink-Odd","Pink-Odd",2009,8490000,15428836,NA,NA,NA,NA,NA,NA,NA,NA,NA,NA,NA,NA,NA,NA,NA,NA,NA,NA,NA,NA,NA,NA,NA,NA,NA,NA,NA,NA,NA,NA,NA,-0.597349225746771,168
"5307","Fraser-Pink-Odd","Pink-Odd",2011,19936153,12784508,NA,NA,NA,NA,NA,NA,NA,NA,NA,NA,NA,NA,NA,NA,NA,NA,NA,NA,NA,NA,NA,NA,NA,NA,NA,NA,NA,NA,NA,NA,NA,0.444300691728298,168
"5308","Fraser-Pink-Odd","Pink-Odd",2013,20645120,9344490,NA,NA,NA,NA,NA,NA,NA,NA,NA,NA,NA,NA,NA,NA,NA,NA,NA,NA,NA,NA,NA,NA,NA,NA,NA,NA,NA,NA,NA,NA,NA,0.792692107087139,168
"5309","Fraser-Pink-Odd","Pink-Odd",2015,15897819,5315845,NA,NA,NA,NA,NA,NA,NA,NA,NA,NA,NA,NA,NA,NA,NA,NA,NA,NA,NA,NA,NA,NA,NA,NA,NA,NA,NA,NA,NA,NA,NA,1.09548994684141,168
"5310","Fraser-Pink-Odd","Pink-Odd",2017,5812085,3392159,NA,NA,NA,NA,NA,NA,NA,NA,NA,NA,NA,NA,NA,NA,NA,NA,NA,NA,NA,NA,NA,NA,NA,NA,NA,NA,NA,NA,NA,NA,NA,0.538472778684006,168
"5311","Fraser-Pink-Odd","Pink-Odd",2019,3563091,8307419,NA,NA,NA,NA,NA,NA,NA,NA,NA,NA,NA,NA,NA,NA,NA,NA,NA,NA,NA,NA,NA,NA,NA,NA,NA,NA,NA,NA,NA,NA,NA,-0.846520544400778,168
"5312","Fraser-Pink-Odd","Pink-Odd",2021,8858203,7827445,NA,NA,NA,NA,NA,NA,NA,NA,NA,NA,NA,NA,NA,NA,NA,NA,NA,NA,NA,NA,NA,NA,NA,NA,NA,NA,NA,NA,NA,NA,NA,0.123707774690829,168
"5313","S SEAK-Pink-Even","Pink-Even",1960,18018178,1645698,NA,NA,NA,NA,NA,NA,NA,NA,NA,NA,NA,NA,NA,NA,NA,NA,NA,NA,NA,NA,NA,NA,NA,NA,NA,NA,NA,NA,NA,NA,NA,2.3932165268602,169
"5314","S SEAK-Pink-Even","Pink-Even",1962,18498952,7277750,NA,NA,NA,NA,NA,NA,NA,NA,NA,NA,NA,NA,NA,NA,NA,NA,NA,NA,NA,NA,NA,NA,NA,NA,NA,NA,NA,NA,NA,NA,NA,0.932892333327226,169
"5315","S SEAK-Pink-Even","Pink-Even",1964,24066918,7241005,NA,NA,NA,NA,NA,NA,NA,NA,NA,NA,NA,NA,NA,NA,NA,NA,NA,NA,NA,NA,NA,NA,NA,NA,NA,NA,NA,NA,NA,NA,NA,1.20107819147063,169
"5316","S SEAK-Pink-Even","Pink-Even",1966,22660571,8505363,NA,NA,NA,NA,NA,NA,NA,NA,NA,NA,NA,NA,NA,NA,NA,NA,NA,NA,NA,NA,NA,NA,NA,NA,NA,NA,NA,NA,NA,NA,NA,0.97992954815716,169
"5317","S SEAK-Pink-Even","Pink-Even",1968,11799014,7466695,NA,NA,NA,NA,NA,NA,NA,NA,NA,NA,NA,NA,NA,NA,NA,NA,NA,NA,NA,NA,NA,NA,NA,NA,NA,NA,NA,NA,NA,NA,NA,0.457563503829769,169
"5318","S SEAK-Pink-Even","Pink-Even",1970,15278598,6428255,NA,NA,NA,NA,NA,NA,NA,NA,NA,NA,NA,NA,NA,NA,NA,NA,NA,NA,NA,NA,NA,NA,NA,NA,NA,NA,NA,NA,NA,NA,NA,0.865749908320693,169
"5319","S SEAK-Pink-Even","Pink-Even",1972,9844298,6125953,NA,NA,NA,NA,NA,NA,NA,NA,NA,NA,NA,NA,NA,NA,NA,NA,NA,NA,NA,NA,NA,NA,NA,NA,NA,NA,NA,NA,NA,NA,NA,0.474358068153297,169
"5320","S SEAK-Pink-Even","Pink-Even",1974,13648641,5623493,NA,NA,NA,NA,NA,NA,NA,NA,NA,NA,NA,NA,NA,NA,NA,NA,NA,NA,NA,NA,NA,NA,NA,NA,NA,NA,NA,NA,NA,NA,NA,0.886686955150159,169
"5321","S SEAK-Pink-Even","Pink-Even",1976,28963338,8486705,NA,NA,NA,NA,NA,NA,NA,NA,NA,NA,NA,NA,NA,NA,NA,NA,NA,NA,NA,NA,NA,NA,NA,NA,NA,NA,NA,NA,NA,NA,NA,1.22753000196606,169
"5322","S SEAK-Pink-Even","Pink-Even",1978,25022308,10538360,NA,NA,NA,NA,NA,NA,NA,NA,NA,NA,NA,NA,NA,NA,NA,NA,NA,NA,NA,NA,NA,NA,NA,NA,NA,NA,NA,NA,NA,NA,NA,0.864745813703709,169
"5323","S SEAK-Pink-Even","Pink-Even",1980,23055870,12098035,NA,NA,NA,NA,NA,NA,NA,NA,NA,NA,NA,NA,NA,NA,NA,NA,NA,NA,NA,NA,NA,NA,NA,NA,NA,NA,NA,NA,NA,NA,NA,0.644877358075037,169
"5324","S SEAK-Pink-Even","Pink-Even",1982,38863370,10094798,NA,NA,NA,NA,NA,NA,NA,NA,NA,NA,NA,NA,NA,NA,NA,NA,NA,NA,NA,NA,NA,NA,NA,NA,NA,NA,NA,NA,NA,NA,NA,1.34803192009508,169
"5325","S SEAK-Pink-Even","Pink-Even",1984,73580617,19186855,NA,NA,NA,NA,NA,NA,NA,NA,NA,NA,NA,NA,NA,NA,NA,NA,NA,NA,NA,NA,NA,NA,NA,NA,NA,NA,NA,NA,NA,NA,NA,1.34415622592508,169
"5326","S SEAK-Pink-Even","Pink-Even",1986,17230952,28561160,NA,NA,NA,NA,NA,NA,NA,NA,NA,NA,NA,NA,NA,NA,NA,NA,NA,NA,NA,NA,NA,NA,NA,NA,NA,NA,NA,NA,NA,NA,NA,-0.50534045141296,169
"5327","S SEAK-Pink-Even","Pink-Even",1988,39534645,8176163,NA,NA,NA,NA,NA,NA,NA,NA,NA,NA,NA,NA,NA,NA,NA,NA,NA,NA,NA,NA,NA,NA,NA,NA,NA,NA,NA,NA,NA,NA,NA,1.57595440643538,169
"5328","S SEAK-Pink-Even","Pink-Even",1990,32723774,12851393,NA,NA,NA,NA,NA,NA,NA,NA,NA,NA,NA,NA,NA,NA,NA,NA,NA,NA,NA,NA,NA,NA,NA,NA,NA,NA,NA,NA,NA,NA,NA,0.934649637246295,169
"5329","S SEAK-Pink-Even","Pink-Even",1992,34227825,13714198,NA,NA,NA,NA,NA,NA,NA,NA,NA,NA,NA,NA,NA,NA,NA,NA,NA,NA,NA,NA,NA,NA,NA,NA,NA,NA,NA,NA,NA,NA,NA,0.914607263210834,169
"5330","S SEAK-Pink-Even","Pink-Even",1994,83426596,13167560,NA,NA,NA,NA,NA,NA,NA,NA,NA,NA,NA,NA,NA,NA,NA,NA,NA,NA,NA,NA,NA,NA,NA,NA,NA,NA,NA,NA,NA,NA,NA,1.84621092637174,169
"5331","S SEAK-Pink-Even","Pink-Even",1996,41128808,29750273,NA,NA,NA,NA,NA,NA,NA,NA,NA,NA,NA,NA,NA,NA,NA,NA,NA,NA,NA,NA,NA,NA,NA,NA,NA,NA,NA,NA,NA,NA,NA,0.323870492123372,169
"5332","S SEAK-Pink-Even","Pink-Even",1998,25882720,17380043,NA,NA,NA,NA,NA,NA,NA,NA,NA,NA,NA,NA,NA,NA,NA,NA,NA,NA,NA,NA,NA,NA,NA,NA,NA,NA,NA,NA,NA,NA,NA,0.398252970631356,169
"5333","S SEAK-Pink-Even","Pink-Even",2000,45432341,13505943,NA,NA,NA,NA,NA,NA,NA,NA,NA,NA,NA,NA,NA,NA,NA,NA,NA,NA,NA,NA,NA,NA,NA,NA,NA,NA,NA,NA,NA,NA,NA,1.21309439747257,169
"5334","S SEAK-Pink-Even","Pink-Even",2002,41564106,22113080,NA,NA,NA,NA,NA,NA,NA,NA,NA,NA,NA,NA,NA,NA,NA,NA,NA,NA,NA,NA,NA,NA,NA,NA,NA,NA,NA,NA,NA,NA,NA,0.631067669620935,169
"5335","S SEAK-Pink-Even","Pink-Even",2004,14086080,20639850,NA,NA,NA,NA,NA,NA,NA,NA,NA,NA,NA,NA,NA,NA,NA,NA,NA,NA,NA,NA,NA,NA,NA,NA,NA,NA,NA,NA,NA,NA,NA,-0.382036597440019,169
"5336","S SEAK-Pink-Even","Pink-Even",2006,29374172,10818898,NA,NA,NA,NA,NA,NA,NA,NA,NA,NA,NA,NA,NA,NA,NA,NA,NA,NA,NA,NA,NA,NA,NA,NA,NA,NA,NA,NA,NA,NA,NA,0.998821365030416,169
"5337","S SEAK-Pink-Even","Pink-Even",2008,28551949,15735923,NA,NA,NA,NA,NA,NA,NA,NA,NA,NA,NA,NA,NA,NA,NA,NA,NA,NA,NA,NA,NA,NA,NA,NA,NA,NA,NA,NA,NA,NA,NA,0.595779012135286,169
"5338","S SEAK-Pink-Odd","Pink-Odd",1961,11375279,3051815,NA,NA,NA,NA,NA,NA,NA,NA,NA,NA,NA,NA,NA,NA,NA,NA,NA,NA,NA,NA,NA,NA,NA,NA,NA,NA,NA,NA,NA,NA,NA,1.31570599641328,170
"5339","S SEAK-Pink-Odd","Pink-Odd",1963,11499633,6239135,NA,NA,NA,NA,NA,NA,NA,NA,NA,NA,NA,NA,NA,NA,NA,NA,NA,NA,NA,NA,NA,NA,NA,NA,NA,NA,NA,NA,NA,NA,NA,0.611473570838919,170
"5340","S SEAK-Pink-Odd","Pink-Odd",1965,4335653,5789175,NA,NA,NA,NA,NA,NA,NA,NA,NA,NA,NA,NA,NA,NA,NA,NA,NA,NA,NA,NA,NA,NA,NA,NA,NA,NA,NA,NA,NA,NA,NA,-0.289117561126345,170
"5341","S SEAK-Pink-Odd","Pink-Odd",1967,5491593,3694113,NA,NA,NA,NA,NA,NA,NA,NA,NA,NA,NA,NA,NA,NA,NA,NA,NA,NA,NA,NA,NA,NA,NA,NA,NA,NA,NA,NA,NA,NA,NA,0.396477905911091,170
"5342","S SEAK-Pink-Odd","Pink-Odd",1969,13509162,4292453,NA,NA,NA,NA,NA,NA,NA,NA,NA,NA,NA,NA,NA,NA,NA,NA,NA,NA,NA,NA,NA,NA,NA,NA,NA,NA,NA,NA,NA,NA,NA,1.14650975752165,170
"5343","S SEAK-Pink-Odd","Pink-Odd",1971,10606553,7249918,NA,NA,NA,NA,NA,NA,NA,NA,NA,NA,NA,NA,NA,NA,NA,NA,NA,NA,NA,NA,NA,NA,NA,NA,NA,NA,NA,NA,NA,NA,NA,0.380481859195831,170
"5344","S SEAK-Pink-Odd","Pink-Odd",1973,11491835,6048048,NA,NA,NA,NA,NA,NA,NA,NA,NA,NA,NA,NA,NA,NA,NA,NA,NA,NA,NA,NA,NA,NA,NA,NA,NA,NA,NA,NA,NA,NA,NA,0.641901207846163,170
"5345","S SEAK-Pink-Odd","Pink-Odd",1975,23897761,8158853,NA,NA,NA,NA,NA,NA,NA,NA,NA,NA,NA,NA,NA,NA,NA,NA,NA,NA,NA,NA,NA,NA,NA,NA,NA,NA,NA,NA,NA,NA,NA,1.07468117717014,170
"5346","S SEAK-Pink-Odd","Pink-Odd",1977,15575736,12599508,NA,NA,NA,NA,NA,NA,NA,NA,NA,NA,NA,NA,NA,NA,NA,NA,NA,NA,NA,NA,NA,NA,NA,NA,NA,NA,NA,NA,NA,NA,NA,0.212056553197711,170
"5347","S SEAK-Pink-Odd","Pink-Odd",1979,25227802,8585955,NA,NA,NA,NA,NA,NA,NA,NA,NA,NA,NA,NA,NA,NA,NA,NA,NA,NA,NA,NA,NA,NA,NA,NA,NA,NA,NA,NA,NA,NA,NA,1.07781891164973,170
"5348","S SEAK-Pink-Odd","Pink-Odd",1981,47769995,11702868,NA,NA,NA,NA,NA,NA,NA,NA,NA,NA,NA,NA,NA,NA,NA,NA,NA,NA,NA,NA,NA,NA,NA,NA,NA,NA,NA,NA,NA,NA,NA,1.40656378276383,170
"5349","S SEAK-Pink-Odd","Pink-Odd",1983,55599110,16308113,NA,NA,NA,NA,NA,NA,NA,NA,NA,NA,NA,NA,NA,NA,NA,NA,NA,NA,NA,NA,NA,NA,NA,NA,NA,NA,NA,NA,NA,NA,NA,1.22650447988663,170
"5350","S SEAK-Pink-Odd","Pink-Odd",1985,15904992,24886955,NA,NA,NA,NA,NA,NA,NA,NA,NA,NA,NA,NA,NA,NA,NA,NA,NA,NA,NA,NA,NA,NA,NA,NA,NA,NA,NA,NA,NA,NA,NA,-0.447710748392594,170
"5351","S SEAK-Pink-Odd","Pink-Odd",1987,64093613,11273663,NA,NA,NA,NA,NA,NA,NA,NA,NA,NA,NA,NA,NA,NA,NA,NA,NA,NA,NA,NA,NA,NA,NA,NA,NA,NA,NA,NA,NA,NA,NA,1.73787542035026,170
"5352","S SEAK-Pink-Odd","Pink-Odd",1989,57573643,18330133,NA,NA,NA,NA,NA,NA,NA,NA,NA,NA,NA,NA,NA,NA,NA,NA,NA,NA,NA,NA,NA,NA,NA,NA,NA,NA,NA,NA,NA,NA,NA,1.14451855848151,170
"5353","S SEAK-Pink-Odd","Pink-Odd",1991,55400184,14076368,NA,NA,NA,NA,NA,NA,NA,NA,NA,NA,NA,NA,NA,NA,NA,NA,NA,NA,NA,NA,NA,NA,NA,NA,NA,NA,NA,NA,NA,NA,NA,1.37008555213892,170
"5354","S SEAK-Pink-Odd","Pink-Odd",1993,60780765,16181233,NA,NA,NA,NA,NA,NA,NA,NA,NA,NA,NA,NA,NA,NA,NA,NA,NA,NA,NA,NA,NA,NA,NA,NA,NA,NA,NA,NA,NA,NA,NA,1.32342125986807,170
"5355","S SEAK-Pink-Odd","Pink-Odd",1995,30225545,19465300,NA,NA,NA,NA,NA,NA,NA,NA,NA,NA,NA,NA,NA,NA,NA,NA,NA,NA,NA,NA,NA,NA,NA,NA,NA,NA,NA,NA,NA,NA,NA,0.440054034547127,170
"5356","S SEAK-Pink-Odd","Pink-Odd",1997,67046610,14927440,NA,NA,NA,NA,NA,NA,NA,NA,NA,NA,NA,NA,NA,NA,NA,NA,NA,NA,NA,NA,NA,NA,NA,NA,NA,NA,NA,NA,NA,NA,NA,1.50218691916171,170
"5357","S SEAK-Pink-Odd","Pink-Odd",1999,79477238,28189610,NA,NA,NA,NA,NA,NA,NA,NA,NA,NA,NA,NA,NA,NA,NA,NA,NA,NA,NA,NA,NA,NA,NA,NA,NA,NA,NA,NA,NA,NA,NA,1.0365171958619,170
"5358","S SEAK-Pink-Odd","Pink-Odd",2001,53720970,27465698,NA,NA,NA,NA,NA,NA,NA,NA,NA,NA,NA,NA,NA,NA,NA,NA,NA,NA,NA,NA,NA,NA,NA,NA,NA,NA,NA,NA,NA,NA,NA,0.670865547446613,170
"5359","S SEAK-Pink-Odd","Pink-Odd",2003,52353479,24443423,NA,NA,NA,NA,NA,NA,NA,NA,NA,NA,NA,NA,NA,NA,NA,NA,NA,NA,NA,NA,NA,NA,NA,NA,NA,NA,NA,NA,NA,NA,NA,0.761657209871479,170
"5360","S SEAK-Pink-Odd","Pink-Odd",2005,58255286,23489198,NA,NA,NA,NA,NA,NA,NA,NA,NA,NA,NA,NA,NA,NA,NA,NA,NA,NA,NA,NA,NA,NA,NA,NA,NA,NA,NA,NA,NA,NA,NA,0.908294179209887,170
"5361","S SEAK-Pink-Odd","Pink-Odd",2007,44429724,26478430,NA,NA,NA,NA,NA,NA,NA,NA,NA,NA,NA,NA,NA,NA,NA,NA,NA,NA,NA,NA,NA,NA,NA,NA,NA,NA,NA,NA,NA,NA,NA,0.517578265628744,170
"5362","N SEAK Outside-Pink-Even","Pink-Even",1960,399494,344205,NA,NA,NA,NA,NA,NA,NA,NA,NA,NA,NA,NA,NA,NA,NA,NA,NA,NA,NA,NA,NA,NA,NA,NA,NA,NA,NA,NA,NA,NA,NA,0.148961336210031,171
"5363","N SEAK Outside-Pink-Even","Pink-Even",1962,404449,334630,NA,NA,NA,NA,NA,NA,NA,NA,NA,NA,NA,NA,NA,NA,NA,NA,NA,NA,NA,NA,NA,NA,NA,NA,NA,NA,NA,NA,NA,NA,NA,0.189500203139146,171
"5364","N SEAK Outside-Pink-Even","Pink-Even",1964,159136,328803,NA,NA,NA,NA,NA,NA,NA,NA,NA,NA,NA,NA,NA,NA,NA,NA,NA,NA,NA,NA,NA,NA,NA,NA,NA,NA,NA,NA,NA,NA,NA,-0.725699604695664,171
"5365","N SEAK Outside-Pink-Even","Pink-Even",1966,111655,130035,NA,NA,NA,NA,NA,NA,NA,NA,NA,NA,NA,NA,NA,NA,NA,NA,NA,NA,NA,NA,NA,NA,NA,NA,NA,NA,NA,NA,NA,NA,NA,-0.152389884901863,171
"5366","N SEAK Outside-Pink-Even","Pink-Even",1968,213220,51895,NA,NA,NA,NA,NA,NA,NA,NA,NA,NA,NA,NA,NA,NA,NA,NA,NA,NA,NA,NA,NA,NA,NA,NA,NA,NA,NA,NA,NA,NA,NA,1.41310205010508,171
"5367","N SEAK Outside-Pink-Even","Pink-Even",1970,356042,145265,NA,NA,NA,NA,NA,NA,NA,NA,NA,NA,NA,NA,NA,NA,NA,NA,NA,NA,NA,NA,NA,NA,NA,NA,NA,NA,NA,NA,NA,NA,NA,0.896489040797549,171
"5368","N SEAK Outside-Pink-Even","Pink-Even",1972,532619,306308,NA,NA,NA,NA,NA,NA,NA,NA,NA,NA,NA,NA,NA,NA,NA,NA,NA,NA,NA,NA,NA,NA,NA,NA,NA,NA,NA,NA,NA,NA,NA,0.553215215112907,171
"5369","N SEAK Outside-Pink-Even","Pink-Even",1974,758496,470398,NA,NA,NA,NA,NA,NA,NA,NA,NA,NA,NA,NA,NA,NA,NA,NA,NA,NA,NA,NA,NA,NA,NA,NA,NA,NA,NA,NA,NA,NA,NA,0.477758380333734,171
"5370","N SEAK Outside-Pink-Even","Pink-Even",1976,956662,652855,NA,NA,NA,NA,NA,NA,NA,NA,NA,NA,NA,NA,NA,NA,NA,NA,NA,NA,NA,NA,NA,NA,NA,NA,NA,NA,NA,NA,NA,NA,NA,0.38209508947304,171
"5371","N SEAK Outside-Pink-Even","Pink-Even",1978,639867,794675,NA,NA,NA,NA,NA,NA,NA,NA,NA,NA,NA,NA,NA,NA,NA,NA,NA,NA,NA,NA,NA,NA,NA,NA,NA,NA,NA,NA,NA,NA,NA,-0.21667288378162,171
"5372","N SEAK Outside-Pink-Even","Pink-Even",1980,2033582,530225,NA,NA,NA,NA,NA,NA,NA,NA,NA,NA,NA,NA,NA,NA,NA,NA,NA,NA,NA,NA,NA,NA,NA,NA,NA,NA,NA,NA,NA,NA,NA,1.34425260433642,171
"5373","N SEAK Outside-Pink-Even","Pink-Even",1982,3397864,1530970,NA,NA,NA,NA,NA,NA,NA,NA,NA,NA,NA,NA,NA,NA,NA,NA,NA,NA,NA,NA,NA,NA,NA,NA,NA,NA,NA,NA,NA,NA,NA,0.797245477457879,171
"5374","N SEAK Outside-Pink-Even","Pink-Even",1984,1040062,2123058,NA,NA,NA,NA,NA,NA,NA,NA,NA,NA,NA,NA,NA,NA,NA,NA,NA,NA,NA,NA,NA,NA,NA,NA,NA,NA,NA,NA,NA,NA,NA,-0.713577175417398,171
"5375","N SEAK Outside-Pink-Even","Pink-Even",1986,484093,827743,NA,NA,NA,NA,NA,NA,NA,NA,NA,NA,NA,NA,NA,NA,NA,NA,NA,NA,NA,NA,NA,NA,NA,NA,NA,NA,NA,NA,NA,NA,NA,-0.536425682713225,171
"5376","N SEAK Outside-Pink-Even","Pink-Even",1988,933788,417488,NA,NA,NA,NA,NA,NA,NA,NA,NA,NA,NA,NA,NA,NA,NA,NA,NA,NA,NA,NA,NA,NA,NA,NA,NA,NA,NA,NA,NA,NA,NA,0.804993630373901,171
"5377","N SEAK Outside-Pink-Even","Pink-Even",1990,1747889,745900,NA,NA,NA,NA,NA,NA,NA,NA,NA,NA,NA,NA,NA,NA,NA,NA,NA,NA,NA,NA,NA,NA,NA,NA,NA,NA,NA,NA,NA,NA,NA,0.851572510093915,171
"5378","N SEAK Outside-Pink-Even","Pink-Even",1992,4296109,1315178,NA,NA,NA,NA,NA,NA,NA,NA,NA,NA,NA,NA,NA,NA,NA,NA,NA,NA,NA,NA,NA,NA,NA,NA,NA,NA,NA,NA,NA,NA,NA,1.18373771163821,171
"5379","N SEAK Outside-Pink-Even","Pink-Even",1994,5736249,3300273,NA,NA,NA,NA,NA,NA,NA,NA,NA,NA,NA,NA,NA,NA,NA,NA,NA,NA,NA,NA,NA,NA,NA,NA,NA,NA,NA,NA,NA,NA,NA,0.552800320073522,171
"5380","N SEAK Outside-Pink-Even","Pink-Even",1996,9561585,3878028,NA,NA,NA,NA,NA,NA,NA,NA,NA,NA,NA,NA,NA,NA,NA,NA,NA,NA,NA,NA,NA,NA,NA,NA,NA,NA,NA,NA,NA,NA,NA,0.90242673128892,171
"5381","N SEAK Outside-Pink-Even","Pink-Even",1998,6389979,3708033,NA,NA,NA,NA,NA,NA,NA,NA,NA,NA,NA,NA,NA,NA,NA,NA,NA,NA,NA,NA,NA,NA,NA,NA,NA,NA,NA,NA,NA,NA,NA,0.544229434658685,171
"5382","N SEAK Outside-Pink-Even","Pink-Even",2000,8748619,3832783,NA,NA,NA,NA,NA,NA,NA,NA,NA,NA,NA,NA,NA,NA,NA,NA,NA,NA,NA,NA,NA,NA,NA,NA,NA,NA,NA,NA,NA,NA,NA,0.825304688164624,171
"5383","N SEAK Outside-Pink-Even","Pink-Even",2002,7728965,5741703,NA,NA,NA,NA,NA,NA,NA,NA,NA,NA,NA,NA,NA,NA,NA,NA,NA,NA,NA,NA,NA,NA,NA,NA,NA,NA,NA,NA,NA,NA,NA,0.297219103491745,171
"5384","N SEAK Outside-Pink-Even","Pink-Even",2004,7438618,5469000,NA,NA,NA,NA,NA,NA,NA,NA,NA,NA,NA,NA,NA,NA,NA,NA,NA,NA,NA,NA,NA,NA,NA,NA,NA,NA,NA,NA,NA,NA,NA,0.307589294538026,171
"5385","N SEAK Outside-Pink-Even","Pink-Even",2006,6163691,4895000,NA,NA,NA,NA,NA,NA,NA,NA,NA,NA,NA,NA,NA,NA,NA,NA,NA,NA,NA,NA,NA,NA,NA,NA,NA,NA,NA,NA,NA,NA,NA,0.230461510433002,171
"5386","N SEAK Outside-Pink-Even","Pink-Even",2008,8820148,4325598,NA,NA,NA,NA,NA,NA,NA,NA,NA,NA,NA,NA,NA,NA,NA,NA,NA,NA,NA,NA,NA,NA,NA,NA,NA,NA,NA,NA,NA,NA,NA,0.71248825320132,171
"5387","N SEAK Outside-Pink-Odd","Pink-Odd",1961,3349217,875088,NA,NA,NA,NA,NA,NA,NA,NA,NA,NA,NA,NA,NA,NA,NA,NA,NA,NA,NA,NA,NA,NA,NA,NA,NA,NA,NA,NA,NA,NA,NA,1.34215741342718,172
"5388","N SEAK Outside-Pink-Odd","Pink-Odd",1963,1566842,2049505,NA,NA,NA,NA,NA,NA,NA,NA,NA,NA,NA,NA,NA,NA,NA,NA,NA,NA,NA,NA,NA,NA,NA,NA,NA,NA,NA,NA,NA,NA,NA,-0.268536171899183,172
"5389","N SEAK Outside-Pink-Odd","Pink-Odd",1965,626930,948288,NA,NA,NA,NA,NA,NA,NA,NA,NA,NA,NA,NA,NA,NA,NA,NA,NA,NA,NA,NA,NA,NA,NA,NA,NA,NA,NA,NA,NA,NA,NA,-0.413823361929085,172
"5390","N SEAK Outside-Pink-Odd","Pink-Odd",1967,1189566,500073,NA,NA,NA,NA,NA,NA,NA,NA,NA,NA,NA,NA,NA,NA,NA,NA,NA,NA,NA,NA,NA,NA,NA,NA,NA,NA,NA,NA,NA,NA,NA,0.866589725936628,172
"5391","N SEAK Outside-Pink-Odd","Pink-Odd",1969,665671,1052220,NA,NA,NA,NA,NA,NA,NA,NA,NA,NA,NA,NA,NA,NA,NA,NA,NA,NA,NA,NA,NA,NA,NA,NA,NA,NA,NA,NA,NA,NA,NA,-0.457861942418092,172
"5392","N SEAK Outside-Pink-Odd","Pink-Odd",1971,1150367,573925,NA,NA,NA,NA,NA,NA,NA,NA,NA,NA,NA,NA,NA,NA,NA,NA,NA,NA,NA,NA,NA,NA,NA,NA,NA,NA,NA,NA,NA,NA,NA,0.695337575119158,172
"5393","N SEAK Outside-Pink-Odd","Pink-Odd",1973,1826656,891608,NA,NA,NA,NA,NA,NA,NA,NA,NA,NA,NA,NA,NA,NA,NA,NA,NA,NA,NA,NA,NA,NA,NA,NA,NA,NA,NA,NA,NA,NA,NA,0.717215677735916,172
"5394","N SEAK Outside-Pink-Odd","Pink-Odd",1975,6468894,1260848,NA,NA,NA,NA,NA,NA,NA,NA,NA,NA,NA,NA,NA,NA,NA,NA,NA,NA,NA,NA,NA,NA,NA,NA,NA,NA,NA,NA,NA,NA,NA,1.63522064062466,172
"5395","N SEAK Outside-Pink-Odd","Pink-Odd",1977,5872272,4270718,NA,NA,NA,NA,NA,NA,NA,NA,NA,NA,NA,NA,NA,NA,NA,NA,NA,NA,NA,NA,NA,NA,NA,NA,NA,NA,NA,NA,NA,NA,NA,0.318459648777461,172
"5396","N SEAK Outside-Pink-Odd","Pink-Odd",1979,6424193,4060198,NA,NA,NA,NA,NA,NA,NA,NA,NA,NA,NA,NA,NA,NA,NA,NA,NA,NA,NA,NA,NA,NA,NA,NA,NA,NA,NA,NA,NA,NA,NA,0.458839278882307,172
"5397","N SEAK Outside-Pink-Odd","Pink-Odd",1981,5645863,3676025,NA,NA,NA,NA,NA,NA,NA,NA,NA,NA,NA,NA,NA,NA,NA,NA,NA,NA,NA,NA,NA,NA,NA,NA,NA,NA,NA,NA,NA,NA,NA,0.429091059229724,172
"5398","N SEAK Outside-Pink-Odd","Pink-Odd",1983,10032670,3089278,NA,NA,NA,NA,NA,NA,NA,NA,NA,NA,NA,NA,NA,NA,NA,NA,NA,NA,NA,NA,NA,NA,NA,NA,NA,NA,NA,NA,NA,NA,NA,1.17790936129467,172
"5399","N SEAK Outside-Pink-Odd","Pink-Odd",1985,1483886,4401620,NA,NA,NA,NA,NA,NA,NA,NA,NA,NA,NA,NA,NA,NA,NA,NA,NA,NA,NA,NA,NA,NA,NA,NA,NA,NA,NA,NA,NA,NA,NA,-1.08730833259268,172
"5400","N SEAK Outside-Pink-Odd","Pink-Odd",1987,2014204,1055085,NA,NA,NA,NA,NA,NA,NA,NA,NA,NA,NA,NA,NA,NA,NA,NA,NA,NA,NA,NA,NA,NA,NA,NA,NA,NA,NA,NA,NA,NA,NA,0.646602747727121,172
"5401","N SEAK Outside-Pink-Odd","Pink-Odd",1989,2178632,1103323,NA,NA,NA,NA,NA,NA,NA,NA,NA,NA,NA,NA,NA,NA,NA,NA,NA,NA,NA,NA,NA,NA,NA,NA,NA,NA,NA,NA,NA,NA,NA,0.6803706217722,172
"5402","N SEAK Outside-Pink-Odd","Pink-Odd",1991,2128693,1804080,NA,NA,NA,NA,NA,NA,NA,NA,NA,NA,NA,NA,NA,NA,NA,NA,NA,NA,NA,NA,NA,NA,NA,NA,NA,NA,NA,NA,NA,NA,NA,0.165457409803926,172
"5403","N SEAK Outside-Pink-Odd","Pink-Odd",1993,5134410,1071388,NA,NA,NA,NA,NA,NA,NA,NA,NA,NA,NA,NA,NA,NA,NA,NA,NA,NA,NA,NA,NA,NA,NA,NA,NA,NA,NA,NA,NA,NA,NA,1.56700993491548,172
"5404","N SEAK Outside-Pink-Odd","Pink-Odd",1995,7595470,3379848,NA,NA,NA,NA,NA,NA,NA,NA,NA,NA,NA,NA,NA,NA,NA,NA,NA,NA,NA,NA,NA,NA,NA,NA,NA,NA,NA,NA,NA,NA,NA,0.80972127888119,172
"5405","N SEAK Outside-Pink-Odd","Pink-Odd",1997,8007840,4837720,NA,NA,NA,NA,NA,NA,NA,NA,NA,NA,NA,NA,NA,NA,NA,NA,NA,NA,NA,NA,NA,NA,NA,NA,NA,NA,NA,NA,NA,NA,NA,0.503977526435355,172
"5406","N SEAK Outside-Pink-Odd","Pink-Odd",1999,7936232,5364505,NA,NA,NA,NA,NA,NA,NA,NA,NA,NA,NA,NA,NA,NA,NA,NA,NA,NA,NA,NA,NA,NA,NA,NA,NA,NA,NA,NA,NA,NA,NA,0.391634496278695,172
"5407","N SEAK Outside-Pink-Odd","Pink-Odd",2001,7398788,5932160,NA,NA,NA,NA,NA,NA,NA,NA,NA,NA,NA,NA,NA,NA,NA,NA,NA,NA,NA,NA,NA,NA,NA,NA,NA,NA,NA,NA,NA,NA,NA,0.220927806747036,172
"5408","N SEAK Outside-Pink-Odd","Pink-Odd",2003,11292515,5506903,NA,NA,NA,NA,NA,NA,NA,NA,NA,NA,NA,NA,NA,NA,NA,NA,NA,NA,NA,NA,NA,NA,NA,NA,NA,NA,NA,NA,NA,NA,NA,0.718137720681663,172
"5409","N SEAK Outside-Pink-Odd","Pink-Odd",2005,10038371,6271490,NA,NA,NA,NA,NA,NA,NA,NA,NA,NA,NA,NA,NA,NA,NA,NA,NA,NA,NA,NA,NA,NA,NA,NA,NA,NA,NA,NA,NA,NA,NA,0.470400884136998,172
"5410","N SEAK Outside-Pink-Odd","Pink-Odd",2007,5912584,5765000,NA,NA,NA,NA,NA,NA,NA,NA,NA,NA,NA,NA,NA,NA,NA,NA,NA,NA,NA,NA,NA,NA,NA,NA,NA,NA,NA,NA,NA,NA,NA,0.0252778071842686,172
"5411","N SEAK Inside-Pink-Even","Pink-Even",1960,4036435,2603720,NA,NA,NA,NA,NA,NA,NA,NA,NA,NA,NA,NA,NA,NA,NA,NA,NA,NA,NA,NA,NA,NA,NA,NA,NA,NA,NA,NA,NA,NA,NA,0.438420684980523,173
"5412","N SEAK Inside-Pink-Even","Pink-Even",1962,11443558,3612000,NA,NA,NA,NA,NA,NA,NA,NA,NA,NA,NA,NA,NA,NA,NA,NA,NA,NA,NA,NA,NA,NA,NA,NA,NA,NA,NA,NA,NA,NA,NA,1.1531653160281,173
"5413","N SEAK Inside-Pink-Even","Pink-Even",1964,10570049,4236930,NA,NA,NA,NA,NA,NA,NA,NA,NA,NA,NA,NA,NA,NA,NA,NA,NA,NA,NA,NA,NA,NA,NA,NA,NA,NA,NA,NA,NA,NA,NA,0.91418548524848,173
"5414","N SEAK Inside-Pink-Even","Pink-Even",1966,16161773,5811193,NA,NA,NA,NA,NA,NA,NA,NA,NA,NA,NA,NA,NA,NA,NA,NA,NA,NA,NA,NA,NA,NA,NA,NA,NA,NA,NA,NA,NA,NA,NA,1.02286287700762,173
"5415","N SEAK Inside-Pink-Even","Pink-Even",1968,10316097,6339855,NA,NA,NA,NA,NA,NA,NA,NA,NA,NA,NA,NA,NA,NA,NA,NA,NA,NA,NA,NA,NA,NA,NA,NA,NA,NA,NA,NA,NA,NA,NA,0.486849593319084,173
"5416","N SEAK Inside-Pink-Even","Pink-Even",1970,8678387,5139565,NA,NA,NA,NA,NA,NA,NA,NA,NA,NA,NA,NA,NA,NA,NA,NA,NA,NA,NA,NA,NA,NA,NA,NA,NA,NA,NA,NA,NA,NA,NA,0.523867236375203,173
"5417","N SEAK Inside-Pink-Even","Pink-Even",1972,3817647,5490673,NA,NA,NA,NA,NA,NA,NA,NA,NA,NA,NA,NA,NA,NA,NA,NA,NA,NA,NA,NA,NA,NA,NA,NA,NA,NA,NA,NA,NA,NA,NA,-0.363416570283765,173
"5418","N SEAK Inside-Pink-Even","Pink-Even",1974,1811216,3215913,NA,NA,NA,NA,NA,NA,NA,NA,NA,NA,NA,NA,NA,NA,NA,NA,NA,NA,NA,NA,NA,NA,NA,NA,NA,NA,NA,NA,NA,NA,NA,-0.574112855802026,173
"5419","N SEAK Inside-Pink-Even","Pink-Even",1976,7315369,1773183,NA,NA,NA,NA,NA,NA,NA,NA,NA,NA,NA,NA,NA,NA,NA,NA,NA,NA,NA,NA,NA,NA,NA,NA,NA,NA,NA,NA,NA,NA,NA,1.41720124083657,173
"5420","N SEAK Inside-Pink-Even","Pink-Even",1978,5396335,4695440,NA,NA,NA,NA,NA,NA,NA,NA,NA,NA,NA,NA,NA,NA,NA,NA,NA,NA,NA,NA,NA,NA,NA,NA,NA,NA,NA,NA,NA,NA,NA,0.139128194453897,173
"5421","N SEAK Inside-Pink-Even","Pink-Even",1980,16962625,4073700,NA,NA,NA,NA,NA,NA,NA,NA,NA,NA,NA,NA,NA,NA,NA,NA,NA,NA,NA,NA,NA,NA,NA,NA,NA,NA,NA,NA,NA,NA,NA,1.42646071693987,173
"5422","N SEAK Inside-Pink-Even","Pink-Even",1982,9193765,6193753,NA,NA,NA,NA,NA,NA,NA,NA,NA,NA,NA,NA,NA,NA,NA,NA,NA,NA,NA,NA,NA,NA,NA,NA,NA,NA,NA,NA,NA,NA,NA,0.394984333454171,173
"5423","N SEAK Inside-Pink-Even","Pink-Even",1984,5443673,5460488,NA,NA,NA,NA,NA,NA,NA,NA,NA,NA,NA,NA,NA,NA,NA,NA,NA,NA,NA,NA,NA,NA,NA,NA,NA,NA,NA,NA,NA,NA,NA,-0.00308414619494862,173
"5424","N SEAK Inside-Pink-Even","Pink-Even",1986,6666315,4512388,NA,NA,NA,NA,NA,NA,NA,NA,NA,NA,NA,NA,NA,NA,NA,NA,NA,NA,NA,NA,NA,NA,NA,NA,NA,NA,NA,NA,NA,NA,NA,0.39024073008817,173
"5425","N SEAK Inside-Pink-Even","Pink-Even",1988,12470006,4702210,NA,NA,NA,NA,NA,NA,NA,NA,NA,NA,NA,NA,NA,NA,NA,NA,NA,NA,NA,NA,NA,NA,NA,NA,NA,NA,NA,NA,NA,NA,NA,0.975293629880011,173
"5426","N SEAK Inside-Pink-Even","Pink-Even",1990,25200367,7031375,NA,NA,NA,NA,NA,NA,NA,NA,NA,NA,NA,NA,NA,NA,NA,NA,NA,NA,NA,NA,NA,NA,NA,NA,NA,NA,NA,NA,NA,NA,NA,1.27647628087895,173
"5427","N SEAK Inside-Pink-Even","Pink-Even",1992,51319856,9700373,NA,NA,NA,NA,NA,NA,NA,NA,NA,NA,NA,NA,NA,NA,NA,NA,NA,NA,NA,NA,NA,NA,NA,NA,NA,NA,NA,NA,NA,NA,NA,1.66591339544162,173
"5428","N SEAK Inside-Pink-Even","Pink-Even",1994,20793396,16114790,NA,NA,NA,NA,NA,NA,NA,NA,NA,NA,NA,NA,NA,NA,NA,NA,NA,NA,NA,NA,NA,NA,NA,NA,NA,NA,NA,NA,NA,NA,NA,0.254897952448247,173
"5429","N SEAK Inside-Pink-Even","Pink-Even",1996,25125652,11730148,NA,NA,NA,NA,NA,NA,NA,NA,NA,NA,NA,NA,NA,NA,NA,NA,NA,NA,NA,NA,NA,NA,NA,NA,NA,NA,NA,NA,NA,NA,NA,0.761727036484705,173
"5430","N SEAK Inside-Pink-Even","Pink-Even",1998,14877704,12279220,NA,NA,NA,NA,NA,NA,NA,NA,NA,NA,NA,NA,NA,NA,NA,NA,NA,NA,NA,NA,NA,NA,NA,NA,NA,NA,NA,NA,NA,NA,NA,0.191955313637703,173
"5431","N SEAK Inside-Pink-Even","Pink-Even",2000,32670749,9562700,NA,NA,NA,NA,NA,NA,NA,NA,NA,NA,NA,NA,NA,NA,NA,NA,NA,NA,NA,NA,NA,NA,NA,NA,NA,NA,NA,NA,NA,NA,NA,1.22861003761558,173
"5432","N SEAK Inside-Pink-Even","Pink-Even",2002,35156466,13681525,NA,NA,NA,NA,NA,NA,NA,NA,NA,NA,NA,NA,NA,NA,NA,NA,NA,NA,NA,NA,NA,NA,NA,NA,NA,NA,NA,NA,NA,NA,NA,0.943762173230384,173
"5433","N SEAK Inside-Pink-Even","Pink-Even",2004,15687678,13030943,NA,NA,NA,NA,NA,NA,NA,NA,NA,NA,NA,NA,NA,NA,NA,NA,NA,NA,NA,NA,NA,NA,NA,NA,NA,NA,NA,NA,NA,NA,NA,0.185548803472611,173
"5434","N SEAK Inside-Pink-Even","Pink-Even",2006,4114695,9891978,NA,NA,NA,NA,NA,NA,NA,NA,NA,NA,NA,NA,NA,NA,NA,NA,NA,NA,NA,NA,NA,NA,NA,NA,NA,NA,NA,NA,NA,NA,NA,-0.877159413331758,173
"5435","N SEAK Inside-Pink-Even","Pink-Even",2008,14567041,3682113,NA,NA,NA,NA,NA,NA,NA,NA,NA,NA,NA,NA,NA,NA,NA,NA,NA,NA,NA,NA,NA,NA,NA,NA,NA,NA,NA,NA,NA,NA,NA,1.37527473886131,173
"5436","N SEAK Inside-Pink-Odd","Pink-Odd",1961,19905504,5142980,NA,NA,NA,NA,NA,NA,NA,NA,NA,NA,NA,NA,NA,NA,NA,NA,NA,NA,NA,NA,NA,NA,NA,NA,NA,NA,NA,NA,NA,NA,NA,1.35336359839867,174
"5437","N SEAK Inside-Pink-Odd","Pink-Odd",1963,8948648,7304115,NA,NA,NA,NA,NA,NA,NA,NA,NA,NA,NA,NA,NA,NA,NA,NA,NA,NA,NA,NA,NA,NA,NA,NA,NA,NA,NA,NA,NA,NA,NA,0.203064571457229,174
"5438","N SEAK Inside-Pink-Odd","Pink-Odd",1965,4681142,4402965,NA,NA,NA,NA,NA,NA,NA,NA,NA,NA,NA,NA,NA,NA,NA,NA,NA,NA,NA,NA,NA,NA,NA,NA,NA,NA,NA,NA,NA,NA,NA,0.0612639196398177,174
"5439","N SEAK Inside-Pink-Odd","Pink-Odd",1967,7035923,2372728,NA,NA,NA,NA,NA,NA,NA,NA,NA,NA,NA,NA,NA,NA,NA,NA,NA,NA,NA,NA,NA,NA,NA,NA,NA,NA,NA,NA,NA,NA,NA,1.08698853505377,174
"5440","N SEAK Inside-Pink-Odd","Pink-Odd",1969,8563571,3564400,NA,NA,NA,NA,NA,NA,NA,NA,NA,NA,NA,NA,NA,NA,NA,NA,NA,NA,NA,NA,NA,NA,NA,NA,NA,NA,NA,NA,NA,NA,NA,0.876521539301999,174
"5441","N SEAK Inside-Pink-Odd","Pink-Odd",1971,5182151,5640305,NA,NA,NA,NA,NA,NA,NA,NA,NA,NA,NA,NA,NA,NA,NA,NA,NA,NA,NA,NA,NA,NA,NA,NA,NA,NA,NA,NA,NA,NA,NA,-0.084717921018168,174
"5442","N SEAK Inside-Pink-Odd","Pink-Odd",1973,1537448,3557618,NA,NA,NA,NA,NA,NA,NA,NA,NA,NA,NA,NA,NA,NA,NA,NA,NA,NA,NA,NA,NA,NA,NA,NA,NA,NA,NA,NA,NA,NA,NA,-0.838967320803908,174
"5443","N SEAK Inside-Pink-Odd","Pink-Odd",1975,4413971,1486515,NA,NA,NA,NA,NA,NA,NA,NA,NA,NA,NA,NA,NA,NA,NA,NA,NA,NA,NA,NA,NA,NA,NA,NA,NA,NA,NA,NA,NA,NA,NA,1.08834028358597,174
"5444","N SEAK Inside-Pink-Odd","Pink-Odd",1977,8558649,4083868,NA,NA,NA,NA,NA,NA,NA,NA,NA,NA,NA,NA,NA,NA,NA,NA,NA,NA,NA,NA,NA,NA,NA,NA,NA,NA,NA,NA,NA,NA,NA,0.739897772068436,174
"5445","N SEAK Inside-Pink-Odd","Pink-Odd",1979,7074903,6538365,NA,NA,NA,NA,NA,NA,NA,NA,NA,NA,NA,NA,NA,NA,NA,NA,NA,NA,NA,NA,NA,NA,NA,NA,NA,NA,NA,NA,NA,NA,NA,0.0788665989740673,174
"5446","N SEAK Inside-Pink-Odd","Pink-Odd",1981,8808287,4447430,NA,NA,NA,NA,NA,NA,NA,NA,NA,NA,NA,NA,NA,NA,NA,NA,NA,NA,NA,NA,NA,NA,NA,NA,NA,NA,NA,NA,NA,NA,NA,0.683366581649387,174
"5447","N SEAK Inside-Pink-Odd","Pink-Odd",1983,26463995,5307143,NA,NA,NA,NA,NA,NA,NA,NA,NA,NA,NA,NA,NA,NA,NA,NA,NA,NA,NA,NA,NA,NA,NA,NA,NA,NA,NA,NA,NA,NA,NA,1.60673148087899,174
"5448","N SEAK Inside-Pink-Odd","Pink-Odd",1985,12183728,10873548,NA,NA,NA,NA,NA,NA,NA,NA,NA,NA,NA,NA,NA,NA,NA,NA,NA,NA,NA,NA,NA,NA,NA,NA,NA,NA,NA,NA,NA,NA,NA,0.113768240164704,174
"5449","N SEAK Inside-Pink-Odd","Pink-Odd",1987,20096174,6977443,NA,NA,NA,NA,NA,NA,NA,NA,NA,NA,NA,NA,NA,NA,NA,NA,NA,NA,NA,NA,NA,NA,NA,NA,NA,NA,NA,NA,NA,NA,NA,1.05784693140783,174
"5450","N SEAK Inside-Pink-Odd","Pink-Odd",1989,27237043,7371055,NA,NA,NA,NA,NA,NA,NA,NA,NA,NA,NA,NA,NA,NA,NA,NA,NA,NA,NA,NA,NA,NA,NA,NA,NA,NA,NA,NA,NA,NA,NA,1.30701707793785,174
"5451","N SEAK Inside-Pink-Odd","Pink-Odd",1991,26396047,9187708,NA,NA,NA,NA,NA,NA,NA,NA,NA,NA,NA,NA,NA,NA,NA,NA,NA,NA,NA,NA,NA,NA,NA,NA,NA,NA,NA,NA,NA,NA,NA,1.05534776035394,174
"5452","N SEAK Inside-Pink-Odd","Pink-Odd",1993,12765594,9386440,NA,NA,NA,NA,NA,NA,NA,NA,NA,NA,NA,NA,NA,NA,NA,NA,NA,NA,NA,NA,NA,NA,NA,NA,NA,NA,NA,NA,NA,NA,NA,0.307487488497911,174
"5453","N SEAK Inside-Pink-Odd","Pink-Odd",1995,23293970,7925135,NA,NA,NA,NA,NA,NA,NA,NA,NA,NA,NA,NA,NA,NA,NA,NA,NA,NA,NA,NA,NA,NA,NA,NA,NA,NA,NA,NA,NA,NA,NA,1.07815517447577,174
"5454","N SEAK Inside-Pink-Odd","Pink-Odd",1997,61411893,12469155,NA,NA,NA,NA,NA,NA,NA,NA,NA,NA,NA,NA,NA,NA,NA,NA,NA,NA,NA,NA,NA,NA,NA,NA,NA,NA,NA,NA,NA,NA,NA,1.594345518699,174
"5455","N SEAK Inside-Pink-Odd","Pink-Odd",1999,26186616,25094123,NA,NA,NA,NA,NA,NA,NA,NA,NA,NA,NA,NA,NA,NA,NA,NA,NA,NA,NA,NA,NA,NA,NA,NA,NA,NA,NA,NA,NA,NA,NA,0.0426147652537534,174
"5456","N SEAK Inside-Pink-Odd","Pink-Odd",2001,35144673,13178575,NA,NA,NA,NA,NA,NA,NA,NA,NA,NA,NA,NA,NA,NA,NA,NA,NA,NA,NA,NA,NA,NA,NA,NA,NA,NA,NA,NA,NA,NA,NA,0.980880651405874,174
"5457","N SEAK Inside-Pink-Odd","Pink-Odd",2003,41940069,13847370,NA,NA,NA,NA,NA,NA,NA,NA,NA,NA,NA,NA,NA,NA,NA,NA,NA,NA,NA,NA,NA,NA,NA,NA,NA,NA,NA,NA,NA,NA,NA,1.10814634777497,174
"5458","N SEAK Inside-Pink-Odd","Pink-Odd",2005,20600744,16703888,NA,NA,NA,NA,NA,NA,NA,NA,NA,NA,NA,NA,NA,NA,NA,NA,NA,NA,NA,NA,NA,NA,NA,NA,NA,NA,NA,NA,NA,NA,NA,0.209685684951298,174
"5459","N SEAK Inside-Pink-Odd","Pink-Odd",2007,19358942,11854573,NA,NA,NA,NA,NA,NA,NA,NA,NA,NA,NA,NA,NA,NA,NA,NA,NA,NA,NA,NA,NA,NA,NA,NA,NA,NA,NA,NA,NA,NA,NA,0.490440731283688,174
"5460","Situk-Pink-Even","Pink-Even",1962,242739,210000,NA,NA,NA,NA,NA,NA,NA,NA,NA,NA,NA,NA,NA,NA,NA,NA,NA,NA,NA,NA,NA,NA,NA,NA,NA,NA,NA,NA,NA,NA,NA,0.144879261318084,175
"5461","Situk-Pink-Even","Pink-Even",1964,16025,210000,NA,NA,NA,NA,NA,NA,NA,NA,NA,NA,NA,NA,NA,NA,NA,NA,NA,NA,NA,NA,NA,NA,NA,NA,NA,NA,NA,NA,NA,NA,NA,-2.57295752791073,175
"5462","Situk-Pink-Even","Pink-Even",1972,63679,30000,NA,NA,NA,NA,NA,NA,NA,NA,NA,NA,NA,NA,NA,NA,NA,NA,NA,NA,NA,NA,NA,NA,NA,NA,NA,NA,NA,NA,NA,NA,NA,0.752657456233083,175
"5463","Situk-Pink-Even","Pink-Even",1974,45972,60000,NA,NA,NA,NA,NA,NA,NA,NA,NA,NA,NA,NA,NA,NA,NA,NA,NA,NA,NA,NA,NA,NA,NA,NA,NA,NA,NA,NA,NA,NA,NA,-0.266312046715588,175
"5464","Situk-Pink-Even","Pink-Even",1976,373412,38081,NA,NA,NA,NA,NA,NA,NA,NA,NA,NA,NA,NA,NA,NA,NA,NA,NA,NA,NA,NA,NA,NA,NA,NA,NA,NA,NA,NA,NA,NA,NA,2.28296689762704,175
"5465","Situk-Pink-Even","Pink-Even",1978,294300,360000,NA,NA,NA,NA,NA,NA,NA,NA,NA,NA,NA,NA,NA,NA,NA,NA,NA,NA,NA,NA,NA,NA,NA,NA,NA,NA,NA,NA,NA,NA,NA,-0.201504376210729,175
"5466","Situk-Pink-Even","Pink-Even",1980,47049,250000,NA,NA,NA,NA,NA,NA,NA,NA,NA,NA,NA,NA,NA,NA,NA,NA,NA,NA,NA,NA,NA,NA,NA,NA,NA,NA,NA,NA,NA,NA,NA,-1.67027130604185,175
"5467","Situk-Pink-Even","Pink-Even",1982,127154,40300,NA,NA,NA,NA,NA,NA,NA,NA,NA,NA,NA,NA,NA,NA,NA,NA,NA,NA,NA,NA,NA,NA,NA,NA,NA,NA,NA,NA,NA,NA,NA,1.14904748132747,175
"5468","Situk-Pink-Even","Pink-Even",1984,261183,113161,NA,NA,NA,NA,NA,NA,NA,NA,NA,NA,NA,NA,NA,NA,NA,NA,NA,NA,NA,NA,NA,NA,NA,NA,NA,NA,NA,NA,NA,NA,NA,0.836409727618347,175
"5469","Situk-Pink-Even","Pink-Even",1986,97466,255000,NA,NA,NA,NA,NA,NA,NA,NA,NA,NA,NA,NA,NA,NA,NA,NA,NA,NA,NA,NA,NA,NA,NA,NA,NA,NA,NA,NA,NA,NA,NA,-0.961759945919585,175
"5470","Situk-Pink-Even","Pink-Even",1988,553506,78753,NA,NA,NA,NA,NA,NA,NA,NA,NA,NA,NA,NA,NA,NA,NA,NA,NA,NA,NA,NA,NA,NA,NA,NA,NA,NA,NA,NA,NA,NA,NA,1.94995621998011,175
"5471","Situk-Pink-Even","Pink-Even",1990,25647,525000,NA,NA,NA,NA,NA,NA,NA,NA,NA,NA,NA,NA,NA,NA,NA,NA,NA,NA,NA,NA,NA,NA,NA,NA,NA,NA,NA,NA,NA,NA,NA,-3.01897165687942,175
"5472","Situk-Pink-Odd","Pink-Odd",1965,267536,90000,NA,NA,NA,NA,NA,NA,NA,NA,NA,NA,NA,NA,NA,NA,NA,NA,NA,NA,NA,NA,NA,NA,NA,NA,NA,NA,NA,NA,NA,NA,NA,1.08944446639005,176
"5473","Situk-Pink-Odd","Pink-Odd",1967,37847,240000,NA,NA,NA,NA,NA,NA,NA,NA,NA,NA,NA,NA,NA,NA,NA,NA,NA,NA,NA,NA,NA,NA,NA,NA,NA,NA,NA,NA,NA,NA,NA,-1.84708720683757,176
"5474","Situk-Pink-Odd","Pink-Odd",1969,30180,34500,NA,NA,NA,NA,NA,NA,NA,NA,NA,NA,NA,NA,NA,NA,NA,NA,NA,NA,NA,NA,NA,NA,NA,NA,NA,NA,NA,NA,NA,NA,NA,-0.133779870697611,176
"5475","Situk-Pink-Odd","Pink-Odd",1971,254217,27184,NA,NA,NA,NA,NA,NA,NA,NA,NA,NA,NA,NA,NA,NA,NA,NA,NA,NA,NA,NA,NA,NA,NA,NA,NA,NA,NA,NA,NA,NA,NA,2.23555966806486,176
"5476","Situk-Pink-Odd","Pink-Odd",1973,142236,240000,NA,NA,NA,NA,NA,NA,NA,NA,NA,NA,NA,NA,NA,NA,NA,NA,NA,NA,NA,NA,NA,NA,NA,NA,NA,NA,NA,NA,NA,NA,NA,-0.523151273456628,176
"5477","Situk-Pink-Odd","Pink-Odd",1975,208086,133800,NA,NA,NA,NA,NA,NA,NA,NA,NA,NA,NA,NA,NA,NA,NA,NA,NA,NA,NA,NA,NA,NA,NA,NA,NA,NA,NA,NA,NA,NA,NA,0.441605308093983,176
"5478","Situk-Pink-Odd","Pink-Odd",1977,482701,177712,NA,NA,NA,NA,NA,NA,NA,NA,NA,NA,NA,NA,NA,NA,NA,NA,NA,NA,NA,NA,NA,NA,NA,NA,NA,NA,NA,NA,NA,NA,NA,0.99923315191967,176
"5479","Situk-Pink-Odd","Pink-Odd",1979,332867,450000,NA,NA,NA,NA,NA,NA,NA,NA,NA,NA,NA,NA,NA,NA,NA,NA,NA,NA,NA,NA,NA,NA,NA,NA,NA,NA,NA,NA,NA,NA,NA,-0.301504571964505,176
"5480","Situk-Pink-Odd","Pink-Odd",1981,194910,3e+05,NA,NA,NA,NA,NA,NA,NA,NA,NA,NA,NA,NA,NA,NA,NA,NA,NA,NA,NA,NA,NA,NA,NA,NA,NA,NA,NA,NA,NA,NA,NA,-0.431244561095652,176
"5481","Situk-Pink-Odd","Pink-Odd",1983,378244,183577,NA,NA,NA,NA,NA,NA,NA,NA,NA,NA,NA,NA,NA,NA,NA,NA,NA,NA,NA,NA,NA,NA,NA,NA,NA,NA,NA,NA,NA,NA,NA,0.722905292009867,176
"5482","Situk-Pink-Odd","Pink-Odd",1985,84483,366000,NA,NA,NA,NA,NA,NA,NA,NA,NA,NA,NA,NA,NA,NA,NA,NA,NA,NA,NA,NA,NA,NA,NA,NA,NA,NA,NA,NA,NA,NA,NA,-1.46608300271029,176
"5483","Situk-Pink-Odd","Pink-Odd",1987,338340,72000,NA,NA,NA,NA,NA,NA,NA,NA,NA,NA,NA,NA,NA,NA,NA,NA,NA,NA,NA,NA,NA,NA,NA,NA,NA,NA,NA,NA,NA,NA,NA,1.54738518803109,176
"5484","Situk-Pink-Odd","Pink-Odd",1989,195343,288246,NA,NA,NA,NA,NA,NA,NA,NA,NA,NA,NA,NA,NA,NA,NA,NA,NA,NA,NA,NA,NA,NA,NA,NA,NA,NA,NA,NA,NA,NA,NA,-0.389057294470849,176
"5485","Humpy-Pink-Even","Pink-Even",1962,35852,69000,NA,NA,NA,NA,NA,NA,NA,NA,NA,NA,NA,NA,NA,NA,NA,NA,NA,NA,NA,NA,NA,NA,NA,NA,NA,NA,NA,NA,NA,NA,NA,-0.654707151102144,177
"5486","Humpy-Pink-Even","Pink-Even",1972,6039,4890,NA,NA,NA,NA,NA,NA,NA,NA,NA,NA,NA,NA,NA,NA,NA,NA,NA,NA,NA,NA,NA,NA,NA,NA,NA,NA,NA,NA,NA,NA,NA,0.211046131838983,177
"5487","Humpy-Pink-Even","Pink-Even",1974,33189,6000,NA,NA,NA,NA,NA,NA,NA,NA,NA,NA,NA,NA,NA,NA,NA,NA,NA,NA,NA,NA,NA,NA,NA,NA,NA,NA,NA,NA,NA,NA,NA,1.71045902649283,177
"5488","Humpy-Pink-Even","Pink-Even",1976,30497,14016,NA,NA,NA,NA,NA,NA,NA,NA,NA,NA,NA,NA,NA,NA,NA,NA,NA,NA,NA,NA,NA,NA,NA,NA,NA,NA,NA,NA,NA,NA,NA,0.777428783925866,177
"5489","Humpy-Pink-Even","Pink-Even",1978,126111,15000,NA,NA,NA,NA,NA,NA,NA,NA,NA,NA,NA,NA,NA,NA,NA,NA,NA,NA,NA,NA,NA,NA,NA,NA,NA,NA,NA,NA,NA,NA,NA,2.12911227041942,177
"5490","Humpy-Pink-Even","Pink-Even",1980,27421,30000,NA,NA,NA,NA,NA,NA,NA,NA,NA,NA,NA,NA,NA,NA,NA,NA,NA,NA,NA,NA,NA,NA,NA,NA,NA,NA,NA,NA,NA,NA,NA,-0.0898882384628674,177
"5491","Humpy-Pink-Even","Pink-Even",1982,48610,26100,NA,NA,NA,NA,NA,NA,NA,NA,NA,NA,NA,NA,NA,NA,NA,NA,NA,NA,NA,NA,NA,NA,NA,NA,NA,NA,NA,NA,NA,NA,NA,0.621893956728716,177
"5492","Humpy-Pink-Even","Pink-Even",1984,31259,48000,NA,NA,NA,NA,NA,NA,NA,NA,NA,NA,NA,NA,NA,NA,NA,NA,NA,NA,NA,NA,NA,NA,NA,NA,NA,NA,NA,NA,NA,NA,NA,-0.42889367618952,177
"5493","Humpy-Pink-Even","Pink-Even",1986,126575,30699,NA,NA,NA,NA,NA,NA,NA,NA,NA,NA,NA,NA,NA,NA,NA,NA,NA,NA,NA,NA,NA,NA,NA,NA,NA,NA,NA,NA,NA,NA,NA,1.41660493708324,177
"5494","Humpy-Pink-Even","Pink-Even",1988,42967,30000,NA,NA,NA,NA,NA,NA,NA,NA,NA,NA,NA,NA,NA,NA,NA,NA,NA,NA,NA,NA,NA,NA,NA,NA,NA,NA,NA,NA,NA,NA,NA,0.359234997536685,177
"5495","Humpy-Pink-Even","Pink-Even",1990,15330,41400,NA,NA,NA,NA,NA,NA,NA,NA,NA,NA,NA,NA,NA,NA,NA,NA,NA,NA,NA,NA,NA,NA,NA,NA,NA,NA,NA,NA,NA,NA,NA,-0.993469187947546,177
"5496","Humpy-Pink-Even","Pink-Even",1992,33287,13500,NA,NA,NA,NA,NA,NA,NA,NA,NA,NA,NA,NA,NA,NA,NA,NA,NA,NA,NA,NA,NA,NA,NA,NA,NA,NA,NA,NA,NA,NA,NA,0.902477244929457,177
"5497","Humpy-Pink-Odd","Pink-Odd",1973,109207,3969,NA,NA,NA,NA,NA,NA,NA,NA,NA,NA,NA,NA,NA,NA,NA,NA,NA,NA,NA,NA,NA,NA,NA,NA,NA,NA,NA,NA,NA,NA,NA,3.3147309900195,178
"5498","Humpy-Pink-Odd","Pink-Odd",1975,75097,39000,NA,NA,NA,NA,NA,NA,NA,NA,NA,NA,NA,NA,NA,NA,NA,NA,NA,NA,NA,NA,NA,NA,NA,NA,NA,NA,NA,NA,NA,NA,NA,0.655218965104867,178
"5499","Humpy-Pink-Odd","Pink-Odd",1977,155238,36000,NA,NA,NA,NA,NA,NA,NA,NA,NA,NA,NA,NA,NA,NA,NA,NA,NA,NA,NA,NA,NA,NA,NA,NA,NA,NA,NA,NA,NA,NA,NA,1.4614404846841,178
"5500","Humpy-Pink-Odd","Pink-Odd",1979,304130,45000,NA,NA,NA,NA,NA,NA,NA,NA,NA,NA,NA,NA,NA,NA,NA,NA,NA,NA,NA,NA,NA,NA,NA,NA,NA,NA,NA,NA,NA,NA,NA,1.91079275180652,178
"5501","Humpy-Pink-Odd","Pink-Odd",1981,101371,210000,NA,NA,NA,NA,NA,NA,NA,NA,NA,NA,NA,NA,NA,NA,NA,NA,NA,NA,NA,NA,NA,NA,NA,NA,NA,NA,NA,NA,NA,NA,NA,-0.728320476520284,178
"5502","Humpy-Pink-Odd","Pink-Odd",1983,227280,90000,NA,NA,NA,NA,NA,NA,NA,NA,NA,NA,NA,NA,NA,NA,NA,NA,NA,NA,NA,NA,NA,NA,NA,NA,NA,NA,NA,NA,NA,NA,NA,0.926373067215667,178
"5503","Humpy-Pink-Odd","Pink-Odd",1985,6118,225000,NA,NA,NA,NA,NA,NA,NA,NA,NA,NA,NA,NA,NA,NA,NA,NA,NA,NA,NA,NA,NA,NA,NA,NA,NA,NA,NA,NA,NA,NA,NA,-3.60486515647571,178
"5504","Humpy-Pink-Odd","Pink-Odd",1987,65634,6000,NA,NA,NA,NA,NA,NA,NA,NA,NA,NA,NA,NA,NA,NA,NA,NA,NA,NA,NA,NA,NA,NA,NA,NA,NA,NA,NA,NA,NA,NA,NA,2.39233438513765,178
"5505","Humpy-Pink-Odd","Pink-Odd",1989,24206,60600,NA,NA,NA,NA,NA,NA,NA,NA,NA,NA,NA,NA,NA,NA,NA,NA,NA,NA,NA,NA,NA,NA,NA,NA,NA,NA,NA,NA,NA,NA,NA,-0.917694356758857,178
"5506","Humpy-Pink-Odd","Pink-Odd",1991,39171,24150,NA,NA,NA,NA,NA,NA,NA,NA,NA,NA,NA,NA,NA,NA,NA,NA,NA,NA,NA,NA,NA,NA,NA,NA,NA,NA,NA,NA,NA,NA,NA,0.48365229699543,178
"5507","PWS-Pink-Even","Pink-Even",1960,12527895,3872483,NA,NA,NA,NA,NA,NA,NA,NA,NA,NA,NA,NA,NA,NA,NA,NA,NA,NA,NA,NA,NA,NA,NA,NA,NA,NA,NA,NA,NA,NA,NA,1.17406185461701,179
"5508","PWS-Pink-Even","Pink-Even",1962,9486942,5785579,NA,NA,NA,NA,NA,NA,NA,NA,NA,NA,NA,NA,NA,NA,NA,NA,NA,NA,NA,NA,NA,NA,NA,NA,NA,NA,NA,NA,NA,NA,NA,0.494547884695124,179
"5509","PWS-Pink-Even","Pink-Even",1964,6779607,5280046,NA,NA,NA,NA,NA,NA,NA,NA,NA,NA,NA,NA,NA,NA,NA,NA,NA,NA,NA,NA,NA,NA,NA,NA,NA,NA,NA,NA,NA,NA,NA,0.24998432586909,179
"5510","PWS-Pink-Even","Pink-Even",1966,5767850,4080189,NA,NA,NA,NA,NA,NA,NA,NA,NA,NA,NA,NA,NA,NA,NA,NA,NA,NA,NA,NA,NA,NA,NA,NA,NA,NA,NA,NA,NA,NA,NA,0.346156083224067,179
"5511","PWS-Pink-Even","Pink-Even",1968,5617393,3315682,NA,NA,NA,NA,NA,NA,NA,NA,NA,NA,NA,NA,NA,NA,NA,NA,NA,NA,NA,NA,NA,NA,NA,NA,NA,NA,NA,NA,NA,NA,NA,0.527204343275515,179
"5512","PWS-Pink-Even","Pink-Even",1970,1893028,2807397,NA,NA,NA,NA,NA,NA,NA,NA,NA,NA,NA,NA,NA,NA,NA,NA,NA,NA,NA,NA,NA,NA,NA,NA,NA,NA,NA,NA,NA,NA,NA,-0.394080056058817,179
"5513","PWS-Pink-Even","Pink-Even",1972,3195677,1838245,NA,NA,NA,NA,NA,NA,NA,NA,NA,NA,NA,NA,NA,NA,NA,NA,NA,NA,NA,NA,NA,NA,NA,NA,NA,NA,NA,NA,NA,NA,NA,0.552987646854693,179
"5514","PWS-Pink-Even","Pink-Even",1974,5061072,2746904,NA,NA,NA,NA,NA,NA,NA,NA,NA,NA,NA,NA,NA,NA,NA,NA,NA,NA,NA,NA,NA,NA,NA,NA,NA,NA,NA,NA,NA,NA,NA,0.611103859280884,179
"5515","PWS-Pink-Even","Pink-Even",1976,5335368,2042081,NA,NA,NA,NA,NA,NA,NA,NA,NA,NA,NA,NA,NA,NA,NA,NA,NA,NA,NA,NA,NA,NA,NA,NA,NA,NA,NA,NA,NA,NA,NA,0.960388474870146,179
"5516","PWS-Pink-Even","Pink-Even",1978,16058329,2165671,NA,NA,NA,NA,NA,NA,NA,NA,NA,NA,NA,NA,NA,NA,NA,NA,NA,NA,NA,NA,NA,NA,NA,NA,NA,NA,NA,NA,NA,NA,NA,2.00349741163099,179
"5517","PWS-Pink-Even","Pink-Even",1980,20246569,3139455,NA,NA,NA,NA,NA,NA,NA,NA,NA,NA,NA,NA,NA,NA,NA,NA,NA,NA,NA,NA,NA,NA,NA,NA,NA,NA,NA,NA,NA,NA,NA,1.86393612912184,179
"5518","PWS-Pink-Even","Pink-Even",1982,27866302,5301370,NA,NA,NA,NA,NA,NA,NA,NA,NA,NA,NA,NA,NA,NA,NA,NA,NA,NA,NA,NA,NA,NA,NA,NA,NA,NA,NA,NA,NA,NA,NA,1.65945286749134,179
"5519","PWS-Pink-Even","Pink-Even",1984,7404669,10234627,NA,NA,NA,NA,NA,NA,NA,NA,NA,NA,NA,NA,NA,NA,NA,NA,NA,NA,NA,NA,NA,NA,NA,NA,NA,NA,NA,NA,NA,NA,NA,-0.323666027679843,179
"5520","PWS-Pink-Even","Pink-Even",1986,3580072,2826646,NA,NA,NA,NA,NA,NA,NA,NA,NA,NA,NA,NA,NA,NA,NA,NA,NA,NA,NA,NA,NA,NA,NA,NA,NA,NA,NA,NA,NA,NA,NA,0.236292062153995,179
"5521","PWS-Pink-Even","Pink-Even",1988,15231063,2784300,NA,NA,NA,NA,NA,NA,NA,NA,NA,NA,NA,NA,NA,NA,NA,NA,NA,NA,NA,NA,NA,NA,NA,NA,NA,NA,NA,NA,NA,NA,NA,1.69934046563846,179
"5522","PWS-Pink-Even","Pink-Even",1990,2418285,3543306,NA,NA,NA,NA,NA,NA,NA,NA,NA,NA,NA,NA,NA,NA,NA,NA,NA,NA,NA,NA,NA,NA,NA,NA,NA,NA,NA,NA,NA,NA,NA,-0.382001578387149,179
"5523","PWS-Pink-Even","Pink-Even",1992,7297728,1555439,NA,NA,NA,NA,NA,NA,NA,NA,NA,NA,NA,NA,NA,NA,NA,NA,NA,NA,NA,NA,NA,NA,NA,NA,NA,NA,NA,NA,NA,NA,NA,1.5458052459343,179
"5524","PWS-Pink-Even","Pink-Even",1994,7269432,4040370,NA,NA,NA,NA,NA,NA,NA,NA,NA,NA,NA,NA,NA,NA,NA,NA,NA,NA,NA,NA,NA,NA,NA,NA,NA,NA,NA,NA,NA,NA,NA,0.587341887256787,179
"5525","PWS-Pink-Even","Pink-Even",1996,7925573,4252683,NA,NA,NA,NA,NA,NA,NA,NA,NA,NA,NA,NA,NA,NA,NA,NA,NA,NA,NA,NA,NA,NA,NA,NA,NA,NA,NA,NA,NA,NA,NA,0.622544542117072,179
"5526","PWS-Pink-Even","Pink-Even",1998,10487301,4071402,NA,NA,NA,NA,NA,NA,NA,NA,NA,NA,NA,NA,NA,NA,NA,NA,NA,NA,NA,NA,NA,NA,NA,NA,NA,NA,NA,NA,NA,NA,NA,0.946177684760889,179
"5527","PWS-Pink-Even","Pink-Even",2000,3025531,4756388,NA,NA,NA,NA,NA,NA,NA,NA,NA,NA,NA,NA,NA,NA,NA,NA,NA,NA,NA,NA,NA,NA,NA,NA,NA,NA,NA,NA,NA,NA,NA,-0.452401943393575,179
"5528","PWS-Pink-Even","Pink-Even",2002,8675473,2704063,NA,NA,NA,NA,NA,NA,NA,NA,NA,NA,NA,NA,NA,NA,NA,NA,NA,NA,NA,NA,NA,NA,NA,NA,NA,NA,NA,NA,NA,NA,NA,1.16574439211632,179
"5529","PWS-Pink-Even","Pink-Even",2004,5537896,5737165,NA,NA,NA,NA,NA,NA,NA,NA,NA,NA,NA,NA,NA,NA,NA,NA,NA,NA,NA,NA,NA,NA,NA,NA,NA,NA,NA,NA,NA,NA,NA,-0.0353505406527523,179
"5530","PWS-Pink-Even","Pink-Even",2006,3900803,3413995,NA,NA,NA,NA,NA,NA,NA,NA,NA,NA,NA,NA,NA,NA,NA,NA,NA,NA,NA,NA,NA,NA,NA,NA,NA,NA,NA,NA,NA,NA,NA,0.133299269564057,179
"5531","PWS-Pink-Even","Pink-Even",2008,7899360,2472530,NA,NA,NA,NA,NA,NA,NA,NA,NA,NA,NA,NA,NA,NA,NA,NA,NA,NA,NA,NA,NA,NA,NA,NA,NA,NA,NA,NA,NA,NA,NA,1.16153982562378,179
"5532","PWS-Pink-Odd","Pink-Odd",1961,9182247,6304415,NA,NA,NA,NA,NA,NA,NA,NA,NA,NA,NA,NA,NA,NA,NA,NA,NA,NA,NA,NA,NA,NA,NA,NA,NA,NA,NA,NA,NA,NA,NA,0.376021764315564,180
"5533","PWS-Pink-Odd","Pink-Odd",1963,5258510,3886869,NA,NA,NA,NA,NA,NA,NA,NA,NA,NA,NA,NA,NA,NA,NA,NA,NA,NA,NA,NA,NA,NA,NA,NA,NA,NA,NA,NA,NA,NA,NA,0.302243767440838,180
"5534","PWS-Pink-Odd","Pink-Odd",1965,5041076,2798039,NA,NA,NA,NA,NA,NA,NA,NA,NA,NA,NA,NA,NA,NA,NA,NA,NA,NA,NA,NA,NA,NA,NA,NA,NA,NA,NA,NA,NA,NA,NA,0.588700736686913,180
"5535","PWS-Pink-Odd","Pink-Odd",1967,5988470,2414736,NA,NA,NA,NA,NA,NA,NA,NA,NA,NA,NA,NA,NA,NA,NA,NA,NA,NA,NA,NA,NA,NA,NA,NA,NA,NA,NA,NA,NA,NA,NA,0.908245989432304,180
"5536","PWS-Pink-Odd","Pink-Odd",1969,10500614,1159891,NA,NA,NA,NA,NA,NA,NA,NA,NA,NA,NA,NA,NA,NA,NA,NA,NA,NA,NA,NA,NA,NA,NA,NA,NA,NA,NA,NA,NA,NA,NA,2.20310769645829,180
"5537","PWS-Pink-Odd","Pink-Odd",1971,5568948,3189650,NA,NA,NA,NA,NA,NA,NA,NA,NA,NA,NA,NA,NA,NA,NA,NA,NA,NA,NA,NA,NA,NA,NA,NA,NA,NA,NA,NA,NA,NA,NA,0.557294974251485,180
"5538","PWS-Pink-Odd","Pink-Odd",1973,8081131,3512070,NA,NA,NA,NA,NA,NA,NA,NA,NA,NA,NA,NA,NA,NA,NA,NA,NA,NA,NA,NA,NA,NA,NA,NA,NA,NA,NA,NA,NA,NA,NA,0.833326230747801,180
"5539","PWS-Pink-Odd","Pink-Odd",1975,8649844,3628326,NA,NA,NA,NA,NA,NA,NA,NA,NA,NA,NA,NA,NA,NA,NA,NA,NA,NA,NA,NA,NA,NA,NA,NA,NA,NA,NA,NA,NA,NA,NA,0.868769901212717,180
"5540","PWS-Pink-Odd","Pink-Odd",1977,22753414,4351110,NA,NA,NA,NA,NA,NA,NA,NA,NA,NA,NA,NA,NA,NA,NA,NA,NA,NA,NA,NA,NA,NA,NA,NA,NA,NA,NA,NA,NA,NA,NA,1.65428421510882,180
"5541","PWS-Pink-Odd","Pink-Odd",1979,23613324,8319888,NA,NA,NA,NA,NA,NA,NA,NA,NA,NA,NA,NA,NA,NA,NA,NA,NA,NA,NA,NA,NA,NA,NA,NA,NA,NA,NA,NA,NA,NA,NA,1.04316233578548,180
"5542","PWS-Pink-Odd","Pink-Odd",1981,15307092,6210777,NA,NA,NA,NA,NA,NA,NA,NA,NA,NA,NA,NA,NA,NA,NA,NA,NA,NA,NA,NA,NA,NA,NA,NA,NA,NA,NA,NA,NA,NA,NA,0.9020302415222,180
"5543","PWS-Pink-Odd","Pink-Odd",1983,24321751,5742850,NA,NA,NA,NA,NA,NA,NA,NA,NA,NA,NA,NA,NA,NA,NA,NA,NA,NA,NA,NA,NA,NA,NA,NA,NA,NA,NA,NA,NA,NA,NA,1.44341545007368,180
"5544","PWS-Pink-Odd","Pink-Odd",1985,15628835,6731643,NA,NA,NA,NA,NA,NA,NA,NA,NA,NA,NA,NA,NA,NA,NA,NA,NA,NA,NA,NA,NA,NA,NA,NA,NA,NA,NA,NA,NA,NA,NA,0.842298360887623,180
"5545","PWS-Pink-Odd","Pink-Odd",1987,7046989,3934108,NA,NA,NA,NA,NA,NA,NA,NA,NA,NA,NA,NA,NA,NA,NA,NA,NA,NA,NA,NA,NA,NA,NA,NA,NA,NA,NA,NA,NA,NA,NA,0.582916260831633,180
"5546","PWS-Pink-Odd","Pink-Odd",1989,10766782,3536915,NA,NA,NA,NA,NA,NA,NA,NA,NA,NA,NA,NA,NA,NA,NA,NA,NA,NA,NA,NA,NA,NA,NA,NA,NA,NA,NA,NA,NA,NA,NA,1.11321077530811,180
"5547","PWS-Pink-Odd","Pink-Odd",1991,3532463,4947798,NA,NA,NA,NA,NA,NA,NA,NA,NA,NA,NA,NA,NA,NA,NA,NA,NA,NA,NA,NA,NA,NA,NA,NA,NA,NA,NA,NA,NA,NA,NA,-0.336947267768055,180
"5548","PWS-Pink-Odd","Pink-Odd",1993,6156249,3055161,NA,NA,NA,NA,NA,NA,NA,NA,NA,NA,NA,NA,NA,NA,NA,NA,NA,NA,NA,NA,NA,NA,NA,NA,NA,NA,NA,NA,NA,NA,NA,0.700635371775766,180
"5549","PWS-Pink-Odd","Pink-Odd",1995,5244801,3412225,NA,NA,NA,NA,NA,NA,NA,NA,NA,NA,NA,NA,NA,NA,NA,NA,NA,NA,NA,NA,NA,NA,NA,NA,NA,NA,NA,NA,NA,NA,NA,0.429872729049136,180
"5550","PWS-Pink-Odd","Pink-Odd",1997,14003294,4078807,NA,NA,NA,NA,NA,NA,NA,NA,NA,NA,NA,NA,NA,NA,NA,NA,NA,NA,NA,NA,NA,NA,NA,NA,NA,NA,NA,NA,NA,NA,NA,1.2334880439567,180
"5551","PWS-Pink-Odd","Pink-Odd",1999,12589343,7060958,NA,NA,NA,NA,NA,NA,NA,NA,NA,NA,NA,NA,NA,NA,NA,NA,NA,NA,NA,NA,NA,NA,NA,NA,NA,NA,NA,NA,NA,NA,NA,0.578269926070839,180
"5552","PWS-Pink-Odd","Pink-Odd",2001,12659282,5735052,NA,NA,NA,NA,NA,NA,NA,NA,NA,NA,NA,NA,NA,NA,NA,NA,NA,NA,NA,NA,NA,NA,NA,NA,NA,NA,NA,NA,NA,NA,NA,0.79179388337582,180
"5553","PWS-Pink-Odd","Pink-Odd",2003,25874686,8161502,NA,NA,NA,NA,NA,NA,NA,NA,NA,NA,NA,NA,NA,NA,NA,NA,NA,NA,NA,NA,NA,NA,NA,NA,NA,NA,NA,NA,NA,NA,NA,1.15383689558128,180
"5554","PWS-Pink-Odd","Pink-Odd",2005,14344498,13578314,NA,NA,NA,NA,NA,NA,NA,NA,NA,NA,NA,NA,NA,NA,NA,NA,NA,NA,NA,NA,NA,NA,NA,NA,NA,NA,NA,NA,NA,NA,NA,0.0548924927928129,180
"5555","PWS-Pink-Odd","Pink-Odd",2007,6240186,4326643,NA,NA,NA,NA,NA,NA,NA,NA,NA,NA,NA,NA,NA,NA,NA,NA,NA,NA,NA,NA,NA,NA,NA,NA,NA,NA,NA,NA,NA,NA,NA,0.366218036990305,180
"5556","PWS-Pink-Odd","Pink-Odd",2009,16975186,5245478,NA,NA,NA,NA,NA,NA,NA,NA,NA,NA,NA,NA,NA,NA,NA,NA,NA,NA,NA,NA,NA,NA,NA,NA,NA,NA,NA,NA,NA,NA,NA,1.17438625856536,180
"5557","S CIn-Pink-Even","Pink-Even",1976,122800,52800,NA,NA,NA,NA,NA,NA,NA,NA,NA,NA,NA,NA,NA,NA,NA,NA,NA,NA,NA,NA,NA,NA,NA,NA,NA,NA,NA,NA,NA,NA,NA,0.844045825000826,181
"5558","S CIn-Pink-Even","Pink-Even",1978,260200,70700,NA,NA,NA,NA,NA,NA,NA,NA,NA,NA,NA,NA,NA,NA,NA,NA,NA,NA,NA,NA,NA,NA,NA,NA,NA,NA,NA,NA,NA,NA,NA,1.30300499317588,181
"5559","S CIn-Pink-Even","Pink-Even",1980,145500,129900,NA,NA,NA,NA,NA,NA,NA,NA,NA,NA,NA,NA,NA,NA,NA,NA,NA,NA,NA,NA,NA,NA,NA,NA,NA,NA,NA,NA,NA,NA,NA,0.113411162934993,181
"5560","S CIn-Pink-Even","Pink-Even",1982,154100,70300,NA,NA,NA,NA,NA,NA,NA,NA,NA,NA,NA,NA,NA,NA,NA,NA,NA,NA,NA,NA,NA,NA,NA,NA,NA,NA,NA,NA,NA,NA,NA,0.784829943509451,181
"5561","S CIn-Pink-Even","Pink-Even",1984,197400,98400,NA,NA,NA,NA,NA,NA,NA,NA,NA,NA,NA,NA,NA,NA,NA,NA,NA,NA,NA,NA,NA,NA,NA,NA,NA,NA,NA,NA,NA,NA,NA,0.696191322941173,181
"5562","S CIn-Pink-Even","Pink-Even",1986,43800,77900,NA,NA,NA,NA,NA,NA,NA,NA,NA,NA,NA,NA,NA,NA,NA,NA,NA,NA,NA,NA,NA,NA,NA,NA,NA,NA,NA,NA,NA,NA,NA,-0.575792135494302,181
"5563","S CIn-Pink-Even","Pink-Even",1988,58292,38300,NA,NA,NA,NA,NA,NA,NA,NA,NA,NA,NA,NA,NA,NA,NA,NA,NA,NA,NA,NA,NA,NA,NA,NA,NA,NA,NA,NA,NA,NA,NA,0.42001496648485,181
"5564","S CIn-Pink-Even","Pink-Even",1990,31449,54782,NA,NA,NA,NA,NA,NA,NA,NA,NA,NA,NA,NA,NA,NA,NA,NA,NA,NA,NA,NA,NA,NA,NA,NA,NA,NA,NA,NA,NA,NA,NA,-0.554994486704989,181
"5565","S CIn-Pink-Even","Pink-Even",1992,43936,29535,NA,NA,NA,NA,NA,NA,NA,NA,NA,NA,NA,NA,NA,NA,NA,NA,NA,NA,NA,NA,NA,NA,NA,NA,NA,NA,NA,NA,NA,NA,NA,0.397158028826362,181
"5566","S CIn-Pink-Even","Pink-Even",1994,30845,38536,NA,NA,NA,NA,NA,NA,NA,NA,NA,NA,NA,NA,NA,NA,NA,NA,NA,NA,NA,NA,NA,NA,NA,NA,NA,NA,NA,NA,NA,NA,NA,-0.222618206666318,181
"5567","S CIn-Pink-Even","Pink-Even",1996,56425,26757,NA,NA,NA,NA,NA,NA,NA,NA,NA,NA,NA,NA,NA,NA,NA,NA,NA,NA,NA,NA,NA,NA,NA,NA,NA,NA,NA,NA,NA,NA,NA,0.746116201351419,181
"5568","S CIn-Pink-Even","Pink-Even",1998,86096,49027,NA,NA,NA,NA,NA,NA,NA,NA,NA,NA,NA,NA,NA,NA,NA,NA,NA,NA,NA,NA,NA,NA,NA,NA,NA,NA,NA,NA,NA,NA,NA,0.563091785984274,181
"5569","S CIn-Pink-Even","Pink-Even",2000,65292,75897,NA,NA,NA,NA,NA,NA,NA,NA,NA,NA,NA,NA,NA,NA,NA,NA,NA,NA,NA,NA,NA,NA,NA,NA,NA,NA,NA,NA,NA,NA,NA,-0.150507640636935,181
"5570","S CIn-Pink-Even","Pink-Even",2002,85795,63989,NA,NA,NA,NA,NA,NA,NA,NA,NA,NA,NA,NA,NA,NA,NA,NA,NA,NA,NA,NA,NA,NA,NA,NA,NA,NA,NA,NA,NA,NA,NA,0.293249536150113,181
"5571","S CIn-Pink-Even","Pink-Even",2004,118413,85708,NA,NA,NA,NA,NA,NA,NA,NA,NA,NA,NA,NA,NA,NA,NA,NA,NA,NA,NA,NA,NA,NA,NA,NA,NA,NA,NA,NA,NA,NA,NA,0.323232343581441,181
"5572","S CIn-Pink-Even","Pink-Even",2006,144354,118413,NA,NA,NA,NA,NA,NA,NA,NA,NA,NA,NA,NA,NA,NA,NA,NA,NA,NA,NA,NA,NA,NA,NA,NA,NA,NA,NA,NA,NA,NA,NA,0.198090102431145,181
"5573","S CIn-Pink-Even","Pink-Even",2008,96572,144354,NA,NA,NA,NA,NA,NA,NA,NA,NA,NA,NA,NA,NA,NA,NA,NA,NA,NA,NA,NA,NA,NA,NA,NA,NA,NA,NA,NA,NA,NA,NA,-0.401979772021157,181
"5574","S CIn-Pink-Odd","Pink-Odd",1977,661500,121700,NA,NA,NA,NA,NA,NA,NA,NA,NA,NA,NA,NA,NA,NA,NA,NA,NA,NA,NA,NA,NA,NA,NA,NA,NA,NA,NA,NA,NA,NA,NA,1.69295098356153,182
"5575","S CIn-Pink-Odd","Pink-Odd",1979,544000,243700,NA,NA,NA,NA,NA,NA,NA,NA,NA,NA,NA,NA,NA,NA,NA,NA,NA,NA,NA,NA,NA,NA,NA,NA,NA,NA,NA,NA,NA,NA,NA,0.803011286224782,182
"5576","S CIn-Pink-Odd","Pink-Odd",1981,184100,177700,NA,NA,NA,NA,NA,NA,NA,NA,NA,NA,NA,NA,NA,NA,NA,NA,NA,NA,NA,NA,NA,NA,NA,NA,NA,NA,NA,NA,NA,NA,NA,0.0353823530784266,182
"5577","S CIn-Pink-Odd","Pink-Odd",1983,149200,132700,NA,NA,NA,NA,NA,NA,NA,NA,NA,NA,NA,NA,NA,NA,NA,NA,NA,NA,NA,NA,NA,NA,NA,NA,NA,NA,NA,NA,NA,NA,NA,0.117196746431499,182
"5578","S CIn-Pink-Odd","Pink-Odd",1985,35400,139800,NA,NA,NA,NA,NA,NA,NA,NA,NA,NA,NA,NA,NA,NA,NA,NA,NA,NA,NA,NA,NA,NA,NA,NA,NA,NA,NA,NA,NA,NA,NA,-1.37350100965998,182
"5579","S CIn-Pink-Odd","Pink-Odd",1987,211700,34200,NA,NA,NA,NA,NA,NA,NA,NA,NA,NA,NA,NA,NA,NA,NA,NA,NA,NA,NA,NA,NA,NA,NA,NA,NA,NA,NA,NA,NA,NA,NA,1.82294453407226,182
"5580","S CIn-Pink-Odd","Pink-Odd",1989,47621,119200,NA,NA,NA,NA,NA,NA,NA,NA,NA,NA,NA,NA,NA,NA,NA,NA,NA,NA,NA,NA,NA,NA,NA,NA,NA,NA,NA,NA,NA,NA,NA,-0.917528914213012,182
"5581","S CIn-Pink-Odd","Pink-Odd",1991,81997,47356,NA,NA,NA,NA,NA,NA,NA,NA,NA,NA,NA,NA,NA,NA,NA,NA,NA,NA,NA,NA,NA,NA,NA,NA,NA,NA,NA,NA,NA,NA,NA,0.548989133679749,182
"5582","S CIn-Pink-Odd","Pink-Odd",1993,159689,79374,NA,NA,NA,NA,NA,NA,NA,NA,NA,NA,NA,NA,NA,NA,NA,NA,NA,NA,NA,NA,NA,NA,NA,NA,NA,NA,NA,NA,NA,NA,NA,0.699057314991988,182
"5583","S CIn-Pink-Odd","Pink-Odd",1995,129750,137782,NA,NA,NA,NA,NA,NA,NA,NA,NA,NA,NA,NA,NA,NA,NA,NA,NA,NA,NA,NA,NA,NA,NA,NA,NA,NA,NA,NA,NA,NA,NA,-0.0600632039086022,182
"5584","S CIn-Pink-Odd","Pink-Odd",1997,26449,117414,NA,NA,NA,NA,NA,NA,NA,NA,NA,NA,NA,NA,NA,NA,NA,NA,NA,NA,NA,NA,NA,NA,NA,NA,NA,NA,NA,NA,NA,NA,NA,-1.49048780030389,182
"5585","S CIn-Pink-Odd","Pink-Odd",1999,47607,24986,NA,NA,NA,NA,NA,NA,NA,NA,NA,NA,NA,NA,NA,NA,NA,NA,NA,NA,NA,NA,NA,NA,NA,NA,NA,NA,NA,NA,NA,NA,NA,0.644664141239177,182
"5586","S CIn-Pink-Odd","Pink-Odd",2001,128722,42722,NA,NA,NA,NA,NA,NA,NA,NA,NA,NA,NA,NA,NA,NA,NA,NA,NA,NA,NA,NA,NA,NA,NA,NA,NA,NA,NA,NA,NA,NA,NA,1.10294103012893,182
"5587","S CIn-Pink-Odd","Pink-Odd",2003,192637,125991,NA,NA,NA,NA,NA,NA,NA,NA,NA,NA,NA,NA,NA,NA,NA,NA,NA,NA,NA,NA,NA,NA,NA,NA,NA,NA,NA,NA,NA,NA,NA,0.424597113080586,182
"5588","S CIn-Pink-Odd","Pink-Odd",2005,123394,192358,NA,NA,NA,NA,NA,NA,NA,NA,NA,NA,NA,NA,NA,NA,NA,NA,NA,NA,NA,NA,NA,NA,NA,NA,NA,NA,NA,NA,NA,NA,NA,-0.443975731260548,182
"5589","S CIn-Pink-Odd","Pink-Odd",2007,19826,123394,NA,NA,NA,NA,NA,NA,NA,NA,NA,NA,NA,NA,NA,NA,NA,NA,NA,NA,NA,NA,NA,NA,NA,NA,NA,NA,NA,NA,NA,NA,NA,-1.82838828031219,182
"5590","S CIn-Pink-Odd","Pink-Odd",2009,47901,19826,NA,NA,NA,NA,NA,NA,NA,NA,NA,NA,NA,NA,NA,NA,NA,NA,NA,NA,NA,NA,NA,NA,NA,NA,NA,NA,NA,NA,NA,NA,NA,0.882142173414968,182
"5591","Outer CIn-Pink-Even","Pink-Even",1976,118800,15800,NA,NA,NA,NA,NA,NA,NA,NA,NA,NA,NA,NA,NA,NA,NA,NA,NA,NA,NA,NA,NA,NA,NA,NA,NA,NA,NA,NA,NA,NA,NA,2.01743146689562,183
"5592","Outer CIn-Pink-Even","Pink-Even",1978,223400,55200,NA,NA,NA,NA,NA,NA,NA,NA,NA,NA,NA,NA,NA,NA,NA,NA,NA,NA,NA,NA,NA,NA,NA,NA,NA,NA,NA,NA,NA,NA,NA,1.39800093335205,183
"5593","Outer CIn-Pink-Even","Pink-Even",1980,109600,86900,NA,NA,NA,NA,NA,NA,NA,NA,NA,NA,NA,NA,NA,NA,NA,NA,NA,NA,NA,NA,NA,NA,NA,NA,NA,NA,NA,NA,NA,NA,NA,0.232079342242569,183
"5594","Outer CIn-Pink-Even","Pink-Even",1982,187500,53000,NA,NA,NA,NA,NA,NA,NA,NA,NA,NA,NA,NA,NA,NA,NA,NA,NA,NA,NA,NA,NA,NA,NA,NA,NA,NA,NA,NA,NA,NA,NA,1.26348693185834,183
"5595","Outer CIn-Pink-Even","Pink-Even",1984,397400,102900,NA,NA,NA,NA,NA,NA,NA,NA,NA,NA,NA,NA,NA,NA,NA,NA,NA,NA,NA,NA,NA,NA,NA,NA,NA,NA,NA,NA,NA,NA,NA,1.35118568727771,183
"5596","Outer CIn-Pink-Even","Pink-Even",1986,57400,93400,NA,NA,NA,NA,NA,NA,NA,NA,NA,NA,NA,NA,NA,NA,NA,NA,NA,NA,NA,NA,NA,NA,NA,NA,NA,NA,NA,NA,NA,NA,NA,-0.486847041909276,183
"5597","Outer CIn-Pink-Even","Pink-Even",1988,331855,51500,NA,NA,NA,NA,NA,NA,NA,NA,NA,NA,NA,NA,NA,NA,NA,NA,NA,NA,NA,NA,NA,NA,NA,NA,NA,NA,NA,NA,NA,NA,NA,1.8631163188571,183
"5598","Outer CIn-Pink-Even","Pink-Even",1990,68121,140696,NA,NA,NA,NA,NA,NA,NA,NA,NA,NA,NA,NA,NA,NA,NA,NA,NA,NA,NA,NA,NA,NA,NA,NA,NA,NA,NA,NA,NA,NA,NA,-0.725315998770813,183
"5599","Outer CIn-Pink-Even","Pink-Even",1992,81778,68021,NA,NA,NA,NA,NA,NA,NA,NA,NA,NA,NA,NA,NA,NA,NA,NA,NA,NA,NA,NA,NA,NA,NA,NA,NA,NA,NA,NA,NA,NA,NA,0.184191777750921,183
"5600","Outer CIn-Pink-Even","Pink-Even",1994,184211,80178,NA,NA,NA,NA,NA,NA,NA,NA,NA,NA,NA,NA,NA,NA,NA,NA,NA,NA,NA,NA,NA,NA,NA,NA,NA,NA,NA,NA,NA,NA,NA,0.831832676709351,183
"5601","Outer CIn-Pink-Even","Pink-Even",1996,504294,184211,NA,NA,NA,NA,NA,NA,NA,NA,NA,NA,NA,NA,NA,NA,NA,NA,NA,NA,NA,NA,NA,NA,NA,NA,NA,NA,NA,NA,NA,NA,NA,1.00707759159562,183
"5602","Outer CIn-Pink-Even","Pink-Even",1998,775357,416368,NA,NA,NA,NA,NA,NA,NA,NA,NA,NA,NA,NA,NA,NA,NA,NA,NA,NA,NA,NA,NA,NA,NA,NA,NA,NA,NA,NA,NA,NA,NA,0.621754083845939,183
"5603","Outer CIn-Pink-Even","Pink-Even",2000,864060,469090,NA,NA,NA,NA,NA,NA,NA,NA,NA,NA,NA,NA,NA,NA,NA,NA,NA,NA,NA,NA,NA,NA,NA,NA,NA,NA,NA,NA,NA,NA,NA,0.610847563146482,183
"5604","Outer CIn-Pink-Even","Pink-Even",2002,231818,409965,NA,NA,NA,NA,NA,NA,NA,NA,NA,NA,NA,NA,NA,NA,NA,NA,NA,NA,NA,NA,NA,NA,NA,NA,NA,NA,NA,NA,NA,NA,NA,-0.570119209160755,183
"5605","Outer CIn-Pink-Even","Pink-Even",2004,1529905,190261,NA,NA,NA,NA,NA,NA,NA,NA,NA,NA,NA,NA,NA,NA,NA,NA,NA,NA,NA,NA,NA,NA,NA,NA,NA,NA,NA,NA,NA,NA,NA,2.08456410722544,183
"5606","Outer CIn-Pink-Even","Pink-Even",2006,789378,409460,NA,NA,NA,NA,NA,NA,NA,NA,NA,NA,NA,NA,NA,NA,NA,NA,NA,NA,NA,NA,NA,NA,NA,NA,NA,NA,NA,NA,NA,NA,NA,0.656406075148161,183
"5607","Outer CIn-Pink-Even","Pink-Even",2008,476849,321797,NA,NA,NA,NA,NA,NA,NA,NA,NA,NA,NA,NA,NA,NA,NA,NA,NA,NA,NA,NA,NA,NA,NA,NA,NA,NA,NA,NA,NA,NA,NA,0.393278966972969,183
"5608","Outer CIn-Pink-Odd","Pink-Odd",1977,2223900,231200,NA,NA,NA,NA,NA,NA,NA,NA,NA,NA,NA,NA,NA,NA,NA,NA,NA,NA,NA,NA,NA,NA,NA,NA,NA,NA,NA,NA,NA,NA,NA,2.26373455353256,184
"5609","Outer CIn-Pink-Odd","Pink-Odd",1979,1672000,322600,NA,NA,NA,NA,NA,NA,NA,NA,NA,NA,NA,NA,NA,NA,NA,NA,NA,NA,NA,NA,NA,NA,NA,NA,NA,NA,NA,NA,NA,NA,NA,1.64536262795354,184
"5610","Outer CIn-Pink-Odd","Pink-Odd",1981,312700,219200,NA,NA,NA,NA,NA,NA,NA,NA,NA,NA,NA,NA,NA,NA,NA,NA,NA,NA,NA,NA,NA,NA,NA,NA,NA,NA,NA,NA,NA,NA,NA,0.355259709389935,184
"5611","Outer CIn-Pink-Odd","Pink-Odd",1983,609100,137900,NA,NA,NA,NA,NA,NA,NA,NA,NA,NA,NA,NA,NA,NA,NA,NA,NA,NA,NA,NA,NA,NA,NA,NA,NA,NA,NA,NA,NA,NA,NA,1.48545367304318,184
"5612","Outer CIn-Pink-Odd","Pink-Odd",1985,32700,132100,NA,NA,NA,NA,NA,NA,NA,NA,NA,NA,NA,NA,NA,NA,NA,NA,NA,NA,NA,NA,NA,NA,NA,NA,NA,NA,NA,NA,NA,NA,NA,-1.39618413362507,184
"5613","Outer CIn-Pink-Odd","Pink-Odd",1987,152900,29700,NA,NA,NA,NA,NA,NA,NA,NA,NA,NA,NA,NA,NA,NA,NA,NA,NA,NA,NA,NA,NA,NA,NA,NA,NA,NA,NA,NA,NA,NA,NA,1.63863706712636,184
"5614","Outer CIn-Pink-Odd","Pink-Odd",1989,557081,143200,NA,NA,NA,NA,NA,NA,NA,NA,NA,NA,NA,NA,NA,NA,NA,NA,NA,NA,NA,NA,NA,NA,NA,NA,NA,NA,NA,NA,NA,NA,NA,1.35846839673105,184
"5615","Outer CIn-Pink-Odd","Pink-Odd",1991,348091,200192,NA,NA,NA,NA,NA,NA,NA,NA,NA,NA,NA,NA,NA,NA,NA,NA,NA,NA,NA,NA,NA,NA,NA,NA,NA,NA,NA,NA,NA,NA,NA,0.553187033800948,184
"5616","Outer CIn-Pink-Odd","Pink-Odd",1993,300415,215819,NA,NA,NA,NA,NA,NA,NA,NA,NA,NA,NA,NA,NA,NA,NA,NA,NA,NA,NA,NA,NA,NA,NA,NA,NA,NA,NA,NA,NA,NA,NA,0.330724758631471,184
"5617","Outer CIn-Pink-Odd","Pink-Odd",1995,419239,138122,NA,NA,NA,NA,NA,NA,NA,NA,NA,NA,NA,NA,NA,NA,NA,NA,NA,NA,NA,NA,NA,NA,NA,NA,NA,NA,NA,NA,NA,NA,NA,1.11030381045142,184
"5618","Outer CIn-Pink-Odd","Pink-Odd",1997,78156,292179,NA,NA,NA,NA,NA,NA,NA,NA,NA,NA,NA,NA,NA,NA,NA,NA,NA,NA,NA,NA,NA,NA,NA,NA,NA,NA,NA,NA,NA,NA,NA,-1.3186597987985,184
"5619","Outer CIn-Pink-Odd","Pink-Odd",1999,370606,78156,NA,NA,NA,NA,NA,NA,NA,NA,NA,NA,NA,NA,NA,NA,NA,NA,NA,NA,NA,NA,NA,NA,NA,NA,NA,NA,NA,NA,NA,NA,NA,1.55643267433016,184
"5620","Outer CIn-Pink-Odd","Pink-Odd",2001,1046345,344419,NA,NA,NA,NA,NA,NA,NA,NA,NA,NA,NA,NA,NA,NA,NA,NA,NA,NA,NA,NA,NA,NA,NA,NA,NA,NA,NA,NA,NA,NA,NA,1.11119947871879,184
"5621","Outer CIn-Pink-Odd","Pink-Odd",2003,697011,789129,NA,NA,NA,NA,NA,NA,NA,NA,NA,NA,NA,NA,NA,NA,NA,NA,NA,NA,NA,NA,NA,NA,NA,NA,NA,NA,NA,NA,NA,NA,NA,-0.12412861302186,184
"5622","Outer CIn-Pink-Odd","Pink-Odd",2005,567757,586816,NA,NA,NA,NA,NA,NA,NA,NA,NA,NA,NA,NA,NA,NA,NA,NA,NA,NA,NA,NA,NA,NA,NA,NA,NA,NA,NA,NA,NA,NA,NA,-0.0330178021474523,184
"5623","Outer CIn-Pink-Odd","Pink-Odd",2007,1280443,453581,NA,NA,NA,NA,NA,NA,NA,NA,NA,NA,NA,NA,NA,NA,NA,NA,NA,NA,NA,NA,NA,NA,NA,NA,NA,NA,NA,NA,NA,NA,NA,1.037787526376,184
"5624","Outer CIn-Pink-Odd","Pink-Odd",2009,352021,427406,NA,NA,NA,NA,NA,NA,NA,NA,NA,NA,NA,NA,NA,NA,NA,NA,NA,NA,NA,NA,NA,NA,NA,NA,NA,NA,NA,NA,NA,NA,NA,-0.194043548248586,184
"5625","Kamishak-Pink-Even","Pink-Even",1976,34200,15000,NA,NA,NA,NA,NA,NA,NA,NA,NA,NA,NA,NA,NA,NA,NA,NA,NA,NA,NA,NA,NA,NA,NA,NA,NA,NA,NA,NA,NA,NA,NA,0.824175442966349,185
"5626","Kamishak-Pink-Even","Pink-Even",1978,508100,34100,NA,NA,NA,NA,NA,NA,NA,NA,NA,NA,NA,NA,NA,NA,NA,NA,NA,NA,NA,NA,NA,NA,NA,NA,NA,NA,NA,NA,NA,NA,NA,2.70138089431022,185
"5627","Kamishak-Pink-Even","Pink-Even",1980,124000,407500,NA,NA,NA,NA,NA,NA,NA,NA,NA,NA,NA,NA,NA,NA,NA,NA,NA,NA,NA,NA,NA,NA,NA,NA,NA,NA,NA,NA,NA,NA,NA,-1.18975936707588,185
"5628","Kamishak-Pink-Even","Pink-Even",1982,262500,90500,NA,NA,NA,NA,NA,NA,NA,NA,NA,NA,NA,NA,NA,NA,NA,NA,NA,NA,NA,NA,NA,NA,NA,NA,NA,NA,NA,NA,NA,NA,NA,1.0649012313258,185
"5629","Kamishak-Pink-Even","Pink-Even",1984,1757800,128800,NA,NA,NA,NA,NA,NA,NA,NA,NA,NA,NA,NA,NA,NA,NA,NA,NA,NA,NA,NA,NA,NA,NA,NA,NA,NA,NA,NA,NA,NA,NA,2.61355749246029,185
"5630","Kamishak-Pink-Even","Pink-Even",1986,114400,1337000,NA,NA,NA,NA,NA,NA,NA,NA,NA,NA,NA,NA,NA,NA,NA,NA,NA,NA,NA,NA,NA,NA,NA,NA,NA,NA,NA,NA,NA,NA,NA,-2.45848249815625,185
"5631","Kamishak-Pink-Even","Pink-Even",1988,23350,64000,NA,NA,NA,NA,NA,NA,NA,NA,NA,NA,NA,NA,NA,NA,NA,NA,NA,NA,NA,NA,NA,NA,NA,NA,NA,NA,NA,NA,NA,NA,NA,-1.00828609924477,185
"5632","Kamishak-Pink-Even","Pink-Even",1990,13366,22950,NA,NA,NA,NA,NA,NA,NA,NA,NA,NA,NA,NA,NA,NA,NA,NA,NA,NA,NA,NA,NA,NA,NA,NA,NA,NA,NA,NA,NA,NA,NA,-0.540603767417676,185
"5633","Kamishak-Pink-Even","Pink-Even",1992,10239,11155,NA,NA,NA,NA,NA,NA,NA,NA,NA,NA,NA,NA,NA,NA,NA,NA,NA,NA,NA,NA,NA,NA,NA,NA,NA,NA,NA,NA,NA,NA,NA,-0.0856838692918162,185
"5634","Kamishak-Pink-Even","Pink-Even",1994,38255,10239,NA,NA,NA,NA,NA,NA,NA,NA,NA,NA,NA,NA,NA,NA,NA,NA,NA,NA,NA,NA,NA,NA,NA,NA,NA,NA,NA,NA,NA,NA,NA,1.31807031209114,185
"5635","Kamishak-Pink-Even","Pink-Even",1996,168561,38255,NA,NA,NA,NA,NA,NA,NA,NA,NA,NA,NA,NA,NA,NA,NA,NA,NA,NA,NA,NA,NA,NA,NA,NA,NA,NA,NA,NA,NA,NA,NA,1.48302343140012,185
"5636","Kamishak-Pink-Even","Pink-Even",1998,231525,166785,NA,NA,NA,NA,NA,NA,NA,NA,NA,NA,NA,NA,NA,NA,NA,NA,NA,NA,NA,NA,NA,NA,NA,NA,NA,NA,NA,NA,NA,NA,NA,0.32798230123301,185
"5637","Kamishak-Pink-Even","Pink-Even",2000,2162998,227428,NA,NA,NA,NA,NA,NA,NA,NA,NA,NA,NA,NA,NA,NA,NA,NA,NA,NA,NA,NA,NA,NA,NA,NA,NA,NA,NA,NA,NA,NA,NA,2.25241679652789,185
"5638","Kamishak-Pink-Even","Pink-Even",2002,127167,1719239,NA,NA,NA,NA,NA,NA,NA,NA,NA,NA,NA,NA,NA,NA,NA,NA,NA,NA,NA,NA,NA,NA,NA,NA,NA,NA,NA,NA,NA,NA,NA,-2.60413584675581,185
"5639","Kamishak-Pink-Even","Pink-Even",2004,685293,121214,NA,NA,NA,NA,NA,NA,NA,NA,NA,NA,NA,NA,NA,NA,NA,NA,NA,NA,NA,NA,NA,NA,NA,NA,NA,NA,NA,NA,NA,NA,NA,1.73228890551959,185
"5640","Kamishak-Pink-Even","Pink-Even",2006,196738,621248,NA,NA,NA,NA,NA,NA,NA,NA,NA,NA,NA,NA,NA,NA,NA,NA,NA,NA,NA,NA,NA,NA,NA,NA,NA,NA,NA,NA,NA,NA,NA,-1.14985746375775,185
"5641","Kamishak-Pink-Even","Pink-Even",2008,50013,188551,NA,NA,NA,NA,NA,NA,NA,NA,NA,NA,NA,NA,NA,NA,NA,NA,NA,NA,NA,NA,NA,NA,NA,NA,NA,NA,NA,NA,NA,NA,NA,-1.32708555568929,185
"5642","Kamishak-Pink-Odd","Pink-Odd",1977,281700,82000,NA,NA,NA,NA,NA,NA,NA,NA,NA,NA,NA,NA,NA,NA,NA,NA,NA,NA,NA,NA,NA,NA,NA,NA,NA,NA,NA,NA,NA,NA,NA,1.23412342761807,186
"5643","Kamishak-Pink-Odd","Pink-Odd",1979,192900,227000,NA,NA,NA,NA,NA,NA,NA,NA,NA,NA,NA,NA,NA,NA,NA,NA,NA,NA,NA,NA,NA,NA,NA,NA,NA,NA,NA,NA,NA,NA,NA,-0.162778097569719,186
"5644","Kamishak-Pink-Odd","Pink-Odd",1981,10700,126900,NA,NA,NA,NA,NA,NA,NA,NA,NA,NA,NA,NA,NA,NA,NA,NA,NA,NA,NA,NA,NA,NA,NA,NA,NA,NA,NA,NA,NA,NA,NA,-2.47315563325248,186
"5645","Kamishak-Pink-Odd","Pink-Odd",1983,21900,10400,NA,NA,NA,NA,NA,NA,NA,NA,NA,NA,NA,NA,NA,NA,NA,NA,NA,NA,NA,NA,NA,NA,NA,NA,NA,NA,NA,NA,NA,NA,NA,0.744680830675128,186
"5646","Kamishak-Pink-Odd","Pink-Odd",1985,164500,21900,NA,NA,NA,NA,NA,NA,NA,NA,NA,NA,NA,NA,NA,NA,NA,NA,NA,NA,NA,NA,NA,NA,NA,NA,NA,NA,NA,NA,NA,NA,NA,2.01642393338297,186
"5647","Kamishak-Pink-Odd","Pink-Odd",1987,829600,93900,NA,NA,NA,NA,NA,NA,NA,NA,NA,NA,NA,NA,NA,NA,NA,NA,NA,NA,NA,NA,NA,NA,NA,NA,NA,NA,NA,NA,NA,NA,NA,2.1787132707011,186
"5648","Kamishak-Pink-Odd","Pink-Odd",1989,157610,573000,NA,NA,NA,NA,NA,NA,NA,NA,NA,NA,NA,NA,NA,NA,NA,NA,NA,NA,NA,NA,NA,NA,NA,NA,NA,NA,NA,NA,NA,NA,NA,-1.29076208952729,186
"5649","Kamishak-Pink-Odd","Pink-Odd",1991,185783,112510,NA,NA,NA,NA,NA,NA,NA,NA,NA,NA,NA,NA,NA,NA,NA,NA,NA,NA,NA,NA,NA,NA,NA,NA,NA,NA,NA,NA,NA,NA,NA,0.501537219378214,186
"5650","Kamishak-Pink-Odd","Pink-Odd",1993,662658,185677,NA,NA,NA,NA,NA,NA,NA,NA,NA,NA,NA,NA,NA,NA,NA,NA,NA,NA,NA,NA,NA,NA,NA,NA,NA,NA,NA,NA,NA,NA,NA,1.27225041498536,186
"5651","Kamishak-Pink-Odd","Pink-Odd",1995,257906,499858,NA,NA,NA,NA,NA,NA,NA,NA,NA,NA,NA,NA,NA,NA,NA,NA,NA,NA,NA,NA,NA,NA,NA,NA,NA,NA,NA,NA,NA,NA,NA,-0.661728880638548,186
"5652","Kamishak-Pink-Odd","Pink-Odd",1997,14429,257606,NA,NA,NA,NA,NA,NA,NA,NA,NA,NA,NA,NA,NA,NA,NA,NA,NA,NA,NA,NA,NA,NA,NA,NA,NA,NA,NA,NA,NA,NA,NA,-2.88219121556929,186
"5653","Kamishak-Pink-Odd","Pink-Odd",1999,65283,13622,NA,NA,NA,NA,NA,NA,NA,NA,NA,NA,NA,NA,NA,NA,NA,NA,NA,NA,NA,NA,NA,NA,NA,NA,NA,NA,NA,NA,NA,NA,NA,1.56704553266314,186
"5654","Kamishak-Pink-Odd","Pink-Odd",2001,786462,63919,NA,NA,NA,NA,NA,NA,NA,NA,NA,NA,NA,NA,NA,NA,NA,NA,NA,NA,NA,NA,NA,NA,NA,NA,NA,NA,NA,NA,NA,NA,NA,2.50992774923012,186
"5655","Kamishak-Pink-Odd","Pink-Odd",2003,278492,774457,NA,NA,NA,NA,NA,NA,NA,NA,NA,NA,NA,NA,NA,NA,NA,NA,NA,NA,NA,NA,NA,NA,NA,NA,NA,NA,NA,NA,NA,NA,NA,-1.02277280498495,186
"5656","Kamishak-Pink-Odd","Pink-Odd",2005,1004418,275499,NA,NA,NA,NA,NA,NA,NA,NA,NA,NA,NA,NA,NA,NA,NA,NA,NA,NA,NA,NA,NA,NA,NA,NA,NA,NA,NA,NA,NA,NA,NA,1.29357954944749,186
"5657","Kamishak-Pink-Odd","Pink-Odd",2007,1371879,994600,NA,NA,NA,NA,NA,NA,NA,NA,NA,NA,NA,NA,NA,NA,NA,NA,NA,NA,NA,NA,NA,NA,NA,NA,NA,NA,NA,NA,NA,NA,NA,0.321595965696187,186
"5658","Kamishak-Pink-Odd","Pink-Odd",2009,9931,1240152,NA,NA,NA,NA,NA,NA,NA,NA,NA,NA,NA,NA,NA,NA,NA,NA,NA,NA,NA,NA,NA,NA,NA,NA,NA,NA,NA,NA,NA,NA,NA,-4.82732805381063,186
"5659","Afognak-Pink-Even","Pink-Even",1978,2153040,610000,NA,NA,NA,NA,NA,NA,NA,NA,NA,NA,NA,NA,NA,NA,NA,NA,NA,NA,NA,NA,NA,NA,NA,NA,NA,NA,NA,NA,NA,NA,NA,1.26117711875178,187
"5660","Afognak-Pink-Even","Pink-Even",1980,1348000,990000,NA,NA,NA,NA,NA,NA,NA,NA,NA,NA,NA,NA,NA,NA,NA,NA,NA,NA,NA,NA,NA,NA,NA,NA,NA,NA,NA,NA,NA,NA,NA,0.308672348343617,187
"5661","Afognak-Pink-Even","Pink-Even",1982,931000,656000,NA,NA,NA,NA,NA,NA,NA,NA,NA,NA,NA,NA,NA,NA,NA,NA,NA,NA,NA,NA,NA,NA,NA,NA,NA,NA,NA,NA,NA,NA,NA,0.350098488332978,187
"5662","Afognak-Pink-Even","Pink-Even",1984,1597000,466000,NA,NA,NA,NA,NA,NA,NA,NA,NA,NA,NA,NA,NA,NA,NA,NA,NA,NA,NA,NA,NA,NA,NA,NA,NA,NA,NA,NA,NA,NA,NA,1.23169651408937,187
"5663","Afognak-Pink-Even","Pink-Even",1986,3730000,736000,NA,NA,NA,NA,NA,NA,NA,NA,NA,NA,NA,NA,NA,NA,NA,NA,NA,NA,NA,NA,NA,NA,NA,NA,NA,NA,NA,NA,NA,NA,NA,1.62293339390898,187
"5664","Afognak-Pink-Even","Pink-Even",1988,1423772,1304000,NA,NA,NA,NA,NA,NA,NA,NA,NA,NA,NA,NA,NA,NA,NA,NA,NA,NA,NA,NA,NA,NA,NA,NA,NA,NA,NA,NA,NA,NA,NA,0.0878732243064201,187
"5665","Afognak-Pink-Even","Pink-Even",1990,1290872,412772,NA,NA,NA,NA,NA,NA,NA,NA,NA,NA,NA,NA,NA,NA,NA,NA,NA,NA,NA,NA,NA,NA,NA,NA,NA,NA,NA,NA,NA,NA,NA,1.14017785557437,187
"5666","Afognak-Pink-Even","Pink-Even",1992,1690958,895872,NA,NA,NA,NA,NA,NA,NA,NA,NA,NA,NA,NA,NA,NA,NA,NA,NA,NA,NA,NA,NA,NA,NA,NA,NA,NA,NA,NA,NA,NA,NA,0.635252965588773,187
"5667","Afognak-Pink-Even","Pink-Even",1994,421738,1067958,NA,NA,NA,NA,NA,NA,NA,NA,NA,NA,NA,NA,NA,NA,NA,NA,NA,NA,NA,NA,NA,NA,NA,NA,NA,NA,NA,NA,NA,NA,NA,-0.929119424757801,187
"5668","Afognak-Pink-Even","Pink-Even",1996,2432470,255738,NA,NA,NA,NA,NA,NA,NA,NA,NA,NA,NA,NA,NA,NA,NA,NA,NA,NA,NA,NA,NA,NA,NA,NA,NA,NA,NA,NA,NA,NA,NA,2.25250899808355,187
"5669","Afognak-Pink-Even","Pink-Even",1998,719910,1521470,NA,NA,NA,NA,NA,NA,NA,NA,NA,NA,NA,NA,NA,NA,NA,NA,NA,NA,NA,NA,NA,NA,NA,NA,NA,NA,NA,NA,NA,NA,NA,-0.748306047561525,187
"5670","Afognak-Pink-Even","Pink-Even",2000,1027402,644910,NA,NA,NA,NA,NA,NA,NA,NA,NA,NA,NA,NA,NA,NA,NA,NA,NA,NA,NA,NA,NA,NA,NA,NA,NA,NA,NA,NA,NA,NA,NA,0.465677792516594,187
"5671","Afognak-Pink-Even","Pink-Even",2002,3047376,554402,NA,NA,NA,NA,NA,NA,NA,NA,NA,NA,NA,NA,NA,NA,NA,NA,NA,NA,NA,NA,NA,NA,NA,NA,NA,NA,NA,NA,NA,NA,NA,1.70414611606539,187
"5672","Afognak-Pink-Even","Pink-Even",2004,1367598,533776,NA,NA,NA,NA,NA,NA,NA,NA,NA,NA,NA,NA,NA,NA,NA,NA,NA,NA,NA,NA,NA,NA,NA,NA,NA,NA,NA,NA,NA,NA,NA,0.940834920047926,187
"5673","Afognak-Pink-Even","Pink-Even",2006,1289399,565800,NA,NA,NA,NA,NA,NA,NA,NA,NA,NA,NA,NA,NA,NA,NA,NA,NA,NA,NA,NA,NA,NA,NA,NA,NA,NA,NA,NA,NA,NA,NA,0.823690838454231,187
"5674","Afognak-Pink-Even","Pink-Even",2008,2645315,343456,NA,NA,NA,NA,NA,NA,NA,NA,NA,NA,NA,NA,NA,NA,NA,NA,NA,NA,NA,NA,NA,NA,NA,NA,NA,NA,NA,NA,NA,NA,NA,2.04148641952992,187
"5675","Afognak-Pink-Odd","Pink-Odd",1979,1613392,504000,NA,NA,NA,NA,NA,NA,NA,NA,NA,NA,NA,NA,NA,NA,NA,NA,NA,NA,NA,NA,NA,NA,NA,NA,NA,NA,NA,NA,NA,NA,NA,1.16351780594642,188
"5676","Afognak-Pink-Odd","Pink-Odd",1981,526000,836000,NA,NA,NA,NA,NA,NA,NA,NA,NA,NA,NA,NA,NA,NA,NA,NA,NA,NA,NA,NA,NA,NA,NA,NA,NA,NA,NA,NA,NA,NA,NA,-0.463327400346992,188
"5677","Afognak-Pink-Odd","Pink-Odd",1983,1133000,332000,NA,NA,NA,NA,NA,NA,NA,NA,NA,NA,NA,NA,NA,NA,NA,NA,NA,NA,NA,NA,NA,NA,NA,NA,NA,NA,NA,NA,NA,NA,NA,1.22748929211152,188
"5678","Afognak-Pink-Odd","Pink-Odd",1985,837000,832000,NA,NA,NA,NA,NA,NA,NA,NA,NA,NA,NA,NA,NA,NA,NA,NA,NA,NA,NA,NA,NA,NA,NA,NA,NA,NA,NA,NA,NA,NA,NA,0.00599162966826676,188
"5679","Afognak-Pink-Odd","Pink-Odd",1987,1886046,522000,NA,NA,NA,NA,NA,NA,NA,NA,NA,NA,NA,NA,NA,NA,NA,NA,NA,NA,NA,NA,NA,NA,NA,NA,NA,NA,NA,NA,NA,NA,NA,1.28457026525723,188
"5680","Afognak-Pink-Odd","Pink-Odd",1989,1223968,1886046,NA,NA,NA,NA,NA,NA,NA,NA,NA,NA,NA,NA,NA,NA,NA,NA,NA,NA,NA,NA,NA,NA,NA,NA,NA,NA,NA,NA,NA,NA,NA,-0.432384534200201,188
"5681","Afognak-Pink-Odd","Pink-Odd",1991,3433514,621968,NA,NA,NA,NA,NA,NA,NA,NA,NA,NA,NA,NA,NA,NA,NA,NA,NA,NA,NA,NA,NA,NA,NA,NA,NA,NA,NA,NA,NA,NA,NA,1.70845086105398,188
"5682","Afognak-Pink-Odd","Pink-Odd",1993,4921462,815514,NA,NA,NA,NA,NA,NA,NA,NA,NA,NA,NA,NA,NA,NA,NA,NA,NA,NA,NA,NA,NA,NA,NA,NA,NA,NA,NA,NA,NA,NA,NA,1.79754233052057,188
"5683","Afognak-Pink-Odd","Pink-Odd",1995,924888,1177462,NA,NA,NA,NA,NA,NA,NA,NA,NA,NA,NA,NA,NA,NA,NA,NA,NA,NA,NA,NA,NA,NA,NA,NA,NA,NA,NA,NA,NA,NA,NA,-0.241443904507182,188
"5684","Afognak-Pink-Odd","Pink-Odd",1997,1469602,689888,NA,NA,NA,NA,NA,NA,NA,NA,NA,NA,NA,NA,NA,NA,NA,NA,NA,NA,NA,NA,NA,NA,NA,NA,NA,NA,NA,NA,NA,NA,NA,0.756217629238928,188
"5685","Afognak-Pink-Odd","Pink-Odd",1999,1163124,983602,NA,NA,NA,NA,NA,NA,NA,NA,NA,NA,NA,NA,NA,NA,NA,NA,NA,NA,NA,NA,NA,NA,NA,NA,NA,NA,NA,NA,NA,NA,NA,0.167643423956465,188
"5686","Afognak-Pink-Odd","Pink-Odd",2001,2706660,620124,NA,NA,NA,NA,NA,NA,NA,NA,NA,NA,NA,NA,NA,NA,NA,NA,NA,NA,NA,NA,NA,NA,NA,NA,NA,NA,NA,NA,NA,NA,NA,1.47355122338859,188
"5687","Afognak-Pink-Odd","Pink-Odd",2003,1464945,714660,NA,NA,NA,NA,NA,NA,NA,NA,NA,NA,NA,NA,NA,NA,NA,NA,NA,NA,NA,NA,NA,NA,NA,NA,NA,NA,NA,NA,NA,NA,NA,0.717766072963444,188
"5688","Afognak-Pink-Odd","Pink-Odd",2005,2564369,907106,NA,NA,NA,NA,NA,NA,NA,NA,NA,NA,NA,NA,NA,NA,NA,NA,NA,NA,NA,NA,NA,NA,NA,NA,NA,NA,NA,NA,NA,NA,NA,1.03920841135757,188
"5689","Afognak-Pink-Odd","Pink-Odd",2007,3610878,229154,NA,NA,NA,NA,NA,NA,NA,NA,NA,NA,NA,NA,NA,NA,NA,NA,NA,NA,NA,NA,NA,NA,NA,NA,NA,NA,NA,NA,NA,NA,NA,2.75731196843402,188
"5690","Afognak-Pink-Odd","Pink-Odd",2009,2557019,790724,NA,NA,NA,NA,NA,NA,NA,NA,NA,NA,NA,NA,NA,NA,NA,NA,NA,NA,NA,NA,NA,NA,NA,NA,NA,NA,NA,NA,NA,NA,NA,1.17364842437815,188
"5691","W Kod-Pink-Even","Pink-Even",1978,18821263,6238000,NA,NA,NA,NA,NA,NA,NA,NA,NA,NA,NA,NA,NA,NA,NA,NA,NA,NA,NA,NA,NA,NA,NA,NA,NA,NA,NA,NA,NA,NA,NA,1.10432762317791,189
"5692","W Kod-Pink-Even","Pink-Even",1980,12202000,8264000,NA,NA,NA,NA,NA,NA,NA,NA,NA,NA,NA,NA,NA,NA,NA,NA,NA,NA,NA,NA,NA,NA,NA,NA,NA,NA,NA,NA,NA,NA,NA,0.389691140912323,189
"5693","W Kod-Pink-Even","Pink-Even",1982,14726000,6924000,NA,NA,NA,NA,NA,NA,NA,NA,NA,NA,NA,NA,NA,NA,NA,NA,NA,NA,NA,NA,NA,NA,NA,NA,NA,NA,NA,NA,NA,NA,NA,0.754621001632562,189
"5694","W Kod-Pink-Even","Pink-Even",1984,12347000,5796000,NA,NA,NA,NA,NA,NA,NA,NA,NA,NA,NA,NA,NA,NA,NA,NA,NA,NA,NA,NA,NA,NA,NA,NA,NA,NA,NA,NA,NA,NA,NA,0.756245094127171,189
"5695","W Kod-Pink-Even","Pink-Even",1986,9993000,4182000,NA,NA,NA,NA,NA,NA,NA,NA,NA,NA,NA,NA,NA,NA,NA,NA,NA,NA,NA,NA,NA,NA,NA,NA,NA,NA,NA,NA,NA,NA,NA,0.87109524687321,189
"5696","W Kod-Pink-Even","Pink-Even",1988,12162000,3472000,NA,NA,NA,NA,NA,NA,NA,NA,NA,NA,NA,NA,NA,NA,NA,NA,NA,NA,NA,NA,NA,NA,NA,NA,NA,NA,NA,NA,NA,NA,NA,1.25358553989981,189
"5697","W Kod-Pink-Even","Pink-Even",1990,5217000,9162000,NA,NA,NA,NA,NA,NA,NA,NA,NA,NA,NA,NA,NA,NA,NA,NA,NA,NA,NA,NA,NA,NA,NA,NA,NA,NA,NA,NA,NA,NA,NA,-0.563141971424295,189
"5698","W Kod-Pink-Even","Pink-Even",1992,6463000,3816000,NA,NA,NA,NA,NA,NA,NA,NA,NA,NA,NA,NA,NA,NA,NA,NA,NA,NA,NA,NA,NA,NA,NA,NA,NA,NA,NA,NA,NA,NA,NA,0.526890852694718,189
"5699","W Kod-Pink-Even","Pink-Even",1994,5605000,3148000,NA,NA,NA,NA,NA,NA,NA,NA,NA,NA,NA,NA,NA,NA,NA,NA,NA,NA,NA,NA,NA,NA,NA,NA,NA,NA,NA,NA,NA,NA,NA,0.576891725968966,189
"5700","W Kod-Pink-Even","Pink-Even",1996,18665000,3914000,NA,NA,NA,NA,NA,NA,NA,NA,NA,NA,NA,NA,NA,NA,NA,NA,NA,NA,NA,NA,NA,NA,NA,NA,NA,NA,NA,NA,NA,NA,NA,1.56209024339266,189
"5701","W Kod-Pink-Even","Pink-Even",1998,10478000,6608000,NA,NA,NA,NA,NA,NA,NA,NA,NA,NA,NA,NA,NA,NA,NA,NA,NA,NA,NA,NA,NA,NA,NA,NA,NA,NA,NA,NA,NA,NA,NA,0.460996784767351,189
"5702","W Kod-Pink-Even","Pink-Even",2000,17801000,5024000,NA,NA,NA,NA,NA,NA,NA,NA,NA,NA,NA,NA,NA,NA,NA,NA,NA,NA,NA,NA,NA,NA,NA,NA,NA,NA,NA,NA,NA,NA,NA,1.2650282063294,189
"5703","W Kod-Pink-Even","Pink-Even",2002,22493708,8754000,NA,NA,NA,NA,NA,NA,NA,NA,NA,NA,NA,NA,NA,NA,NA,NA,NA,NA,NA,NA,NA,NA,NA,NA,NA,NA,NA,NA,NA,NA,NA,0.943724886889428,189
"5704","W Kod-Pink-Even","Pink-Even",2004,23621882,9880208,NA,NA,NA,NA,NA,NA,NA,NA,NA,NA,NA,NA,NA,NA,NA,NA,NA,NA,NA,NA,NA,NA,NA,NA,NA,NA,NA,NA,NA,NA,NA,0.871639921664103,189
"5705","W Kod-Pink-Even","Pink-Even",2006,8047323,4554396,NA,NA,NA,NA,NA,NA,NA,NA,NA,NA,NA,NA,NA,NA,NA,NA,NA,NA,NA,NA,NA,NA,NA,NA,NA,NA,NA,NA,NA,NA,NA,0.569246569157956,189
"5706","W Kod-Pink-Even","Pink-Even",2008,7749342,4445434,NA,NA,NA,NA,NA,NA,NA,NA,NA,NA,NA,NA,NA,NA,NA,NA,NA,NA,NA,NA,NA,NA,NA,NA,NA,NA,NA,NA,NA,NA,NA,0.555730434540082,189
"5707","W Kod-Pink-Odd","Pink-Odd",1979,4240197,1624000,NA,NA,NA,NA,NA,NA,NA,NA,NA,NA,NA,NA,NA,NA,NA,NA,NA,NA,NA,NA,NA,NA,NA,NA,NA,NA,NA,NA,NA,NA,NA,0.959717488689194,190
"5708","W Kod-Pink-Odd","Pink-Odd",1981,2778000,1612000,NA,NA,NA,NA,NA,NA,NA,NA,NA,NA,NA,NA,NA,NA,NA,NA,NA,NA,NA,NA,NA,NA,NA,NA,NA,NA,NA,NA,NA,NA,NA,0.544255600247716,190
"5709","W Kod-Pink-Odd","Pink-Odd",1983,2842000,1210000,NA,NA,NA,NA,NA,NA,NA,NA,NA,NA,NA,NA,NA,NA,NA,NA,NA,NA,NA,NA,NA,NA,NA,NA,NA,NA,NA,NA,NA,NA,NA,0.853887670066259,190
"5710","W Kod-Pink-Odd","Pink-Odd",1985,2486000,1162000,NA,NA,NA,NA,NA,NA,NA,NA,NA,NA,NA,NA,NA,NA,NA,NA,NA,NA,NA,NA,NA,NA,NA,NA,NA,NA,NA,NA,NA,NA,NA,0.7605323346588,190
"5711","W Kod-Pink-Odd","Pink-Odd",1987,8598000,1084000,NA,NA,NA,NA,NA,NA,NA,NA,NA,NA,NA,NA,NA,NA,NA,NA,NA,NA,NA,NA,NA,NA,NA,NA,NA,NA,NA,NA,NA,NA,NA,2.07087171505664,190
"5712","W Kod-Pink-Odd","Pink-Odd",1989,7435000,8598000,NA,NA,NA,NA,NA,NA,NA,NA,NA,NA,NA,NA,NA,NA,NA,NA,NA,NA,NA,NA,NA,NA,NA,NA,NA,NA,NA,NA,NA,NA,NA,-0.145331038161971,190
"5713","W Kod-Pink-Odd","Pink-Odd",1991,11420000,2444000,NA,NA,NA,NA,NA,NA,NA,NA,NA,NA,NA,NA,NA,NA,NA,NA,NA,NA,NA,NA,NA,NA,NA,NA,NA,NA,NA,NA,NA,NA,NA,1.54173016291852,190
"5714","W Kod-Pink-Odd","Pink-Odd",1993,23571000,2340000,NA,NA,NA,NA,NA,NA,NA,NA,NA,NA,NA,NA,NA,NA,NA,NA,NA,NA,NA,NA,NA,NA,NA,NA,NA,NA,NA,NA,NA,NA,NA,2.30986621349218,190
"5715","W Kod-Pink-Odd","Pink-Odd",1995,8083000,5360000,NA,NA,NA,NA,NA,NA,NA,NA,NA,NA,NA,NA,NA,NA,NA,NA,NA,NA,NA,NA,NA,NA,NA,NA,NA,NA,NA,NA,NA,NA,NA,0.410799115668997,190
"5716","W Kod-Pink-Odd","Pink-Odd",1997,5730000,1510000,NA,NA,NA,NA,NA,NA,NA,NA,NA,NA,NA,NA,NA,NA,NA,NA,NA,NA,NA,NA,NA,NA,NA,NA,NA,NA,NA,NA,NA,NA,NA,1.33360587989982,190
"5717","W Kod-Pink-Odd","Pink-Odd",1999,5086000,1556000,NA,NA,NA,NA,NA,NA,NA,NA,NA,NA,NA,NA,NA,NA,NA,NA,NA,NA,NA,NA,NA,NA,NA,NA,NA,NA,NA,NA,NA,NA,NA,1.18437324124373,190
"5718","W Kod-Pink-Odd","Pink-Odd",2001,6218000,1828000,NA,NA,NA,NA,NA,NA,NA,NA,NA,NA,NA,NA,NA,NA,NA,NA,NA,NA,NA,NA,NA,NA,NA,NA,NA,NA,NA,NA,NA,NA,NA,1.2242258386046,190
"5719","W Kod-Pink-Odd","Pink-Odd",2003,7030752,1878000,NA,NA,NA,NA,NA,NA,NA,NA,NA,NA,NA,NA,NA,NA,NA,NA,NA,NA,NA,NA,NA,NA,NA,NA,NA,NA,NA,NA,NA,NA,NA,1.32008628944363,190
"5720","W Kod-Pink-Odd","Pink-Odd",2005,9117411,1705456,NA,NA,NA,NA,NA,NA,NA,NA,NA,NA,NA,NA,NA,NA,NA,NA,NA,NA,NA,NA,NA,NA,NA,NA,NA,NA,NA,NA,NA,NA,NA,1.67635335854748,190
"5721","W Kod-Pink-Odd","Pink-Odd",2007,6835456,1739104,NA,NA,NA,NA,NA,NA,NA,NA,NA,NA,NA,NA,NA,NA,NA,NA,NA,NA,NA,NA,NA,NA,NA,NA,NA,NA,NA,NA,NA,NA,NA,1.36875314531653,190
"5722","W Kod-Pink-Odd","Pink-Odd",2009,2096829,2472970,NA,NA,NA,NA,NA,NA,NA,NA,NA,NA,NA,NA,NA,NA,NA,NA,NA,NA,NA,NA,NA,NA,NA,NA,NA,NA,NA,NA,NA,NA,NA,-0.16499365392031,190
"5723","Alitak-Pink-Even","Pink-Even",1978,3089080,1314000,NA,NA,NA,NA,NA,NA,NA,NA,NA,NA,NA,NA,NA,NA,NA,NA,NA,NA,NA,NA,NA,NA,NA,NA,NA,NA,NA,NA,NA,NA,NA,0.85479739188765,191
"5724","Alitak-Pink-Even","Pink-Even",1980,1454000,1036000,NA,NA,NA,NA,NA,NA,NA,NA,NA,NA,NA,NA,NA,NA,NA,NA,NA,NA,NA,NA,NA,NA,NA,NA,NA,NA,NA,NA,NA,NA,NA,0.338951235274036,191
"5725","Alitak-Pink-Even","Pink-Even",1982,1060000,934000,NA,NA,NA,NA,NA,NA,NA,NA,NA,NA,NA,NA,NA,NA,NA,NA,NA,NA,NA,NA,NA,NA,NA,NA,NA,NA,NA,NA,NA,NA,NA,0.12654774887727,191
"5726","Alitak-Pink-Even","Pink-Even",1984,1426000,626000,NA,NA,NA,NA,NA,NA,NA,NA,NA,NA,NA,NA,NA,NA,NA,NA,NA,NA,NA,NA,NA,NA,NA,NA,NA,NA,NA,NA,NA,NA,NA,0.823278229874143,191
"5727","Alitak-Pink-Even","Pink-Even",1986,906000,698000,NA,NA,NA,NA,NA,NA,NA,NA,NA,NA,NA,NA,NA,NA,NA,NA,NA,NA,NA,NA,NA,NA,NA,NA,NA,NA,NA,NA,NA,NA,NA,0.260820203280607,191
"5728","Alitak-Pink-Even","Pink-Even",1988,323000,520000,NA,NA,NA,NA,NA,NA,NA,NA,NA,NA,NA,NA,NA,NA,NA,NA,NA,NA,NA,NA,NA,NA,NA,NA,NA,NA,NA,NA,NA,NA,NA,-0.476176488352816,191
"5729","Alitak-Pink-Even","Pink-Even",1990,425000,178000,NA,NA,NA,NA,NA,NA,NA,NA,NA,NA,NA,NA,NA,NA,NA,NA,NA,NA,NA,NA,NA,NA,NA,NA,NA,NA,NA,NA,NA,NA,NA,0.870305618632332,191
"5730","Alitak-Pink-Even","Pink-Even",1992,2213000,366000,NA,NA,NA,NA,NA,NA,NA,NA,NA,NA,NA,NA,NA,NA,NA,NA,NA,NA,NA,NA,NA,NA,NA,NA,NA,NA,NA,NA,NA,NA,NA,1.79947100664968,191
"5731","Alitak-Pink-Even","Pink-Even",1994,1535000,1092000,NA,NA,NA,NA,NA,NA,NA,NA,NA,NA,NA,NA,NA,NA,NA,NA,NA,NA,NA,NA,NA,NA,NA,NA,NA,NA,NA,NA,NA,NA,NA,0.340519503716447,191
"5732","Alitak-Pink-Even","Pink-Even",1996,4269000,982000,NA,NA,NA,NA,NA,NA,NA,NA,NA,NA,NA,NA,NA,NA,NA,NA,NA,NA,NA,NA,NA,NA,NA,NA,NA,NA,NA,NA,NA,NA,NA,1.4695435784035,191
"5733","Alitak-Pink-Even","Pink-Even",1998,1017000,2564000,NA,NA,NA,NA,NA,NA,NA,NA,NA,NA,NA,NA,NA,NA,NA,NA,NA,NA,NA,NA,NA,NA,NA,NA,NA,NA,NA,NA,NA,NA,NA,-0.924711421992001,191
"5734","Alitak-Pink-Even","Pink-Even",2000,5e+06,774000,NA,NA,NA,NA,NA,NA,NA,NA,NA,NA,NA,NA,NA,NA,NA,NA,NA,NA,NA,NA,NA,NA,NA,NA,NA,NA,NA,NA,NA,NA,NA,1.86562131782651,191
"5735","Alitak-Pink-Even","Pink-Even",2002,3436972,3922000,NA,NA,NA,NA,NA,NA,NA,NA,NA,NA,NA,NA,NA,NA,NA,NA,NA,NA,NA,NA,NA,NA,NA,NA,NA,NA,NA,NA,NA,NA,NA,-0.132010876579153,191
"5736","Alitak-Pink-Even","Pink-Even",2004,4621442,2017972,NA,NA,NA,NA,NA,NA,NA,NA,NA,NA,NA,NA,NA,NA,NA,NA,NA,NA,NA,NA,NA,NA,NA,NA,NA,NA,NA,NA,NA,NA,NA,0.828613730894805,191
"5737","Alitak-Pink-Even","Pink-Even",2006,1064934,1748472,NA,NA,NA,NA,NA,NA,NA,NA,NA,NA,NA,NA,NA,NA,NA,NA,NA,NA,NA,NA,NA,NA,NA,NA,NA,NA,NA,NA,NA,NA,NA,-0.495829438256952,191
"5738","Alitak-Pink-Even","Pink-Even",2008,793121,352692,NA,NA,NA,NA,NA,NA,NA,NA,NA,NA,NA,NA,NA,NA,NA,NA,NA,NA,NA,NA,NA,NA,NA,NA,NA,NA,NA,NA,NA,NA,NA,0.810380640296106,191
"5739","Alitak-Pink-Odd","Pink-Odd",1979,3323629,1138000,NA,NA,NA,NA,NA,NA,NA,NA,NA,NA,NA,NA,NA,NA,NA,NA,NA,NA,NA,NA,NA,NA,NA,NA,NA,NA,NA,NA,NA,NA,NA,1.07178492254488,192
"5740","Alitak-Pink-Odd","Pink-Odd",1981,2308000,1250000,NA,NA,NA,NA,NA,NA,NA,NA,NA,NA,NA,NA,NA,NA,NA,NA,NA,NA,NA,NA,NA,NA,NA,NA,NA,NA,NA,NA,NA,NA,NA,0.613237797331643,192
"5741","Alitak-Pink-Odd","Pink-Odd",1983,2656000,880000,NA,NA,NA,NA,NA,NA,NA,NA,NA,NA,NA,NA,NA,NA,NA,NA,NA,NA,NA,NA,NA,NA,NA,NA,NA,NA,NA,NA,NA,NA,NA,1.10465460312407,192
"5742","Alitak-Pink-Odd","Pink-Odd",1985,1871000,1598000,NA,NA,NA,NA,NA,NA,NA,NA,NA,NA,NA,NA,NA,NA,NA,NA,NA,NA,NA,NA,NA,NA,NA,NA,NA,NA,NA,NA,NA,NA,NA,0.15772019994787,192
"5743","Alitak-Pink-Odd","Pink-Odd",1987,5604000,954000,NA,NA,NA,NA,NA,NA,NA,NA,NA,NA,NA,NA,NA,NA,NA,NA,NA,NA,NA,NA,NA,NA,NA,NA,NA,NA,NA,NA,NA,NA,NA,1.77057223600861,192
"5744","Alitak-Pink-Odd","Pink-Odd",1989,3310000,5422000,NA,NA,NA,NA,NA,NA,NA,NA,NA,NA,NA,NA,NA,NA,NA,NA,NA,NA,NA,NA,NA,NA,NA,NA,NA,NA,NA,NA,NA,NA,NA,-0.493516561687502,192
"5745","Alitak-Pink-Odd","Pink-Odd",1991,5366000,936000,NA,NA,NA,NA,NA,NA,NA,NA,NA,NA,NA,NA,NA,NA,NA,NA,NA,NA,NA,NA,NA,NA,NA,NA,NA,NA,NA,NA,NA,NA,NA,1.74622255450798,192
"5746","Alitak-Pink-Odd","Pink-Odd",1993,14652000,1900000,NA,NA,NA,NA,NA,NA,NA,NA,NA,NA,NA,NA,NA,NA,NA,NA,NA,NA,NA,NA,NA,NA,NA,NA,NA,NA,NA,NA,NA,NA,NA,2.04272295874417,192
"5747","Alitak-Pink-Odd","Pink-Odd",1995,1964000,7592000,NA,NA,NA,NA,NA,NA,NA,NA,NA,NA,NA,NA,NA,NA,NA,NA,NA,NA,NA,NA,NA,NA,NA,NA,NA,NA,NA,NA,NA,NA,NA,-1.35211185137535,192
"5748","Alitak-Pink-Odd","Pink-Odd",1997,3284000,1010000,NA,NA,NA,NA,NA,NA,NA,NA,NA,NA,NA,NA,NA,NA,NA,NA,NA,NA,NA,NA,NA,NA,NA,NA,NA,NA,NA,NA,NA,NA,NA,1.17911186073701,192
"5749","Alitak-Pink-Odd","Pink-Odd",1999,2976000,1930000,NA,NA,NA,NA,NA,NA,NA,NA,NA,NA,NA,NA,NA,NA,NA,NA,NA,NA,NA,NA,NA,NA,NA,NA,NA,NA,NA,NA,NA,NA,NA,0.433060114054051,192
"5750","Alitak-Pink-Odd","Pink-Odd",2001,2298000,1536000,NA,NA,NA,NA,NA,NA,NA,NA,NA,NA,NA,NA,NA,NA,NA,NA,NA,NA,NA,NA,NA,NA,NA,NA,NA,NA,NA,NA,NA,NA,NA,0.402857544701084,192
"5751","Alitak-Pink-Odd","Pink-Odd",2003,5420654,1800000,NA,NA,NA,NA,NA,NA,NA,NA,NA,NA,NA,NA,NA,NA,NA,NA,NA,NA,NA,NA,NA,NA,NA,NA,NA,NA,NA,NA,NA,NA,NA,1.10242980747674,192
"5752","Alitak-Pink-Odd","Pink-Odd",2005,960626,1227812,NA,NA,NA,NA,NA,NA,NA,NA,NA,NA,NA,NA,NA,NA,NA,NA,NA,NA,NA,NA,NA,NA,NA,NA,NA,NA,NA,NA,NA,NA,NA,-0.245403847243136,192
"5753","Alitak-Pink-Odd","Pink-Odd",2007,5787870,486610,NA,NA,NA,NA,NA,NA,NA,NA,NA,NA,NA,NA,NA,NA,NA,NA,NA,NA,NA,NA,NA,NA,NA,NA,NA,NA,NA,NA,NA,NA,NA,2.47605664633789,192
"5754","Alitak-Pink-Odd","Pink-Odd",2009,5961145,1791706,NA,NA,NA,NA,NA,NA,NA,NA,NA,NA,NA,NA,NA,NA,NA,NA,NA,NA,NA,NA,NA,NA,NA,NA,NA,NA,NA,NA,NA,NA,NA,1.20209433812665,192
"5755","E Kod-Pink-Even","Pink-Even",1978,3553593,1400000,NA,NA,NA,NA,NA,NA,NA,NA,NA,NA,NA,NA,NA,NA,NA,NA,NA,NA,NA,NA,NA,NA,NA,NA,NA,NA,NA,NA,NA,NA,NA,0.931486967701465,193
"5756","E Kod-Pink-Even","Pink-Even",1980,2006000,1590000,NA,NA,NA,NA,NA,NA,NA,NA,NA,NA,NA,NA,NA,NA,NA,NA,NA,NA,NA,NA,NA,NA,NA,NA,NA,NA,NA,NA,NA,NA,NA,0.232408673307604,193
"5757","E Kod-Pink-Even","Pink-Even",1982,1561000,1178000,NA,NA,NA,NA,NA,NA,NA,NA,NA,NA,NA,NA,NA,NA,NA,NA,NA,NA,NA,NA,NA,NA,NA,NA,NA,NA,NA,NA,NA,NA,NA,0.2815085563039,193
"5758","E Kod-Pink-Even","Pink-Even",1984,2016000,1162000,NA,NA,NA,NA,NA,NA,NA,NA,NA,NA,NA,NA,NA,NA,NA,NA,NA,NA,NA,NA,NA,NA,NA,NA,NA,NA,NA,NA,NA,NA,NA,0.550972691779403,193
"5759","E Kod-Pink-Even","Pink-Even",1986,4588000,1414000,NA,NA,NA,NA,NA,NA,NA,NA,NA,NA,NA,NA,NA,NA,NA,NA,NA,NA,NA,NA,NA,NA,NA,NA,NA,NA,NA,NA,NA,NA,NA,1.17702163179274,193
"5760","E Kod-Pink-Even","Pink-Even",1988,1411000,1714000,NA,NA,NA,NA,NA,NA,NA,NA,NA,NA,NA,NA,NA,NA,NA,NA,NA,NA,NA,NA,NA,NA,NA,NA,NA,NA,NA,NA,NA,NA,NA,-0.194531147304911,193
"5761","E Kod-Pink-Even","Pink-Even",1990,1676000,998000,NA,NA,NA,NA,NA,NA,NA,NA,NA,NA,NA,NA,NA,NA,NA,NA,NA,NA,NA,NA,NA,NA,NA,NA,NA,NA,NA,NA,NA,NA,NA,0.518412004730564,193
"5762","E Kod-Pink-Even","Pink-Even",1992,2848000,1116000,NA,NA,NA,NA,NA,NA,NA,NA,NA,NA,NA,NA,NA,NA,NA,NA,NA,NA,NA,NA,NA,NA,NA,NA,NA,NA,NA,NA,NA,NA,NA,0.93686612959061,193
"5763","E Kod-Pink-Even","Pink-Even",1994,738000,1990000,NA,NA,NA,NA,NA,NA,NA,NA,NA,NA,NA,NA,NA,NA,NA,NA,NA,NA,NA,NA,NA,NA,NA,NA,NA,NA,NA,NA,NA,NA,NA,-0.991946093118066,193
"5764","E Kod-Pink-Even","Pink-Even",1996,2246000,690000,NA,NA,NA,NA,NA,NA,NA,NA,NA,NA,NA,NA,NA,NA,NA,NA,NA,NA,NA,NA,NA,NA,NA,NA,NA,NA,NA,NA,NA,NA,NA,1.18021453770708,193
"5765","E Kod-Pink-Even","Pink-Even",1998,1541000,1694000,NA,NA,NA,NA,NA,NA,NA,NA,NA,NA,NA,NA,NA,NA,NA,NA,NA,NA,NA,NA,NA,NA,NA,NA,NA,NA,NA,NA,NA,NA,NA,-0.0946610398918839,193
"5766","E Kod-Pink-Even","Pink-Even",2000,2468000,1174000,NA,NA,NA,NA,NA,NA,NA,NA,NA,NA,NA,NA,NA,NA,NA,NA,NA,NA,NA,NA,NA,NA,NA,NA,NA,NA,NA,NA,NA,NA,NA,0.742991384637237,193
"5767","E Kod-Pink-Even","Pink-Even",2002,4342970,1758000,NA,NA,NA,NA,NA,NA,NA,NA,NA,NA,NA,NA,NA,NA,NA,NA,NA,NA,NA,NA,NA,NA,NA,NA,NA,NA,NA,NA,NA,NA,NA,0.904381646598331,193
"5768","E Kod-Pink-Even","Pink-Even",2004,7197847,3717970,NA,NA,NA,NA,NA,NA,NA,NA,NA,NA,NA,NA,NA,NA,NA,NA,NA,NA,NA,NA,NA,NA,NA,NA,NA,NA,NA,NA,NA,NA,NA,0.660604133114035,193
"5769","E Kod-Pink-Even","Pink-Even",2006,1472149,3304076,NA,NA,NA,NA,NA,NA,NA,NA,NA,NA,NA,NA,NA,NA,NA,NA,NA,NA,NA,NA,NA,NA,NA,NA,NA,NA,NA,NA,NA,NA,NA,-0.808433619805401,193
"5770","E Kod-Pink-Even","Pink-Even",2008,1035597,707834,NA,NA,NA,NA,NA,NA,NA,NA,NA,NA,NA,NA,NA,NA,NA,NA,NA,NA,NA,NA,NA,NA,NA,NA,NA,NA,NA,NA,NA,NA,NA,0.380523748075735,193
"5771","E Kod-Pink-Odd","Pink-Odd",1979,4461799,1760000,NA,NA,NA,NA,NA,NA,NA,NA,NA,NA,NA,NA,NA,NA,NA,NA,NA,NA,NA,NA,NA,NA,NA,NA,NA,NA,NA,NA,NA,NA,NA,0.930238238881534,194
"5772","E Kod-Pink-Odd","Pink-Odd",1981,2371000,1614000,NA,NA,NA,NA,NA,NA,NA,NA,NA,NA,NA,NA,NA,NA,NA,NA,NA,NA,NA,NA,NA,NA,NA,NA,NA,NA,NA,NA,NA,NA,NA,0.384596237235511,194
"5773","E Kod-Pink-Odd","Pink-Odd",1983,2510000,1272000,NA,NA,NA,NA,NA,NA,NA,NA,NA,NA,NA,NA,NA,NA,NA,NA,NA,NA,NA,NA,NA,NA,NA,NA,NA,NA,NA,NA,NA,NA,NA,0.679692288225762,194
"5774","E Kod-Pink-Odd","Pink-Odd",1985,2624000,1942000,NA,NA,NA,NA,NA,NA,NA,NA,NA,NA,NA,NA,NA,NA,NA,NA,NA,NA,NA,NA,NA,NA,NA,NA,NA,NA,NA,NA,NA,NA,NA,0.300981501212709,194
"5775","E Kod-Pink-Odd","Pink-Odd",1987,5426000,1360000,NA,NA,NA,NA,NA,NA,NA,NA,NA,NA,NA,NA,NA,NA,NA,NA,NA,NA,NA,NA,NA,NA,NA,NA,NA,NA,NA,NA,NA,NA,NA,1.38371751448878,194
"5776","E Kod-Pink-Odd","Pink-Odd",1989,8519000,5426000,NA,NA,NA,NA,NA,NA,NA,NA,NA,NA,NA,NA,NA,NA,NA,NA,NA,NA,NA,NA,NA,NA,NA,NA,NA,NA,NA,NA,NA,NA,NA,0.451096748823963,194
"5777","E Kod-Pink-Odd","Pink-Odd",1991,8023000,2350000,NA,NA,NA,NA,NA,NA,NA,NA,NA,NA,NA,NA,NA,NA,NA,NA,NA,NA,NA,NA,NA,NA,NA,NA,NA,NA,NA,NA,NA,NA,NA,1.22789708861545,194
"5778","E Kod-Pink-Odd","Pink-Odd",1993,13951000,2610000,NA,NA,NA,NA,NA,NA,NA,NA,NA,NA,NA,NA,NA,NA,NA,NA,NA,NA,NA,NA,NA,NA,NA,NA,NA,NA,NA,NA,NA,NA,NA,1.67620096895137,194
"5779","E Kod-Pink-Odd","Pink-Odd",1995,2952000,5330000,NA,NA,NA,NA,NA,NA,NA,NA,NA,NA,NA,NA,NA,NA,NA,NA,NA,NA,NA,NA,NA,NA,NA,NA,NA,NA,NA,NA,NA,NA,NA,-0.590868331439527,194
"5780","E Kod-Pink-Odd","Pink-Odd",1997,3897000,1618000,NA,NA,NA,NA,NA,NA,NA,NA,NA,NA,NA,NA,NA,NA,NA,NA,NA,NA,NA,NA,NA,NA,NA,NA,NA,NA,NA,NA,NA,NA,NA,0.879016207720272,194
"5781","E Kod-Pink-Odd","Pink-Odd",1999,2791000,2452000,NA,NA,NA,NA,NA,NA,NA,NA,NA,NA,NA,NA,NA,NA,NA,NA,NA,NA,NA,NA,NA,NA,NA,NA,NA,NA,NA,NA,NA,NA,NA,0.12949593648022,194
"5782","E Kod-Pink-Odd","Pink-Odd",2001,5314000,1990000,NA,NA,NA,NA,NA,NA,NA,NA,NA,NA,NA,NA,NA,NA,NA,NA,NA,NA,NA,NA,NA,NA,NA,NA,NA,NA,NA,NA,NA,NA,NA,0.982210208601221,194
"5783","E Kod-Pink-Odd","Pink-Odd",2003,9521665,3784000,NA,NA,NA,NA,NA,NA,NA,NA,NA,NA,NA,NA,NA,NA,NA,NA,NA,NA,NA,NA,NA,NA,NA,NA,NA,NA,NA,NA,NA,NA,NA,0.922788077279285,194
"5784","E Kod-Pink-Odd","Pink-Odd",2005,8081954,3535942,NA,NA,NA,NA,NA,NA,NA,NA,NA,NA,NA,NA,NA,NA,NA,NA,NA,NA,NA,NA,NA,NA,NA,NA,NA,NA,NA,NA,NA,NA,NA,0.826653933053665,194
"5785","E Kod-Pink-Odd","Pink-Odd",2007,11259533,1962488,NA,NA,NA,NA,NA,NA,NA,NA,NA,NA,NA,NA,NA,NA,NA,NA,NA,NA,NA,NA,NA,NA,NA,NA,NA,NA,NA,NA,NA,NA,NA,1.7470020916003,194
"5786","E Kod-Pink-Odd","Pink-Odd",2009,10791580,4360388,NA,NA,NA,NA,NA,NA,NA,NA,NA,NA,NA,NA,NA,NA,NA,NA,NA,NA,NA,NA,NA,NA,NA,NA,NA,NA,NA,NA,NA,NA,NA,0.906205156204131,194
"5787","Mainland Kod-Pink-Even","Pink-Even",1978,1346809,450000,NA,NA,NA,NA,NA,NA,NA,NA,NA,NA,NA,NA,NA,NA,NA,NA,NA,NA,NA,NA,NA,NA,NA,NA,NA,NA,NA,NA,NA,NA,NA,1.09624578700691,195
"5788","Mainland Kod-Pink-Even","Pink-Even",1980,1630000,1060000,NA,NA,NA,NA,NA,NA,NA,NA,NA,NA,NA,NA,NA,NA,NA,NA,NA,NA,NA,NA,NA,NA,NA,NA,NA,NA,NA,NA,NA,NA,NA,0.430311106694695,195
"5789","Mainland Kod-Pink-Even","Pink-Even",1982,1335000,1048000,NA,NA,NA,NA,NA,NA,NA,NA,NA,NA,NA,NA,NA,NA,NA,NA,NA,NA,NA,NA,NA,NA,NA,NA,NA,NA,NA,NA,NA,NA,NA,0.242047705953363,195
"5790","Mainland Kod-Pink-Even","Pink-Even",1984,1992000,990000,NA,NA,NA,NA,NA,NA,NA,NA,NA,NA,NA,NA,NA,NA,NA,NA,NA,NA,NA,NA,NA,NA,NA,NA,NA,NA,NA,NA,NA,NA,NA,0.699189495015908,195
"5791","Mainland Kod-Pink-Even","Pink-Even",1986,3550000,1186000,NA,NA,NA,NA,NA,NA,NA,NA,NA,NA,NA,NA,NA,NA,NA,NA,NA,NA,NA,NA,NA,NA,NA,NA,NA,NA,NA,NA,NA,NA,NA,1.09636130291179,195
"5792","Mainland Kod-Pink-Even","Pink-Even",1988,2176000,1802000,NA,NA,NA,NA,NA,NA,NA,NA,NA,NA,NA,NA,NA,NA,NA,NA,NA,NA,NA,NA,NA,NA,NA,NA,NA,NA,NA,NA,NA,NA,NA,0.18859116980755,195
"5793","Mainland Kod-Pink-Even","Pink-Even",1990,1028000,1300000,NA,NA,NA,NA,NA,NA,NA,NA,NA,NA,NA,NA,NA,NA,NA,NA,NA,NA,NA,NA,NA,NA,NA,NA,NA,NA,NA,NA,NA,NA,NA,-0.234749097434518,195
"5794","Mainland Kod-Pink-Even","Pink-Even",1992,884000,838000,NA,NA,NA,NA,NA,NA,NA,NA,NA,NA,NA,NA,NA,NA,NA,NA,NA,NA,NA,NA,NA,NA,NA,NA,NA,NA,NA,NA,NA,NA,NA,0.0534389621555603,195
"5795","Mainland Kod-Pink-Even","Pink-Even",1994,910000,690000,NA,NA,NA,NA,NA,NA,NA,NA,NA,NA,NA,NA,NA,NA,NA,NA,NA,NA,NA,NA,NA,NA,NA,NA,NA,NA,NA,NA,NA,NA,NA,0.276753001919591,195
"5796","Mainland Kod-Pink-Even","Pink-Even",1996,2349000,860000,NA,NA,NA,NA,NA,NA,NA,NA,NA,NA,NA,NA,NA,NA,NA,NA,NA,NA,NA,NA,NA,NA,NA,NA,NA,NA,NA,NA,NA,NA,NA,1.00481259541136,195
"5797","Mainland Kod-Pink-Even","Pink-Even",1998,1491000,1790000,NA,NA,NA,NA,NA,NA,NA,NA,NA,NA,NA,NA,NA,NA,NA,NA,NA,NA,NA,NA,NA,NA,NA,NA,NA,NA,NA,NA,NA,NA,NA,-0.182768584070062,195
"5798","Mainland Kod-Pink-Even","Pink-Even",2000,2127000,1374000,NA,NA,NA,NA,NA,NA,NA,NA,NA,NA,NA,NA,NA,NA,NA,NA,NA,NA,NA,NA,NA,NA,NA,NA,NA,NA,NA,NA,NA,NA,NA,0.436986342417943,195
"5799","Mainland Kod-Pink-Even","Pink-Even",2002,1706710,1804000,NA,NA,NA,NA,NA,NA,NA,NA,NA,NA,NA,NA,NA,NA,NA,NA,NA,NA,NA,NA,NA,NA,NA,NA,NA,NA,NA,NA,NA,NA,NA,-0.0554388809544617,195
"5800","Mainland Kod-Pink-Even","Pink-Even",2004,2455613,1423110,NA,NA,NA,NA,NA,NA,NA,NA,NA,NA,NA,NA,NA,NA,NA,NA,NA,NA,NA,NA,NA,NA,NA,NA,NA,NA,NA,NA,NA,NA,NA,0.545531806983153,195
"5801","Mainland Kod-Pink-Even","Pink-Even",2006,1125238,1556400,NA,NA,NA,NA,NA,NA,NA,NA,NA,NA,NA,NA,NA,NA,NA,NA,NA,NA,NA,NA,NA,NA,NA,NA,NA,NA,NA,NA,NA,NA,NA,-0.324380893291043,195
"5802","Mainland Kod-Pink-Even","Pink-Even",2008,654608,473000,NA,NA,NA,NA,NA,NA,NA,NA,NA,NA,NA,NA,NA,NA,NA,NA,NA,NA,NA,NA,NA,NA,NA,NA,NA,NA,NA,NA,NA,NA,NA,0.324941194704257,195
"5803","Mainland Kod-Pink-Odd","Pink-Odd",1979,1337758,1100000,NA,NA,NA,NA,NA,NA,NA,NA,NA,NA,NA,NA,NA,NA,NA,NA,NA,NA,NA,NA,NA,NA,NA,NA,NA,NA,NA,NA,NA,NA,NA,0.195684898577689,196
"5804","Mainland Kod-Pink-Odd","Pink-Odd",1981,670000,1066000,NA,NA,NA,NA,NA,NA,NA,NA,NA,NA,NA,NA,NA,NA,NA,NA,NA,NA,NA,NA,NA,NA,NA,NA,NA,NA,NA,NA,NA,NA,NA,-0.464390892340778,196
"5805","Mainland Kod-Pink-Odd","Pink-Odd",1983,1135000,486000,NA,NA,NA,NA,NA,NA,NA,NA,NA,NA,NA,NA,NA,NA,NA,NA,NA,NA,NA,NA,NA,NA,NA,NA,NA,NA,NA,NA,NA,NA,NA,0.848179306015009,196
"5806","Mainland Kod-Pink-Odd","Pink-Odd",1985,1286000,874000,NA,NA,NA,NA,NA,NA,NA,NA,NA,NA,NA,NA,NA,NA,NA,NA,NA,NA,NA,NA,NA,NA,NA,NA,NA,NA,NA,NA,NA,NA,NA,0.386211529142029,196
"5807","Mainland Kod-Pink-Odd","Pink-Odd",1987,7954000,1060000,NA,NA,NA,NA,NA,NA,NA,NA,NA,NA,NA,NA,NA,NA,NA,NA,NA,NA,NA,NA,NA,NA,NA,NA,NA,NA,NA,NA,NA,NA,NA,2.01540603866152,196
"5808","Mainland Kod-Pink-Odd","Pink-Odd",1989,3450000,7954000,NA,NA,NA,NA,NA,NA,NA,NA,NA,NA,NA,NA,NA,NA,NA,NA,NA,NA,NA,NA,NA,NA,NA,NA,NA,NA,NA,NA,NA,NA,NA,-0.835300715742231,196
"5809","Mainland Kod-Pink-Odd","Pink-Odd",1991,2284000,2284000,NA,NA,NA,NA,NA,NA,NA,NA,NA,NA,NA,NA,NA,NA,NA,NA,NA,NA,NA,NA,NA,NA,NA,NA,NA,NA,NA,NA,NA,NA,NA,0,196
"5810","Mainland Kod-Pink-Odd","Pink-Odd",1993,2232000,918000,NA,NA,NA,NA,NA,NA,NA,NA,NA,NA,NA,NA,NA,NA,NA,NA,NA,NA,NA,NA,NA,NA,NA,NA,NA,NA,NA,NA,NA,NA,NA,0.888455932880711,196
"5811","Mainland Kod-Pink-Odd","Pink-Odd",1995,2406000,1536000,NA,NA,NA,NA,NA,NA,NA,NA,NA,NA,NA,NA,NA,NA,NA,NA,NA,NA,NA,NA,NA,NA,NA,NA,NA,NA,NA,NA,NA,NA,NA,0.448783982827007,196
"5812","Mainland Kod-Pink-Odd","Pink-Odd",1997,1626000,1678000,NA,NA,NA,NA,NA,NA,NA,NA,NA,NA,NA,NA,NA,NA,NA,NA,NA,NA,NA,NA,NA,NA,NA,NA,NA,NA,NA,NA,NA,NA,NA,-0.0314795969193956,196
"5813","Mainland Kod-Pink-Odd","Pink-Odd",1999,1212000,1242000,NA,NA,NA,NA,NA,NA,NA,NA,NA,NA,NA,NA,NA,NA,NA,NA,NA,NA,NA,NA,NA,NA,NA,NA,NA,NA,NA,NA,NA,NA,NA,-0.0244510958641643,196
"5814","Mainland Kod-Pink-Odd","Pink-Odd",2001,2191000,814000,NA,NA,NA,NA,NA,NA,NA,NA,NA,NA,NA,NA,NA,NA,NA,NA,NA,NA,NA,NA,NA,NA,NA,NA,NA,NA,NA,NA,NA,NA,NA,0.990152973592926,196
"5815","Mainland Kod-Pink-Odd","Pink-Odd",2003,926712,2018000,NA,NA,NA,NA,NA,NA,NA,NA,NA,NA,NA,NA,NA,NA,NA,NA,NA,NA,NA,NA,NA,NA,NA,NA,NA,NA,NA,NA,NA,NA,NA,-0.778219363230258,196
"5816","Mainland Kod-Pink-Odd","Pink-Odd",2005,1247342,452900,NA,NA,NA,NA,NA,NA,NA,NA,NA,NA,NA,NA,NA,NA,NA,NA,NA,NA,NA,NA,NA,NA,NA,NA,NA,NA,NA,NA,NA,NA,NA,1.01309881573569,196
"5817","Mainland Kod-Pink-Odd","Pink-Odd",2007,1492000,630000,NA,NA,NA,NA,NA,NA,NA,NA,NA,NA,NA,NA,NA,NA,NA,NA,NA,NA,NA,NA,NA,NA,NA,NA,NA,NA,NA,NA,NA,NA,NA,0.862152961378128,196
"5818","Mainland Kod-Pink-Odd","Pink-Odd",2009,796245,860200,NA,NA,NA,NA,NA,NA,NA,NA,NA,NA,NA,NA,NA,NA,NA,NA,NA,NA,NA,NA,NA,NA,NA,NA,NA,NA,NA,NA,NA,NA,NA,-0.0772579929178295,196
"5819","Chignik Bay-Pink-Even","Pink-Even",1962,143600,30000,NA,NA,NA,NA,NA,NA,NA,NA,NA,NA,NA,NA,NA,NA,NA,NA,NA,NA,NA,NA,NA,NA,NA,NA,NA,NA,NA,NA,NA,NA,NA,1.56583427495197,197
"5820","Chignik Bay-Pink-Even","Pink-Even",1964,89600,20000,NA,NA,NA,NA,NA,NA,NA,NA,NA,NA,NA,NA,NA,NA,NA,NA,NA,NA,NA,NA,NA,NA,NA,NA,NA,NA,NA,NA,NA,NA,NA,1.49962304642689,197
"5821","Chignik Bay-Pink-Even","Pink-Even",1966,311600,71300,NA,NA,NA,NA,NA,NA,NA,NA,NA,NA,NA,NA,NA,NA,NA,NA,NA,NA,NA,NA,NA,NA,NA,NA,NA,NA,NA,NA,NA,NA,NA,1.47482398657634,197
"5822","Chignik Bay-Pink-Even","Pink-Even",1968,89900,81400,NA,NA,NA,NA,NA,NA,NA,NA,NA,NA,NA,NA,NA,NA,NA,NA,NA,NA,NA,NA,NA,NA,NA,NA,NA,NA,NA,NA,NA,NA,NA,0.09932266846908,197
"5823","Chignik Bay-Pink-Even","Pink-Even",1970,37400,43600,NA,NA,NA,NA,NA,NA,NA,NA,NA,NA,NA,NA,NA,NA,NA,NA,NA,NA,NA,NA,NA,NA,NA,NA,NA,NA,NA,NA,NA,NA,NA,-0.153386445934502,197
"5824","Chignik Bay-Pink-Even","Pink-Even",1972,37500,5800,NA,NA,NA,NA,NA,NA,NA,NA,NA,NA,NA,NA,NA,NA,NA,NA,NA,NA,NA,NA,NA,NA,NA,NA,NA,NA,NA,NA,NA,NA,NA,1.86648301542399,197
"5825","Chignik Bay-Pink-Even","Pink-Even",1974,121100,4000,NA,NA,NA,NA,NA,NA,NA,NA,NA,NA,NA,NA,NA,NA,NA,NA,NA,NA,NA,NA,NA,NA,NA,NA,NA,NA,NA,NA,NA,NA,NA,3.41032228943916,197
"5826","Chignik Bay-Pink-Even","Pink-Even",1976,147800,12300,NA,NA,NA,NA,NA,NA,NA,NA,NA,NA,NA,NA,NA,NA,NA,NA,NA,NA,NA,NA,NA,NA,NA,NA,NA,NA,NA,NA,NA,NA,NA,2.48626074613573,197
"5827","Chignik Bay-Pink-Even","Pink-Even",1978,183912,10700,NA,NA,NA,NA,NA,NA,NA,NA,NA,NA,NA,NA,NA,NA,NA,NA,NA,NA,NA,NA,NA,NA,NA,NA,NA,NA,NA,NA,NA,NA,NA,2.84421364086835,197
"5828","Chignik Bay-Pink-Even","Pink-Even",1980,85373,3000,NA,NA,NA,NA,NA,NA,NA,NA,NA,NA,NA,NA,NA,NA,NA,NA,NA,NA,NA,NA,NA,NA,NA,NA,NA,NA,NA,NA,NA,NA,NA,3.34841760288696,197
"5829","Chignik Bay-Pink-Even","Pink-Even",1982,288378,2400,NA,NA,NA,NA,NA,NA,NA,NA,NA,NA,NA,NA,NA,NA,NA,NA,NA,NA,NA,NA,NA,NA,NA,NA,NA,NA,NA,NA,NA,NA,NA,4.78880338220684,197
"5830","Chignik Bay-Pink-Even","Pink-Even",1988,100528,22400,NA,NA,NA,NA,NA,NA,NA,NA,NA,NA,NA,NA,NA,NA,NA,NA,NA,NA,NA,NA,NA,NA,NA,NA,NA,NA,NA,NA,NA,NA,NA,1.5013753367996,197
"5831","Chignik Bay-Pink-Even","Pink-Even",1990,233905,6000,NA,NA,NA,NA,NA,NA,NA,NA,NA,NA,NA,NA,NA,NA,NA,NA,NA,NA,NA,NA,NA,NA,NA,NA,NA,NA,NA,NA,NA,NA,NA,3.66315558079029,197
"5832","Chignik Bay-Pink-Even","Pink-Even",1992,135225,55800,NA,NA,NA,NA,NA,NA,NA,NA,NA,NA,NA,NA,NA,NA,NA,NA,NA,NA,NA,NA,NA,NA,NA,NA,NA,NA,NA,NA,NA,NA,NA,0.885166188370225,197
"5833","Chignik Bay-Pink-Even","Pink-Even",1994,44904,75800,NA,NA,NA,NA,NA,NA,NA,NA,NA,NA,NA,NA,NA,NA,NA,NA,NA,NA,NA,NA,NA,NA,NA,NA,NA,NA,NA,NA,NA,NA,NA,-0.523571415008428,197
"5834","Chignik Bay-Pink-Even","Pink-Even",1996,50454,43100,NA,NA,NA,NA,NA,NA,NA,NA,NA,NA,NA,NA,NA,NA,NA,NA,NA,NA,NA,NA,NA,NA,NA,NA,NA,NA,NA,NA,NA,NA,NA,0.157539032969114,197
"5835","Chignik Bay-Pink-Even","Pink-Even",1998,55467,24400,NA,NA,NA,NA,NA,NA,NA,NA,NA,NA,NA,NA,NA,NA,NA,NA,NA,NA,NA,NA,NA,NA,NA,NA,NA,NA,NA,NA,NA,NA,NA,0.821205117017169,197
"5836","Chignik Bay-Pink-Even","Pink-Even",2000,27170,27400,NA,NA,NA,NA,NA,NA,NA,NA,NA,NA,NA,NA,NA,NA,NA,NA,NA,NA,NA,NA,NA,NA,NA,NA,NA,NA,NA,NA,NA,NA,NA,-0.00842958995576816,197
"5837","Chignik Bay-Pink-Even","Pink-Even",2002,29678,16917,NA,NA,NA,NA,NA,NA,NA,NA,NA,NA,NA,NA,NA,NA,NA,NA,NA,NA,NA,NA,NA,NA,NA,NA,NA,NA,NA,NA,NA,NA,NA,0.56208699709078,197
"5838","Chignik Bay-Pink-Even","Pink-Even",2004,89820,27300,NA,NA,NA,NA,NA,NA,NA,NA,NA,NA,NA,NA,NA,NA,NA,NA,NA,NA,NA,NA,NA,NA,NA,NA,NA,NA,NA,NA,NA,NA,NA,1.19092096546868,197
"5839","Chignik Bay-Pink-Even","Pink-Even",2006,302285,27401,NA,NA,NA,NA,NA,NA,NA,NA,NA,NA,NA,NA,NA,NA,NA,NA,NA,NA,NA,NA,NA,NA,NA,NA,NA,NA,NA,NA,NA,NA,NA,2.40079077189271,197
"5840","Chignik Bay-Pink-Even","Pink-Even",2008,38703,69841,NA,NA,NA,NA,NA,NA,NA,NA,NA,NA,NA,NA,NA,NA,NA,NA,NA,NA,NA,NA,NA,NA,NA,NA,NA,NA,NA,NA,NA,NA,NA,-0.590304113459883,197
"5841","Chignik Bay-Pink-Odd","Pink-Odd",1963,42500,20700,NA,NA,NA,NA,NA,NA,NA,NA,NA,NA,NA,NA,NA,NA,NA,NA,NA,NA,NA,NA,NA,NA,NA,NA,NA,NA,NA,NA,NA,NA,NA,0.719370375659048,198
"5842","Chignik Bay-Pink-Odd","Pink-Odd",1965,33100,11000,NA,NA,NA,NA,NA,NA,NA,NA,NA,NA,NA,NA,NA,NA,NA,NA,NA,NA,NA,NA,NA,NA,NA,NA,NA,NA,NA,NA,NA,NA,NA,1.10163800958465,198
"5843","Chignik Bay-Pink-Odd","Pink-Odd",1967,41200,5700,NA,NA,NA,NA,NA,NA,NA,NA,NA,NA,NA,NA,NA,NA,NA,NA,NA,NA,NA,NA,NA,NA,NA,NA,NA,NA,NA,NA,NA,NA,NA,1.97797208151498,198
"5844","Chignik Bay-Pink-Odd","Pink-Odd",1969,70800,11700,NA,NA,NA,NA,NA,NA,NA,NA,NA,NA,NA,NA,NA,NA,NA,NA,NA,NA,NA,NA,NA,NA,NA,NA,NA,NA,NA,NA,NA,NA,NA,1.80027015889596,198
"5845","Chignik Bay-Pink-Odd","Pink-Odd",1971,24900,5500,NA,NA,NA,NA,NA,NA,NA,NA,NA,NA,NA,NA,NA,NA,NA,NA,NA,NA,NA,NA,NA,NA,NA,NA,NA,NA,NA,NA,NA,NA,NA,1.51011971123224,198
"5846","Chignik Bay-Pink-Odd","Pink-Odd",1973,28600,2200,NA,NA,NA,NA,NA,NA,NA,NA,NA,NA,NA,NA,NA,NA,NA,NA,NA,NA,NA,NA,NA,NA,NA,NA,NA,NA,NA,NA,NA,NA,NA,2.56494935746154,198
"5847","Chignik Bay-Pink-Odd","Pink-Odd",1975,63900,1200,NA,NA,NA,NA,NA,NA,NA,NA,NA,NA,NA,NA,NA,NA,NA,NA,NA,NA,NA,NA,NA,NA,NA,NA,NA,NA,NA,NA,NA,NA,NA,3.97499780458953,198
"5848","Chignik Bay-Pink-Odd","Pink-Odd",1977,313600,3000,NA,NA,NA,NA,NA,NA,NA,NA,NA,NA,NA,NA,NA,NA,NA,NA,NA,NA,NA,NA,NA,NA,NA,NA,NA,NA,NA,NA,NA,NA,NA,4.64950599980814,198
"5849","Chignik Bay-Pink-Odd","Pink-Odd",1979,122780,1200,NA,NA,NA,NA,NA,NA,NA,NA,NA,NA,NA,NA,NA,NA,NA,NA,NA,NA,NA,NA,NA,NA,NA,NA,NA,NA,NA,NA,NA,NA,NA,4.6280725792054,198
"5850","Chignik Bay-Pink-Odd","Pink-Odd",1981,28284,1400,NA,NA,NA,NA,NA,NA,NA,NA,NA,NA,NA,NA,NA,NA,NA,NA,NA,NA,NA,NA,NA,NA,NA,NA,NA,NA,NA,NA,NA,NA,NA,3.00582403712078,198
"5851","Chignik Bay-Pink-Odd","Pink-Odd",1989,88363,13500,NA,NA,NA,NA,NA,NA,NA,NA,NA,NA,NA,NA,NA,NA,NA,NA,NA,NA,NA,NA,NA,NA,NA,NA,NA,NA,NA,NA,NA,NA,NA,1.87876364454566,198
"5852","Chignik Bay-Pink-Odd","Pink-Odd",1991,57909,12200,NA,NA,NA,NA,NA,NA,NA,NA,NA,NA,NA,NA,NA,NA,NA,NA,NA,NA,NA,NA,NA,NA,NA,NA,NA,NA,NA,NA,NA,NA,NA,1.55743686117464,198
"5853","Chignik Bay-Pink-Odd","Pink-Odd",1993,287439,2000,NA,NA,NA,NA,NA,NA,NA,NA,NA,NA,NA,NA,NA,NA,NA,NA,NA,NA,NA,NA,NA,NA,NA,NA,NA,NA,NA,NA,NA,NA,NA,4.96786348325235,198
"5854","Chignik Bay-Pink-Odd","Pink-Odd",1995,98861,180500,NA,NA,NA,NA,NA,NA,NA,NA,NA,NA,NA,NA,NA,NA,NA,NA,NA,NA,NA,NA,NA,NA,NA,NA,NA,NA,NA,NA,NA,NA,NA,-0.602015954630696,198
"5855","Chignik Bay-Pink-Odd","Pink-Odd",1997,96301,59400,NA,NA,NA,NA,NA,NA,NA,NA,NA,NA,NA,NA,NA,NA,NA,NA,NA,NA,NA,NA,NA,NA,NA,NA,NA,NA,NA,NA,NA,NA,NA,0.483184476597557,198
"5856","Chignik Bay-Pink-Odd","Pink-Odd",1999,94842,37300,NA,NA,NA,NA,NA,NA,NA,NA,NA,NA,NA,NA,NA,NA,NA,NA,NA,NA,NA,NA,NA,NA,NA,NA,NA,NA,NA,NA,NA,NA,NA,0.933219022473543,198
"5857","Chignik Bay-Pink-Odd","Pink-Odd",2001,199939,19700,NA,NA,NA,NA,NA,NA,NA,NA,NA,NA,NA,NA,NA,NA,NA,NA,NA,NA,NA,NA,NA,NA,NA,NA,NA,NA,NA,NA,NA,NA,NA,2.31739368428213,198
"5858","Chignik Bay-Pink-Odd","Pink-Odd",2003,231438,143897,NA,NA,NA,NA,NA,NA,NA,NA,NA,NA,NA,NA,NA,NA,NA,NA,NA,NA,NA,NA,NA,NA,NA,NA,NA,NA,NA,NA,NA,NA,NA,0.475214253216952,198
"5859","Chignik Bay-Pink-Odd","Pink-Odd",2005,250134,160000,NA,NA,NA,NA,NA,NA,NA,NA,NA,NA,NA,NA,NA,NA,NA,NA,NA,NA,NA,NA,NA,NA,NA,NA,NA,NA,NA,NA,NA,NA,NA,0.446822959031729,198
"5860","Chignik Bay-Pink-Odd","Pink-Odd",2007,106542,62464,NA,NA,NA,NA,NA,NA,NA,NA,NA,NA,NA,NA,NA,NA,NA,NA,NA,NA,NA,NA,NA,NA,NA,NA,NA,NA,NA,NA,NA,NA,NA,0.533948882814125,198
"5861","Chignik Bay-Pink-Odd","Pink-Odd",2009,63055,28973,NA,NA,NA,NA,NA,NA,NA,NA,NA,NA,NA,NA,NA,NA,NA,NA,NA,NA,NA,NA,NA,NA,NA,NA,NA,NA,NA,NA,NA,NA,NA,0.777642999585929,198
"5862","Central Chig-Pink-Even","Pink-Even",1962,203000,83900,NA,NA,NA,NA,NA,NA,NA,NA,NA,NA,NA,NA,NA,NA,NA,NA,NA,NA,NA,NA,NA,NA,NA,NA,NA,NA,NA,NA,NA,NA,NA,0.883580365568627,199
"5863","Central Chig-Pink-Even","Pink-Even",1964,80000,131100,NA,NA,NA,NA,NA,NA,NA,NA,NA,NA,NA,NA,NA,NA,NA,NA,NA,NA,NA,NA,NA,NA,NA,NA,NA,NA,NA,NA,NA,NA,NA,-0.493933756095773,199
"5864","Central Chig-Pink-Even","Pink-Even",1966,111500,62600,NA,NA,NA,NA,NA,NA,NA,NA,NA,NA,NA,NA,NA,NA,NA,NA,NA,NA,NA,NA,NA,NA,NA,NA,NA,NA,NA,NA,NA,NA,NA,0.577259312794121,199
"5865","Central Chig-Pink-Even","Pink-Even",1968,88600,66100,NA,NA,NA,NA,NA,NA,NA,NA,NA,NA,NA,NA,NA,NA,NA,NA,NA,NA,NA,NA,NA,NA,NA,NA,NA,NA,NA,NA,NA,NA,NA,0.292963110753395,199
"5866","Central Chig-Pink-Even","Pink-Even",1970,3900,60700,NA,NA,NA,NA,NA,NA,NA,NA,NA,NA,NA,NA,NA,NA,NA,NA,NA,NA,NA,NA,NA,NA,NA,NA,NA,NA,NA,NA,NA,NA,NA,-2.74496714492985,199
"5867","Central Chig-Pink-Even","Pink-Even",1972,31900,3100,NA,NA,NA,NA,NA,NA,NA,NA,NA,NA,NA,NA,NA,NA,NA,NA,NA,NA,NA,NA,NA,NA,NA,NA,NA,NA,NA,NA,NA,NA,NA,2.3312038982997,199
"5868","Central Chig-Pink-Even","Pink-Even",1974,82600,9800,NA,NA,NA,NA,NA,NA,NA,NA,NA,NA,NA,NA,NA,NA,NA,NA,NA,NA,NA,NA,NA,NA,NA,NA,NA,NA,NA,NA,NA,NA,NA,2.13162729485041,199
"5869","Central Chig-Pink-Even","Pink-Even",1976,162400,66000,NA,NA,NA,NA,NA,NA,NA,NA,NA,NA,NA,NA,NA,NA,NA,NA,NA,NA,NA,NA,NA,NA,NA,NA,NA,NA,NA,NA,NA,NA,NA,0.900407685701152,199
"5870","Central Chig-Pink-Even","Pink-Even",1978,208082,101200,NA,NA,NA,NA,NA,NA,NA,NA,NA,NA,NA,NA,NA,NA,NA,NA,NA,NA,NA,NA,NA,NA,NA,NA,NA,NA,NA,NA,NA,NA,NA,0.720833475928651,199
"5871","Central Chig-Pink-Even","Pink-Even",1980,106706,99400,NA,NA,NA,NA,NA,NA,NA,NA,NA,NA,NA,NA,NA,NA,NA,NA,NA,NA,NA,NA,NA,NA,NA,NA,NA,NA,NA,NA,NA,NA,NA,0.0709252754915621,199
"5872","Central Chig-Pink-Even","Pink-Even",1982,141250,26100,NA,NA,NA,NA,NA,NA,NA,NA,NA,NA,NA,NA,NA,NA,NA,NA,NA,NA,NA,NA,NA,NA,NA,NA,NA,NA,NA,NA,NA,NA,NA,1.6885960556979,199
"5873","Central Chig-Pink-Even","Pink-Even",1984,166027,94000,NA,NA,NA,NA,NA,NA,NA,NA,NA,NA,NA,NA,NA,NA,NA,NA,NA,NA,NA,NA,NA,NA,NA,NA,NA,NA,NA,NA,NA,NA,NA,0.568855643462774,199
"5874","Central Chig-Pink-Even","Pink-Even",1986,534770,121900,NA,NA,NA,NA,NA,NA,NA,NA,NA,NA,NA,NA,NA,NA,NA,NA,NA,NA,NA,NA,NA,NA,NA,NA,NA,NA,NA,NA,NA,NA,NA,1.47863571143041,199
"5875","Central Chig-Pink-Even","Pink-Even",1988,365577,216400,NA,NA,NA,NA,NA,NA,NA,NA,NA,NA,NA,NA,NA,NA,NA,NA,NA,NA,NA,NA,NA,NA,NA,NA,NA,NA,NA,NA,NA,NA,NA,0.52434838034427,199
"5876","Central Chig-Pink-Even","Pink-Even",1990,429550,131900,NA,NA,NA,NA,NA,NA,NA,NA,NA,NA,NA,NA,NA,NA,NA,NA,NA,NA,NA,NA,NA,NA,NA,NA,NA,NA,NA,NA,NA,NA,NA,1.1806940893608,199
"5877","Central Chig-Pink-Even","Pink-Even",1992,278049,223800,NA,NA,NA,NA,NA,NA,NA,NA,NA,NA,NA,NA,NA,NA,NA,NA,NA,NA,NA,NA,NA,NA,NA,NA,NA,NA,NA,NA,NA,NA,NA,0.217044561273827,199
"5878","Central Chig-Pink-Even","Pink-Even",1994,257817,178900,NA,NA,NA,NA,NA,NA,NA,NA,NA,NA,NA,NA,NA,NA,NA,NA,NA,NA,NA,NA,NA,NA,NA,NA,NA,NA,NA,NA,NA,NA,NA,0.365423040407452,199
"5879","Central Chig-Pink-Even","Pink-Even",1996,444632,237100,NA,NA,NA,NA,NA,NA,NA,NA,NA,NA,NA,NA,NA,NA,NA,NA,NA,NA,NA,NA,NA,NA,NA,NA,NA,NA,NA,NA,NA,NA,NA,0.628764980677491,199
"5880","Central Chig-Pink-Even","Pink-Even",1998,417517,210900,NA,NA,NA,NA,NA,NA,NA,NA,NA,NA,NA,NA,NA,NA,NA,NA,NA,NA,NA,NA,NA,NA,NA,NA,NA,NA,NA,NA,NA,NA,NA,0.682941174540077,199
"5881","Central Chig-Pink-Even","Pink-Even",2000,103335,146100,NA,NA,NA,NA,NA,NA,NA,NA,NA,NA,NA,NA,NA,NA,NA,NA,NA,NA,NA,NA,NA,NA,NA,NA,NA,NA,NA,NA,NA,NA,NA,-0.346315181043385,199
"5882","Central Chig-Pink-Even","Pink-Even",2002,257002,85755,NA,NA,NA,NA,NA,NA,NA,NA,NA,NA,NA,NA,NA,NA,NA,NA,NA,NA,NA,NA,NA,NA,NA,NA,NA,NA,NA,NA,NA,NA,NA,1.09758947358206,199
"5883","Central Chig-Pink-Even","Pink-Even",2004,115901,257000,NA,NA,NA,NA,NA,NA,NA,NA,NA,NA,NA,NA,NA,NA,NA,NA,NA,NA,NA,NA,NA,NA,NA,NA,NA,NA,NA,NA,NA,NA,NA,-0.79633970645904,199
"5884","Central Chig-Pink-Even","Pink-Even",2006,486948,36175,NA,NA,NA,NA,NA,NA,NA,NA,NA,NA,NA,NA,NA,NA,NA,NA,NA,NA,NA,NA,NA,NA,NA,NA,NA,NA,NA,NA,NA,NA,NA,2.59978906868336,199
"5885","Central Chig-Pink-Even","Pink-Even",2008,235658,117650,NA,NA,NA,NA,NA,NA,NA,NA,NA,NA,NA,NA,NA,NA,NA,NA,NA,NA,NA,NA,NA,NA,NA,NA,NA,NA,NA,NA,NA,NA,NA,0.694667486272789,199
"5886","Central Chig-Pink-Odd","Pink-Odd",1963,135300,92600,NA,NA,NA,NA,NA,NA,NA,NA,NA,NA,NA,NA,NA,NA,NA,NA,NA,NA,NA,NA,NA,NA,NA,NA,NA,NA,NA,NA,NA,NA,NA,0.379205393524609,200
"5887","Central Chig-Pink-Odd","Pink-Odd",1965,44500,65800,NA,NA,NA,NA,NA,NA,NA,NA,NA,NA,NA,NA,NA,NA,NA,NA,NA,NA,NA,NA,NA,NA,NA,NA,NA,NA,NA,NA,NA,NA,NA,-0.391130649159077,200
"5888","Central Chig-Pink-Odd","Pink-Odd",1967,71000,18500,NA,NA,NA,NA,NA,NA,NA,NA,NA,NA,NA,NA,NA,NA,NA,NA,NA,NA,NA,NA,NA,NA,NA,NA,NA,NA,NA,NA,NA,NA,NA,1.34490914495704,200
"5889","Central Chig-Pink-Odd","Pink-Odd",1969,95300,69600,NA,NA,NA,NA,NA,NA,NA,NA,NA,NA,NA,NA,NA,NA,NA,NA,NA,NA,NA,NA,NA,NA,NA,NA,NA,NA,NA,NA,NA,NA,NA,0.314265243319782,200
"5890","Central Chig-Pink-Odd","Pink-Odd",1971,50500,74800,NA,NA,NA,NA,NA,NA,NA,NA,NA,NA,NA,NA,NA,NA,NA,NA,NA,NA,NA,NA,NA,NA,NA,NA,NA,NA,NA,NA,NA,NA,NA,-0.392844548699117,200
"5891","Central Chig-Pink-Odd","Pink-Odd",1973,57700,50200,NA,NA,NA,NA,NA,NA,NA,NA,NA,NA,NA,NA,NA,NA,NA,NA,NA,NA,NA,NA,NA,NA,NA,NA,NA,NA,NA,NA,NA,NA,NA,0.13924214681637,200
"5892","Central Chig-Pink-Odd","Pink-Odd",1975,319900,26400,NA,NA,NA,NA,NA,NA,NA,NA,NA,NA,NA,NA,NA,NA,NA,NA,NA,NA,NA,NA,NA,NA,NA,NA,NA,NA,NA,NA,NA,NA,NA,2.4946444368032,200
"5893","Central Chig-Pink-Odd","Pink-Odd",1977,581400,199900,NA,NA,NA,NA,NA,NA,NA,NA,NA,NA,NA,NA,NA,NA,NA,NA,NA,NA,NA,NA,NA,NA,NA,NA,NA,NA,NA,NA,NA,NA,NA,1.06762174661842,200
"5894","Central Chig-Pink-Odd","Pink-Odd",1979,286523,297000,NA,NA,NA,NA,NA,NA,NA,NA,NA,NA,NA,NA,NA,NA,NA,NA,NA,NA,NA,NA,NA,NA,NA,NA,NA,NA,NA,NA,NA,NA,NA,-0.0359133266379987,200
"5895","Central Chig-Pink-Odd","Pink-Odd",1981,18861,76500,NA,NA,NA,NA,NA,NA,NA,NA,NA,NA,NA,NA,NA,NA,NA,NA,NA,NA,NA,NA,NA,NA,NA,NA,NA,NA,NA,NA,NA,NA,NA,-1.40019444276346,200
"5896","Central Chig-Pink-Odd","Pink-Odd",1983,23487,11000,NA,NA,NA,NA,NA,NA,NA,NA,NA,NA,NA,NA,NA,NA,NA,NA,NA,NA,NA,NA,NA,NA,NA,NA,NA,NA,NA,NA,NA,NA,NA,0.758551803795516,200
"5897","Central Chig-Pink-Odd","Pink-Odd",1985,73469,7400,NA,NA,NA,NA,NA,NA,NA,NA,NA,NA,NA,NA,NA,NA,NA,NA,NA,NA,NA,NA,NA,NA,NA,NA,NA,NA,NA,NA,NA,NA,NA,2.29538354833175,200
"5898","Central Chig-Pink-Odd","Pink-Odd",1987,215021,65700,NA,NA,NA,NA,NA,NA,NA,NA,NA,NA,NA,NA,NA,NA,NA,NA,NA,NA,NA,NA,NA,NA,NA,NA,NA,NA,NA,NA,NA,NA,NA,1.18563677228587,200
"5899","Central Chig-Pink-Odd","Pink-Odd",1989,375067,215000,NA,NA,NA,NA,NA,NA,NA,NA,NA,NA,NA,NA,NA,NA,NA,NA,NA,NA,NA,NA,NA,NA,NA,NA,NA,NA,NA,NA,NA,NA,NA,0.556466648550427,200
"5900","Central Chig-Pink-Odd","Pink-Odd",1991,365937,201100,NA,NA,NA,NA,NA,NA,NA,NA,NA,NA,NA,NA,NA,NA,NA,NA,NA,NA,NA,NA,NA,NA,NA,NA,NA,NA,NA,NA,NA,NA,NA,0.598658890658953,200
"5901","Central Chig-Pink-Odd","Pink-Odd",1993,1185245,160900,NA,NA,NA,NA,NA,NA,NA,NA,NA,NA,NA,NA,NA,NA,NA,NA,NA,NA,NA,NA,NA,NA,NA,NA,NA,NA,NA,NA,NA,NA,NA,1.99692172925569,200
"5902","Central Chig-Pink-Odd","Pink-Odd",1995,1198175,715500,NA,NA,NA,NA,NA,NA,NA,NA,NA,NA,NA,NA,NA,NA,NA,NA,NA,NA,NA,NA,NA,NA,NA,NA,NA,NA,NA,NA,NA,NA,NA,0.515573245805371,200
"5903","Central Chig-Pink-Odd","Pink-Odd",1997,1038508,594600,NA,NA,NA,NA,NA,NA,NA,NA,NA,NA,NA,NA,NA,NA,NA,NA,NA,NA,NA,NA,NA,NA,NA,NA,NA,NA,NA,NA,NA,NA,NA,0.557651436140891,200
"5904","Central Chig-Pink-Odd","Pink-Odd",1999,1101838,374300,NA,NA,NA,NA,NA,NA,NA,NA,NA,NA,NA,NA,NA,NA,NA,NA,NA,NA,NA,NA,NA,NA,NA,NA,NA,NA,NA,NA,NA,NA,NA,1.07967735855147,200
"5905","Central Chig-Pink-Odd","Pink-Odd",2001,665246,460400,NA,NA,NA,NA,NA,NA,NA,NA,NA,NA,NA,NA,NA,NA,NA,NA,NA,NA,NA,NA,NA,NA,NA,NA,NA,NA,NA,NA,NA,NA,NA,0.368061220214843,200
"5906","Central Chig-Pink-Odd","Pink-Odd",2003,572891,576510,NA,NA,NA,NA,NA,NA,NA,NA,NA,NA,NA,NA,NA,NA,NA,NA,NA,NA,NA,NA,NA,NA,NA,NA,NA,NA,NA,NA,NA,NA,NA,-0.00629721386922368,200
"5907","Central Chig-Pink-Odd","Pink-Odd",2005,904721,473400,NA,NA,NA,NA,NA,NA,NA,NA,NA,NA,NA,NA,NA,NA,NA,NA,NA,NA,NA,NA,NA,NA,NA,NA,NA,NA,NA,NA,NA,NA,NA,0.647685911796928,200
"5908","Central Chig-Pink-Odd","Pink-Odd",2007,447785,291800,NA,NA,NA,NA,NA,NA,NA,NA,NA,NA,NA,NA,NA,NA,NA,NA,NA,NA,NA,NA,NA,NA,NA,NA,NA,NA,NA,NA,NA,NA,NA,0.428244570418011,200
"5909","Central Chig-Pink-Odd","Pink-Odd",2009,448807,130700,NA,NA,NA,NA,NA,NA,NA,NA,NA,NA,NA,NA,NA,NA,NA,NA,NA,NA,NA,NA,NA,NA,NA,NA,NA,NA,NA,NA,NA,NA,NA,1.23368833060463,200
"5910","E Chig-Pink-Even","Pink-Even",1962,1857200,401700,NA,NA,NA,NA,NA,NA,NA,NA,NA,NA,NA,NA,NA,NA,NA,NA,NA,NA,NA,NA,NA,NA,NA,NA,NA,NA,NA,NA,NA,NA,NA,1.53111971478053,201
"5911","E Chig-Pink-Even","Pink-Even",1964,688400,605700,NA,NA,NA,NA,NA,NA,NA,NA,NA,NA,NA,NA,NA,NA,NA,NA,NA,NA,NA,NA,NA,NA,NA,NA,NA,NA,NA,NA,NA,NA,NA,0.127985250350483,201
"5912","E Chig-Pink-Even","Pink-Even",1966,913700,302200,NA,NA,NA,NA,NA,NA,NA,NA,NA,NA,NA,NA,NA,NA,NA,NA,NA,NA,NA,NA,NA,NA,NA,NA,NA,NA,NA,NA,NA,NA,NA,1.10641324016594,201
"5913","E Chig-Pink-Even","Pink-Even",1968,470600,390300,NA,NA,NA,NA,NA,NA,NA,NA,NA,NA,NA,NA,NA,NA,NA,NA,NA,NA,NA,NA,NA,NA,NA,NA,NA,NA,NA,NA,NA,NA,NA,0.187092802106693,201
"5914","E Chig-Pink-Even","Pink-Even",1970,28800,201700,NA,NA,NA,NA,NA,NA,NA,NA,NA,NA,NA,NA,NA,NA,NA,NA,NA,NA,NA,NA,NA,NA,NA,NA,NA,NA,NA,NA,NA,NA,NA,-1.94640605781827,201
"5915","E Chig-Pink-Even","Pink-Even",1972,76800,15900,NA,NA,NA,NA,NA,NA,NA,NA,NA,NA,NA,NA,NA,NA,NA,NA,NA,NA,NA,NA,NA,NA,NA,NA,NA,NA,NA,NA,NA,NA,NA,1.57488553092744,201
"5916","E Chig-Pink-Even","Pink-Even",1974,257600,76200,NA,NA,NA,NA,NA,NA,NA,NA,NA,NA,NA,NA,NA,NA,NA,NA,NA,NA,NA,NA,NA,NA,NA,NA,NA,NA,NA,NA,NA,NA,NA,1.2180465315376,201
"5917","E Chig-Pink-Even","Pink-Even",1976,396100,228800,NA,NA,NA,NA,NA,NA,NA,NA,NA,NA,NA,NA,NA,NA,NA,NA,NA,NA,NA,NA,NA,NA,NA,NA,NA,NA,NA,NA,NA,NA,NA,0.548818445122228,201
"5918","E Chig-Pink-Even","Pink-Even",1978,898010,309300,NA,NA,NA,NA,NA,NA,NA,NA,NA,NA,NA,NA,NA,NA,NA,NA,NA,NA,NA,NA,NA,NA,NA,NA,NA,NA,NA,NA,NA,NA,NA,1.06586952440663,201
"5919","E Chig-Pink-Even","Pink-Even",1980,390574,425500,NA,NA,NA,NA,NA,NA,NA,NA,NA,NA,NA,NA,NA,NA,NA,NA,NA,NA,NA,NA,NA,NA,NA,NA,NA,NA,NA,NA,NA,NA,NA,-0.0856474960464616,201
"5920","E Chig-Pink-Even","Pink-Even",1982,544215,301500,NA,NA,NA,NA,NA,NA,NA,NA,NA,NA,NA,NA,NA,NA,NA,NA,NA,NA,NA,NA,NA,NA,NA,NA,NA,NA,NA,NA,NA,NA,NA,0.590574373197853,201
"5921","E Chig-Pink-Even","Pink-Even",1984,630335,486500,NA,NA,NA,NA,NA,NA,NA,NA,NA,NA,NA,NA,NA,NA,NA,NA,NA,NA,NA,NA,NA,NA,NA,NA,NA,NA,NA,NA,NA,NA,NA,0.259014522464441,201
"5922","E Chig-Pink-Even","Pink-Even",1986,2011766,580700,NA,NA,NA,NA,NA,NA,NA,NA,NA,NA,NA,NA,NA,NA,NA,NA,NA,NA,NA,NA,NA,NA,NA,NA,NA,NA,NA,NA,NA,NA,NA,1.24253394989112,201
"5923","E Chig-Pink-Even","Pink-Even",1988,851974,1005400,NA,NA,NA,NA,NA,NA,NA,NA,NA,NA,NA,NA,NA,NA,NA,NA,NA,NA,NA,NA,NA,NA,NA,NA,NA,NA,NA,NA,NA,NA,NA,-0.16558474132672,201
"5924","E Chig-Pink-Even","Pink-Even",1990,1501219,811400,NA,NA,NA,NA,NA,NA,NA,NA,NA,NA,NA,NA,NA,NA,NA,NA,NA,NA,NA,NA,NA,NA,NA,NA,NA,NA,NA,NA,NA,NA,NA,0.615271572949859,201
"5925","E Chig-Pink-Even","Pink-Even",1992,876252,1318100,NA,NA,NA,NA,NA,NA,NA,NA,NA,NA,NA,NA,NA,NA,NA,NA,NA,NA,NA,NA,NA,NA,NA,NA,NA,NA,NA,NA,NA,NA,NA,-0.408292863918587,201
"5926","E Chig-Pink-Even","Pink-Even",1994,1066801,863300,NA,NA,NA,NA,NA,NA,NA,NA,NA,NA,NA,NA,NA,NA,NA,NA,NA,NA,NA,NA,NA,NA,NA,NA,NA,NA,NA,NA,NA,NA,NA,0.21165747444877,201
"5927","E Chig-Pink-Even","Pink-Even",1996,1339925,1059600,NA,NA,NA,NA,NA,NA,NA,NA,NA,NA,NA,NA,NA,NA,NA,NA,NA,NA,NA,NA,NA,NA,NA,NA,NA,NA,NA,NA,NA,NA,NA,0.234722163831401,201
"5928","E Chig-Pink-Even","Pink-Even",1998,821200,1273200,NA,NA,NA,NA,NA,NA,NA,NA,NA,NA,NA,NA,NA,NA,NA,NA,NA,NA,NA,NA,NA,NA,NA,NA,NA,NA,NA,NA,NA,NA,NA,-0.438522010263159,201
"5929","E Chig-Pink-Even","Pink-Even",2000,777710,810700,NA,NA,NA,NA,NA,NA,NA,NA,NA,NA,NA,NA,NA,NA,NA,NA,NA,NA,NA,NA,NA,NA,NA,NA,NA,NA,NA,NA,NA,NA,NA,-0.0415443679467327,201
"5930","E Chig-Pink-Even","Pink-Even",2002,601900,777710,NA,NA,NA,NA,NA,NA,NA,NA,NA,NA,NA,NA,NA,NA,NA,NA,NA,NA,NA,NA,NA,NA,NA,NA,NA,NA,NA,NA,NA,NA,NA,-0.256262385493204,201
"5931","E Chig-Pink-Even","Pink-Even",2004,275415,601900,NA,NA,NA,NA,NA,NA,NA,NA,NA,NA,NA,NA,NA,NA,NA,NA,NA,NA,NA,NA,NA,NA,NA,NA,NA,NA,NA,NA,NA,NA,NA,-0.781812267511465,201
"5932","E Chig-Pink-Even","Pink-Even",2006,819400,195950,NA,NA,NA,NA,NA,NA,NA,NA,NA,NA,NA,NA,NA,NA,NA,NA,NA,NA,NA,NA,NA,NA,NA,NA,NA,NA,NA,NA,NA,NA,NA,1.43071284046713,201
"5933","E Chig-Pink-Even","Pink-Even",2008,271764,402880,NA,NA,NA,NA,NA,NA,NA,NA,NA,NA,NA,NA,NA,NA,NA,NA,NA,NA,NA,NA,NA,NA,NA,NA,NA,NA,NA,NA,NA,NA,NA,-0.393704708242385,201
"5934","E Chig-Pink-Odd","Pink-Odd",1963,90500,126200,NA,NA,NA,NA,NA,NA,NA,NA,NA,NA,NA,NA,NA,NA,NA,NA,NA,NA,NA,NA,NA,NA,NA,NA,NA,NA,NA,NA,NA,NA,NA,-0.332518099401232,202
"5935","E Chig-Pink-Odd","Pink-Odd",1965,78700,64800,NA,NA,NA,NA,NA,NA,NA,NA,NA,NA,NA,NA,NA,NA,NA,NA,NA,NA,NA,NA,NA,NA,NA,NA,NA,NA,NA,NA,NA,NA,NA,0.194337552065128,202
"5936","E Chig-Pink-Odd","Pink-Odd",1967,47700,56100,NA,NA,NA,NA,NA,NA,NA,NA,NA,NA,NA,NA,NA,NA,NA,NA,NA,NA,NA,NA,NA,NA,NA,NA,NA,NA,NA,NA,NA,NA,NA,-0.162204414634355,202
"5937","E Chig-Pink-Odd","Pink-Odd",1969,52000,46000,NA,NA,NA,NA,NA,NA,NA,NA,NA,NA,NA,NA,NA,NA,NA,NA,NA,NA,NA,NA,NA,NA,NA,NA,NA,NA,NA,NA,NA,NA,NA,0.122602322092332,202
"5938","E Chig-Pink-Odd","Pink-Odd",1971,15300,23000,NA,NA,NA,NA,NA,NA,NA,NA,NA,NA,NA,NA,NA,NA,NA,NA,NA,NA,NA,NA,NA,NA,NA,NA,NA,NA,NA,NA,NA,NA,NA,-0.40764138753076,202
"5939","E Chig-Pink-Odd","Pink-Odd",1973,23500,12800,NA,NA,NA,NA,NA,NA,NA,NA,NA,NA,NA,NA,NA,NA,NA,NA,NA,NA,NA,NA,NA,NA,NA,NA,NA,NA,NA,NA,NA,NA,NA,0.607555250224542,202
"5940","E Chig-Pink-Odd","Pink-Odd",1975,76200,23500,NA,NA,NA,NA,NA,NA,NA,NA,NA,NA,NA,NA,NA,NA,NA,NA,NA,NA,NA,NA,NA,NA,NA,NA,NA,NA,NA,NA,NA,NA,NA,1.17636104154249,202
"5941","E Chig-Pink-Odd","Pink-Odd",1977,486700,76000,NA,NA,NA,NA,NA,NA,NA,NA,NA,NA,NA,NA,NA,NA,NA,NA,NA,NA,NA,NA,NA,NA,NA,NA,NA,NA,NA,NA,NA,NA,NA,1.85691457655308,202
"5942","E Chig-Pink-Odd","Pink-Odd",1979,327993,194300,NA,NA,NA,NA,NA,NA,NA,NA,NA,NA,NA,NA,NA,NA,NA,NA,NA,NA,NA,NA,NA,NA,NA,NA,NA,NA,NA,NA,NA,NA,NA,0.523588910309602,202
"5943","E Chig-Pink-Odd","Pink-Odd",1981,54117,154700,NA,NA,NA,NA,NA,NA,NA,NA,NA,NA,NA,NA,NA,NA,NA,NA,NA,NA,NA,NA,NA,NA,NA,NA,NA,NA,NA,NA,NA,NA,NA,-1.05033938818537,202
"5944","E Chig-Pink-Odd","Pink-Odd",1983,218670,46300,NA,NA,NA,NA,NA,NA,NA,NA,NA,NA,NA,NA,NA,NA,NA,NA,NA,NA,NA,NA,NA,NA,NA,NA,NA,NA,NA,NA,NA,NA,NA,1.55242178297004,202
"5945","E Chig-Pink-Odd","Pink-Odd",1985,217679,212100,NA,NA,NA,NA,NA,NA,NA,NA,NA,NA,NA,NA,NA,NA,NA,NA,NA,NA,NA,NA,NA,NA,NA,NA,NA,NA,NA,NA,NA,NA,NA,0.0259636389945005,202
"5946","E Chig-Pink-Odd","Pink-Odd",1987,881000,215600,NA,NA,NA,NA,NA,NA,NA,NA,NA,NA,NA,NA,NA,NA,NA,NA,NA,NA,NA,NA,NA,NA,NA,NA,NA,NA,NA,NA,NA,NA,NA,1.40763278690134,202
"5947","E Chig-Pink-Odd","Pink-Odd",1989,152979,881000,NA,NA,NA,NA,NA,NA,NA,NA,NA,NA,NA,NA,NA,NA,NA,NA,NA,NA,NA,NA,NA,NA,NA,NA,NA,NA,NA,NA,NA,NA,NA,-1.75075696886602,202
"5948","E Chig-Pink-Odd","Pink-Odd",1991,577455,125000,NA,NA,NA,NA,NA,NA,NA,NA,NA,NA,NA,NA,NA,NA,NA,NA,NA,NA,NA,NA,NA,NA,NA,NA,NA,NA,NA,NA,NA,NA,NA,1.53031677997964,202
"5949","E Chig-Pink-Odd","Pink-Odd",1993,1407872,524700,NA,NA,NA,NA,NA,NA,NA,NA,NA,NA,NA,NA,NA,NA,NA,NA,NA,NA,NA,NA,NA,NA,NA,NA,NA,NA,NA,NA,NA,NA,NA,0.987007952801931,202
"5950","E Chig-Pink-Odd","Pink-Odd",1995,1360047,1399300,NA,NA,NA,NA,NA,NA,NA,NA,NA,NA,NA,NA,NA,NA,NA,NA,NA,NA,NA,NA,NA,NA,NA,NA,NA,NA,NA,NA,NA,NA,NA,-0.0284528536051829,202
"5951","E Chig-Pink-Odd","Pink-Odd",1997,655671,1287700,NA,NA,NA,NA,NA,NA,NA,NA,NA,NA,NA,NA,NA,NA,NA,NA,NA,NA,NA,NA,NA,NA,NA,NA,NA,NA,NA,NA,NA,NA,NA,-0.674953821531315,202
"5952","E Chig-Pink-Odd","Pink-Odd",1999,1567638,615100,NA,NA,NA,NA,NA,NA,NA,NA,NA,NA,NA,NA,NA,NA,NA,NA,NA,NA,NA,NA,NA,NA,NA,NA,NA,NA,NA,NA,NA,NA,NA,0.935540450695123,202
"5953","E Chig-Pink-Odd","Pink-Odd",2001,1408327,1470200,NA,NA,NA,NA,NA,NA,NA,NA,NA,NA,NA,NA,NA,NA,NA,NA,NA,NA,NA,NA,NA,NA,NA,NA,NA,NA,NA,NA,NA,NA,NA,-0.0429959708683546,202
"5954","E Chig-Pink-Odd","Pink-Odd",2003,512371,1408060,NA,NA,NA,NA,NA,NA,NA,NA,NA,NA,NA,NA,NA,NA,NA,NA,NA,NA,NA,NA,NA,NA,NA,NA,NA,NA,NA,NA,NA,NA,NA,-1.01091917743453,202
"5955","E Chig-Pink-Odd","Pink-Odd",2005,609179,512350,NA,NA,NA,NA,NA,NA,NA,NA,NA,NA,NA,NA,NA,NA,NA,NA,NA,NA,NA,NA,NA,NA,NA,NA,NA,NA,NA,NA,NA,NA,NA,0.173104163743175,202
"5956","E Chig-Pink-Odd","Pink-Odd",2007,738631,565800,NA,NA,NA,NA,NA,NA,NA,NA,NA,NA,NA,NA,NA,NA,NA,NA,NA,NA,NA,NA,NA,NA,NA,NA,NA,NA,NA,NA,NA,NA,NA,0.266557813967274,202
"5957","E Chig-Pink-Odd","Pink-Odd",2009,558288,462840,NA,NA,NA,NA,NA,NA,NA,NA,NA,NA,NA,NA,NA,NA,NA,NA,NA,NA,NA,NA,NA,NA,NA,NA,NA,NA,NA,NA,NA,NA,NA,0.187493536256656,202
"5958","W Chig-Pink-Even","Pink-Even",1962,277900,242000,NA,NA,NA,NA,NA,NA,NA,NA,NA,NA,NA,NA,NA,NA,NA,NA,NA,NA,NA,NA,NA,NA,NA,NA,NA,NA,NA,NA,NA,NA,NA,0.138323610591772,203
"5959","W Chig-Pink-Even","Pink-Even",1964,352500,165000,NA,NA,NA,NA,NA,NA,NA,NA,NA,NA,NA,NA,NA,NA,NA,NA,NA,NA,NA,NA,NA,NA,NA,NA,NA,NA,NA,NA,NA,NA,NA,0.759105148351743,203
"5960","W Chig-Pink-Even","Pink-Even",1966,446900,179300,NA,NA,NA,NA,NA,NA,NA,NA,NA,NA,NA,NA,NA,NA,NA,NA,NA,NA,NA,NA,NA,NA,NA,NA,NA,NA,NA,NA,NA,NA,NA,0.913274475328319,203
"5961","W Chig-Pink-Even","Pink-Even",1968,644700,151300,NA,NA,NA,NA,NA,NA,NA,NA,NA,NA,NA,NA,NA,NA,NA,NA,NA,NA,NA,NA,NA,NA,NA,NA,NA,NA,NA,NA,NA,NA,NA,1.44952047152226,203
"5962","W Chig-Pink-Even","Pink-Even",1970,23500,202000,NA,NA,NA,NA,NA,NA,NA,NA,NA,NA,NA,NA,NA,NA,NA,NA,NA,NA,NA,NA,NA,NA,NA,NA,NA,NA,NA,NA,NA,NA,NA,-2.15126727625109,203
"5963","W Chig-Pink-Even","Pink-Even",1972,90800,8600,NA,NA,NA,NA,NA,NA,NA,NA,NA,NA,NA,NA,NA,NA,NA,NA,NA,NA,NA,NA,NA,NA,NA,NA,NA,NA,NA,NA,NA,NA,NA,2.35689708234779,203
"5964","W Chig-Pink-Even","Pink-Even",1974,250000,77400,NA,NA,NA,NA,NA,NA,NA,NA,NA,NA,NA,NA,NA,NA,NA,NA,NA,NA,NA,NA,NA,NA,NA,NA,NA,NA,NA,NA,NA,NA,NA,1.17247413726657,203
"5965","W Chig-Pink-Even","Pink-Even",1976,752700,114200,NA,NA,NA,NA,NA,NA,NA,NA,NA,NA,NA,NA,NA,NA,NA,NA,NA,NA,NA,NA,NA,NA,NA,NA,NA,NA,NA,NA,NA,NA,NA,1.88571544481858,203
"5966","W Chig-Pink-Even","Pink-Even",1978,355960,333400,NA,NA,NA,NA,NA,NA,NA,NA,NA,NA,NA,NA,NA,NA,NA,NA,NA,NA,NA,NA,NA,NA,NA,NA,NA,NA,NA,NA,NA,NA,NA,0.0654753946719678,203
"5967","W Chig-Pink-Even","Pink-Even",1980,648308,139500,NA,NA,NA,NA,NA,NA,NA,NA,NA,NA,NA,NA,NA,NA,NA,NA,NA,NA,NA,NA,NA,NA,NA,NA,NA,NA,NA,NA,NA,NA,NA,1.53630129080946,203
"5968","W Chig-Pink-Even","Pink-Even",1982,361820,45900,NA,NA,NA,NA,NA,NA,NA,NA,NA,NA,NA,NA,NA,NA,NA,NA,NA,NA,NA,NA,NA,NA,NA,NA,NA,NA,NA,NA,NA,NA,NA,2.06468173352662,203
"5969","W Chig-Pink-Even","Pink-Even",1984,244593,188000,NA,NA,NA,NA,NA,NA,NA,NA,NA,NA,NA,NA,NA,NA,NA,NA,NA,NA,NA,NA,NA,NA,NA,NA,NA,NA,NA,NA,NA,NA,NA,0.263153641861531,203
"5970","W Chig-Pink-Even","Pink-Even",1986,1373782,43800,NA,NA,NA,NA,NA,NA,NA,NA,NA,NA,NA,NA,NA,NA,NA,NA,NA,NA,NA,NA,NA,NA,NA,NA,NA,NA,NA,NA,NA,NA,NA,3.44568898196768,203
"5971","W Chig-Pink-Even","Pink-Even",1988,180110,232400,NA,NA,NA,NA,NA,NA,NA,NA,NA,NA,NA,NA,NA,NA,NA,NA,NA,NA,NA,NA,NA,NA,NA,NA,NA,NA,NA,NA,NA,NA,NA,-0.25489224962879,203
"5972","W Chig-Pink-Even","Pink-Even",1990,667700,44300,NA,NA,NA,NA,NA,NA,NA,NA,NA,NA,NA,NA,NA,NA,NA,NA,NA,NA,NA,NA,NA,NA,NA,NA,NA,NA,NA,NA,NA,NA,NA,2.71285429381273,203
"5973","W Chig-Pink-Even","Pink-Even",1992,286241,38800,NA,NA,NA,NA,NA,NA,NA,NA,NA,NA,NA,NA,NA,NA,NA,NA,NA,NA,NA,NA,NA,NA,NA,NA,NA,NA,NA,NA,NA,NA,NA,1.99841386669691,203
"5974","W Chig-Pink-Even","Pink-Even",1994,321671,111600,NA,NA,NA,NA,NA,NA,NA,NA,NA,NA,NA,NA,NA,NA,NA,NA,NA,NA,NA,NA,NA,NA,NA,NA,NA,NA,NA,NA,NA,NA,NA,1.05860823413552,203
"5975","W Chig-Pink-Even","Pink-Even",1996,493587,220800,NA,NA,NA,NA,NA,NA,NA,NA,NA,NA,NA,NA,NA,NA,NA,NA,NA,NA,NA,NA,NA,NA,NA,NA,NA,NA,NA,NA,NA,NA,NA,0.804441820726337,203
"5976","W Chig-Pink-Even","Pink-Even",1998,236247,150400,NA,NA,NA,NA,NA,NA,NA,NA,NA,NA,NA,NA,NA,NA,NA,NA,NA,NA,NA,NA,NA,NA,NA,NA,NA,NA,NA,NA,NA,NA,NA,0.451579456364789,203
"5977","W Chig-Pink-Even","Pink-Even",2000,122419,130100,NA,NA,NA,NA,NA,NA,NA,NA,NA,NA,NA,NA,NA,NA,NA,NA,NA,NA,NA,NA,NA,NA,NA,NA,NA,NA,NA,NA,NA,NA,NA,-0.060853798728801,203
"5978","W Chig-Pink-Even","Pink-Even",2002,94340,85501,NA,NA,NA,NA,NA,NA,NA,NA,NA,NA,NA,NA,NA,NA,NA,NA,NA,NA,NA,NA,NA,NA,NA,NA,NA,NA,NA,NA,NA,NA,NA,0.0983772060753649,203
"5979","W Chig-Pink-Even","Pink-Even",2004,193764,94340,NA,NA,NA,NA,NA,NA,NA,NA,NA,NA,NA,NA,NA,NA,NA,NA,NA,NA,NA,NA,NA,NA,NA,NA,NA,NA,NA,NA,NA,NA,NA,0.719735645831369,203
"5980","W Chig-Pink-Even","Pink-Even",2006,1161942,31800,NA,NA,NA,NA,NA,NA,NA,NA,NA,NA,NA,NA,NA,NA,NA,NA,NA,NA,NA,NA,NA,NA,NA,NA,NA,NA,NA,NA,NA,NA,NA,3.5983817324385,203
"5981","W Chig-Pink-Even","Pink-Even",2008,247716,99460,NA,NA,NA,NA,NA,NA,NA,NA,NA,NA,NA,NA,NA,NA,NA,NA,NA,NA,NA,NA,NA,NA,NA,NA,NA,NA,NA,NA,NA,NA,NA,0.91252737538986,203
"5982","W Chig-Pink-Odd","Pink-Odd",1963,497600,305000,NA,NA,NA,NA,NA,NA,NA,NA,NA,NA,NA,NA,NA,NA,NA,NA,NA,NA,NA,NA,NA,NA,NA,NA,NA,NA,NA,NA,NA,NA,NA,0.489484764817558,204
"5983","W Chig-Pink-Odd","Pink-Odd",1965,131500,152000,NA,NA,NA,NA,NA,NA,NA,NA,NA,NA,NA,NA,NA,NA,NA,NA,NA,NA,NA,NA,NA,NA,NA,NA,NA,NA,NA,NA,NA,NA,NA,-0.144873669228457,204
"5984","W Chig-Pink-Odd","Pink-Odd",1967,907000,104400,NA,NA,NA,NA,NA,NA,NA,NA,NA,NA,NA,NA,NA,NA,NA,NA,NA,NA,NA,NA,NA,NA,NA,NA,NA,NA,NA,NA,NA,NA,NA,2.1619127746666,204
"5985","W Chig-Pink-Odd","Pink-Odd",1969,554200,422000,NA,NA,NA,NA,NA,NA,NA,NA,NA,NA,NA,NA,NA,NA,NA,NA,NA,NA,NA,NA,NA,NA,NA,NA,NA,NA,NA,NA,NA,NA,NA,0.272520318392866,204
"5986","W Chig-Pink-Odd","Pink-Odd",1971,62400,268800,NA,NA,NA,NA,NA,NA,NA,NA,NA,NA,NA,NA,NA,NA,NA,NA,NA,NA,NA,NA,NA,NA,NA,NA,NA,NA,NA,NA,NA,NA,NA,-1.46040233327361,204
"5987","W Chig-Pink-Odd","Pink-Odd",1973,149100,62400,NA,NA,NA,NA,NA,NA,NA,NA,NA,NA,NA,NA,NA,NA,NA,NA,NA,NA,NA,NA,NA,NA,NA,NA,NA,NA,NA,NA,NA,NA,NA,0.871051946395311,204
"5988","W Chig-Pink-Odd","Pink-Odd",1975,734500,141700,NA,NA,NA,NA,NA,NA,NA,NA,NA,NA,NA,NA,NA,NA,NA,NA,NA,NA,NA,NA,NA,NA,NA,NA,NA,NA,NA,NA,NA,NA,NA,1.6454778489173,204
"5989","W Chig-Pink-Odd","Pink-Odd",1977,929600,355500,NA,NA,NA,NA,NA,NA,NA,NA,NA,NA,NA,NA,NA,NA,NA,NA,NA,NA,NA,NA,NA,NA,NA,NA,NA,NA,NA,NA,NA,NA,NA,0.961229136854351,204
"5990","W Chig-Pink-Odd","Pink-Odd",1979,682905,185000,NA,NA,NA,NA,NA,NA,NA,NA,NA,NA,NA,NA,NA,NA,NA,NA,NA,NA,NA,NA,NA,NA,NA,NA,NA,NA,NA,NA,NA,NA,NA,1.30599993257813,204
"5991","W Chig-Pink-Odd","Pink-Odd",1981,200338,249300,NA,NA,NA,NA,NA,NA,NA,NA,NA,NA,NA,NA,NA,NA,NA,NA,NA,NA,NA,NA,NA,NA,NA,NA,NA,NA,NA,NA,NA,NA,NA,-0.218651050424576,204
"5992","W Chig-Pink-Odd","Pink-Odd",1983,148077,36000,NA,NA,NA,NA,NA,NA,NA,NA,NA,NA,NA,NA,NA,NA,NA,NA,NA,NA,NA,NA,NA,NA,NA,NA,NA,NA,NA,NA,NA,NA,NA,1.41421347028462,204
"5993","W Chig-Pink-Odd","Pink-Odd",1985,226001,67500,NA,NA,NA,NA,NA,NA,NA,NA,NA,NA,NA,NA,NA,NA,NA,NA,NA,NA,NA,NA,NA,NA,NA,NA,NA,NA,NA,NA,NA,NA,NA,1.20841182616277,204
"5994","W Chig-Pink-Odd","Pink-Odd",1987,57900,38300,NA,NA,NA,NA,NA,NA,NA,NA,NA,NA,NA,NA,NA,NA,NA,NA,NA,NA,NA,NA,NA,NA,NA,NA,NA,NA,NA,NA,NA,NA,NA,0.413267488392349,204
"5995","W Chig-Pink-Odd","Pink-Odd",1989,516064,57900,NA,NA,NA,NA,NA,NA,NA,NA,NA,NA,NA,NA,NA,NA,NA,NA,NA,NA,NA,NA,NA,NA,NA,NA,NA,NA,NA,NA,NA,NA,NA,2.18751340421916,204
"5996","W Chig-Pink-Odd","Pink-Odd",1991,731405,96800,NA,NA,NA,NA,NA,NA,NA,NA,NA,NA,NA,NA,NA,NA,NA,NA,NA,NA,NA,NA,NA,NA,NA,NA,NA,NA,NA,NA,NA,NA,NA,2.02232034761392,204
"5997","W Chig-Pink-Odd","Pink-Odd",1993,1346418,45800,NA,NA,NA,NA,NA,NA,NA,NA,NA,NA,NA,NA,NA,NA,NA,NA,NA,NA,NA,NA,NA,NA,NA,NA,NA,NA,NA,NA,NA,NA,NA,3.38091892065105,204
"5998","W Chig-Pink-Odd","Pink-Odd",1995,424303,554700,NA,NA,NA,NA,NA,NA,NA,NA,NA,NA,NA,NA,NA,NA,NA,NA,NA,NA,NA,NA,NA,NA,NA,NA,NA,NA,NA,NA,NA,NA,NA,-0.267979604408898,204
"5999","W Chig-Pink-Odd","Pink-Odd",1997,909311,306300,NA,NA,NA,NA,NA,NA,NA,NA,NA,NA,NA,NA,NA,NA,NA,NA,NA,NA,NA,NA,NA,NA,NA,NA,NA,NA,NA,NA,NA,NA,NA,1.08812215603761,204
"6000","W Chig-Pink-Odd","Pink-Odd",1999,687537,137900,NA,NA,NA,NA,NA,NA,NA,NA,NA,NA,NA,NA,NA,NA,NA,NA,NA,NA,NA,NA,NA,NA,NA,NA,NA,NA,NA,NA,NA,NA,NA,1.60658686147514,204
"6001","W Chig-Pink-Odd","Pink-Odd",2001,443889,263000,NA,NA,NA,NA,NA,NA,NA,NA,NA,NA,NA,NA,NA,NA,NA,NA,NA,NA,NA,NA,NA,NA,NA,NA,NA,NA,NA,NA,NA,NA,NA,0.523420498999251,204
"6002","W Chig-Pink-Odd","Pink-Odd",2003,278452,117650,NA,NA,NA,NA,NA,NA,NA,NA,NA,NA,NA,NA,NA,NA,NA,NA,NA,NA,NA,NA,NA,NA,NA,NA,NA,NA,NA,NA,NA,NA,NA,0.861531577454576,204
"6003","W Chig-Pink-Odd","Pink-Odd",2005,1265331,257500,NA,NA,NA,NA,NA,NA,NA,NA,NA,NA,NA,NA,NA,NA,NA,NA,NA,NA,NA,NA,NA,NA,NA,NA,NA,NA,NA,NA,NA,NA,NA,1.59206930690985,204
"6004","W Chig-Pink-Odd","Pink-Odd",2007,841990,113000,NA,NA,NA,NA,NA,NA,NA,NA,NA,NA,NA,NA,NA,NA,NA,NA,NA,NA,NA,NA,NA,NA,NA,NA,NA,NA,NA,NA,NA,NA,NA,2.0083803189749,204
"6005","W Chig-Pink-Odd","Pink-Odd",2009,455001,130100,NA,NA,NA,NA,NA,NA,NA,NA,NA,NA,NA,NA,NA,NA,NA,NA,NA,NA,NA,NA,NA,NA,NA,NA,NA,NA,NA,NA,NA,NA,NA,1.25199623123227,204
"6006","Perryville-Pink-Even","Pink-Even",1962,194600,155500,NA,NA,NA,NA,NA,NA,NA,NA,NA,NA,NA,NA,NA,NA,NA,NA,NA,NA,NA,NA,NA,NA,NA,NA,NA,NA,NA,NA,NA,NA,NA,0.224300438132616,205
"6007","Perryville-Pink-Even","Pink-Even",1964,178200,72000,NA,NA,NA,NA,NA,NA,NA,NA,NA,NA,NA,NA,NA,NA,NA,NA,NA,NA,NA,NA,NA,NA,NA,NA,NA,NA,NA,NA,NA,NA,NA,0.906240396020654,205
"6008","Perryville-Pink-Even","Pink-Even",1966,324800,90000,NA,NA,NA,NA,NA,NA,NA,NA,NA,NA,NA,NA,NA,NA,NA,NA,NA,NA,NA,NA,NA,NA,NA,NA,NA,NA,NA,NA,NA,NA,NA,1.28339993795726,205
"6009","Perryville-Pink-Even","Pink-Even",1968,444000,128700,NA,NA,NA,NA,NA,NA,NA,NA,NA,NA,NA,NA,NA,NA,NA,NA,NA,NA,NA,NA,NA,NA,NA,NA,NA,NA,NA,NA,NA,NA,NA,1.23834044783014,205
"6010","Perryville-Pink-Even","Pink-Even",1970,19800,72600,NA,NA,NA,NA,NA,NA,NA,NA,NA,NA,NA,NA,NA,NA,NA,NA,NA,NA,NA,NA,NA,NA,NA,NA,NA,NA,NA,NA,NA,NA,NA,-1.29928298413026,205
"6011","Perryville-Pink-Even","Pink-Even",1972,60200,7800,NA,NA,NA,NA,NA,NA,NA,NA,NA,NA,NA,NA,NA,NA,NA,NA,NA,NA,NA,NA,NA,NA,NA,NA,NA,NA,NA,NA,NA,NA,NA,2.04354861861923,205
"6012","Perryville-Pink-Even","Pink-Even",1974,194500,60200,NA,NA,NA,NA,NA,NA,NA,NA,NA,NA,NA,NA,NA,NA,NA,NA,NA,NA,NA,NA,NA,NA,NA,NA,NA,NA,NA,NA,NA,NA,NA,1.17275981074373,205
"6013","Perryville-Pink-Even","Pink-Even",1976,438300,89300,NA,NA,NA,NA,NA,NA,NA,NA,NA,NA,NA,NA,NA,NA,NA,NA,NA,NA,NA,NA,NA,NA,NA,NA,NA,NA,NA,NA,NA,NA,NA,1.59090211954231,205
"6014","Perryville-Pink-Even","Pink-Even",1978,189420,157500,NA,NA,NA,NA,NA,NA,NA,NA,NA,NA,NA,NA,NA,NA,NA,NA,NA,NA,NA,NA,NA,NA,NA,NA,NA,NA,NA,NA,NA,NA,NA,0.184541313532268,205
"6015","Perryville-Pink-Even","Pink-Even",1980,31723,74800,NA,NA,NA,NA,NA,NA,NA,NA,NA,NA,NA,NA,NA,NA,NA,NA,NA,NA,NA,NA,NA,NA,NA,NA,NA,NA,NA,NA,NA,NA,NA,-0.857775915132365,205
"6016","Perryville-Pink-Even","Pink-Even",1982,110641,13400,NA,NA,NA,NA,NA,NA,NA,NA,NA,NA,NA,NA,NA,NA,NA,NA,NA,NA,NA,NA,NA,NA,NA,NA,NA,NA,NA,NA,NA,NA,NA,2.11103601868128,205
"6017","Perryville-Pink-Even","Pink-Even",1984,341806,109800,NA,NA,NA,NA,NA,NA,NA,NA,NA,NA,NA,NA,NA,NA,NA,NA,NA,NA,NA,NA,NA,NA,NA,NA,NA,NA,NA,NA,NA,NA,NA,1.13558279557721,205
"6018","Perryville-Pink-Even","Pink-Even",1986,592547,180500,NA,NA,NA,NA,NA,NA,NA,NA,NA,NA,NA,NA,NA,NA,NA,NA,NA,NA,NA,NA,NA,NA,NA,NA,NA,NA,NA,NA,NA,NA,NA,1.18869941698481,205
"6019","Perryville-Pink-Even","Pink-Even",1988,133819,181300,NA,NA,NA,NA,NA,NA,NA,NA,NA,NA,NA,NA,NA,NA,NA,NA,NA,NA,NA,NA,NA,NA,NA,NA,NA,NA,NA,NA,NA,NA,NA,-0.303664977158611,205
"6020","Perryville-Pink-Even","Pink-Even",1990,548599,88400,NA,NA,NA,NA,NA,NA,NA,NA,NA,NA,NA,NA,NA,NA,NA,NA,NA,NA,NA,NA,NA,NA,NA,NA,NA,NA,NA,NA,NA,NA,NA,1.82549578603652,205
"6021","Perryville-Pink-Even","Pink-Even",1992,238796,190400,NA,NA,NA,NA,NA,NA,NA,NA,NA,NA,NA,NA,NA,NA,NA,NA,NA,NA,NA,NA,NA,NA,NA,NA,NA,NA,NA,NA,NA,NA,NA,0.226482508602132,205
"6022","Perryville-Pink-Even","Pink-Even",1994,454175,153900,NA,NA,NA,NA,NA,NA,NA,NA,NA,NA,NA,NA,NA,NA,NA,NA,NA,NA,NA,NA,NA,NA,NA,NA,NA,NA,NA,NA,NA,NA,NA,1.08217954547998,205
"6023","Perryville-Pink-Even","Pink-Even",1996,330090,395700,NA,NA,NA,NA,NA,NA,NA,NA,NA,NA,NA,NA,NA,NA,NA,NA,NA,NA,NA,NA,NA,NA,NA,NA,NA,NA,NA,NA,NA,NA,NA,-0.181291003841448,205
"6024","Perryville-Pink-Even","Pink-Even",1998,110633,222800,NA,NA,NA,NA,NA,NA,NA,NA,NA,NA,NA,NA,NA,NA,NA,NA,NA,NA,NA,NA,NA,NA,NA,NA,NA,NA,NA,NA,NA,NA,NA,-0.700056090955558,205
"6025","Perryville-Pink-Even","Pink-Even",2000,63469,98700,NA,NA,NA,NA,NA,NA,NA,NA,NA,NA,NA,NA,NA,NA,NA,NA,NA,NA,NA,NA,NA,NA,NA,NA,NA,NA,NA,NA,NA,NA,NA,-0.441533348720204,205
"6026","Perryville-Pink-Even","Pink-Even",2002,134320,62170,NA,NA,NA,NA,NA,NA,NA,NA,NA,NA,NA,NA,NA,NA,NA,NA,NA,NA,NA,NA,NA,NA,NA,NA,NA,NA,NA,NA,NA,NA,NA,0.770352444488039,205
"6027","Perryville-Pink-Even","Pink-Even",2004,83500,134320,NA,NA,NA,NA,NA,NA,NA,NA,NA,NA,NA,NA,NA,NA,NA,NA,NA,NA,NA,NA,NA,NA,NA,NA,NA,NA,NA,NA,NA,NA,NA,-0.475378380912476,205
"6028","Perryville-Pink-Even","Pink-Even",2006,482414,83500,NA,NA,NA,NA,NA,NA,NA,NA,NA,NA,NA,NA,NA,NA,NA,NA,NA,NA,NA,NA,NA,NA,NA,NA,NA,NA,NA,NA,NA,NA,NA,1.75395603469392,205
"6029","Perryville-Pink-Even","Pink-Even",2008,26510,173200,NA,NA,NA,NA,NA,NA,NA,NA,NA,NA,NA,NA,NA,NA,NA,NA,NA,NA,NA,NA,NA,NA,NA,NA,NA,NA,NA,NA,NA,NA,NA,-1.8769249758274,205
"6030","Perryville-Pink-Odd","Pink-Odd",1963,726800,162000,NA,NA,NA,NA,NA,NA,NA,NA,NA,NA,NA,NA,NA,NA,NA,NA,NA,NA,NA,NA,NA,NA,NA,NA,NA,NA,NA,NA,NA,NA,NA,1.50105500128963,206
"6031","Perryville-Pink-Odd","Pink-Odd",1965,160500,82000,NA,NA,NA,NA,NA,NA,NA,NA,NA,NA,NA,NA,NA,NA,NA,NA,NA,NA,NA,NA,NA,NA,NA,NA,NA,NA,NA,NA,NA,NA,NA,0.671574695305817,206
"6032","Perryville-Pink-Odd","Pink-Odd",1967,1480800,155300,NA,NA,NA,NA,NA,NA,NA,NA,NA,NA,NA,NA,NA,NA,NA,NA,NA,NA,NA,NA,NA,NA,NA,NA,NA,NA,NA,NA,NA,NA,NA,2.25497903110465,206
"6033","Perryville-Pink-Odd","Pink-Odd",1969,257100,218600,NA,NA,NA,NA,NA,NA,NA,NA,NA,NA,NA,NA,NA,NA,NA,NA,NA,NA,NA,NA,NA,NA,NA,NA,NA,NA,NA,NA,NA,NA,NA,0.162221538529406,206
"6034","Perryville-Pink-Odd","Pink-Odd",1971,31500,45000,NA,NA,NA,NA,NA,NA,NA,NA,NA,NA,NA,NA,NA,NA,NA,NA,NA,NA,NA,NA,NA,NA,NA,NA,NA,NA,NA,NA,NA,NA,NA,-0.356674943938732,206
"6035","Perryville-Pink-Odd","Pink-Odd",1973,45300,31500,NA,NA,NA,NA,NA,NA,NA,NA,NA,NA,NA,NA,NA,NA,NA,NA,NA,NA,NA,NA,NA,NA,NA,NA,NA,NA,NA,NA,NA,NA,NA,0.363319486657401,206
"6036","Perryville-Pink-Odd","Pink-Odd",1975,160000,45300,NA,NA,NA,NA,NA,NA,NA,NA,NA,NA,NA,NA,NA,NA,NA,NA,NA,NA,NA,NA,NA,NA,NA,NA,NA,NA,NA,NA,NA,NA,NA,1.26186678274484,206
"6037","Perryville-Pink-Odd","Pink-Odd",1977,452700,115400,NA,NA,NA,NA,NA,NA,NA,NA,NA,NA,NA,NA,NA,NA,NA,NA,NA,NA,NA,NA,NA,NA,NA,NA,NA,NA,NA,NA,NA,NA,NA,1.36682530036791,206
"6038","Perryville-Pink-Odd","Pink-Odd",1979,340312,181300,NA,NA,NA,NA,NA,NA,NA,NA,NA,NA,NA,NA,NA,NA,NA,NA,NA,NA,NA,NA,NA,NA,NA,NA,NA,NA,NA,NA,NA,NA,NA,0.629709726127562,206
"6039","Perryville-Pink-Odd","Pink-Odd",1981,178378,116000,NA,NA,NA,NA,NA,NA,NA,NA,NA,NA,NA,NA,NA,NA,NA,NA,NA,NA,NA,NA,NA,NA,NA,NA,NA,NA,NA,NA,NA,NA,NA,0.430314703049557,206
"6040","Perryville-Pink-Odd","Pink-Odd",1983,277665,64500,NA,NA,NA,NA,NA,NA,NA,NA,NA,NA,NA,NA,NA,NA,NA,NA,NA,NA,NA,NA,NA,NA,NA,NA,NA,NA,NA,NA,NA,NA,NA,1.45975012727803,206
"6041","Perryville-Pink-Odd","Pink-Odd",1985,101039,235200,NA,NA,NA,NA,NA,NA,NA,NA,NA,NA,NA,NA,NA,NA,NA,NA,NA,NA,NA,NA,NA,NA,NA,NA,NA,NA,NA,NA,NA,NA,NA,-0.84492963510168,206
"6042","Perryville-Pink-Odd","Pink-Odd",1987,267400,65700,NA,NA,NA,NA,NA,NA,NA,NA,NA,NA,NA,NA,NA,NA,NA,NA,NA,NA,NA,NA,NA,NA,NA,NA,NA,NA,NA,NA,NA,NA,NA,1.40364673917728,206
"6043","Perryville-Pink-Odd","Pink-Odd",1989,815375,267400,NA,NA,NA,NA,NA,NA,NA,NA,NA,NA,NA,NA,NA,NA,NA,NA,NA,NA,NA,NA,NA,NA,NA,NA,NA,NA,NA,NA,NA,NA,NA,1.11490246544842,206
"6044","Perryville-Pink-Odd","Pink-Odd",1991,1097471,343500,NA,NA,NA,NA,NA,NA,NA,NA,NA,NA,NA,NA,NA,NA,NA,NA,NA,NA,NA,NA,NA,NA,NA,NA,NA,NA,NA,NA,NA,NA,NA,1.16157660924761,206
"6045","Perryville-Pink-Odd","Pink-Odd",1993,1263124,448400,NA,NA,NA,NA,NA,NA,NA,NA,NA,NA,NA,NA,NA,NA,NA,NA,NA,NA,NA,NA,NA,NA,NA,NA,NA,NA,NA,NA,NA,NA,NA,1.03565760527228,206
"6046","Perryville-Pink-Odd","Pink-Odd",1995,232545,582100,NA,NA,NA,NA,NA,NA,NA,NA,NA,NA,NA,NA,NA,NA,NA,NA,NA,NA,NA,NA,NA,NA,NA,NA,NA,NA,NA,NA,NA,NA,NA,-0.917558499591255,206
"6047","Perryville-Pink-Odd","Pink-Odd",1997,343160,221500,NA,NA,NA,NA,NA,NA,NA,NA,NA,NA,NA,NA,NA,NA,NA,NA,NA,NA,NA,NA,NA,NA,NA,NA,NA,NA,NA,NA,NA,NA,NA,0.437774221219574,206
"6048","Perryville-Pink-Odd","Pink-Odd",1999,193412,179700,NA,NA,NA,NA,NA,NA,NA,NA,NA,NA,NA,NA,NA,NA,NA,NA,NA,NA,NA,NA,NA,NA,NA,NA,NA,NA,NA,NA,NA,NA,NA,0.0735338348746134,206
"6049","Perryville-Pink-Odd","Pink-Odd",2001,130854,150200,NA,NA,NA,NA,NA,NA,NA,NA,NA,NA,NA,NA,NA,NA,NA,NA,NA,NA,NA,NA,NA,NA,NA,NA,NA,NA,NA,NA,NA,NA,NA,-0.13788554146689,206
"6050","Perryville-Pink-Odd","Pink-Odd",2003,190743,99500,NA,NA,NA,NA,NA,NA,NA,NA,NA,NA,NA,NA,NA,NA,NA,NA,NA,NA,NA,NA,NA,NA,NA,NA,NA,NA,NA,NA,NA,NA,NA,0.650769328078952,206
"6051","Perryville-Pink-Odd","Pink-Odd",2005,207447,188600,NA,NA,NA,NA,NA,NA,NA,NA,NA,NA,NA,NA,NA,NA,NA,NA,NA,NA,NA,NA,NA,NA,NA,NA,NA,NA,NA,NA,NA,NA,NA,0.0952475151589742,206
"6052","Perryville-Pink-Odd","Pink-Odd",2007,142454,184000,NA,NA,NA,NA,NA,NA,NA,NA,NA,NA,NA,NA,NA,NA,NA,NA,NA,NA,NA,NA,NA,NA,NA,NA,NA,NA,NA,NA,NA,NA,NA,-0.255916617031225,206
"6053","Perryville-Pink-Odd","Pink-Odd",2009,366263,116450,NA,NA,NA,NA,NA,NA,NA,NA,NA,NA,NA,NA,NA,NA,NA,NA,NA,NA,NA,NA,NA,NA,NA,NA,NA,NA,NA,NA,NA,NA,NA,1.14588965825154,206
"6054","SE-SC AKPen-Pink-Even","Pink-Even",1962,2417000,826100,NA,NA,NA,NA,NA,NA,NA,NA,NA,NA,NA,NA,NA,NA,NA,NA,NA,NA,NA,NA,NA,NA,NA,NA,NA,NA,NA,NA,NA,NA,NA,1.07356654913502,207
"6055","SE-SC AKPen-Pink-Even","Pink-Even",1964,847700,902400,NA,NA,NA,NA,NA,NA,NA,NA,NA,NA,NA,NA,NA,NA,NA,NA,NA,NA,NA,NA,NA,NA,NA,NA,NA,NA,NA,NA,NA,NA,NA,-0.0625310811294346,207
"6056","SE-SC AKPen-Pink-Even","Pink-Even",1966,1391400,627400,NA,NA,NA,NA,NA,NA,NA,NA,NA,NA,NA,NA,NA,NA,NA,NA,NA,NA,NA,NA,NA,NA,NA,NA,NA,NA,NA,NA,NA,NA,NA,0.796481417732963,207
"6057","SE-SC AKPen-Pink-Even","Pink-Even",1968,2386410,528100,NA,NA,NA,NA,NA,NA,NA,NA,NA,NA,NA,NA,NA,NA,NA,NA,NA,NA,NA,NA,NA,NA,NA,NA,NA,NA,NA,NA,NA,NA,NA,1.50825976389121,207
"6058","SE-SC AKPen-Pink-Even","Pink-Even",1970,135139,1007900,NA,NA,NA,NA,NA,NA,NA,NA,NA,NA,NA,NA,NA,NA,NA,NA,NA,NA,NA,NA,NA,NA,NA,NA,NA,NA,NA,NA,NA,NA,NA,-2.00932035899779,207
"6059","SE-SC AKPen-Pink-Even","Pink-Even",1972,334551,81800,NA,NA,NA,NA,NA,NA,NA,NA,NA,NA,NA,NA,NA,NA,NA,NA,NA,NA,NA,NA,NA,NA,NA,NA,NA,NA,NA,NA,NA,NA,NA,1.40851209070548,207
"6060","SE-SC AKPen-Pink-Even","Pink-Even",1974,3120223,238600,NA,NA,NA,NA,NA,NA,NA,NA,NA,NA,NA,NA,NA,NA,NA,NA,NA,NA,NA,NA,NA,NA,NA,NA,NA,NA,NA,NA,NA,NA,NA,2.57087124294452,207
"6061","SE-SC AKPen-Pink-Even","Pink-Even",1976,6134178,1084000,NA,NA,NA,NA,NA,NA,NA,NA,NA,NA,NA,NA,NA,NA,NA,NA,NA,NA,NA,NA,NA,NA,NA,NA,NA,NA,NA,NA,NA,NA,NA,1.73321818083851,207
"6062","SE-SC AKPen-Pink-Even","Pink-Even",1978,3929976,1966300,NA,NA,NA,NA,NA,NA,NA,NA,NA,NA,NA,NA,NA,NA,NA,NA,NA,NA,NA,NA,NA,NA,NA,NA,NA,NA,NA,NA,NA,NA,NA,0.69247971480892,207
"6063","SE-SC AKPen-Pink-Even","Pink-Even",1980,5638149,1410400,NA,NA,NA,NA,NA,NA,NA,NA,NA,NA,NA,NA,NA,NA,NA,NA,NA,NA,NA,NA,NA,NA,NA,NA,NA,NA,NA,NA,NA,NA,NA,1.38568246805247,207
"6064","SE-SC AKPen-Pink-Even","Pink-Even",1982,9059847,1533200,NA,NA,NA,NA,NA,NA,NA,NA,NA,NA,NA,NA,NA,NA,NA,NA,NA,NA,NA,NA,NA,NA,NA,NA,NA,NA,NA,NA,NA,NA,NA,1.77649517797081,207
"6065","SE-SC AKPen-Pink-Even","Pink-Even",1984,4252131,2526700,NA,NA,NA,NA,NA,NA,NA,NA,NA,NA,NA,NA,NA,NA,NA,NA,NA,NA,NA,NA,NA,NA,NA,NA,NA,NA,NA,NA,NA,NA,NA,0.520506165524871,207
"6066","SE-SC AKPen-Pink-Even","Pink-Even",1986,6336986,1185500,NA,NA,NA,NA,NA,NA,NA,NA,NA,NA,NA,NA,NA,NA,NA,NA,NA,NA,NA,NA,NA,NA,NA,NA,NA,NA,NA,NA,NA,NA,NA,1.67623863456834,207
"6067","SE-SC AKPen-Pink-Even","Pink-Even",1988,2752427,1636500,NA,NA,NA,NA,NA,NA,NA,NA,NA,NA,NA,NA,NA,NA,NA,NA,NA,NA,NA,NA,NA,NA,NA,NA,NA,NA,NA,NA,NA,NA,NA,0.51992325295967,207
"6068","SE-SC AKPen-Pink-Even","Pink-Even",1990,6632245,1018200,NA,NA,NA,NA,NA,NA,NA,NA,NA,NA,NA,NA,NA,NA,NA,NA,NA,NA,NA,NA,NA,NA,NA,NA,NA,NA,NA,NA,NA,NA,NA,1.87390699676347,207
"6069","SE-SC AKPen-Pink-Even","Pink-Even",1992,4844477,1781000,NA,NA,NA,NA,NA,NA,NA,NA,NA,NA,NA,NA,NA,NA,NA,NA,NA,NA,NA,NA,NA,NA,NA,NA,NA,NA,NA,NA,NA,NA,NA,1.00066428887215,207
"6070","SE-SC AKPen-Pink-Even","Pink-Even",1994,4181630,1700525,NA,NA,NA,NA,NA,NA,NA,NA,NA,NA,NA,NA,NA,NA,NA,NA,NA,NA,NA,NA,NA,NA,NA,NA,NA,NA,NA,NA,NA,NA,NA,0.899764095762783,207
"6071","SE-SC AKPen-Pink-Even","Pink-Even",1996,8421894,2668950,NA,NA,NA,NA,NA,NA,NA,NA,NA,NA,NA,NA,NA,NA,NA,NA,NA,NA,NA,NA,NA,NA,NA,NA,NA,NA,NA,NA,NA,NA,NA,1.14914960693765,207
"6072","SE-SC AKPen-Pink-Even","Pink-Even",1998,4033331,2856255,NA,NA,NA,NA,NA,NA,NA,NA,NA,NA,NA,NA,NA,NA,NA,NA,NA,NA,NA,NA,NA,NA,NA,NA,NA,NA,NA,NA,NA,NA,NA,0.34508125921613,207
"6073","SE-SC AKPen-Pink-Even","Pink-Even",2000,3575355,1688785,NA,NA,NA,NA,NA,NA,NA,NA,NA,NA,NA,NA,NA,NA,NA,NA,NA,NA,NA,NA,NA,NA,NA,NA,NA,NA,NA,NA,NA,NA,NA,0.750055136449179,207
"6074","SE-SC AKPen-Pink-Even","Pink-Even",2002,11076199,2108450,NA,NA,NA,NA,NA,NA,NA,NA,NA,NA,NA,NA,NA,NA,NA,NA,NA,NA,NA,NA,NA,NA,NA,NA,NA,NA,NA,NA,NA,NA,NA,1.65884549153945,207
"6075","SE-SC AKPen-Pink-Even","Pink-Even",2004,3980978,5969710,NA,NA,NA,NA,NA,NA,NA,NA,NA,NA,NA,NA,NA,NA,NA,NA,NA,NA,NA,NA,NA,NA,NA,NA,NA,NA,NA,NA,NA,NA,NA,-0.405170832257018,207
"6076","SE-SC AKPen-Pink-Even","Pink-Even",2006,9321807,1648365,NA,NA,NA,NA,NA,NA,NA,NA,NA,NA,NA,NA,NA,NA,NA,NA,NA,NA,NA,NA,NA,NA,NA,NA,NA,NA,NA,NA,NA,NA,NA,1.73257260647797,207
"6077","SE-SC AKPen-Pink-Even","Pink-Even",2008,857212,2332920,NA,NA,NA,NA,NA,NA,NA,NA,NA,NA,NA,NA,NA,NA,NA,NA,NA,NA,NA,NA,NA,NA,NA,NA,NA,NA,NA,NA,NA,NA,NA,-1.00119071825238,207
"6078","SE-SC AKPen-Pink-Odd","Pink-Odd",1963,3121300,886500,NA,NA,NA,NA,NA,NA,NA,NA,NA,NA,NA,NA,NA,NA,NA,NA,NA,NA,NA,NA,NA,NA,NA,NA,NA,NA,NA,NA,NA,NA,NA,1.25872373517448,208
"6079","SE-SC AKPen-Pink-Odd","Pink-Odd",1965,380400,789900,NA,NA,NA,NA,NA,NA,NA,NA,NA,NA,NA,NA,NA,NA,NA,NA,NA,NA,NA,NA,NA,NA,NA,NA,NA,NA,NA,NA,NA,NA,NA,-0.730683024499138,208
"6080","SE-SC AKPen-Pink-Odd","Pink-Odd",1967,2769000,327300,NA,NA,NA,NA,NA,NA,NA,NA,NA,NA,NA,NA,NA,NA,NA,NA,NA,NA,NA,NA,NA,NA,NA,NA,NA,NA,NA,NA,NA,NA,NA,2.13536434166383,208
"6081","SE-SC AKPen-Pink-Odd","Pink-Odd",1969,1699982,1906200,NA,NA,NA,NA,NA,NA,NA,NA,NA,NA,NA,NA,NA,NA,NA,NA,NA,NA,NA,NA,NA,NA,NA,NA,NA,NA,NA,NA,NA,NA,NA,-0.114494068750568,208
"6082","SE-SC AKPen-Pink-Odd","Pink-Odd",1971,122248,488000,NA,NA,NA,NA,NA,NA,NA,NA,NA,NA,NA,NA,NA,NA,NA,NA,NA,NA,NA,NA,NA,NA,NA,NA,NA,NA,NA,NA,NA,NA,NA,-1.38426363755019,208
"6083","SE-SC AKPen-Pink-Odd","Pink-Odd",1973,387852,85700,NA,NA,NA,NA,NA,NA,NA,NA,NA,NA,NA,NA,NA,NA,NA,NA,NA,NA,NA,NA,NA,NA,NA,NA,NA,NA,NA,NA,NA,NA,NA,1.50977099795257,208
"6084","SE-SC AKPen-Pink-Odd","Pink-Odd",1975,3332005,357800,NA,NA,NA,NA,NA,NA,NA,NA,NA,NA,NA,NA,NA,NA,NA,NA,NA,NA,NA,NA,NA,NA,NA,NA,NA,NA,NA,NA,NA,NA,NA,2.23135533281123,208
"6085","SE-SC AKPen-Pink-Odd","Pink-Odd",1977,6964648,2168500,NA,NA,NA,NA,NA,NA,NA,NA,NA,NA,NA,NA,NA,NA,NA,NA,NA,NA,NA,NA,NA,NA,NA,NA,NA,NA,NA,NA,NA,NA,NA,1.16681138325506,208
"6086","SE-SC AKPen-Pink-Odd","Pink-Odd",1979,6071419,2125100,NA,NA,NA,NA,NA,NA,NA,NA,NA,NA,NA,NA,NA,NA,NA,NA,NA,NA,NA,NA,NA,NA,NA,NA,NA,NA,NA,NA,NA,NA,NA,1.04977349031055,208
"6087","SE-SC AKPen-Pink-Odd","Pink-Odd",1981,2884632,1875000,NA,NA,NA,NA,NA,NA,NA,NA,NA,NA,NA,NA,NA,NA,NA,NA,NA,NA,NA,NA,NA,NA,NA,NA,NA,NA,NA,NA,NA,NA,NA,0.430788676075866,208
"6088","SE-SC AKPen-Pink-Odd","Pink-Odd",1983,4553351,639200,NA,NA,NA,NA,NA,NA,NA,NA,NA,NA,NA,NA,NA,NA,NA,NA,NA,NA,NA,NA,NA,NA,NA,NA,NA,NA,NA,NA,NA,NA,NA,1.96340132993851,208
"6089","SE-SC AKPen-Pink-Odd","Pink-Odd",1985,2447836,1229300,NA,NA,NA,NA,NA,NA,NA,NA,NA,NA,NA,NA,NA,NA,NA,NA,NA,NA,NA,NA,NA,NA,NA,NA,NA,NA,NA,NA,NA,NA,NA,0.688759467250707,208
"6090","SE-SC AKPen-Pink-Odd","Pink-Odd",1987,6758046,1304400,NA,NA,NA,NA,NA,NA,NA,NA,NA,NA,NA,NA,NA,NA,NA,NA,NA,NA,NA,NA,NA,NA,NA,NA,NA,NA,NA,NA,NA,NA,NA,1.64499063008346,208
"6091","SE-SC AKPen-Pink-Odd","Pink-Odd",1989,9799100,1179300,NA,NA,NA,NA,NA,NA,NA,NA,NA,NA,NA,NA,NA,NA,NA,NA,NA,NA,NA,NA,NA,NA,NA,NA,NA,NA,NA,NA,NA,NA,NA,2.11736950261079,208
"6092","SE-SC AKPen-Pink-Odd","Pink-Odd",1991,9722753,2268400,NA,NA,NA,NA,NA,NA,NA,NA,NA,NA,NA,NA,NA,NA,NA,NA,NA,NA,NA,NA,NA,NA,NA,NA,NA,NA,NA,NA,NA,NA,NA,1.45539407166511,208
"6093","SE-SC AKPen-Pink-Odd","Pink-Odd",1993,15767364,2232200,NA,NA,NA,NA,NA,NA,NA,NA,NA,NA,NA,NA,NA,NA,NA,NA,NA,NA,NA,NA,NA,NA,NA,NA,NA,NA,NA,NA,NA,NA,NA,1.95495458794207,208
"6094","SE-SC AKPen-Pink-Odd","Pink-Odd",1995,4849767,4404450,NA,NA,NA,NA,NA,NA,NA,NA,NA,NA,NA,NA,NA,NA,NA,NA,NA,NA,NA,NA,NA,NA,NA,NA,NA,NA,NA,NA,NA,NA,NA,0.0963152690813194,208
"6095","SE-SC AKPen-Pink-Odd","Pink-Odd",1997,10265462,4021375,NA,NA,NA,NA,NA,NA,NA,NA,NA,NA,NA,NA,NA,NA,NA,NA,NA,NA,NA,NA,NA,NA,NA,NA,NA,NA,NA,NA,NA,NA,NA,0.937161172814832,208
"6096","SE-SC AKPen-Pink-Odd","Pink-Odd",1999,4785628,3363080,NA,NA,NA,NA,NA,NA,NA,NA,NA,NA,NA,NA,NA,NA,NA,NA,NA,NA,NA,NA,NA,NA,NA,NA,NA,NA,NA,NA,NA,NA,NA,0.352760039002956,208
"6097","SE-SC AKPen-Pink-Odd","Pink-Odd",2001,6643254,2040120,NA,NA,NA,NA,NA,NA,NA,NA,NA,NA,NA,NA,NA,NA,NA,NA,NA,NA,NA,NA,NA,NA,NA,NA,NA,NA,NA,NA,NA,NA,NA,1.1805932740335,208
"6098","SE-SC AKPen-Pink-Odd","Pink-Odd",2003,9914090,3674120,NA,NA,NA,NA,NA,NA,NA,NA,NA,NA,NA,NA,NA,NA,NA,NA,NA,NA,NA,NA,NA,NA,NA,NA,NA,NA,NA,NA,NA,NA,NA,0.992643329420217,208
"6099","SE-SC AKPen-Pink-Odd","Pink-Odd",2005,6980959,4271270,NA,NA,NA,NA,NA,NA,NA,NA,NA,NA,NA,NA,NA,NA,NA,NA,NA,NA,NA,NA,NA,NA,NA,NA,NA,NA,NA,NA,NA,NA,NA,0.491275092980528,208
"6100","SE-SC AKPen-Pink-Odd","Pink-Odd",2007,5403117,1805873,NA,NA,NA,NA,NA,NA,NA,NA,NA,NA,NA,NA,NA,NA,NA,NA,NA,NA,NA,NA,NA,NA,NA,NA,NA,NA,NA,NA,NA,NA,NA,1.09593187789335,208
"6101","SE-SC AKPen-Pink-Odd","Pink-Odd",2009,5757375,1669900,NA,NA,NA,NA,NA,NA,NA,NA,NA,NA,NA,NA,NA,NA,NA,NA,NA,NA,NA,NA,NA,NA,NA,NA,NA,NA,NA,NA,NA,NA,NA,1.23771789726879,208
"6102","SW-Unimak-Pink-Even","Pink-Even",1962,1724700,772700,NA,NA,NA,NA,NA,NA,NA,NA,NA,NA,NA,NA,NA,NA,NA,NA,NA,NA,NA,NA,NA,NA,NA,NA,NA,NA,NA,NA,NA,NA,NA,0.802917526357817,209
"6103","SW-Unimak-Pink-Even","Pink-Even",1964,160500,534000,NA,NA,NA,NA,NA,NA,NA,NA,NA,NA,NA,NA,NA,NA,NA,NA,NA,NA,NA,NA,NA,NA,NA,NA,NA,NA,NA,NA,NA,NA,NA,-1.20210189639012,209
"6104","SW-Unimak-Pink-Even","Pink-Even",1966,573000,92000,NA,NA,NA,NA,NA,NA,NA,NA,NA,NA,NA,NA,NA,NA,NA,NA,NA,NA,NA,NA,NA,NA,NA,NA,NA,NA,NA,NA,NA,NA,NA,1.8290971396657,209
"6105","SW-Unimak-Pink-Even","Pink-Even",1968,543030,295200,NA,NA,NA,NA,NA,NA,NA,NA,NA,NA,NA,NA,NA,NA,NA,NA,NA,NA,NA,NA,NA,NA,NA,NA,NA,NA,NA,NA,NA,NA,NA,0.609511474300254,209
"6106","SW-Unimak-Pink-Even","Pink-Even",1970,36558,291000,NA,NA,NA,NA,NA,NA,NA,NA,NA,NA,NA,NA,NA,NA,NA,NA,NA,NA,NA,NA,NA,NA,NA,NA,NA,NA,NA,NA,NA,NA,NA,-2.07442322667708,209
"6107","SW-Unimak-Pink-Even","Pink-Even",1972,50450,29600,NA,NA,NA,NA,NA,NA,NA,NA,NA,NA,NA,NA,NA,NA,NA,NA,NA,NA,NA,NA,NA,NA,NA,NA,NA,NA,NA,NA,NA,NA,NA,0.533208385469603,209
"6108","SW-Unimak-Pink-Even","Pink-Even",1974,679186,45800,NA,NA,NA,NA,NA,NA,NA,NA,NA,NA,NA,NA,NA,NA,NA,NA,NA,NA,NA,NA,NA,NA,NA,NA,NA,NA,NA,NA,NA,NA,NA,2.69661093117928,209
"6109","SW-Unimak-Pink-Even","Pink-Even",1976,2224725,372400,NA,NA,NA,NA,NA,NA,NA,NA,NA,NA,NA,NA,NA,NA,NA,NA,NA,NA,NA,NA,NA,NA,NA,NA,NA,NA,NA,NA,NA,NA,NA,1.78742004605326,209
"6110","SW-Unimak-Pink-Even","Pink-Even",1978,5046788,892400,NA,NA,NA,NA,NA,NA,NA,NA,NA,NA,NA,NA,NA,NA,NA,NA,NA,NA,NA,NA,NA,NA,NA,NA,NA,NA,NA,NA,NA,NA,NA,1.73259281774807,209
"6111","SW-Unimak-Pink-Even","Pink-Even",1980,1670931,1231200,NA,NA,NA,NA,NA,NA,NA,NA,NA,NA,NA,NA,NA,NA,NA,NA,NA,NA,NA,NA,NA,NA,NA,NA,NA,NA,NA,NA,NA,NA,NA,0.305391652579021,209
"6112","SW-Unimak-Pink-Even","Pink-Even",1982,5961135,759800,NA,NA,NA,NA,NA,NA,NA,NA,NA,NA,NA,NA,NA,NA,NA,NA,NA,NA,NA,NA,NA,NA,NA,NA,NA,NA,NA,NA,NA,NA,NA,2.0599609374168,209
"6113","SW-Unimak-Pink-Even","Pink-Even",1984,1204067,1824900,NA,NA,NA,NA,NA,NA,NA,NA,NA,NA,NA,NA,NA,NA,NA,NA,NA,NA,NA,NA,NA,NA,NA,NA,NA,NA,NA,NA,NA,NA,NA,-0.415820197833755,209
"6114","SW-Unimak-Pink-Even","Pink-Even",1986,3367214,531200,NA,NA,NA,NA,NA,NA,NA,NA,NA,NA,NA,NA,NA,NA,NA,NA,NA,NA,NA,NA,NA,NA,NA,NA,NA,NA,NA,NA,NA,NA,NA,1.84670237704268,209
"6115","SW-Unimak-Pink-Even","Pink-Even",1988,1192016,1203100,NA,NA,NA,NA,NA,NA,NA,NA,NA,NA,NA,NA,NA,NA,NA,NA,NA,NA,NA,NA,NA,NA,NA,NA,NA,NA,NA,NA,NA,NA,NA,-0.00925556768547702,209
"6116","SW-Unimak-Pink-Even","Pink-Even",1990,5319722,580200,NA,NA,NA,NA,NA,NA,NA,NA,NA,NA,NA,NA,NA,NA,NA,NA,NA,NA,NA,NA,NA,NA,NA,NA,NA,NA,NA,NA,NA,NA,NA,2.21580345364392,209
"6117","SW-Unimak-Pink-Even","Pink-Even",1992,4878437,1053400,NA,NA,NA,NA,NA,NA,NA,NA,NA,NA,NA,NA,NA,NA,NA,NA,NA,NA,NA,NA,NA,NA,NA,NA,NA,NA,NA,NA,NA,NA,NA,1.53280185360986,209
"6118","SW-Unimak-Pink-Even","Pink-Even",1994,1275475,1371200,NA,NA,NA,NA,NA,NA,NA,NA,NA,NA,NA,NA,NA,NA,NA,NA,NA,NA,NA,NA,NA,NA,NA,NA,NA,NA,NA,NA,NA,NA,NA,-0.0723676106105361,209
"6119","SW-Unimak-Pink-Even","Pink-Even",1996,3812512,978600,NA,NA,NA,NA,NA,NA,NA,NA,NA,NA,NA,NA,NA,NA,NA,NA,NA,NA,NA,NA,NA,NA,NA,NA,NA,NA,NA,NA,NA,NA,NA,1.35992058959667,209
"6120","SW-Unimak-Pink-Even","Pink-Even",1998,1949170,1811810,NA,NA,NA,NA,NA,NA,NA,NA,NA,NA,NA,NA,NA,NA,NA,NA,NA,NA,NA,NA,NA,NA,NA,NA,NA,NA,NA,NA,NA,NA,NA,0.0730772953283425,209
"6121","SW-Unimak-Pink-Even","Pink-Even",2000,2281570,1104200,NA,NA,NA,NA,NA,NA,NA,NA,NA,NA,NA,NA,NA,NA,NA,NA,NA,NA,NA,NA,NA,NA,NA,NA,NA,NA,NA,NA,NA,NA,NA,0.725742711615986,209
"6122","SW-Unimak-Pink-Even","Pink-Even",2002,3541126,1654350,NA,NA,NA,NA,NA,NA,NA,NA,NA,NA,NA,NA,NA,NA,NA,NA,NA,NA,NA,NA,NA,NA,NA,NA,NA,NA,NA,NA,NA,NA,NA,0.761036573227169,209
"6123","SW-Unimak-Pink-Even","Pink-Even",2004,1810183,2341700,NA,NA,NA,NA,NA,NA,NA,NA,NA,NA,NA,NA,NA,NA,NA,NA,NA,NA,NA,NA,NA,NA,NA,NA,NA,NA,NA,NA,NA,NA,NA,-0.257449216186483,209
"6124","SW-Unimak-Pink-Even","Pink-Even",2006,4755345,1213885,NA,NA,NA,NA,NA,NA,NA,NA,NA,NA,NA,NA,NA,NA,NA,NA,NA,NA,NA,NA,NA,NA,NA,NA,NA,NA,NA,NA,NA,NA,NA,1.36544328859142,209
"6125","SW-Unimak-Pink-Even","Pink-Even",2008,391239,1005450,NA,NA,NA,NA,NA,NA,NA,NA,NA,NA,NA,NA,NA,NA,NA,NA,NA,NA,NA,NA,NA,NA,NA,NA,NA,NA,NA,NA,NA,NA,NA,-0.943871855028922,209
"6126","SW-Unimak-Pink-Odd","Pink-Odd",1963,720200,431400,NA,NA,NA,NA,NA,NA,NA,NA,NA,NA,NA,NA,NA,NA,NA,NA,NA,NA,NA,NA,NA,NA,NA,NA,NA,NA,NA,NA,NA,NA,NA,0.512493217259719,210
"6127","SW-Unimak-Pink-Odd","Pink-Odd",1965,122400,245500,NA,NA,NA,NA,NA,NA,NA,NA,NA,NA,NA,NA,NA,NA,NA,NA,NA,NA,NA,NA,NA,NA,NA,NA,NA,NA,NA,NA,NA,NA,NA,-0.69600257715635,210
"6128","SW-Unimak-Pink-Odd","Pink-Odd",1967,834000,118200,NA,NA,NA,NA,NA,NA,NA,NA,NA,NA,NA,NA,NA,NA,NA,NA,NA,NA,NA,NA,NA,NA,NA,NA,NA,NA,NA,NA,NA,NA,NA,1.95385529738675,210
"6129","SW-Unimak-Pink-Odd","Pink-Odd",1969,428509,568700,NA,NA,NA,NA,NA,NA,NA,NA,NA,NA,NA,NA,NA,NA,NA,NA,NA,NA,NA,NA,NA,NA,NA,NA,NA,NA,NA,NA,NA,NA,NA,-0.283041312994906,210
"6130","SW-Unimak-Pink-Odd","Pink-Odd",1971,27173,214700,NA,NA,NA,NA,NA,NA,NA,NA,NA,NA,NA,NA,NA,NA,NA,NA,NA,NA,NA,NA,NA,NA,NA,NA,NA,NA,NA,NA,NA,NA,NA,-2.06701787164198,210
"6131","SW-Unimak-Pink-Odd","Pink-Odd",1973,219643,25100,NA,NA,NA,NA,NA,NA,NA,NA,NA,NA,NA,NA,NA,NA,NA,NA,NA,NA,NA,NA,NA,NA,NA,NA,NA,NA,NA,NA,NA,NA,NA,2.16913565489391,210
"6132","SW-Unimak-Pink-Odd","Pink-Odd",1975,789045,194300,NA,NA,NA,NA,NA,NA,NA,NA,NA,NA,NA,NA,NA,NA,NA,NA,NA,NA,NA,NA,NA,NA,NA,NA,NA,NA,NA,NA,NA,NA,NA,1.40141999705662,210
"6133","SW-Unimak-Pink-Odd","Pink-Odd",1977,2074953,509300,NA,NA,NA,NA,NA,NA,NA,NA,NA,NA,NA,NA,NA,NA,NA,NA,NA,NA,NA,NA,NA,NA,NA,NA,NA,NA,NA,NA,NA,NA,NA,1.4046565479153,210
"6134","SW-Unimak-Pink-Odd","Pink-Odd",1979,817159,504400,NA,NA,NA,NA,NA,NA,NA,NA,NA,NA,NA,NA,NA,NA,NA,NA,NA,NA,NA,NA,NA,NA,NA,NA,NA,NA,NA,NA,NA,NA,NA,0.482464086277389,210
"6135","SW-Unimak-Pink-Odd","Pink-Odd",1981,738315,431800,NA,NA,NA,NA,NA,NA,NA,NA,NA,NA,NA,NA,NA,NA,NA,NA,NA,NA,NA,NA,NA,NA,NA,NA,NA,NA,NA,NA,NA,NA,NA,0.536408044722358,210
"6136","SW-Unimak-Pink-Odd","Pink-Odd",1983,1384850,212000,NA,NA,NA,NA,NA,NA,NA,NA,NA,NA,NA,NA,NA,NA,NA,NA,NA,NA,NA,NA,NA,NA,NA,NA,NA,NA,NA,NA,NA,NA,NA,1.87676083483511,210
"6137","SW-Unimak-Pink-Odd","Pink-Odd",1985,284238,384500,NA,NA,NA,NA,NA,NA,NA,NA,NA,NA,NA,NA,NA,NA,NA,NA,NA,NA,NA,NA,NA,NA,NA,NA,NA,NA,NA,NA,NA,NA,NA,-0.302131873565028,210
"6138","SW-Unimak-Pink-Odd","Pink-Odd",1987,2202749,236100,NA,NA,NA,NA,NA,NA,NA,NA,NA,NA,NA,NA,NA,NA,NA,NA,NA,NA,NA,NA,NA,NA,NA,NA,NA,NA,NA,NA,NA,NA,NA,2.23320596067729,210
"6139","SW-Unimak-Pink-Odd","Pink-Odd",1989,3125159,691600,NA,NA,NA,NA,NA,NA,NA,NA,NA,NA,NA,NA,NA,NA,NA,NA,NA,NA,NA,NA,NA,NA,NA,NA,NA,NA,NA,NA,NA,NA,NA,1.50823268706702,210
"6140","SW-Unimak-Pink-Odd","Pink-Odd",1991,3111334,678400,NA,NA,NA,NA,NA,NA,NA,NA,NA,NA,NA,NA,NA,NA,NA,NA,NA,NA,NA,NA,NA,NA,NA,NA,NA,NA,NA,NA,NA,NA,NA,1.52306976763434,210
"6141","SW-Unimak-Pink-Odd","Pink-Odd",1993,6762894,757900,NA,NA,NA,NA,NA,NA,NA,NA,NA,NA,NA,NA,NA,NA,NA,NA,NA,NA,NA,NA,NA,NA,NA,NA,NA,NA,NA,NA,NA,NA,NA,2.18865473311646,210
"6142","SW-Unimak-Pink-Odd","Pink-Odd",1995,2091497,2001850,NA,NA,NA,NA,NA,NA,NA,NA,NA,NA,NA,NA,NA,NA,NA,NA,NA,NA,NA,NA,NA,NA,NA,NA,NA,NA,NA,NA,NA,NA,NA,0.0438083245107659,210
"6143","SW-Unimak-Pink-Odd","Pink-Odd",1997,3162652,1221900,NA,NA,NA,NA,NA,NA,NA,NA,NA,NA,NA,NA,NA,NA,NA,NA,NA,NA,NA,NA,NA,NA,NA,NA,NA,NA,NA,NA,NA,NA,NA,0.951003891799405,210
"6144","SW-Unimak-Pink-Odd","Pink-Odd",1999,2152314,1652230,NA,NA,NA,NA,NA,NA,NA,NA,NA,NA,NA,NA,NA,NA,NA,NA,NA,NA,NA,NA,NA,NA,NA,NA,NA,NA,NA,NA,NA,NA,NA,0.264417651846806,210
"6145","SW-Unimak-Pink-Odd","Pink-Odd",2001,2908340,925016,NA,NA,NA,NA,NA,NA,NA,NA,NA,NA,NA,NA,NA,NA,NA,NA,NA,NA,NA,NA,NA,NA,NA,NA,NA,NA,NA,NA,NA,NA,NA,1.14552671600338,210
"6146","SW-Unimak-Pink-Odd","Pink-Odd",2003,4012782,1837100,NA,NA,NA,NA,NA,NA,NA,NA,NA,NA,NA,NA,NA,NA,NA,NA,NA,NA,NA,NA,NA,NA,NA,NA,NA,NA,NA,NA,NA,NA,NA,0.781296525027662,210
"6147","SW-Unimak-Pink-Odd","Pink-Odd",2005,1583116,1894364,NA,NA,NA,NA,NA,NA,NA,NA,NA,NA,NA,NA,NA,NA,NA,NA,NA,NA,NA,NA,NA,NA,NA,NA,NA,NA,NA,NA,NA,NA,NA,-0.179488105349509,210
"6148","SW-Unimak-Pink-Odd","Pink-Odd",2007,3336417,874340,NA,NA,NA,NA,NA,NA,NA,NA,NA,NA,NA,NA,NA,NA,NA,NA,NA,NA,NA,NA,NA,NA,NA,NA,NA,NA,NA,NA,NA,NA,NA,1.33918343964006,210
"6149","SW-Unimak-Pink-Odd","Pink-Odd",2009,1018590,1397100,NA,NA,NA,NA,NA,NA,NA,NA,NA,NA,NA,NA,NA,NA,NA,NA,NA,NA,NA,NA,NA,NA,NA,NA,NA,NA,NA,NA,NA,NA,NA,-0.315979341650554,210
"6150","NW AKPen-Pink-Even","Pink-Even",1962,21800,4000,NA,NA,NA,NA,NA,NA,NA,NA,NA,NA,NA,NA,NA,NA,NA,NA,NA,NA,NA,NA,NA,NA,NA,NA,NA,NA,NA,NA,NA,NA,NA,1.69561560867515,211
"6151","NW AKPen-Pink-Even","Pink-Even",1964,17700,15000,NA,NA,NA,NA,NA,NA,NA,NA,NA,NA,NA,NA,NA,NA,NA,NA,NA,NA,NA,NA,NA,NA,NA,NA,NA,NA,NA,NA,NA,NA,NA,0.165514438477573,211
"6152","NW AKPen-Pink-Even","Pink-Even",1966,26500,1700,NA,NA,NA,NA,NA,NA,NA,NA,NA,NA,NA,NA,NA,NA,NA,NA,NA,NA,NA,NA,NA,NA,NA,NA,NA,NA,NA,NA,NA,NA,NA,2.74651648193001,211
"6153","NW AKPen-Pink-Even","Pink-Even",1968,18945,26500,NA,NA,NA,NA,NA,NA,NA,NA,NA,NA,NA,NA,NA,NA,NA,NA,NA,NA,NA,NA,NA,NA,NA,NA,NA,NA,NA,NA,NA,NA,NA,-0.335604688521612,211
"6154","NW AKPen-Pink-Even","Pink-Even",1970,1232,11100,NA,NA,NA,NA,NA,NA,NA,NA,NA,NA,NA,NA,NA,NA,NA,NA,NA,NA,NA,NA,NA,NA,NA,NA,NA,NA,NA,NA,NA,NA,NA,-2.19830624320696,211
"6155","NW AKPen-Pink-Even","Pink-Even",1972,33306,1200,NA,NA,NA,NA,NA,NA,NA,NA,NA,NA,NA,NA,NA,NA,NA,NA,NA,NA,NA,NA,NA,NA,NA,NA,NA,NA,NA,NA,NA,NA,NA,3.32341600414212,211
"6156","NW AKPen-Pink-Even","Pink-Even",1974,37385,23000,NA,NA,NA,NA,NA,NA,NA,NA,NA,NA,NA,NA,NA,NA,NA,NA,NA,NA,NA,NA,NA,NA,NA,NA,NA,NA,NA,NA,NA,NA,NA,0.485775338522729,211
"6157","NW AKPen-Pink-Even","Pink-Even",1976,558182,37300,NA,NA,NA,NA,NA,NA,NA,NA,NA,NA,NA,NA,NA,NA,NA,NA,NA,NA,NA,NA,NA,NA,NA,NA,NA,NA,NA,NA,NA,NA,NA,2.70569174742589,211
"6158","NW AKPen-Pink-Even","Pink-Even",1978,391929,90400,NA,NA,NA,NA,NA,NA,NA,NA,NA,NA,NA,NA,NA,NA,NA,NA,NA,NA,NA,NA,NA,NA,NA,NA,NA,NA,NA,NA,NA,NA,NA,1.4668364335387,211
"6159","NW AKPen-Pink-Even","Pink-Even",1980,56785,94000,NA,NA,NA,NA,NA,NA,NA,NA,NA,NA,NA,NA,NA,NA,NA,NA,NA,NA,NA,NA,NA,NA,NA,NA,NA,NA,NA,NA,NA,NA,NA,-0.504022575926394,211
"6160","NW AKPen-Pink-Even","Pink-Even",1982,42869,51700,NA,NA,NA,NA,NA,NA,NA,NA,NA,NA,NA,NA,NA,NA,NA,NA,NA,NA,NA,NA,NA,NA,NA,NA,NA,NA,NA,NA,NA,NA,NA,-0.187308827511994,211
"6161","NW AKPen-Pink-Even","Pink-Even",1984,22785,33000,NA,NA,NA,NA,NA,NA,NA,NA,NA,NA,NA,NA,NA,NA,NA,NA,NA,NA,NA,NA,NA,NA,NA,NA,NA,NA,NA,NA,NA,NA,NA,-0.370405136750634,211
"6162","NW AKPen-Pink-Even","Pink-Even",1986,58655,12900,NA,NA,NA,NA,NA,NA,NA,NA,NA,NA,NA,NA,NA,NA,NA,NA,NA,NA,NA,NA,NA,NA,NA,NA,NA,NA,NA,NA,NA,NA,NA,1.51444551159006,211
"6163","NW AKPen-Pink-Even","Pink-Even",1988,22330,28500,NA,NA,NA,NA,NA,NA,NA,NA,NA,NA,NA,NA,NA,NA,NA,NA,NA,NA,NA,NA,NA,NA,NA,NA,NA,NA,NA,NA,NA,NA,NA,-0.243973021422538,211
"6164","NW AKPen-Pink-Even","Pink-Even",1990,8919,22200,NA,NA,NA,NA,NA,NA,NA,NA,NA,NA,NA,NA,NA,NA,NA,NA,NA,NA,NA,NA,NA,NA,NA,NA,NA,NA,NA,NA,NA,NA,NA,-0.911908456194163,211
"6165","NW AKPen-Pink-Even","Pink-Even",1994,219767,94700,NA,NA,NA,NA,NA,NA,NA,NA,NA,NA,NA,NA,NA,NA,NA,NA,NA,NA,NA,NA,NA,NA,NA,NA,NA,NA,NA,NA,NA,NA,NA,0.841853894018162,211
"6166","NW AKPen-Pink-Even","Pink-Even",1996,145655,216600,NA,NA,NA,NA,NA,NA,NA,NA,NA,NA,NA,NA,NA,NA,NA,NA,NA,NA,NA,NA,NA,NA,NA,NA,NA,NA,NA,NA,NA,NA,NA,-0.396811522880089,211
"6167","NW AKPen-Pink-Even","Pink-Even",1998,53769,129500,NA,NA,NA,NA,NA,NA,NA,NA,NA,NA,NA,NA,NA,NA,NA,NA,NA,NA,NA,NA,NA,NA,NA,NA,NA,NA,NA,NA,NA,NA,NA,-0.878983788222022,211
"6168","NW AKPen-Pink-Even","Pink-Even",2000,15678,35900,NA,NA,NA,NA,NA,NA,NA,NA,NA,NA,NA,NA,NA,NA,NA,NA,NA,NA,NA,NA,NA,NA,NA,NA,NA,NA,NA,NA,NA,NA,NA,-0.828478839727703,211
"6169","NW AKPen-Pink-Even","Pink-Even",2002,96734,11900,NA,NA,NA,NA,NA,NA,NA,NA,NA,NA,NA,NA,NA,NA,NA,NA,NA,NA,NA,NA,NA,NA,NA,NA,NA,NA,NA,NA,NA,NA,NA,2.09542654343951,211
"6170","NW AKPen-Pink-Even","Pink-Even",2004,185930,85300,NA,NA,NA,NA,NA,NA,NA,NA,NA,NA,NA,NA,NA,NA,NA,NA,NA,NA,NA,NA,NA,NA,NA,NA,NA,NA,NA,NA,NA,NA,NA,0.779195804294338,211
"6171","NW AKPen-Pink-Even","Pink-Even",2006,28441,128915,NA,NA,NA,NA,NA,NA,NA,NA,NA,NA,NA,NA,NA,NA,NA,NA,NA,NA,NA,NA,NA,NA,NA,NA,NA,NA,NA,NA,NA,NA,NA,-1.51132150639237,211
"6172","NW AKPen-Pink-Even","Pink-Even",2008,21750,11900,NA,NA,NA,NA,NA,NA,NA,NA,NA,NA,NA,NA,NA,NA,NA,NA,NA,NA,NA,NA,NA,NA,NA,NA,NA,NA,NA,NA,NA,NA,NA,0.603075357417209,211
"6173","NW AKPen-Pink-Odd","Pink-Odd",1963,2900,4400,NA,NA,NA,NA,NA,NA,NA,NA,NA,NA,NA,NA,NA,NA,NA,NA,NA,NA,NA,NA,NA,NA,NA,NA,NA,NA,NA,NA,NA,NA,NA,-0.416893803931787,212
"6174","NW AKPen-Pink-Odd","Pink-Odd",1965,1000,900,NA,NA,NA,NA,NA,NA,NA,NA,NA,NA,NA,NA,NA,NA,NA,NA,NA,NA,NA,NA,NA,NA,NA,NA,NA,NA,NA,NA,NA,NA,NA,0.105360515657826,212
"6175","NW AKPen-Pink-Odd","Pink-Odd",1967,4400,700,NA,NA,NA,NA,NA,NA,NA,NA,NA,NA,NA,NA,NA,NA,NA,NA,NA,NA,NA,NA,NA,NA,NA,NA,NA,NA,NA,NA,NA,NA,NA,1.83827948486295,212
"6176","NW AKPen-Pink-Odd","Pink-Odd",1969,8776,4400,NA,NA,NA,NA,NA,NA,NA,NA,NA,NA,NA,NA,NA,NA,NA,NA,NA,NA,NA,NA,NA,NA,NA,NA,NA,NA,NA,NA,NA,NA,NA,0.690416182048714,212
"6177","NW AKPen-Pink-Odd","Pink-Odd",1971,234,8500,NA,NA,NA,NA,NA,NA,NA,NA,NA,NA,NA,NA,NA,NA,NA,NA,NA,NA,NA,NA,NA,NA,NA,NA,NA,NA,NA,NA,NA,NA,NA,-3.59250032712071,212
"6178","NW AKPen-Pink-Odd","Pink-Odd",1973,609,200,NA,NA,NA,NA,NA,NA,NA,NA,NA,NA,NA,NA,NA,NA,NA,NA,NA,NA,NA,NA,NA,NA,NA,NA,NA,NA,NA,NA,NA,NA,NA,1.11350090116186,212
"6179","NW AKPen-Pink-Odd","Pink-Odd",1975,6400,600,NA,NA,NA,NA,NA,NA,NA,NA,NA,NA,NA,NA,NA,NA,NA,NA,NA,NA,NA,NA,NA,NA,NA,NA,NA,NA,NA,NA,NA,NA,NA,2.36712361413162,212
"6180","NW AKPen-Pink-Odd","Pink-Odd",1977,12677,6400,NA,NA,NA,NA,NA,NA,NA,NA,NA,NA,NA,NA,NA,NA,NA,NA,NA,NA,NA,NA,NA,NA,NA,NA,NA,NA,NA,NA,NA,NA,NA,0.683491337590963,212
"6181","NW AKPen-Pink-Odd","Pink-Odd",1979,14763,9300,NA,NA,NA,NA,NA,NA,NA,NA,NA,NA,NA,NA,NA,NA,NA,NA,NA,NA,NA,NA,NA,NA,NA,NA,NA,NA,NA,NA,NA,NA,NA,0.462109650392741,212
"6182","NW AKPen-Pink-Odd","Pink-Odd",1981,5218,5700,NA,NA,NA,NA,NA,NA,NA,NA,NA,NA,NA,NA,NA,NA,NA,NA,NA,NA,NA,NA,NA,NA,NA,NA,NA,NA,NA,NA,NA,NA,NA,-0.0883519881259678,212
"6183","NW AKPen-Pink-Odd","Pink-Odd",1983,3352,3900,NA,NA,NA,NA,NA,NA,NA,NA,NA,NA,NA,NA,NA,NA,NA,NA,NA,NA,NA,NA,NA,NA,NA,NA,NA,NA,NA,NA,NA,NA,NA,-0.151419370515764,212
"6184","NW AKPen-Pink-Odd","Pink-Odd",1985,1946,1400,NA,NA,NA,NA,NA,NA,NA,NA,NA,NA,NA,NA,NA,NA,NA,NA,NA,NA,NA,NA,NA,NA,NA,NA,NA,NA,NA,NA,NA,NA,NA,0.3293037471426,212
"6185","NW AKPen-Pink-Odd","Pink-Odd",1987,5095,1100,NA,NA,NA,NA,NA,NA,NA,NA,NA,NA,NA,NA,NA,NA,NA,NA,NA,NA,NA,NA,NA,NA,NA,NA,NA,NA,NA,NA,NA,NA,NA,1.53294948687036,212
"6186","NW AKPen-Pink-Odd","Pink-Odd",1989,4609,1900,NA,NA,NA,NA,NA,NA,NA,NA,NA,NA,NA,NA,NA,NA,NA,NA,NA,NA,NA,NA,NA,NA,NA,NA,NA,NA,NA,NA,NA,NA,NA,0.886157027565976,212
"6187","NW AKPen-Pink-Odd","Pink-Odd",1991,756,1200,NA,NA,NA,NA,NA,NA,NA,NA,NA,NA,NA,NA,NA,NA,NA,NA,NA,NA,NA,NA,NA,NA,NA,NA,NA,NA,NA,NA,NA,NA,NA,-0.462035459596559,212
"6188","NW AKPen-Pink-Odd","Pink-Odd",1993,6584,700,NA,NA,NA,NA,NA,NA,NA,NA,NA,NA,NA,NA,NA,NA,NA,NA,NA,NA,NA,NA,NA,NA,NA,NA,NA,NA,NA,NA,NA,NA,NA,2.2413174073135,212
"6189","NW AKPen-Pink-Odd","Pink-Odd",1995,9936,5200,NA,NA,NA,NA,NA,NA,NA,NA,NA,NA,NA,NA,NA,NA,NA,NA,NA,NA,NA,NA,NA,NA,NA,NA,NA,NA,NA,NA,NA,NA,NA,0.647505899603741,212
"6190","NW AKPen-Pink-Odd","Pink-Odd",1997,15672,4800,NA,NA,NA,NA,NA,NA,NA,NA,NA,NA,NA,NA,NA,NA,NA,NA,NA,NA,NA,NA,NA,NA,NA,NA,NA,NA,NA,NA,NA,NA,NA,1.18325976272839,212
"6191","NW AKPen-Pink-Odd","Pink-Odd",1999,11057,14500,NA,NA,NA,NA,NA,NA,NA,NA,NA,NA,NA,NA,NA,NA,NA,NA,NA,NA,NA,NA,NA,NA,NA,NA,NA,NA,NA,NA,NA,NA,NA,-0.271084937866264,212
"6192","NW AKPen-Pink-Odd","Pink-Odd",2001,1504,6900,NA,NA,NA,NA,NA,NA,NA,NA,NA,NA,NA,NA,NA,NA,NA,NA,NA,NA,NA,NA,NA,NA,NA,NA,NA,NA,NA,NA,NA,NA,NA,-1.52339318607557,212
"6193","NW AKPen-Pink-Odd","Pink-Odd",2003,10686,800,NA,NA,NA,NA,NA,NA,NA,NA,NA,NA,NA,NA,NA,NA,NA,NA,NA,NA,NA,NA,NA,NA,NA,NA,NA,NA,NA,NA,NA,NA,NA,2.59207802484979,212
"6194","NW AKPen-Pink-Odd","Pink-Odd",2005,152767,8738,NA,NA,NA,NA,NA,NA,NA,NA,NA,NA,NA,NA,NA,NA,NA,NA,NA,NA,NA,NA,NA,NA,NA,NA,NA,NA,NA,NA,NA,NA,NA,2.86123255429222,212
"6195","NW AKPen-Pink-Odd","Pink-Odd",2007,349253,15750,NA,NA,NA,NA,NA,NA,NA,NA,NA,NA,NA,NA,NA,NA,NA,NA,NA,NA,NA,NA,NA,NA,NA,NA,NA,NA,NA,NA,NA,NA,NA,3.0989562226639,212
"6196","NW AKPen-Pink-Odd","Pink-Odd",2009,110895,74400,NA,NA,NA,NA,NA,NA,NA,NA,NA,NA,NA,NA,NA,NA,NA,NA,NA,NA,NA,NA,NA,NA,NA,NA,NA,NA,NA,NA,NA,NA,NA,0.399127865838127,212
"6197","Nushagak-Pink-Even","Pink-Even",1958,4e+05,4e+06,NA,NA,NA,NA,NA,NA,NA,NA,NA,NA,NA,NA,NA,NA,NA,NA,NA,NA,NA,NA,NA,NA,NA,NA,NA,NA,NA,NA,NA,NA,NA,-2.30258509299405,213
"6198","Nushagak-Pink-Even","Pink-Even",1960,1380438,1e+05,NA,NA,NA,NA,NA,NA,NA,NA,NA,NA,NA,NA,NA,NA,NA,NA,NA,NA,NA,NA,NA,NA,NA,NA,NA,NA,NA,NA,NA,NA,NA,2.62498593310954,213
"6199","Nushagak-Pink-Even","Pink-Even",1962,2406317,500014,NA,NA,NA,NA,NA,NA,NA,NA,NA,NA,NA,NA,NA,NA,NA,NA,NA,NA,NA,NA,NA,NA,NA,NA,NA,NA,NA,NA,NA,NA,NA,1.5712165437741,213
"6200","Nushagak-Pink-Even","Pink-Even",1964,3779490,908500,NA,NA,NA,NA,NA,NA,NA,NA,NA,NA,NA,NA,NA,NA,NA,NA,NA,NA,NA,NA,NA,NA,NA,NA,NA,NA,NA,NA,NA,NA,NA,1.42554947103988,213
"6201","Nushagak-Pink-Even","Pink-Even",1966,3866266,1442424,NA,NA,NA,NA,NA,NA,NA,NA,NA,NA,NA,NA,NA,NA,NA,NA,NA,NA,NA,NA,NA,NA,NA,NA,NA,NA,NA,NA,NA,NA,NA,0.985964151681906,213
"6202","Nushagak-Pink-Even","Pink-Even",1968,570414,2161116,NA,NA,NA,NA,NA,NA,NA,NA,NA,NA,NA,NA,NA,NA,NA,NA,NA,NA,NA,NA,NA,NA,NA,NA,NA,NA,NA,NA,NA,NA,NA,-1.33201762094021,213
"6203","Nushagak-Pink-Even","Pink-Even",1970,126489,152580,NA,NA,NA,NA,NA,NA,NA,NA,NA,NA,NA,NA,NA,NA,NA,NA,NA,NA,NA,NA,NA,NA,NA,NA,NA,NA,NA,NA,NA,NA,NA,-0.187533700797185,213
"6204","Nushagak-Pink-Even","Pink-Even",1972,945929,58536,NA,NA,NA,NA,NA,NA,NA,NA,NA,NA,NA,NA,NA,NA,NA,NA,NA,NA,NA,NA,NA,NA,NA,NA,NA,NA,NA,NA,NA,NA,NA,2.78252556379942,213
"6205","Nushagak-Pink-Even","Pink-Even",1974,1575868,532316,NA,NA,NA,NA,NA,NA,NA,NA,NA,NA,NA,NA,NA,NA,NA,NA,NA,NA,NA,NA,NA,NA,NA,NA,NA,NA,NA,NA,NA,NA,NA,1.08532421260008,213
"6206","Nushagak-Pink-Even","Pink-Even",1976,13510120,836278,NA,NA,NA,NA,NA,NA,NA,NA,NA,NA,NA,NA,NA,NA,NA,NA,NA,NA,NA,NA,NA,NA,NA,NA,NA,NA,NA,NA,NA,NA,NA,2.78223321953213,213
"6207","Nushagak-Pink-Even","Pink-Even",1978,4952291,9161784,NA,NA,NA,NA,NA,NA,NA,NA,NA,NA,NA,NA,NA,NA,NA,NA,NA,NA,NA,NA,NA,NA,NA,NA,NA,NA,NA,NA,NA,NA,NA,-0.61519062175668,213
"6208","Nushagak-Pink-Even","Pink-Even",1980,2950498,2749746,NA,NA,NA,NA,NA,NA,NA,NA,NA,NA,NA,NA,NA,NA,NA,NA,NA,NA,NA,NA,NA,NA,NA,NA,NA,NA,NA,NA,NA,NA,NA,0.070465425887312,213
"6209","Nushagak-Pink-Even","Pink-Even",1982,5960515,1611226,NA,NA,NA,NA,NA,NA,NA,NA,NA,NA,NA,NA,NA,NA,NA,NA,NA,NA,NA,NA,NA,NA,NA,NA,NA,NA,NA,NA,NA,NA,NA,1.30816150684748,213
"6210","Nushagak-Pink-Even","Pink-Even",1984,339306,2833362,NA,NA,NA,NA,NA,NA,NA,NA,NA,NA,NA,NA,NA,NA,NA,NA,NA,NA,NA,NA,NA,NA,NA,NA,NA,NA,NA,NA,NA,NA,NA,-2.12231691630638,213
"6211","Nushagak-Pink-Even","Pink-Even",1986,738500,72189,NA,NA,NA,NA,NA,NA,NA,NA,NA,NA,NA,NA,NA,NA,NA,NA,NA,NA,NA,NA,NA,NA,NA,NA,NA,NA,NA,NA,NA,NA,NA,2.32533342225043,213
"6212","Nushagak-Pink-Even","Pink-Even",1988,855557,494610,NA,NA,NA,NA,NA,NA,NA,NA,NA,NA,NA,NA,NA,NA,NA,NA,NA,NA,NA,NA,NA,NA,NA,NA,NA,NA,NA,NA,NA,NA,NA,0.547983145574622,213
"6213","Nushagak-Pink-Even","Pink-Even",1990,378777,801430,NA,NA,NA,NA,NA,NA,NA,NA,NA,NA,NA,NA,NA,NA,NA,NA,NA,NA,NA,NA,NA,NA,NA,NA,NA,NA,NA,NA,NA,NA,NA,-0.749449990579549,213
"6214","Nushagak-Pink-Even","Pink-Even",1992,199109,188675,NA,NA,NA,NA,NA,NA,NA,NA,NA,NA,NA,NA,NA,NA,NA,NA,NA,NA,NA,NA,NA,NA,NA,NA,NA,NA,NA,NA,NA,NA,NA,0.0538264552929441,213
"6215","Nushagak-Pink-Even","Pink-Even",1994,823993,191772,NA,NA,NA,NA,NA,NA,NA,NA,NA,NA,NA,NA,NA,NA,NA,NA,NA,NA,NA,NA,NA,NA,NA,NA,NA,NA,NA,NA,NA,NA,NA,1.45785486833678,213
"6216","Nushagak-Pink-Even","Pink-Even",1996,139210,821312,NA,NA,NA,NA,NA,NA,NA,NA,NA,NA,NA,NA,NA,NA,NA,NA,NA,NA,NA,NA,NA,NA,NA,NA,NA,NA,NA,NA,NA,NA,NA,-1.77491947722152,213
"6217","Nushagak-Pink-Even","Pink-Even",1998,173594,132402,NA,NA,NA,NA,NA,NA,NA,NA,NA,NA,NA,NA,NA,NA,NA,NA,NA,NA,NA,NA,NA,NA,NA,NA,NA,NA,NA,NA,NA,NA,NA,0.270876490287983,213
"6218","Nushagak-Pink-Even","Pink-Even",2000,317895,135285,NA,NA,NA,NA,NA,NA,NA,NA,NA,NA,NA,NA,NA,NA,NA,NA,NA,NA,NA,NA,NA,NA,NA,NA,NA,NA,NA,NA,NA,NA,NA,0.854337475290866,213
"6219","Nushagak-Pink-Even","Pink-Even",2002,582216,317661,NA,NA,NA,NA,NA,NA,NA,NA,NA,NA,NA,NA,NA,NA,NA,NA,NA,NA,NA,NA,NA,NA,NA,NA,NA,NA,NA,NA,NA,NA,NA,0.605856736476912,213
"6220","Unalakleet-Pink-Even","Pink-Even",1970,86297,1240,NA,NA,NA,NA,NA,NA,NA,NA,NA,NA,NA,NA,NA,NA,NA,NA,NA,NA,NA,NA,NA,NA,NA,NA,NA,NA,NA,NA,NA,NA,NA,4.24268345541166,214
"6221","Unalakleet-Pink-Even","Pink-Even",1972,244462,54934,NA,NA,NA,NA,NA,NA,NA,NA,NA,NA,NA,NA,NA,NA,NA,NA,NA,NA,NA,NA,NA,NA,NA,NA,NA,NA,NA,NA,NA,NA,NA,1.49292741295725,214
"6222","Unalakleet-Pink-Even","Pink-Even",1974,52125,143789,NA,NA,NA,NA,NA,NA,NA,NA,NA,NA,NA,NA,NA,NA,NA,NA,NA,NA,NA,NA,NA,NA,NA,NA,NA,NA,NA,NA,NA,NA,NA,-1.01470226710995,214
"6223","Unalakleet-Pink-Even","Pink-Even",1976,171281,10606,NA,NA,NA,NA,NA,NA,NA,NA,NA,NA,NA,NA,NA,NA,NA,NA,NA,NA,NA,NA,NA,NA,NA,NA,NA,NA,NA,NA,NA,NA,NA,2.78188560394272,214
"6224","Unalakleet-Pink-Even","Pink-Even",1978,350113,21813,NA,NA,NA,NA,NA,NA,NA,NA,NA,NA,NA,NA,NA,NA,NA,NA,NA,NA,NA,NA,NA,NA,NA,NA,NA,NA,NA,NA,NA,NA,NA,2.77574983718313,214
"6225","Unalakleet-Pink-Even","Pink-Even",1980,331803,127900,NA,NA,NA,NA,NA,NA,NA,NA,NA,NA,NA,NA,NA,NA,NA,NA,NA,NA,NA,NA,NA,NA,NA,NA,NA,NA,NA,NA,NA,NA,NA,0.953292710721992,214
"6226","Unalakleet-Pink-Even","Pink-Even",1982,475805,168902,NA,NA,NA,NA,NA,NA,NA,NA,NA,NA,NA,NA,NA,NA,NA,NA,NA,NA,NA,NA,NA,NA,NA,NA,NA,NA,NA,NA,NA,NA,NA,1.03568944136083,214
"6227","Unalakleet-Pink-Even","Pink-Even",1984,236487,458387,NA,NA,NA,NA,NA,NA,NA,NA,NA,NA,NA,NA,NA,NA,NA,NA,NA,NA,NA,NA,NA,NA,NA,NA,NA,NA,NA,NA,NA,NA,NA,-0.661820567353398,214
"6228","Unalakleet-Pink-Even","Pink-Even",1986,136500,236487,NA,NA,NA,NA,NA,NA,NA,NA,NA,NA,NA,NA,NA,NA,NA,NA,NA,NA,NA,NA,NA,NA,NA,NA,NA,NA,NA,NA,NA,NA,NA,-0.549568623508635,214
"6229","Unalakleet-Pink-Even","Pink-Even",1988,25685,112770,NA,NA,NA,NA,NA,NA,NA,NA,NA,NA,NA,NA,NA,NA,NA,NA,NA,NA,NA,NA,NA,NA,NA,NA,NA,NA,NA,NA,NA,NA,NA,-1.47944318232497,214
"6230","Unalakleet-Pink-Even","Pink-Even",1990,637424,25685,NA,NA,NA,NA,NA,NA,NA,NA,NA,NA,NA,NA,NA,NA,NA,NA,NA,NA,NA,NA,NA,NA,NA,NA,NA,NA,NA,NA,NA,NA,NA,3.21152789032032,214
"6231","Unalakleet-Pink-Even","Pink-Even",1996,266216,125500,NA,NA,NA,NA,NA,NA,NA,NA,NA,NA,NA,NA,NA,NA,NA,NA,NA,NA,NA,NA,NA,NA,NA,NA,NA,NA,NA,NA,NA,NA,NA,0.752002250767001,214
"6232","Unalakleet-Pink-Even","Pink-Even",2002,286755,4590,NA,NA,NA,NA,NA,NA,NA,NA,NA,NA,NA,NA,NA,NA,NA,NA,NA,NA,NA,NA,NA,NA,NA,NA,NA,NA,NA,NA,NA,NA,NA,4.13474816857664,214
"6233","Unalakleet-Pink-Odd","Pink-Odd",1973,34780,26542,NA,NA,NA,NA,NA,NA,NA,NA,NA,NA,NA,NA,NA,NA,NA,NA,NA,NA,NA,NA,NA,NA,NA,NA,NA,NA,NA,NA,NA,NA,NA,0.270314124911079,215
"6234","Unalakleet-Pink-Odd","Pink-Odd",1975,34436,17885,NA,NA,NA,NA,NA,NA,NA,NA,NA,NA,NA,NA,NA,NA,NA,NA,NA,NA,NA,NA,NA,NA,NA,NA,NA,NA,NA,NA,NA,NA,NA,0.655140156084727,215
"6235","Unalakleet-Pink-Odd","Pink-Odd",1977,66107,4565,NA,NA,NA,NA,NA,NA,NA,NA,NA,NA,NA,NA,NA,NA,NA,NA,NA,NA,NA,NA,NA,NA,NA,NA,NA,NA,NA,NA,NA,NA,NA,2.67285612735497,215
"6236","Unalakleet-Pink-Odd","Pink-Odd",1979,129558,9500,NA,NA,NA,NA,NA,NA,NA,NA,NA,NA,NA,NA,NA,NA,NA,NA,NA,NA,NA,NA,NA,NA,NA,NA,NA,NA,NA,NA,NA,NA,NA,2.61283685871425,215
"6237","Unalakleet-Pink-Odd","Pink-Odd",1981,44986,575,NA,NA,NA,NA,NA,NA,NA,NA,NA,NA,NA,NA,NA,NA,NA,NA,NA,NA,NA,NA,NA,NA,NA,NA,NA,NA,NA,NA,NA,NA,NA,4.35973656843889,215
"6238","Unalakleet-Pink-Odd","Pink-Odd",1983,4416,4980,NA,NA,NA,NA,NA,NA,NA,NA,NA,NA,NA,NA,NA,NA,NA,NA,NA,NA,NA,NA,NA,NA,NA,NA,NA,NA,NA,NA,NA,NA,NA,-0.120195582061767,215
"6239","Unalakleet-Pink-Odd","Pink-Odd",1985,97,4360,NA,NA,NA,NA,NA,NA,NA,NA,NA,NA,NA,NA,NA,NA,NA,NA,NA,NA,NA,NA,NA,NA,NA,NA,NA,NA,NA,NA,NA,NA,NA,-3.8055163578397,215
"6240","Unalakleet-Pink-Odd","Pink-Odd",1991,55631,119140,NA,NA,NA,NA,NA,NA,NA,NA,NA,NA,NA,NA,NA,NA,NA,NA,NA,NA,NA,NA,NA,NA,NA,NA,NA,NA,NA,NA,NA,NA,NA,-0.761558672362627,215
"6241","Unalakleet-Pink-Odd","Pink-Odd",1993,71934,13570,NA,NA,NA,NA,NA,NA,NA,NA,NA,NA,NA,NA,NA,NA,NA,NA,NA,NA,NA,NA,NA,NA,NA,NA,NA,NA,NA,NA,NA,NA,NA,1.66788755810679,215
"6242","Unalakleet-Pink-Odd","Pink-Odd",1995,28470,18300,NA,NA,NA,NA,NA,NA,NA,NA,NA,NA,NA,NA,NA,NA,NA,NA,NA,NA,NA,NA,NA,NA,NA,NA,NA,NA,NA,NA,NA,NA,NA,0.441949841442571,215
"6243","Unalakleet-Pink-Odd","Pink-Odd",1997,13850,17870,NA,NA,NA,NA,NA,NA,NA,NA,NA,NA,NA,NA,NA,NA,NA,NA,NA,NA,NA,NA,NA,NA,NA,NA,NA,NA,NA,NA,NA,NA,NA,-0.254838096537989,215
"6244","Unalakleet-Pink-Odd","Pink-Odd",2003,406597,11010,NA,NA,NA,NA,NA,NA,NA,NA,NA,NA,NA,NA,NA,NA,NA,NA,NA,NA,NA,NA,NA,NA,NA,NA,NA,NA,NA,NA,NA,NA,NA,3.60901857217371,215
"6245","Unalakleet-Pink-Odd","Pink-Odd",2005,63895,381150,NA,NA,NA,NA,NA,NA,NA,NA,NA,NA,NA,NA,NA,NA,NA,NA,NA,NA,NA,NA,NA,NA,NA,NA,NA,NA,NA,NA,NA,NA,NA,-1.78595188737362,215
"6246","Unalakleet-Pink-Odd","Pink-Odd",2007,213271,50100,NA,NA,NA,NA,NA,NA,NA,NA,NA,NA,NA,NA,NA,NA,NA,NA,NA,NA,NA,NA,NA,NA,NA,NA,NA,NA,NA,NA,NA,NA,NA,1.4485426493997,215
"6247","Unalakleet-Pink-Odd","Pink-Odd",2009,32820,189939,NA,NA,NA,NA,NA,NA,NA,NA,NA,NA,NA,NA,NA,NA,NA,NA,NA,NA,NA,NA,NA,NA,NA,NA,NA,NA,NA,NA,NA,NA,NA,-1.75566488231853,215
"6248","Nome-Pink-Even","Pink-Even",1972,71033,15251,NA,NA,NA,NA,NA,NA,NA,NA,NA,NA,NA,NA,NA,NA,NA,NA,NA,NA,NA,NA,NA,NA,NA,NA,NA,NA,NA,NA,NA,NA,NA,1.53849948311884,216
"6249","Nome-Pink-Even","Pink-Even",1974,10089,59493,NA,NA,NA,NA,NA,NA,NA,NA,NA,NA,NA,NA,NA,NA,NA,NA,NA,NA,NA,NA,NA,NA,NA,NA,NA,NA,NA,NA,NA,NA,NA,-1.77441293714556,216
"6250","Nome-Pink-Even","Pink-Even",1976,242777,3266,NA,NA,NA,NA,NA,NA,NA,NA,NA,NA,NA,NA,NA,NA,NA,NA,NA,NA,NA,NA,NA,NA,NA,NA,NA,NA,NA,NA,NA,NA,NA,4.30857733197874,216
"6251","Nome-Pink-Even","Pink-Even",1978,614343,206845,NA,NA,NA,NA,NA,NA,NA,NA,NA,NA,NA,NA,NA,NA,NA,NA,NA,NA,NA,NA,NA,NA,NA,NA,NA,NA,NA,NA,NA,NA,NA,1.08858368358236,216
"6252","Nome-Pink-Even","Pink-Even",1980,528684,582090,NA,NA,NA,NA,NA,NA,NA,NA,NA,NA,NA,NA,NA,NA,NA,NA,NA,NA,NA,NA,NA,NA,NA,NA,NA,NA,NA,NA,NA,NA,NA,-0.0962341750768394,216
"6253","Nome-Pink-Even","Pink-Even",1982,2229337,490970,NA,NA,NA,NA,NA,NA,NA,NA,NA,NA,NA,NA,NA,NA,NA,NA,NA,NA,NA,NA,NA,NA,NA,NA,NA,NA,NA,NA,NA,NA,NA,1.5130764847004,216
"6254","Nome-Pink-Even","Pink-Even",1984,69190,2212155,NA,NA,NA,NA,NA,NA,NA,NA,NA,NA,NA,NA,NA,NA,NA,NA,NA,NA,NA,NA,NA,NA,NA,NA,NA,NA,NA,NA,NA,NA,NA,-3.46486608900929,216
"6255","Nome-Pink-Even","Pink-Even",1986,21473,60470,NA,NA,NA,NA,NA,NA,NA,NA,NA,NA,NA,NA,NA,NA,NA,NA,NA,NA,NA,NA,NA,NA,NA,NA,NA,NA,NA,NA,NA,NA,NA,-1.03535104230013,216
"6256","Nome-Pink-Even","Pink-Even",1988,34688,19132,NA,NA,NA,NA,NA,NA,NA,NA,NA,NA,NA,NA,NA,NA,NA,NA,NA,NA,NA,NA,NA,NA,NA,NA,NA,NA,NA,NA,NA,NA,NA,0.595031479999131,216
"6257","Nome-Pink-Even","Pink-Even",1990,311241,32455,NA,NA,NA,NA,NA,NA,NA,NA,NA,NA,NA,NA,NA,NA,NA,NA,NA,NA,NA,NA,NA,NA,NA,NA,NA,NA,NA,NA,NA,NA,NA,2.26071301721277,216
"6258","Nome-Pink-Even","Pink-Even",1992,561391,303705,NA,NA,NA,NA,NA,NA,NA,NA,NA,NA,NA,NA,NA,NA,NA,NA,NA,NA,NA,NA,NA,NA,NA,NA,NA,NA,NA,NA,NA,NA,NA,0.614360796917494,216
"6259","Nome-Pink-Even","Pink-Even",1994,118260,554835,NA,NA,NA,NA,NA,NA,NA,NA,NA,NA,NA,NA,NA,NA,NA,NA,NA,NA,NA,NA,NA,NA,NA,NA,NA,NA,NA,NA,NA,NA,NA,-1.54578518185485,216
"6260","Nome-Pink-Even","Pink-Even",1996,508842,114737,NA,NA,NA,NA,NA,NA,NA,NA,NA,NA,NA,NA,NA,NA,NA,NA,NA,NA,NA,NA,NA,NA,NA,NA,NA,NA,NA,NA,NA,NA,NA,1.48949500302636,216
"6261","Nome-Pink-Even","Pink-Even",1998,32330,504045,NA,NA,NA,NA,NA,NA,NA,NA,NA,NA,NA,NA,NA,NA,NA,NA,NA,NA,NA,NA,NA,NA,NA,NA,NA,NA,NA,NA,NA,NA,NA,-2.74666995806258,216
"6262","Nome-Pink-Even","Pink-Even",2000,92240,29673,NA,NA,NA,NA,NA,NA,NA,NA,NA,NA,NA,NA,NA,NA,NA,NA,NA,NA,NA,NA,NA,NA,NA,NA,NA,NA,NA,NA,NA,NA,NA,1.13415633453499,216
"6263","Nome-Pink-Even","Pink-Even",2002,1337188,89079,NA,NA,NA,NA,NA,NA,NA,NA,NA,NA,NA,NA,NA,NA,NA,NA,NA,NA,NA,NA,NA,NA,NA,NA,NA,NA,NA,NA,NA,NA,NA,2.70880056406844,216
"6264","Nome-Pink-Even","Pink-Even",2004,901629,1322141,NA,NA,NA,NA,NA,NA,NA,NA,NA,NA,NA,NA,NA,NA,NA,NA,NA,NA,NA,NA,NA,NA,NA,NA,NA,NA,NA,NA,NA,NA,NA,-0.382804544056949,216
"6265","Nome-Pink-Even","Pink-Even",2006,1618170,892300,NA,NA,NA,NA,NA,NA,NA,NA,NA,NA,NA,NA,NA,NA,NA,NA,NA,NA,NA,NA,NA,NA,NA,NA,NA,NA,NA,NA,NA,NA,NA,0.595248761178244,216
"6266","Nome-Pink-Even","Pink-Even",2008,282321,1605578,NA,NA,NA,NA,NA,NA,NA,NA,NA,NA,NA,NA,NA,NA,NA,NA,NA,NA,NA,NA,NA,NA,NA,NA,NA,NA,NA,NA,NA,NA,NA,-1.73819437390475,216
"6267","Nome-Pink-Odd","Pink-Odd",1971,20369,7765,NA,NA,NA,NA,NA,NA,NA,NA,NA,NA,NA,NA,NA,NA,NA,NA,NA,NA,NA,NA,NA,NA,NA,NA,NA,NA,NA,NA,NA,NA,NA,0.964387680631353,217
"6268","Nome-Pink-Odd","Pink-Odd",1973,42226,14940,NA,NA,NA,NA,NA,NA,NA,NA,NA,NA,NA,NA,NA,NA,NA,NA,NA,NA,NA,NA,NA,NA,NA,NA,NA,NA,NA,NA,NA,NA,NA,1.03899396536122,217
"6269","Nome-Pink-Odd","Pink-Odd",1975,59365,33796,NA,NA,NA,NA,NA,NA,NA,NA,NA,NA,NA,NA,NA,NA,NA,NA,NA,NA,NA,NA,NA,NA,NA,NA,NA,NA,NA,NA,NA,NA,NA,0.563362374827157,217
"6270","Nome-Pink-Odd","Pink-Odd",1977,25830,56527,NA,NA,NA,NA,NA,NA,NA,NA,NA,NA,NA,NA,NA,NA,NA,NA,NA,NA,NA,NA,NA,NA,NA,NA,NA,NA,NA,NA,NA,NA,NA,-0.783181793004418,217
"6271","Nome-Pink-Odd","Pink-Odd",1979,18811,13617,NA,NA,NA,NA,NA,NA,NA,NA,NA,NA,NA,NA,NA,NA,NA,NA,NA,NA,NA,NA,NA,NA,NA,NA,NA,NA,NA,NA,NA,NA,NA,0.323122792968445,217
"6272","Nome-Pink-Odd","Pink-Odd",1981,198304,10025,NA,NA,NA,NA,NA,NA,NA,NA,NA,NA,NA,NA,NA,NA,NA,NA,NA,NA,NA,NA,NA,NA,NA,NA,NA,NA,NA,NA,NA,NA,NA,2.98471923358706,217
"6273","Nome-Pink-Odd","Pink-Odd",1983,24887,189910,NA,NA,NA,NA,NA,NA,NA,NA,NA,NA,NA,NA,NA,NA,NA,NA,NA,NA,NA,NA,NA,NA,NA,NA,NA,NA,NA,NA,NA,NA,NA,-2.03220469694448,217
"6274","Nome-Pink-Odd","Pink-Odd",1985,3101,22770,NA,NA,NA,NA,NA,NA,NA,NA,NA,NA,NA,NA,NA,NA,NA,NA,NA,NA,NA,NA,NA,NA,NA,NA,NA,NA,NA,NA,NA,NA,NA,-1.99371923995734,217
"6275","Nome-Pink-Odd","Pink-Odd",1987,58808,1850,NA,NA,NA,NA,NA,NA,NA,NA,NA,NA,NA,NA,NA,NA,NA,NA,NA,NA,NA,NA,NA,NA,NA,NA,NA,NA,NA,NA,NA,NA,NA,3.45909226098155,217
"6276","Nome-Pink-Odd","Pink-Odd",1989,36729,57761,NA,NA,NA,NA,NA,NA,NA,NA,NA,NA,NA,NA,NA,NA,NA,NA,NA,NA,NA,NA,NA,NA,NA,NA,NA,NA,NA,NA,NA,NA,NA,-0.452747173694205,217
"6277","Nome-Pink-Odd","Pink-Odd",1991,262453,36535,NA,NA,NA,NA,NA,NA,NA,NA,NA,NA,NA,NA,NA,NA,NA,NA,NA,NA,NA,NA,NA,NA,NA,NA,NA,NA,NA,NA,NA,NA,NA,1.97180131313851,217
"6278","Nome-Pink-Odd","Pink-Odd",1993,268188,261580,NA,NA,NA,NA,NA,NA,NA,NA,NA,NA,NA,NA,NA,NA,NA,NA,NA,NA,NA,NA,NA,NA,NA,NA,NA,NA,NA,NA,NA,NA,NA,0.0249480630562796,217
"6279","Nome-Pink-Odd","Pink-Odd",1995,36105,267852,NA,NA,NA,NA,NA,NA,NA,NA,NA,NA,NA,NA,NA,NA,NA,NA,NA,NA,NA,NA,NA,NA,NA,NA,NA,NA,NA,NA,NA,NA,NA,-2.00400322926173,217
"6280","Nome-Pink-Odd","Pink-Odd",1997,179924,35930,NA,NA,NA,NA,NA,NA,NA,NA,NA,NA,NA,NA,NA,NA,NA,NA,NA,NA,NA,NA,NA,NA,NA,NA,NA,NA,NA,NA,NA,NA,NA,1.61096193838166,217
"6281","Nome-Pink-Odd","Pink-Odd",1999,6620,179866,NA,NA,NA,NA,NA,NA,NA,NA,NA,NA,NA,NA,NA,NA,NA,NA,NA,NA,NA,NA,NA,NA,NA,NA,NA,NA,NA,NA,NA,NA,NA,-3.30211675926048,217
"6282","Nome-Pink-Odd","Pink-Odd",2001,11863,6507,NA,NA,NA,NA,NA,NA,NA,NA,NA,NA,NA,NA,NA,NA,NA,NA,NA,NA,NA,NA,NA,NA,NA,NA,NA,NA,NA,NA,NA,NA,NA,0.600545792166119,217
"6283","Nome-Pink-Odd","Pink-Odd",2003,925575,11356,NA,NA,NA,NA,NA,NA,NA,NA,NA,NA,NA,NA,NA,NA,NA,NA,NA,NA,NA,NA,NA,NA,NA,NA,NA,NA,NA,NA,NA,NA,NA,4.40066892739663,217
"6284","Nome-Pink-Odd","Pink-Odd",2005,449528,920500,NA,NA,NA,NA,NA,NA,NA,NA,NA,NA,NA,NA,NA,NA,NA,NA,NA,NA,NA,NA,NA,NA,NA,NA,NA,NA,NA,NA,NA,NA,NA,-0.716718857266561,217
"6285","Nome-Pink-Odd","Pink-Odd",2007,537025,448678,NA,NA,NA,NA,NA,NA,NA,NA,NA,NA,NA,NA,NA,NA,NA,NA,NA,NA,NA,NA,NA,NA,NA,NA,NA,NA,NA,NA,NA,NA,NA,0.179739167112789,217
"6286","Nome-Pink-Odd","Pink-Odd",2009,122284,536538,NA,NA,NA,NA,NA,NA,NA,NA,NA,NA,NA,NA,NA,NA,NA,NA,NA,NA,NA,NA,NA,NA,NA,NA,NA,NA,NA,NA,NA,NA,NA,-1.47879118071603,217
"6287","Moses-Norton-Pink-Even","Pink-Even",1964,42814,10043,NA,NA,NA,NA,NA,NA,NA,NA,NA,NA,NA,NA,NA,NA,NA,NA,NA,NA,NA,NA,NA,NA,NA,NA,NA,NA,NA,NA,NA,NA,NA,1.44998927749383,218
"6288","Moses-Norton-Pink-Even","Pink-Even",1966,146115,36629,NA,NA,NA,NA,NA,NA,NA,NA,NA,NA,NA,NA,NA,NA,NA,NA,NA,NA,NA,NA,NA,NA,NA,NA,NA,NA,NA,NA,NA,NA,NA,1.38355370650026,218
"6289","Moses-Norton-Pink-Even","Pink-Even",1968,383214,129052,NA,NA,NA,NA,NA,NA,NA,NA,NA,NA,NA,NA,NA,NA,NA,NA,NA,NA,NA,NA,NA,NA,NA,NA,NA,NA,NA,NA,NA,NA,NA,1.08837815596253,218
"6290","Moses-Norton-Pink-Even","Pink-Even",1970,149742,364661,NA,NA,NA,NA,NA,NA,NA,NA,NA,NA,NA,NA,NA,NA,NA,NA,NA,NA,NA,NA,NA,NA,NA,NA,NA,NA,NA,NA,NA,NA,NA,-0.890054341689864,218
"6291","Moses-Norton-Pink-Even","Pink-Even",1972,216978,138495,NA,NA,NA,NA,NA,NA,NA,NA,NA,NA,NA,NA,NA,NA,NA,NA,NA,NA,NA,NA,NA,NA,NA,NA,NA,NA,NA,NA,NA,NA,NA,0.448961742019728,218
"6292","Moses-Norton-Pink-Even","Pink-Even",1974,66512,201104,NA,NA,NA,NA,NA,NA,NA,NA,NA,NA,NA,NA,NA,NA,NA,NA,NA,NA,NA,NA,NA,NA,NA,NA,NA,NA,NA,NA,NA,NA,NA,-1.1064398046722,218
"6293","Moses-Norton-Pink-Even","Pink-Even",1976,144695,51927,NA,NA,NA,NA,NA,NA,NA,NA,NA,NA,NA,NA,NA,NA,NA,NA,NA,NA,NA,NA,NA,NA,NA,NA,NA,NA,NA,NA,NA,NA,NA,1.02478919267788,218
"6294","Moses-Norton-Pink-Even","Pink-Even",1978,1121189,93325,NA,NA,NA,NA,NA,NA,NA,NA,NA,NA,NA,NA,NA,NA,NA,NA,NA,NA,NA,NA,NA,NA,NA,NA,NA,NA,NA,NA,NA,NA,NA,2.48605698352498,218
"6295","Moses-Norton-Pink-Even","Pink-Even",1980,710950,1111200,NA,NA,NA,NA,NA,NA,NA,NA,NA,NA,NA,NA,NA,NA,NA,NA,NA,NA,NA,NA,NA,NA,NA,NA,NA,NA,NA,NA,NA,NA,NA,-0.446593687597751,218
"6296","Moses-Norton-Pink-Even","Pink-Even",1982,1317728,692181,NA,NA,NA,NA,NA,NA,NA,NA,NA,NA,NA,NA,NA,NA,NA,NA,NA,NA,NA,NA,NA,NA,NA,NA,NA,NA,NA,NA,NA,NA,NA,0.64381683836141,218
"6297","Moses-Norton-Pink-Even","Pink-Even",1984,529448,1288531,NA,NA,NA,NA,NA,NA,NA,NA,NA,NA,NA,NA,NA,NA,NA,NA,NA,NA,NA,NA,NA,NA,NA,NA,NA,NA,NA,NA,NA,NA,NA,-0.88942313442195,218
"6298","Moses-Norton-Pink-Even","Pink-Even",1986,430553,513613,NA,NA,NA,NA,NA,NA,NA,NA,NA,NA,NA,NA,NA,NA,NA,NA,NA,NA,NA,NA,NA,NA,NA,NA,NA,NA,NA,NA,NA,NA,NA,-0.176399634632158,218
"6299","Moses-Norton-Pink-Even","Pink-Even",1988,629097,415101,NA,NA,NA,NA,NA,NA,NA,NA,NA,NA,NA,NA,NA,NA,NA,NA,NA,NA,NA,NA,NA,NA,NA,NA,NA,NA,NA,NA,NA,NA,NA,0.415763593733249,218
"6300","Moses-Norton-Pink-Even","Pink-Even",1990,922363,628596,NA,NA,NA,NA,NA,NA,NA,NA,NA,NA,NA,NA,NA,NA,NA,NA,NA,NA,NA,NA,NA,NA,NA,NA,NA,NA,NA,NA,NA,NA,NA,0.383450094404861,218
"6301","Moses-Norton-Pink-Even","Pink-Even",1992,245803,916211,NA,NA,NA,NA,NA,NA,NA,NA,NA,NA,NA,NA,NA,NA,NA,NA,NA,NA,NA,NA,NA,NA,NA,NA,NA,NA,NA,NA,NA,NA,NA,-1.31571628539057,218
"6302","Moses-Norton-Pink-Even","Pink-Even",1994,1342124,230409,NA,NA,NA,NA,NA,NA,NA,NA,NA,NA,NA,NA,NA,NA,NA,NA,NA,NA,NA,NA,NA,NA,NA,NA,NA,NA,NA,NA,NA,NA,NA,1.76215272210812,218
"6303","Moses-Norton-Pink-Even","Pink-Even",1996,1076132,1260144,NA,NA,NA,NA,NA,NA,NA,NA,NA,NA,NA,NA,NA,NA,NA,NA,NA,NA,NA,NA,NA,NA,NA,NA,NA,NA,NA,NA,NA,NA,NA,-0.157852869352196,218
"6304","Moses-Norton-Pink-Even","Pink-Even",1998,804780,921563,NA,NA,NA,NA,NA,NA,NA,NA,NA,NA,NA,NA,NA,NA,NA,NA,NA,NA,NA,NA,NA,NA,NA,NA,NA,NA,NA,NA,NA,NA,NA,-0.135502193424193,218
"6305","Moses-Norton-Pink-Even","Pink-Even",2000,312394,750173,NA,NA,NA,NA,NA,NA,NA,NA,NA,NA,NA,NA,NA,NA,NA,NA,NA,NA,NA,NA,NA,NA,NA,NA,NA,NA,NA,NA,NA,NA,NA,-0.876038634962434,218
"6306","Moses-Norton-Pink-Even","Pink-Even",2002,968326,298000,NA,NA,NA,NA,NA,NA,NA,NA,NA,NA,NA,NA,NA,NA,NA,NA,NA,NA,NA,NA,NA,NA,NA,NA,NA,NA,NA,NA,NA,NA,NA,1.17847532093408,218
"6307","Moses-Norton-Pink-Even","Pink-Even",2004,139925,960468,NA,NA,NA,NA,NA,NA,NA,NA,NA,NA,NA,NA,NA,NA,NA,NA,NA,NA,NA,NA,NA,NA,NA,NA,NA,NA,NA,NA,NA,NA,NA,-1.92631410089494,218
"6308","Moses-Norton-Pink-Even","Pink-Even",2006,172136,134709,NA,NA,NA,NA,NA,NA,NA,NA,NA,NA,NA,NA,NA,NA,NA,NA,NA,NA,NA,NA,NA,NA,NA,NA,NA,NA,NA,NA,NA,NA,NA,0.245167965722098,218
"6309","Moses-Norton-Pink-Even","Pink-Even",2008,59312,144224,NA,NA,NA,NA,NA,NA,NA,NA,NA,NA,NA,NA,NA,NA,NA,NA,NA,NA,NA,NA,NA,NA,NA,NA,NA,NA,NA,NA,NA,NA,NA,-0.888556000099861,218
"6310","Moses-Norton-Pink-Odd","Pink-Odd",1963,10245,8134,NA,NA,NA,NA,NA,NA,NA,NA,NA,NA,NA,NA,NA,NA,NA,NA,NA,NA,NA,NA,NA,NA,NA,NA,NA,NA,NA,NA,NA,NA,NA,0.23073697420583,219
"6311","Moses-Norton-Pink-Odd","Pink-Odd",1965,6006,8668,NA,NA,NA,NA,NA,NA,NA,NA,NA,NA,NA,NA,NA,NA,NA,NA,NA,NA,NA,NA,NA,NA,NA,NA,NA,NA,NA,NA,NA,NA,NA,-0.366879114112974,219
"6312","Moses-Norton-Pink-Odd","Pink-Odd",1967,90032,3587,NA,NA,NA,NA,NA,NA,NA,NA,NA,NA,NA,NA,NA,NA,NA,NA,NA,NA,NA,NA,NA,NA,NA,NA,NA,NA,NA,NA,NA,NA,NA,3.22284896414078,219
"6313","Moses-Norton-Pink-Odd","Pink-Odd",1969,26194,69471,NA,NA,NA,NA,NA,NA,NA,NA,NA,NA,NA,NA,NA,NA,NA,NA,NA,NA,NA,NA,NA,NA,NA,NA,NA,NA,NA,NA,NA,NA,NA,-0.975379022396725,219
"6314","Moses-Norton-Pink-Odd","Pink-Odd",1971,91535,24134,NA,NA,NA,NA,NA,NA,NA,NA,NA,NA,NA,NA,NA,NA,NA,NA,NA,NA,NA,NA,NA,NA,NA,NA,NA,NA,NA,NA,NA,NA,NA,1.33309977815157,219
"6315","Moses-Norton-Pink-Odd","Pink-Odd",1973,118098,79277,NA,NA,NA,NA,NA,NA,NA,NA,NA,NA,NA,NA,NA,NA,NA,NA,NA,NA,NA,NA,NA,NA,NA,NA,NA,NA,NA,NA,NA,NA,NA,0.398566739518231,219
"6316","Moses-Norton-Pink-Odd","Pink-Odd",1975,70687,111181,NA,NA,NA,NA,NA,NA,NA,NA,NA,NA,NA,NA,NA,NA,NA,NA,NA,NA,NA,NA,NA,NA,NA,NA,NA,NA,NA,NA,NA,NA,NA,-0.452897823443392,219
"6317","Moses-Norton-Pink-Odd","Pink-Odd",1977,232441,57184,NA,NA,NA,NA,NA,NA,NA,NA,NA,NA,NA,NA,NA,NA,NA,NA,NA,NA,NA,NA,NA,NA,NA,NA,NA,NA,NA,NA,NA,NA,NA,1.40236229040614,219
"6318","Moses-Norton-Pink-Odd","Pink-Odd",1979,602910,178616,NA,NA,NA,NA,NA,NA,NA,NA,NA,NA,NA,NA,NA,NA,NA,NA,NA,NA,NA,NA,NA,NA,NA,NA,NA,NA,NA,NA,NA,NA,NA,1.21652968176026,219
"6319","Moses-Norton-Pink-Odd","Pink-Odd",1981,318704,567472,NA,NA,NA,NA,NA,NA,NA,NA,NA,NA,NA,NA,NA,NA,NA,NA,NA,NA,NA,NA,NA,NA,NA,NA,NA,NA,NA,NA,NA,NA,NA,-0.576928636598372,219
"6320","Moses-Norton-Pink-Odd","Pink-Odd",1983,33376,297742,NA,NA,NA,NA,NA,NA,NA,NA,NA,NA,NA,NA,NA,NA,NA,NA,NA,NA,NA,NA,NA,NA,NA,NA,NA,NA,NA,NA,NA,NA,NA,-2.18839026087809,219
"6321","Moses-Norton-Pink-Odd","Pink-Odd",1985,6731,31537,NA,NA,NA,NA,NA,NA,NA,NA,NA,NA,NA,NA,NA,NA,NA,NA,NA,NA,NA,NA,NA,NA,NA,NA,NA,NA,NA,NA,NA,NA,NA,-1.54443773867103,219
"6322","Moses-Norton-Pink-Odd","Pink-Odd",1987,27487,6147,NA,NA,NA,NA,NA,NA,NA,NA,NA,NA,NA,NA,NA,NA,NA,NA,NA,NA,NA,NA,NA,NA,NA,NA,NA,NA,NA,NA,NA,NA,NA,1.49774900770416,219
"6323","Moses-Norton-Pink-Odd","Pink-Odd",1989,203064,27487,NA,NA,NA,NA,NA,NA,NA,NA,NA,NA,NA,NA,NA,NA,NA,NA,NA,NA,NA,NA,NA,NA,NA,NA,NA,NA,NA,NA,NA,NA,NA,1.99980803466127,219
"6324","Moses-Norton-Pink-Odd","Pink-Odd",1991,77301,199509,NA,NA,NA,NA,NA,NA,NA,NA,NA,NA,NA,NA,NA,NA,NA,NA,NA,NA,NA,NA,NA,NA,NA,NA,NA,NA,NA,NA,NA,NA,NA,-0.948152455974015,219
"6325","Moses-Norton-Pink-Odd","Pink-Odd",1993,48351,75285,NA,NA,NA,NA,NA,NA,NA,NA,NA,NA,NA,NA,NA,NA,NA,NA,NA,NA,NA,NA,NA,NA,NA,NA,NA,NA,NA,NA,NA,NA,NA,-0.442794007566316,219
"6326","Moses-Norton-Pink-Odd","Pink-Odd",1995,47405,39829,NA,NA,NA,NA,NA,NA,NA,NA,NA,NA,NA,NA,NA,NA,NA,NA,NA,NA,NA,NA,NA,NA,NA,NA,NA,NA,NA,NA,NA,NA,NA,0.174132418195038,219
"6327","Moses-Norton-Pink-Odd","Pink-Odd",1997,7905,44296,NA,NA,NA,NA,NA,NA,NA,NA,NA,NA,NA,NA,NA,NA,NA,NA,NA,NA,NA,NA,NA,NA,NA,NA,NA,NA,NA,NA,NA,NA,NA,-1.72339890885923,219
"6328","Moses-Norton-Pink-Odd","Pink-Odd",1999,15016,4398,NA,NA,NA,NA,NA,NA,NA,NA,NA,NA,NA,NA,NA,NA,NA,NA,NA,NA,NA,NA,NA,NA,NA,NA,NA,NA,NA,NA,NA,NA,NA,1.22796640715164,219
"6329","Moses-Norton-Pink-Odd","Pink-Odd",2001,40107,8423,NA,NA,NA,NA,NA,NA,NA,NA,NA,NA,NA,NA,NA,NA,NA,NA,NA,NA,NA,NA,NA,NA,NA,NA,NA,NA,NA,NA,NA,NA,NA,1.56058482333587,219
"6330","Moses-Norton-Pink-Odd","Pink-Odd",2003,774122,33399,NA,NA,NA,NA,NA,NA,NA,NA,NA,NA,NA,NA,NA,NA,NA,NA,NA,NA,NA,NA,NA,NA,NA,NA,NA,NA,NA,NA,NA,NA,NA,3.14320352449291,219
"6331","Moses-Norton-Pink-Odd","Pink-Odd",2005,139965,770401,NA,NA,NA,NA,NA,NA,NA,NA,NA,NA,NA,NA,NA,NA,NA,NA,NA,NA,NA,NA,NA,NA,NA,NA,NA,NA,NA,NA,NA,NA,NA,-1.70551876715598,219
"6332","Moses-Norton-Pink-Odd","Pink-Odd",2007,250217,136575,NA,NA,NA,NA,NA,NA,NA,NA,NA,NA,NA,NA,NA,NA,NA,NA,NA,NA,NA,NA,NA,NA,NA,NA,NA,NA,NA,NA,NA,NA,NA,0.605454627086314,219
"6333","Moses-Norton-Pink-Odd","Pink-Odd",2009,28123,245594,NA,NA,NA,NA,NA,NA,NA,NA,NA,NA,NA,NA,NA,NA,NA,NA,NA,NA,NA,NA,NA,NA,NA,NA,NA,NA,NA,NA,NA,NA,NA,-2.16709201912219,219
"6334","Middle-Upper Skeena-Pink-Even","Pink-Even",1954,181164,171035,NA,NA,NA,NA,NA,NA,NA,NA,NA,NA,NA,NA,NA,NA,NA,NA,NA,NA,NA,NA,NA,NA,NA,NA,NA,NA,NA,NA,NA,NA,NA,0.0575344844521245,220
"6335","Middle-Upper Skeena-Pink-Even","Pink-Even",1956,456768,80375,NA,NA,NA,NA,NA,NA,NA,NA,NA,NA,NA,NA,NA,NA,NA,NA,NA,NA,NA,NA,NA,NA,NA,NA,NA,NA,NA,NA,NA,NA,NA,1.73747242079082,220
"6336","Middle-Upper Skeena-Pink-Even","Pink-Even",1958,114252,226250,NA,NA,NA,NA,NA,NA,NA,NA,NA,NA,NA,NA,NA,NA,NA,NA,NA,NA,NA,NA,NA,NA,NA,NA,NA,NA,NA,NA,NA,NA,NA,-0.683234047488481,220
"6337","Middle-Upper Skeena-Pink-Even","Pink-Even",1960,420587,63674,NA,NA,NA,NA,NA,NA,NA,NA,NA,NA,NA,NA,NA,NA,NA,NA,NA,NA,NA,NA,NA,NA,NA,NA,NA,NA,NA,NA,NA,NA,NA,1.88787503857307,220
"6338","Middle-Upper Skeena-Pink-Even","Pink-Even",1962,276268,245097,NA,NA,NA,NA,NA,NA,NA,NA,NA,NA,NA,NA,NA,NA,NA,NA,NA,NA,NA,NA,NA,NA,NA,NA,NA,NA,NA,NA,NA,NA,NA,0.119717358523211,220
"6339","Middle-Upper Skeena-Pink-Even","Pink-Even",1964,465407,154731,NA,NA,NA,NA,NA,NA,NA,NA,NA,NA,NA,NA,NA,NA,NA,NA,NA,NA,NA,NA,NA,NA,NA,NA,NA,NA,NA,NA,NA,NA,NA,1.10122416622867,220
"6340","Middle-Upper Skeena-Pink-Even","Pink-Even",1966,965118,247204,NA,NA,NA,NA,NA,NA,NA,NA,NA,NA,NA,NA,NA,NA,NA,NA,NA,NA,NA,NA,NA,NA,NA,NA,NA,NA,NA,NA,NA,NA,NA,1.36203646697377,220
"6341","Middle-Upper Skeena-Pink-Even","Pink-Even",1968,1326454,497653,NA,NA,NA,NA,NA,NA,NA,NA,NA,NA,NA,NA,NA,NA,NA,NA,NA,NA,NA,NA,NA,NA,NA,NA,NA,NA,NA,NA,NA,NA,NA,0.980361448246108,220
"6342","Middle-Upper Skeena-Pink-Even","Pink-Even",1970,814994,777840,NA,NA,NA,NA,NA,NA,NA,NA,NA,NA,NA,NA,NA,NA,NA,NA,NA,NA,NA,NA,NA,NA,NA,NA,NA,NA,NA,NA,NA,NA,NA,0.0466599037491715,220
"6343","Middle-Upper Skeena-Pink-Even","Pink-Even",1972,171711,441711,NA,NA,NA,NA,NA,NA,NA,NA,NA,NA,NA,NA,NA,NA,NA,NA,NA,NA,NA,NA,NA,NA,NA,NA,NA,NA,NA,NA,NA,NA,NA,-0.94484299099184,220
"6344","Middle-Upper Skeena-Pink-Even","Pink-Even",1974,949164,80451,NA,NA,NA,NA,NA,NA,NA,NA,NA,NA,NA,NA,NA,NA,NA,NA,NA,NA,NA,NA,NA,NA,NA,NA,NA,NA,NA,NA,NA,NA,NA,2.46793329372534,220
"6345","Middle-Upper Skeena-Pink-Even","Pink-Even",1976,1851409,623261,NA,NA,NA,NA,NA,NA,NA,NA,NA,NA,NA,NA,NA,NA,NA,NA,NA,NA,NA,NA,NA,NA,NA,NA,NA,NA,NA,NA,NA,NA,NA,1.08873687814114,220
"6346","Middle-Upper Skeena-Pink-Even","Pink-Even",1978,1083877,1012011,NA,NA,NA,NA,NA,NA,NA,NA,NA,NA,NA,NA,NA,NA,NA,NA,NA,NA,NA,NA,NA,NA,NA,NA,NA,NA,NA,NA,NA,NA,NA,0.0686049875732977,220
"6347","Middle-Upper Skeena-Pink-Even","Pink-Even",1980,1425974,607592,NA,NA,NA,NA,NA,NA,NA,NA,NA,NA,NA,NA,NA,NA,NA,NA,NA,NA,NA,NA,NA,NA,NA,NA,NA,NA,NA,NA,NA,NA,NA,0.853106763910954,220
"6348","Middle-Upper Skeena-Pink-Even","Pink-Even",1982,942472,972486,NA,NA,NA,NA,NA,NA,NA,NA,NA,NA,NA,NA,NA,NA,NA,NA,NA,NA,NA,NA,NA,NA,NA,NA,NA,NA,NA,NA,NA,NA,NA,-0.0313494688440339,220
"6349","Middle-Upper Skeena-Pink-Even","Pink-Even",1984,2109935,359935,NA,NA,NA,NA,NA,NA,NA,NA,NA,NA,NA,NA,NA,NA,NA,NA,NA,NA,NA,NA,NA,NA,NA,NA,NA,NA,NA,NA,NA,NA,NA,1.76848896071592,220
"6350","Middle-Upper Skeena-Pink-Even","Pink-Even",1986,792639,878763,NA,NA,NA,NA,NA,NA,NA,NA,NA,NA,NA,NA,NA,NA,NA,NA,NA,NA,NA,NA,NA,NA,NA,NA,NA,NA,NA,NA,NA,NA,NA,-0.103147352063141,220
"6351","Middle-Upper Skeena-Pink-Even","Pink-Even",1988,3231191,285865,NA,NA,NA,NA,NA,NA,NA,NA,NA,NA,NA,NA,NA,NA,NA,NA,NA,NA,NA,NA,NA,NA,NA,NA,NA,NA,NA,NA,NA,NA,NA,2.42508640749487,220
"6352","Middle-Upper Skeena-Pink-Even","Pink-Even",1990,3920847,1593105,NA,NA,NA,NA,NA,NA,NA,NA,NA,NA,NA,NA,NA,NA,NA,NA,NA,NA,NA,NA,NA,NA,NA,NA,NA,NA,NA,NA,NA,NA,NA,0.900622759764155,220
"6353","Middle-Upper Skeena-Pink-Even","Pink-Even",1992,555590,1193579,NA,NA,NA,NA,NA,NA,NA,NA,NA,NA,NA,NA,NA,NA,NA,NA,NA,NA,NA,NA,NA,NA,NA,NA,NA,NA,NA,NA,NA,NA,NA,-0.764681023302845,220
"6354","Middle-Upper Skeena-Pink-Even","Pink-Even",1994,3366598,238892,NA,NA,NA,NA,NA,NA,NA,NA,NA,NA,NA,NA,NA,NA,NA,NA,NA,NA,NA,NA,NA,NA,NA,NA,NA,NA,NA,NA,NA,NA,NA,2.64564645095713,220
"6355","Middle-Upper Skeena-Pink-Even","Pink-Even",1996,292662,1355995,NA,NA,NA,NA,NA,NA,NA,NA,NA,NA,NA,NA,NA,NA,NA,NA,NA,NA,NA,NA,NA,NA,NA,NA,NA,NA,NA,NA,NA,NA,NA,-1.53327242166833,220
"6356","Middle-Upper Skeena-Pink-Even","Pink-Even",1998,540583,212595,NA,NA,NA,NA,NA,NA,NA,NA,NA,NA,NA,NA,NA,NA,NA,NA,NA,NA,NA,NA,NA,NA,NA,NA,NA,NA,NA,NA,NA,NA,NA,0.933259239520036,220
"6357","Middle-Upper Skeena-Pink-Even","Pink-Even",2000,199499,267430,NA,NA,NA,NA,NA,NA,NA,NA,NA,NA,NA,NA,NA,NA,NA,NA,NA,NA,NA,NA,NA,NA,NA,NA,NA,NA,NA,NA,NA,NA,NA,-0.293048626062271,220
"6358","Middle-Upper Skeena-Pink-Even","Pink-Even",2002,434237,128178,NA,NA,NA,NA,NA,NA,NA,NA,NA,NA,NA,NA,NA,NA,NA,NA,NA,NA,NA,NA,NA,NA,NA,NA,NA,NA,NA,NA,NA,NA,NA,1.22017054510453,220
"6359","Middle-Upper Skeena-Pink-Even","Pink-Even",2004,231411,258507,NA,NA,NA,NA,NA,NA,NA,NA,NA,NA,NA,NA,NA,NA,NA,NA,NA,NA,NA,NA,NA,NA,NA,NA,NA,NA,NA,NA,NA,NA,NA,-0.11072742252285,220
"6360","Middle-Upper Skeena-Pink-Even","Pink-Even",2006,114039,128291,NA,NA,NA,NA,NA,NA,NA,NA,NA,NA,NA,NA,NA,NA,NA,NA,NA,NA,NA,NA,NA,NA,NA,NA,NA,NA,NA,NA,NA,NA,NA,-0.117760625917695,220
"6361","Middle-Upper Skeena-Pink-Even","Pink-Even",2008,213704,82519,NA,NA,NA,NA,NA,NA,NA,NA,NA,NA,NA,NA,NA,NA,NA,NA,NA,NA,NA,NA,NA,NA,NA,NA,NA,NA,NA,NA,NA,NA,NA,0.951563310123391,220
"6362","Middle-Upper Skeena-Pink-Even","Pink-Even",2010,202274,183372,NA,NA,NA,NA,NA,NA,NA,NA,NA,NA,NA,NA,NA,NA,NA,NA,NA,NA,NA,NA,NA,NA,NA,NA,NA,NA,NA,NA,NA,NA,NA,0.0981063375058856,220
"6363","Middle-Upper Skeena-Pink-Even","Pink-Even",2012,692478,154537,NA,NA,NA,NA,NA,NA,NA,NA,NA,NA,NA,NA,NA,NA,NA,NA,NA,NA,NA,NA,NA,NA,NA,NA,NA,NA,NA,NA,NA,NA,NA,1.49984291873662,220
"6364","Middle-Upper Skeena-Pink-Even","Pink-Even",2014,208696,485780,NA,NA,NA,NA,NA,NA,NA,NA,NA,NA,NA,NA,NA,NA,NA,NA,NA,NA,NA,NA,NA,NA,NA,NA,NA,NA,NA,NA,NA,NA,NA,-0.844877198883052,220
"6365","Middle-Upper Skeena-Pink-Odd","Pink-Odd",1955,1443123,302225,NA,NA,NA,NA,NA,NA,NA,NA,NA,NA,NA,NA,NA,NA,NA,NA,NA,NA,NA,NA,NA,NA,NA,NA,NA,NA,NA,NA,NA,NA,NA,1.56339302113841,221
"6366","Middle-Upper Skeena-Pink-Odd","Pink-Odd",1957,1648279,657126,NA,NA,NA,NA,NA,NA,NA,NA,NA,NA,NA,NA,NA,NA,NA,NA,NA,NA,NA,NA,NA,NA,NA,NA,NA,NA,NA,NA,NA,NA,NA,0.919611211338014,221
"6367","Middle-Upper Skeena-Pink-Odd","Pink-Odd",1959,1008612,881942,NA,NA,NA,NA,NA,NA,NA,NA,NA,NA,NA,NA,NA,NA,NA,NA,NA,NA,NA,NA,NA,NA,NA,NA,NA,NA,NA,NA,NA,NA,NA,0.134204113044457,221
"6368","Middle-Upper Skeena-Pink-Odd","Pink-Odd",1961,1197863,516878,NA,NA,NA,NA,NA,NA,NA,NA,NA,NA,NA,NA,NA,NA,NA,NA,NA,NA,NA,NA,NA,NA,NA,NA,NA,NA,NA,NA,NA,NA,NA,0.840487545001643,221
"6369","Middle-Upper Skeena-Pink-Odd","Pink-Odd",1963,529246,743669,NA,NA,NA,NA,NA,NA,NA,NA,NA,NA,NA,NA,NA,NA,NA,NA,NA,NA,NA,NA,NA,NA,NA,NA,NA,NA,NA,NA,NA,NA,NA,-0.340142691244444,221
"6370","Middle-Upper Skeena-Pink-Odd","Pink-Odd",1965,954011,292400,NA,NA,NA,NA,NA,NA,NA,NA,NA,NA,NA,NA,NA,NA,NA,NA,NA,NA,NA,NA,NA,NA,NA,NA,NA,NA,NA,NA,NA,NA,NA,1.18255247390451,221
"6371","Middle-Upper Skeena-Pink-Odd","Pink-Odd",1967,1318101,409357,NA,NA,NA,NA,NA,NA,NA,NA,NA,NA,NA,NA,NA,NA,NA,NA,NA,NA,NA,NA,NA,NA,NA,NA,NA,NA,NA,NA,NA,NA,NA,1.16935970742873,221
"6372","Middle-Upper Skeena-Pink-Odd","Pink-Odd",1969,1754581,720035,NA,NA,NA,NA,NA,NA,NA,NA,NA,NA,NA,NA,NA,NA,NA,NA,NA,NA,NA,NA,NA,NA,NA,NA,NA,NA,NA,NA,NA,NA,NA,0.890685539017022,221
"6373","Middle-Upper Skeena-Pink-Odd","Pink-Odd",1971,1352535,947238,NA,NA,NA,NA,NA,NA,NA,NA,NA,NA,NA,NA,NA,NA,NA,NA,NA,NA,NA,NA,NA,NA,NA,NA,NA,NA,NA,NA,NA,NA,NA,0.356185506821234,221
"6374","Middle-Upper Skeena-Pink-Odd","Pink-Odd",1973,2208028,750747,NA,NA,NA,NA,NA,NA,NA,NA,NA,NA,NA,NA,NA,NA,NA,NA,NA,NA,NA,NA,NA,NA,NA,NA,NA,NA,NA,NA,NA,NA,NA,1.07878637762454,221
"6375","Middle-Upper Skeena-Pink-Odd","Pink-Odd",1975,1926412,1270862,NA,NA,NA,NA,NA,NA,NA,NA,NA,NA,NA,NA,NA,NA,NA,NA,NA,NA,NA,NA,NA,NA,NA,NA,NA,NA,NA,NA,NA,NA,NA,0.415963794960788,221
"6376","Middle-Upper Skeena-Pink-Odd","Pink-Odd",1977,416824,831133,NA,NA,NA,NA,NA,NA,NA,NA,NA,NA,NA,NA,NA,NA,NA,NA,NA,NA,NA,NA,NA,NA,NA,NA,NA,NA,NA,NA,NA,NA,NA,-0.690125759828591,221
"6377","Middle-Upper Skeena-Pink-Odd","Pink-Odd",1979,1493518,217762,NA,NA,NA,NA,NA,NA,NA,NA,NA,NA,NA,NA,NA,NA,NA,NA,NA,NA,NA,NA,NA,NA,NA,NA,NA,NA,NA,NA,NA,NA,NA,1.92548696652565,221
"6378","Middle-Upper Skeena-Pink-Odd","Pink-Odd",1981,4736740,676790,NA,NA,NA,NA,NA,NA,NA,NA,NA,NA,NA,NA,NA,NA,NA,NA,NA,NA,NA,NA,NA,NA,NA,NA,NA,NA,NA,NA,NA,NA,NA,1.94574338158894,221
"6379","Middle-Upper Skeena-Pink-Odd","Pink-Odd",1983,3718905,1904812,NA,NA,NA,NA,NA,NA,NA,NA,NA,NA,NA,NA,NA,NA,NA,NA,NA,NA,NA,NA,NA,NA,NA,NA,NA,NA,NA,NA,NA,NA,NA,0.669045954070782,221
"6380","Middle-Upper Skeena-Pink-Odd","Pink-Odd",1985,4198959,1663714,NA,NA,NA,NA,NA,NA,NA,NA,NA,NA,NA,NA,NA,NA,NA,NA,NA,NA,NA,NA,NA,NA,NA,NA,NA,NA,NA,NA,NA,NA,NA,0.925784184797991,221
"6381","Middle-Upper Skeena-Pink-Odd","Pink-Odd",1987,4987990,1934815,NA,NA,NA,NA,NA,NA,NA,NA,NA,NA,NA,NA,NA,NA,NA,NA,NA,NA,NA,NA,NA,NA,NA,NA,NA,NA,NA,NA,NA,NA,NA,0.947021308328293,221
"6382","Middle-Upper Skeena-Pink-Odd","Pink-Odd",1989,13079738,2533955,NA,NA,NA,NA,NA,NA,NA,NA,NA,NA,NA,NA,NA,NA,NA,NA,NA,NA,NA,NA,NA,NA,NA,NA,NA,NA,NA,NA,NA,NA,NA,1.64128299199074,221
"6383","Middle-Upper Skeena-Pink-Odd","Pink-Odd",1991,1639619,3668050,NA,NA,NA,NA,NA,NA,NA,NA,NA,NA,NA,NA,NA,NA,NA,NA,NA,NA,NA,NA,NA,NA,NA,NA,NA,NA,NA,NA,NA,NA,NA,-0.805196287934928,221
"6384","Middle-Upper Skeena-Pink-Odd","Pink-Odd",1993,2710085,608450,NA,NA,NA,NA,NA,NA,NA,NA,NA,NA,NA,NA,NA,NA,NA,NA,NA,NA,NA,NA,NA,NA,NA,NA,NA,NA,NA,NA,NA,NA,NA,1.49382053891271,221
"6385","Middle-Upper Skeena-Pink-Odd","Pink-Odd",1995,542191,948514,NA,NA,NA,NA,NA,NA,NA,NA,NA,NA,NA,NA,NA,NA,NA,NA,NA,NA,NA,NA,NA,NA,NA,NA,NA,NA,NA,NA,NA,NA,NA,-0.559278211527885,221
"6386","Middle-Upper Skeena-Pink-Odd","Pink-Odd",1997,2030579,283070,NA,NA,NA,NA,NA,NA,NA,NA,NA,NA,NA,NA,NA,NA,NA,NA,NA,NA,NA,NA,NA,NA,NA,NA,NA,NA,NA,NA,NA,NA,NA,1.97038203616211,221
"6387","Middle-Upper Skeena-Pink-Odd","Pink-Odd",1999,1012507,980444,NA,NA,NA,NA,NA,NA,NA,NA,NA,NA,NA,NA,NA,NA,NA,NA,NA,NA,NA,NA,NA,NA,NA,NA,NA,NA,NA,NA,NA,NA,NA,0.032179182249183,221
"6388","Middle-Upper Skeena-Pink-Odd","Pink-Odd",2001,2428382,583558,NA,NA,NA,NA,NA,NA,NA,NA,NA,NA,NA,NA,NA,NA,NA,NA,NA,NA,NA,NA,NA,NA,NA,NA,NA,NA,NA,NA,NA,NA,NA,1.42583662398276,221
"6389","Middle-Upper Skeena-Pink-Odd","Pink-Odd",2003,2692626,1643221,NA,NA,NA,NA,NA,NA,NA,NA,NA,NA,NA,NA,NA,NA,NA,NA,NA,NA,NA,NA,NA,NA,NA,NA,NA,NA,NA,NA,NA,NA,NA,0.493858585558787,221
"6390","Middle-Upper Skeena-Pink-Odd","Pink-Odd",2005,1742457,1932477,NA,NA,NA,NA,NA,NA,NA,NA,NA,NA,NA,NA,NA,NA,NA,NA,NA,NA,NA,NA,NA,NA,NA,NA,NA,NA,NA,NA,NA,NA,NA,-0.103506413566748,221
"6391","Middle-Upper Skeena-Pink-Odd","Pink-Odd",2007,4187880,1068141,NA,NA,NA,NA,NA,NA,NA,NA,NA,NA,NA,NA,NA,NA,NA,NA,NA,NA,NA,NA,NA,NA,NA,NA,NA,NA,NA,NA,NA,NA,NA,1.36627488500693,221
"6392","Middle-Upper Skeena-Pink-Odd","Pink-Odd",2009,525898,3283065,NA,NA,NA,NA,NA,NA,NA,NA,NA,NA,NA,NA,NA,NA,NA,NA,NA,NA,NA,NA,NA,NA,NA,NA,NA,NA,NA,NA,NA,NA,NA,-1.83142543868626,221
"6393","Middle-Upper Skeena-Pink-Odd","Pink-Odd",2011,708454,416506,NA,NA,NA,NA,NA,NA,NA,NA,NA,NA,NA,NA,NA,NA,NA,NA,NA,NA,NA,NA,NA,NA,NA,NA,NA,NA,NA,NA,NA,NA,NA,0.531184263857729,221
"6394","Middle-Upper Skeena-Pink-Odd","Pink-Odd",2013,583198,572472,NA,NA,NA,NA,NA,NA,NA,NA,NA,NA,NA,NA,NA,NA,NA,NA,NA,NA,NA,NA,NA,NA,NA,NA,NA,NA,NA,NA,NA,NA,NA,0.0185629253978852,221
"6395","Middle-Upper Skeena-Pink-Odd","Pink-Odd",2015,977934,453039,NA,NA,NA,NA,NA,NA,NA,NA,NA,NA,NA,NA,NA,NA,NA,NA,NA,NA,NA,NA,NA,NA,NA,NA,NA,NA,NA,NA,NA,NA,NA,0.769463968602548,221
"6396","Nass-Skeena Estuary-Pink-Even","Pink-Even",1954,1247491,843146,NA,NA,NA,NA,NA,NA,NA,NA,NA,NA,NA,NA,NA,NA,NA,NA,NA,NA,NA,NA,NA,NA,NA,NA,NA,NA,NA,NA,NA,NA,NA,0.391749479180185,222
"6397","Nass-Skeena Estuary-Pink-Even","Pink-Even",1956,997927,493389,NA,NA,NA,NA,NA,NA,NA,NA,NA,NA,NA,NA,NA,NA,NA,NA,NA,NA,NA,NA,NA,NA,NA,NA,NA,NA,NA,NA,NA,NA,NA,0.704382217781379,222
"6398","Nass-Skeena Estuary-Pink-Even","Pink-Even",1958,642308,530174,NA,NA,NA,NA,NA,NA,NA,NA,NA,NA,NA,NA,NA,NA,NA,NA,NA,NA,NA,NA,NA,NA,NA,NA,NA,NA,NA,NA,NA,NA,NA,0.191862684871478,222
"6399","Nass-Skeena Estuary-Pink-Even","Pink-Even",1960,2722172,380814,NA,NA,NA,NA,NA,NA,NA,NA,NA,NA,NA,NA,NA,NA,NA,NA,NA,NA,NA,NA,NA,NA,NA,NA,NA,NA,NA,NA,NA,NA,NA,1.96687430309954,222
"6400","Nass-Skeena Estuary-Pink-Even","Pink-Even",1962,4711853,1892597,NA,NA,NA,NA,NA,NA,NA,NA,NA,NA,NA,NA,NA,NA,NA,NA,NA,NA,NA,NA,NA,NA,NA,NA,NA,NA,NA,NA,NA,NA,NA,0.912131288948937,222
"6401","Nass-Skeena Estuary-Pink-Even","Pink-Even",1964,2488165,3132561,NA,NA,NA,NA,NA,NA,NA,NA,NA,NA,NA,NA,NA,NA,NA,NA,NA,NA,NA,NA,NA,NA,NA,NA,NA,NA,NA,NA,NA,NA,NA,-0.230305389856707,222
"6402","Nass-Skeena Estuary-Pink-Even","Pink-Even",1966,4972719,1577170,NA,NA,NA,NA,NA,NA,NA,NA,NA,NA,NA,NA,NA,NA,NA,NA,NA,NA,NA,NA,NA,NA,NA,NA,NA,NA,NA,NA,NA,NA,NA,1.14833467121797,222
"6403","Nass-Skeena Estuary-Pink-Even","Pink-Even",1968,2404378,2807509,NA,NA,NA,NA,NA,NA,NA,NA,NA,NA,NA,NA,NA,NA,NA,NA,NA,NA,NA,NA,NA,NA,NA,NA,NA,NA,NA,NA,NA,NA,NA,-0.155006371075199,222
"6404","Nass-Skeena Estuary-Pink-Even","Pink-Even",1970,3985183,1521990,NA,NA,NA,NA,NA,NA,NA,NA,NA,NA,NA,NA,NA,NA,NA,NA,NA,NA,NA,NA,NA,NA,NA,NA,NA,NA,NA,NA,NA,NA,NA,0.962564544280391,222
"6405","Nass-Skeena Estuary-Pink-Even","Pink-Even",1972,1308909,2527505,NA,NA,NA,NA,NA,NA,NA,NA,NA,NA,NA,NA,NA,NA,NA,NA,NA,NA,NA,NA,NA,NA,NA,NA,NA,NA,NA,NA,NA,NA,NA,-0.658038684355252,222
"6406","Nass-Skeena Estuary-Pink-Even","Pink-Even",1974,1338511,766905,NA,NA,NA,NA,NA,NA,NA,NA,NA,NA,NA,NA,NA,NA,NA,NA,NA,NA,NA,NA,NA,NA,NA,NA,NA,NA,NA,NA,NA,NA,NA,0.556950146576872,222
"6407","Nass-Skeena Estuary-Pink-Even","Pink-Even",1976,2137121,992919,NA,NA,NA,NA,NA,NA,NA,NA,NA,NA,NA,NA,NA,NA,NA,NA,NA,NA,NA,NA,NA,NA,NA,NA,NA,NA,NA,NA,NA,NA,NA,0.76656578542703,222
"6408","Nass-Skeena Estuary-Pink-Even","Pink-Even",1978,1823475,1145818,NA,NA,NA,NA,NA,NA,NA,NA,NA,NA,NA,NA,NA,NA,NA,NA,NA,NA,NA,NA,NA,NA,NA,NA,NA,NA,NA,NA,NA,NA,NA,0.464625228857209,222
"6409","Nass-Skeena Estuary-Pink-Even","Pink-Even",1980,2224594,1018335,NA,NA,NA,NA,NA,NA,NA,NA,NA,NA,NA,NA,NA,NA,NA,NA,NA,NA,NA,NA,NA,NA,NA,NA,NA,NA,NA,NA,NA,NA,NA,0.781405486442746,222
"6410","Nass-Skeena Estuary-Pink-Even","Pink-Even",1982,5497689,1238837,NA,NA,NA,NA,NA,NA,NA,NA,NA,NA,NA,NA,NA,NA,NA,NA,NA,NA,NA,NA,NA,NA,NA,NA,NA,NA,NA,NA,NA,NA,NA,1.49015478583443,222
"6411","Nass-Skeena Estuary-Pink-Even","Pink-Even",1984,6670315,2468996,NA,NA,NA,NA,NA,NA,NA,NA,NA,NA,NA,NA,NA,NA,NA,NA,NA,NA,NA,NA,NA,NA,NA,NA,NA,NA,NA,NA,NA,NA,NA,0.993855494926583,222
"6412","Nass-Skeena Estuary-Pink-Even","Pink-Even",1986,3057099,2943006,NA,NA,NA,NA,NA,NA,NA,NA,NA,NA,NA,NA,NA,NA,NA,NA,NA,NA,NA,NA,NA,NA,NA,NA,NA,NA,NA,NA,NA,NA,NA,0.0380349190899569,222
"6413","Nass-Skeena Estuary-Pink-Even","Pink-Even",1988,6149956,1442672,NA,NA,NA,NA,NA,NA,NA,NA,NA,NA,NA,NA,NA,NA,NA,NA,NA,NA,NA,NA,NA,NA,NA,NA,NA,NA,NA,NA,NA,NA,NA,1.44994797759438,222
"6414","Nass-Skeena Estuary-Pink-Even","Pink-Even",1990,1126338,3431780,NA,NA,NA,NA,NA,NA,NA,NA,NA,NA,NA,NA,NA,NA,NA,NA,NA,NA,NA,NA,NA,NA,NA,NA,NA,NA,NA,NA,NA,NA,NA,-1.11410741471385,222
"6415","Nass-Skeena Estuary-Pink-Even","Pink-Even",1992,636786,597072,NA,NA,NA,NA,NA,NA,NA,NA,NA,NA,NA,NA,NA,NA,NA,NA,NA,NA,NA,NA,NA,NA,NA,NA,NA,NA,NA,NA,NA,NA,NA,0.0643959402281597,222
"6416","Nass-Skeena Estuary-Pink-Even","Pink-Even",1994,5388525,419130,NA,NA,NA,NA,NA,NA,NA,NA,NA,NA,NA,NA,NA,NA,NA,NA,NA,NA,NA,NA,NA,NA,NA,NA,NA,NA,NA,NA,NA,NA,NA,2.55384583720569,222
"6417","Nass-Skeena Estuary-Pink-Even","Pink-Even",1996,732549,2797784,NA,NA,NA,NA,NA,NA,NA,NA,NA,NA,NA,NA,NA,NA,NA,NA,NA,NA,NA,NA,NA,NA,NA,NA,NA,NA,NA,NA,NA,NA,NA,-1.34005272139508,222
"6418","Nass-Skeena Estuary-Pink-Even","Pink-Even",1998,1704339,522623,NA,NA,NA,NA,NA,NA,NA,NA,NA,NA,NA,NA,NA,NA,NA,NA,NA,NA,NA,NA,NA,NA,NA,NA,NA,NA,NA,NA,NA,NA,NA,1.18207226843085,222
"6419","Nass-Skeena Estuary-Pink-Even","Pink-Even",2000,3229840,1094709,NA,NA,NA,NA,NA,NA,NA,NA,NA,NA,NA,NA,NA,NA,NA,NA,NA,NA,NA,NA,NA,NA,NA,NA,NA,NA,NA,NA,NA,NA,NA,1.08194402587881,222
"6420","Nass-Skeena Estuary-Pink-Even","Pink-Even",2002,3706813,2281210,NA,NA,NA,NA,NA,NA,NA,NA,NA,NA,NA,NA,NA,NA,NA,NA,NA,NA,NA,NA,NA,NA,NA,NA,NA,NA,NA,NA,NA,NA,NA,0.485466473843978,222
"6421","Nass-Skeena Estuary-Pink-Even","Pink-Even",2004,482321,2220776,NA,NA,NA,NA,NA,NA,NA,NA,NA,NA,NA,NA,NA,NA,NA,NA,NA,NA,NA,NA,NA,NA,NA,NA,NA,NA,NA,NA,NA,NA,NA,-1.52700209584634,222
"6422","Nass-Skeena Estuary-Pink-Even","Pink-Even",2006,251549,394700,NA,NA,NA,NA,NA,NA,NA,NA,NA,NA,NA,NA,NA,NA,NA,NA,NA,NA,NA,NA,NA,NA,NA,NA,NA,NA,NA,NA,NA,NA,NA,-0.450488181092188,222
"6423","Nass-Skeena Estuary-Pink-Even","Pink-Even",2008,1186567,213534,NA,NA,NA,NA,NA,NA,NA,NA,NA,NA,NA,NA,NA,NA,NA,NA,NA,NA,NA,NA,NA,NA,NA,NA,NA,NA,NA,NA,NA,NA,NA,1.71502347231154,222
"6424","Nass-Skeena Estuary-Pink-Even","Pink-Even",2010,1298582,1009340,NA,NA,NA,NA,NA,NA,NA,NA,NA,NA,NA,NA,NA,NA,NA,NA,NA,NA,NA,NA,NA,NA,NA,NA,NA,NA,NA,NA,NA,NA,NA,0.251976248009925,222
"6425","Nass-Skeena Estuary-Pink-Even","Pink-Even",2012,4700646,1033670,NA,NA,NA,NA,NA,NA,NA,NA,NA,NA,NA,NA,NA,NA,NA,NA,NA,NA,NA,NA,NA,NA,NA,NA,NA,NA,NA,NA,NA,NA,NA,1.51458436986837,222
"6426","Nass-Skeena Estuary-Pink-Even","Pink-Even",2014,1075600,3624384,NA,NA,NA,NA,NA,NA,NA,NA,NA,NA,NA,NA,NA,NA,NA,NA,NA,NA,NA,NA,NA,NA,NA,NA,NA,NA,NA,NA,NA,NA,NA,-1.21480569741967,222
"6427","Nass-Skeena Estuary-Pink-Odd","Pink-Odd",1955,130340,129860,NA,NA,NA,NA,NA,NA,NA,NA,NA,NA,NA,NA,NA,NA,NA,NA,NA,NA,NA,NA,NA,NA,NA,NA,NA,NA,NA,NA,NA,NA,NA,0.0036894738238937,223
"6428","Nass-Skeena Estuary-Pink-Odd","Pink-Odd",1957,200981,61794,NA,NA,NA,NA,NA,NA,NA,NA,NA,NA,NA,NA,NA,NA,NA,NA,NA,NA,NA,NA,NA,NA,NA,NA,NA,NA,NA,NA,NA,NA,NA,1.17940410385618,223
"6429","Nass-Skeena Estuary-Pink-Odd","Pink-Odd",1959,297665,114362,NA,NA,NA,NA,NA,NA,NA,NA,NA,NA,NA,NA,NA,NA,NA,NA,NA,NA,NA,NA,NA,NA,NA,NA,NA,NA,NA,NA,NA,NA,NA,0.956599837154995,223
"6430","Nass-Skeena Estuary-Pink-Odd","Pink-Odd",1961,147227,177792,NA,NA,NA,NA,NA,NA,NA,NA,NA,NA,NA,NA,NA,NA,NA,NA,NA,NA,NA,NA,NA,NA,NA,NA,NA,NA,NA,NA,NA,NA,NA,-0.188638714304114,223
"6431","Nass-Skeena Estuary-Pink-Odd","Pink-Odd",1963,162740,114450,NA,NA,NA,NA,NA,NA,NA,NA,NA,NA,NA,NA,NA,NA,NA,NA,NA,NA,NA,NA,NA,NA,NA,NA,NA,NA,NA,NA,NA,NA,NA,0.352015788869936,223
"6432","Nass-Skeena Estuary-Pink-Odd","Pink-Odd",1965,53841,90133,NA,NA,NA,NA,NA,NA,NA,NA,NA,NA,NA,NA,NA,NA,NA,NA,NA,NA,NA,NA,NA,NA,NA,NA,NA,NA,NA,NA,NA,NA,NA,-0.51525109855376,223
"6433","Nass-Skeena Estuary-Pink-Odd","Pink-Odd",1967,64939,23547,NA,NA,NA,NA,NA,NA,NA,NA,NA,NA,NA,NA,NA,NA,NA,NA,NA,NA,NA,NA,NA,NA,NA,NA,NA,NA,NA,NA,NA,NA,NA,1.01444994391366,223
"6434","Nass-Skeena Estuary-Pink-Odd","Pink-Odd",1969,213934,37824,NA,NA,NA,NA,NA,NA,NA,NA,NA,NA,NA,NA,NA,NA,NA,NA,NA,NA,NA,NA,NA,NA,NA,NA,NA,NA,NA,NA,NA,NA,NA,1.73272373445475,223
"6435","Nass-Skeena Estuary-Pink-Odd","Pink-Odd",1971,65631,138826,NA,NA,NA,NA,NA,NA,NA,NA,NA,NA,NA,NA,NA,NA,NA,NA,NA,NA,NA,NA,NA,NA,NA,NA,NA,NA,NA,NA,NA,NA,NA,-0.749173205111372,223
"6436","Nass-Skeena Estuary-Pink-Odd","Pink-Odd",1973,100539,45482,NA,NA,NA,NA,NA,NA,NA,NA,NA,NA,NA,NA,NA,NA,NA,NA,NA,NA,NA,NA,NA,NA,NA,NA,NA,NA,NA,NA,NA,NA,NA,0.793229068635693,223
"6437","Nass-Skeena Estuary-Pink-Odd","Pink-Odd",1975,141690,71896,NA,NA,NA,NA,NA,NA,NA,NA,NA,NA,NA,NA,NA,NA,NA,NA,NA,NA,NA,NA,NA,NA,NA,NA,NA,NA,NA,NA,NA,NA,NA,0.678420942220063,223
"6438","Nass-Skeena Estuary-Pink-Odd","Pink-Odd",1977,68539,62050,NA,NA,NA,NA,NA,NA,NA,NA,NA,NA,NA,NA,NA,NA,NA,NA,NA,NA,NA,NA,NA,NA,NA,NA,NA,NA,NA,NA,NA,NA,NA,0.0994624146689851,223
"6439","Nass-Skeena Estuary-Pink-Odd","Pink-Odd",1979,166773,41245,NA,NA,NA,NA,NA,NA,NA,NA,NA,NA,NA,NA,NA,NA,NA,NA,NA,NA,NA,NA,NA,NA,NA,NA,NA,NA,NA,NA,NA,NA,NA,1.39710371300591,223
"6440","Nass-Skeena Estuary-Pink-Odd","Pink-Odd",1981,718803,92749,NA,NA,NA,NA,NA,NA,NA,NA,NA,NA,NA,NA,NA,NA,NA,NA,NA,NA,NA,NA,NA,NA,NA,NA,NA,NA,NA,NA,NA,NA,NA,2.04769040876514,223
"6441","Nass-Skeena Estuary-Pink-Odd","Pink-Odd",1983,535401,217066,NA,NA,NA,NA,NA,NA,NA,NA,NA,NA,NA,NA,NA,NA,NA,NA,NA,NA,NA,NA,NA,NA,NA,NA,NA,NA,NA,NA,NA,NA,NA,0.902814544084495,223
"6442","Nass-Skeena Estuary-Pink-Odd","Pink-Odd",1985,211099,260981,NA,NA,NA,NA,NA,NA,NA,NA,NA,NA,NA,NA,NA,NA,NA,NA,NA,NA,NA,NA,NA,NA,NA,NA,NA,NA,NA,NA,NA,NA,NA,-0.212120389986373,223
"6443","Nass-Skeena Estuary-Pink-Odd","Pink-Odd",1987,1218639,94112,NA,NA,NA,NA,NA,NA,NA,NA,NA,NA,NA,NA,NA,NA,NA,NA,NA,NA,NA,NA,NA,NA,NA,NA,NA,NA,NA,NA,NA,NA,NA,2.56100437886964,223
"6444","Nass-Skeena Estuary-Pink-Odd","Pink-Odd",1989,1155050,509230,NA,NA,NA,NA,NA,NA,NA,NA,NA,NA,NA,NA,NA,NA,NA,NA,NA,NA,NA,NA,NA,NA,NA,NA,NA,NA,NA,NA,NA,NA,NA,0.818999131167839,223
"6445","Nass-Skeena Estuary-Pink-Odd","Pink-Odd",1991,262444,222482,NA,NA,NA,NA,NA,NA,NA,NA,NA,NA,NA,NA,NA,NA,NA,NA,NA,NA,NA,NA,NA,NA,NA,NA,NA,NA,NA,NA,NA,NA,NA,0.165191526482153,223
"6446","Nass-Skeena Estuary-Pink-Odd","Pink-Odd",1993,498484,81182,NA,NA,NA,NA,NA,NA,NA,NA,NA,NA,NA,NA,NA,NA,NA,NA,NA,NA,NA,NA,NA,NA,NA,NA,NA,NA,NA,NA,NA,NA,NA,1.81487794488065,223
"6447","Nass-Skeena Estuary-Pink-Odd","Pink-Odd",1995,153279,199110,NA,NA,NA,NA,NA,NA,NA,NA,NA,NA,NA,NA,NA,NA,NA,NA,NA,NA,NA,NA,NA,NA,NA,NA,NA,NA,NA,NA,NA,NA,NA,-0.261597645633025,223
"6448","Nass-Skeena Estuary-Pink-Odd","Pink-Odd",1997,991154,88662,NA,NA,NA,NA,NA,NA,NA,NA,NA,NA,NA,NA,NA,NA,NA,NA,NA,NA,NA,NA,NA,NA,NA,NA,NA,NA,NA,NA,NA,NA,NA,2.41403853369461,223
"6449","Nass-Skeena Estuary-Pink-Odd","Pink-Odd",1999,709341,378999,NA,NA,NA,NA,NA,NA,NA,NA,NA,NA,NA,NA,NA,NA,NA,NA,NA,NA,NA,NA,NA,NA,NA,NA,NA,NA,NA,NA,NA,NA,NA,0.626802803449175,223
"6450","Nass-Skeena Estuary-Pink-Odd","Pink-Odd",2001,865928,500485,NA,NA,NA,NA,NA,NA,NA,NA,NA,NA,NA,NA,NA,NA,NA,NA,NA,NA,NA,NA,NA,NA,NA,NA,NA,NA,NA,NA,NA,NA,NA,0.548224135952248,223
"6451","Nass-Skeena Estuary-Pink-Odd","Pink-Odd",2003,1218081,621163,NA,NA,NA,NA,NA,NA,NA,NA,NA,NA,NA,NA,NA,NA,NA,NA,NA,NA,NA,NA,NA,NA,NA,NA,NA,NA,NA,NA,NA,NA,NA,0.673438421158866,223
"6452","Nass-Skeena Estuary-Pink-Odd","Pink-Odd",2005,824310,847286,NA,NA,NA,NA,NA,NA,NA,NA,NA,NA,NA,NA,NA,NA,NA,NA,NA,NA,NA,NA,NA,NA,NA,NA,NA,NA,NA,NA,NA,NA,NA,-0.0274916272435038,223
"6453","Nass-Skeena Estuary-Pink-Odd","Pink-Odd",2007,528925,512660,NA,NA,NA,NA,NA,NA,NA,NA,NA,NA,NA,NA,NA,NA,NA,NA,NA,NA,NA,NA,NA,NA,NA,NA,NA,NA,NA,NA,NA,NA,NA,0.0312337874576235,223
"6454","Nass-Skeena Estuary-Pink-Odd","Pink-Odd",2009,128620,415208,NA,NA,NA,NA,NA,NA,NA,NA,NA,NA,NA,NA,NA,NA,NA,NA,NA,NA,NA,NA,NA,NA,NA,NA,NA,NA,NA,NA,NA,NA,NA,-1.17191727878208,223
"6455","Nass-Skeena Estuary-Pink-Odd","Pink-Odd",2011,693378,108919,NA,NA,NA,NA,NA,NA,NA,NA,NA,NA,NA,NA,NA,NA,NA,NA,NA,NA,NA,NA,NA,NA,NA,NA,NA,NA,NA,NA,NA,NA,NA,1.850970818316,223
"6456","Nass-Skeena Estuary-Pink-Odd","Pink-Odd",2013,134587,550908,NA,NA,NA,NA,NA,NA,NA,NA,NA,NA,NA,NA,NA,NA,NA,NA,NA,NA,NA,NA,NA,NA,NA,NA,NA,NA,NA,NA,NA,NA,NA,-1.40935699598534,223
"6457","Nass-Skeena Estuary-Pink-Odd","Pink-Odd",2015,121566,103423,NA,NA,NA,NA,NA,NA,NA,NA,NA,NA,NA,NA,NA,NA,NA,NA,NA,NA,NA,NA,NA,NA,NA,NA,NA,NA,NA,NA,NA,NA,NA,0.161629950695882,223
"6458","Lower Skeena River-Pink-Odd","Pink-Odd",1955,1102562,392423,NA,NA,NA,NA,NA,NA,NA,NA,NA,NA,NA,NA,NA,NA,NA,NA,NA,NA,NA,NA,NA,NA,NA,NA,NA,NA,NA,NA,NA,NA,NA,1.03305150193447,224
"6459","Lower Skeena River-Pink-Odd","Pink-Odd",1957,896385,502052,NA,NA,NA,NA,NA,NA,NA,NA,NA,NA,NA,NA,NA,NA,NA,NA,NA,NA,NA,NA,NA,NA,NA,NA,NA,NA,NA,NA,NA,NA,NA,0.579666308201217,224
"6460","Lower Skeena River-Pink-Odd","Pink-Odd",1959,1530934,479628,NA,NA,NA,NA,NA,NA,NA,NA,NA,NA,NA,NA,NA,NA,NA,NA,NA,NA,NA,NA,NA,NA,NA,NA,NA,NA,NA,NA,NA,NA,NA,1.16062248221524,224
"6461","Lower Skeena River-Pink-Odd","Pink-Odd",1961,2048541,784550,NA,NA,NA,NA,NA,NA,NA,NA,NA,NA,NA,NA,NA,NA,NA,NA,NA,NA,NA,NA,NA,NA,NA,NA,NA,NA,NA,NA,NA,NA,NA,0.95977280642642,224
"6462","Lower Skeena River-Pink-Odd","Pink-Odd",1963,3854161,1271795,NA,NA,NA,NA,NA,NA,NA,NA,NA,NA,NA,NA,NA,NA,NA,NA,NA,NA,NA,NA,NA,NA,NA,NA,NA,NA,NA,NA,NA,NA,NA,1.1087240554914,224
"6463","Lower Skeena River-Pink-Odd","Pink-Odd",1965,1362203,2129359,NA,NA,NA,NA,NA,NA,NA,NA,NA,NA,NA,NA,NA,NA,NA,NA,NA,NA,NA,NA,NA,NA,NA,NA,NA,NA,NA,NA,NA,NA,NA,-0.446717753320547,224
"6464","Lower Skeena River-Pink-Odd","Pink-Odd",1967,1673782,584508,NA,NA,NA,NA,NA,NA,NA,NA,NA,NA,NA,NA,NA,NA,NA,NA,NA,NA,NA,NA,NA,NA,NA,NA,NA,NA,NA,NA,NA,NA,NA,1.0520705478376,224
"6465","Lower Skeena River-Pink-Odd","Pink-Odd",1969,1162873,914331,NA,NA,NA,NA,NA,NA,NA,NA,NA,NA,NA,NA,NA,NA,NA,NA,NA,NA,NA,NA,NA,NA,NA,NA,NA,NA,NA,NA,NA,NA,NA,0.240456295896117,224
"6466","Lower Skeena River-Pink-Odd","Pink-Odd",1971,2239902,627796,NA,NA,NA,NA,NA,NA,NA,NA,NA,NA,NA,NA,NA,NA,NA,NA,NA,NA,NA,NA,NA,NA,NA,NA,NA,NA,NA,NA,NA,NA,NA,1.27197212096035,224
"6467","Lower Skeena River-Pink-Odd","Pink-Odd",1973,3223188,1243294,NA,NA,NA,NA,NA,NA,NA,NA,NA,NA,NA,NA,NA,NA,NA,NA,NA,NA,NA,NA,NA,NA,NA,NA,NA,NA,NA,NA,NA,NA,NA,0.952606622781414,224
"6468","Lower Skeena River-Pink-Odd","Pink-Odd",1975,1729503,1855152,NA,NA,NA,NA,NA,NA,NA,NA,NA,NA,NA,NA,NA,NA,NA,NA,NA,NA,NA,NA,NA,NA,NA,NA,NA,NA,NA,NA,NA,NA,NA,-0.0701325494042921,224
"6469","Lower Skeena River-Pink-Odd","Pink-Odd",1977,1194558,746178,NA,NA,NA,NA,NA,NA,NA,NA,NA,NA,NA,NA,NA,NA,NA,NA,NA,NA,NA,NA,NA,NA,NA,NA,NA,NA,NA,NA,NA,NA,NA,0.470567343828163,224
"6470","Lower Skeena River-Pink-Odd","Pink-Odd",1979,3893035,624075,NA,NA,NA,NA,NA,NA,NA,NA,NA,NA,NA,NA,NA,NA,NA,NA,NA,NA,NA,NA,NA,NA,NA,NA,NA,NA,NA,NA,NA,NA,NA,1.8306737846112,224
"6471","Lower Skeena River-Pink-Odd","Pink-Odd",1981,7689871,1764135,NA,NA,NA,NA,NA,NA,NA,NA,NA,NA,NA,NA,NA,NA,NA,NA,NA,NA,NA,NA,NA,NA,NA,NA,NA,NA,NA,NA,NA,NA,NA,1.47224352307581,224
"6472","Lower Skeena River-Pink-Odd","Pink-Odd",1983,3387744,3092371,NA,NA,NA,NA,NA,NA,NA,NA,NA,NA,NA,NA,NA,NA,NA,NA,NA,NA,NA,NA,NA,NA,NA,NA,NA,NA,NA,NA,NA,NA,NA,0.0912261025414202,224
"6473","Lower Skeena River-Pink-Odd","Pink-Odd",1985,5641959,1515564,NA,NA,NA,NA,NA,NA,NA,NA,NA,NA,NA,NA,NA,NA,NA,NA,NA,NA,NA,NA,NA,NA,NA,NA,NA,NA,NA,NA,NA,NA,NA,1.3144436987157,224
"6474","Lower Skeena River-Pink-Odd","Pink-Odd",1987,7507015,2599726,NA,NA,NA,NA,NA,NA,NA,NA,NA,NA,NA,NA,NA,NA,NA,NA,NA,NA,NA,NA,NA,NA,NA,NA,NA,NA,NA,NA,NA,NA,NA,1.06043186186524,224
"6475","Lower Skeena River-Pink-Odd","Pink-Odd",1989,17517738,3813648,NA,NA,NA,NA,NA,NA,NA,NA,NA,NA,NA,NA,NA,NA,NA,NA,NA,NA,NA,NA,NA,NA,NA,NA,NA,NA,NA,NA,NA,NA,NA,1.52462775622216,224
"6476","Lower Skeena River-Pink-Odd","Pink-Odd",1991,1905704,4912632,NA,NA,NA,NA,NA,NA,NA,NA,NA,NA,NA,NA,NA,NA,NA,NA,NA,NA,NA,NA,NA,NA,NA,NA,NA,NA,NA,NA,NA,NA,NA,-0.94695835294714,224
"6477","Lower Skeena River-Pink-Odd","Pink-Odd",1993,7482026,707193,NA,NA,NA,NA,NA,NA,NA,NA,NA,NA,NA,NA,NA,NA,NA,NA,NA,NA,NA,NA,NA,NA,NA,NA,NA,NA,NA,NA,NA,NA,NA,2.35895527682434,224
"6478","Lower Skeena River-Pink-Odd","Pink-Odd",1995,990827,2618665,NA,NA,NA,NA,NA,NA,NA,NA,NA,NA,NA,NA,NA,NA,NA,NA,NA,NA,NA,NA,NA,NA,NA,NA,NA,NA,NA,NA,NA,NA,NA,-0.971879976959367,224
"6479","Lower Skeena River-Pink-Odd","Pink-Odd",1997,1677586,517296,NA,NA,NA,NA,NA,NA,NA,NA,NA,NA,NA,NA,NA,NA,NA,NA,NA,NA,NA,NA,NA,NA,NA,NA,NA,NA,NA,NA,NA,NA,NA,1.17649588977518,224
"6480","Lower Skeena River-Pink-Odd","Pink-Odd",1999,2799101,810005,NA,NA,NA,NA,NA,NA,NA,NA,NA,NA,NA,NA,NA,NA,NA,NA,NA,NA,NA,NA,NA,NA,NA,NA,NA,NA,NA,NA,NA,NA,NA,1.24001315269332,224
"6481","Lower Skeena River-Pink-Odd","Pink-Odd",2001,2749879,1613261,NA,NA,NA,NA,NA,NA,NA,NA,NA,NA,NA,NA,NA,NA,NA,NA,NA,NA,NA,NA,NA,NA,NA,NA,NA,NA,NA,NA,NA,NA,NA,0.53329931436587,224
"6482","Lower Skeena River-Pink-Odd","Pink-Odd",2003,1499395,1860769,NA,NA,NA,NA,NA,NA,NA,NA,NA,NA,NA,NA,NA,NA,NA,NA,NA,NA,NA,NA,NA,NA,NA,NA,NA,NA,NA,NA,NA,NA,NA,-0.215928149728138,224
"6483","Lower Skeena River-Pink-Odd","Pink-Odd",2005,713615,1076104,NA,NA,NA,NA,NA,NA,NA,NA,NA,NA,NA,NA,NA,NA,NA,NA,NA,NA,NA,NA,NA,NA,NA,NA,NA,NA,NA,NA,NA,NA,NA,-0.410758789101848,224
"6484","Lower Skeena River-Pink-Odd","Pink-Odd",2007,4088005,437453,NA,NA,NA,NA,NA,NA,NA,NA,NA,NA,NA,NA,NA,NA,NA,NA,NA,NA,NA,NA,NA,NA,NA,NA,NA,NA,NA,NA,NA,NA,NA,2.23484308351939,224
"6485","Lower Skeena River-Pink-Odd","Pink-Odd",2009,376234,3204768,NA,NA,NA,NA,NA,NA,NA,NA,NA,NA,NA,NA,NA,NA,NA,NA,NA,NA,NA,NA,NA,NA,NA,NA,NA,NA,NA,NA,NA,NA,NA,-2.1421836895973,224
"6486","Lower Skeena River-Pink-Odd","Pink-Odd",2011,2334641,297974,NA,NA,NA,NA,NA,NA,NA,NA,NA,NA,NA,NA,NA,NA,NA,NA,NA,NA,NA,NA,NA,NA,NA,NA,NA,NA,NA,NA,NA,NA,NA,2.05860717658243,224
"6487","Lower Skeena River-Pink-Odd","Pink-Odd",2013,266267,1886525,NA,NA,NA,NA,NA,NA,NA,NA,NA,NA,NA,NA,NA,NA,NA,NA,NA,NA,NA,NA,NA,NA,NA,NA,NA,NA,NA,NA,NA,NA,NA,-1.95799222662004,224
"6488","Lower Skeena River-Pink-Odd","Pink-Odd",2015,201829,206841,NA,NA,NA,NA,NA,NA,NA,NA,NA,NA,NA,NA,NA,NA,NA,NA,NA,NA,NA,NA,NA,NA,NA,NA,NA,NA,NA,NA,NA,NA,NA,-0.0245295779362031,224
"6489","Nass-Portland-Observatory-Pink-Odd","Pink-Odd",1955,94541,61559,NA,NA,NA,NA,NA,NA,NA,NA,NA,NA,NA,NA,NA,NA,NA,NA,NA,NA,NA,NA,NA,NA,NA,NA,NA,NA,NA,NA,NA,NA,NA,0.42903753831822,225
"6490","Nass-Portland-Observatory-Pink-Odd","Pink-Odd",1957,500526,44822,NA,NA,NA,NA,NA,NA,NA,NA,NA,NA,NA,NA,NA,NA,NA,NA,NA,NA,NA,NA,NA,NA,NA,NA,NA,NA,NA,NA,NA,NA,NA,2.41296045514457,225
"6491","Nass-Portland-Observatory-Pink-Odd","Pink-Odd",1959,666072,284809,NA,NA,NA,NA,NA,NA,NA,NA,NA,NA,NA,NA,NA,NA,NA,NA,NA,NA,NA,NA,NA,NA,NA,NA,NA,NA,NA,NA,NA,NA,NA,0.849578992643126,225
"6492","Nass-Portland-Observatory-Pink-Odd","Pink-Odd",1961,415679,397838,NA,NA,NA,NA,NA,NA,NA,NA,NA,NA,NA,NA,NA,NA,NA,NA,NA,NA,NA,NA,NA,NA,NA,NA,NA,NA,NA,NA,NA,NA,NA,0.043868440535396,225
"6493","Nass-Portland-Observatory-Pink-Odd","Pink-Odd",1963,743798,323136,NA,NA,NA,NA,NA,NA,NA,NA,NA,NA,NA,NA,NA,NA,NA,NA,NA,NA,NA,NA,NA,NA,NA,NA,NA,NA,NA,NA,NA,NA,NA,0.83369620535604,225
"6494","Nass-Portland-Observatory-Pink-Odd","Pink-Odd",1965,202081,411951,NA,NA,NA,NA,NA,NA,NA,NA,NA,NA,NA,NA,NA,NA,NA,NA,NA,NA,NA,NA,NA,NA,NA,NA,NA,NA,NA,NA,NA,NA,NA,-0.712235803112545,225
"6495","Nass-Portland-Observatory-Pink-Odd","Pink-Odd",1967,131699,88377,NA,NA,NA,NA,NA,NA,NA,NA,NA,NA,NA,NA,NA,NA,NA,NA,NA,NA,NA,NA,NA,NA,NA,NA,NA,NA,NA,NA,NA,NA,NA,0.398907260910806,225
"6496","Nass-Portland-Observatory-Pink-Odd","Pink-Odd",1969,367647,76708,NA,NA,NA,NA,NA,NA,NA,NA,NA,NA,NA,NA,NA,NA,NA,NA,NA,NA,NA,NA,NA,NA,NA,NA,NA,NA,NA,NA,NA,NA,NA,1.56711723326295,225
"6497","Nass-Portland-Observatory-Pink-Odd","Pink-Odd",1971,180029,238572,NA,NA,NA,NA,NA,NA,NA,NA,NA,NA,NA,NA,NA,NA,NA,NA,NA,NA,NA,NA,NA,NA,NA,NA,NA,NA,NA,NA,NA,NA,NA,-0.28155320253788,225
"6498","Nass-Portland-Observatory-Pink-Odd","Pink-Odd",1973,358306,124760,NA,NA,NA,NA,NA,NA,NA,NA,NA,NA,NA,NA,NA,NA,NA,NA,NA,NA,NA,NA,NA,NA,NA,NA,NA,NA,NA,NA,NA,NA,NA,1.05499547817489,225
"6499","Nass-Portland-Observatory-Pink-Odd","Pink-Odd",1975,724195,256227,NA,NA,NA,NA,NA,NA,NA,NA,NA,NA,NA,NA,NA,NA,NA,NA,NA,NA,NA,NA,NA,NA,NA,NA,NA,NA,NA,NA,NA,NA,NA,1.03899692281085,225
"6500","Nass-Portland-Observatory-Pink-Odd","Pink-Odd",1977,137594,317145,NA,NA,NA,NA,NA,NA,NA,NA,NA,NA,NA,NA,NA,NA,NA,NA,NA,NA,NA,NA,NA,NA,NA,NA,NA,NA,NA,NA,NA,NA,NA,-0.835051762647572,225
"6501","Nass-Portland-Observatory-Pink-Odd","Pink-Odd",1979,588130,82801,NA,NA,NA,NA,NA,NA,NA,NA,NA,NA,NA,NA,NA,NA,NA,NA,NA,NA,NA,NA,NA,NA,NA,NA,NA,NA,NA,NA,NA,NA,NA,1.96050787328458,225
"6502","Nass-Portland-Observatory-Pink-Odd","Pink-Odd",1981,3110666,327083,NA,NA,NA,NA,NA,NA,NA,NA,NA,NA,NA,NA,NA,NA,NA,NA,NA,NA,NA,NA,NA,NA,NA,NA,NA,NA,NA,NA,NA,NA,NA,2.25237816883715,225
"6503","Nass-Portland-Observatory-Pink-Odd","Pink-Odd",1983,1656933,939366,NA,NA,NA,NA,NA,NA,NA,NA,NA,NA,NA,NA,NA,NA,NA,NA,NA,NA,NA,NA,NA,NA,NA,NA,NA,NA,NA,NA,NA,NA,NA,0.567518402465829,225
"6504","Nass-Portland-Observatory-Pink-Odd","Pink-Odd",1985,1245983,807670,NA,NA,NA,NA,NA,NA,NA,NA,NA,NA,NA,NA,NA,NA,NA,NA,NA,NA,NA,NA,NA,NA,NA,NA,NA,NA,NA,NA,NA,NA,NA,0.433526496339566,225
"6505","Nass-Portland-Observatory-Pink-Odd","Pink-Odd",1987,2448618,555485,NA,NA,NA,NA,NA,NA,NA,NA,NA,NA,NA,NA,NA,NA,NA,NA,NA,NA,NA,NA,NA,NA,NA,NA,NA,NA,NA,NA,NA,NA,NA,1.48343745673739,225
"6506","Nass-Portland-Observatory-Pink-Odd","Pink-Odd",1989,3309418,1023199,NA,NA,NA,NA,NA,NA,NA,NA,NA,NA,NA,NA,NA,NA,NA,NA,NA,NA,NA,NA,NA,NA,NA,NA,NA,NA,NA,NA,NA,NA,NA,1.17383834915723,225
"6507","Nass-Portland-Observatory-Pink-Odd","Pink-Odd",1991,1885997,637448,NA,NA,NA,NA,NA,NA,NA,NA,NA,NA,NA,NA,NA,NA,NA,NA,NA,NA,NA,NA,NA,NA,NA,NA,NA,NA,NA,NA,NA,NA,NA,1.08473916744583,225
"6508","Nass-Portland-Observatory-Pink-Odd","Pink-Odd",1993,1601791,583393,NA,NA,NA,NA,NA,NA,NA,NA,NA,NA,NA,NA,NA,NA,NA,NA,NA,NA,NA,NA,NA,NA,NA,NA,NA,NA,NA,NA,NA,NA,NA,1.0100165984619,225
"6509","Nass-Portland-Observatory-Pink-Odd","Pink-Odd",1995,708645,639807,NA,NA,NA,NA,NA,NA,NA,NA,NA,NA,NA,NA,NA,NA,NA,NA,NA,NA,NA,NA,NA,NA,NA,NA,NA,NA,NA,NA,NA,NA,NA,0.102188127544189,225
"6510","Nass-Portland-Observatory-Pink-Odd","Pink-Odd",1997,2195047,409907,NA,NA,NA,NA,NA,NA,NA,NA,NA,NA,NA,NA,NA,NA,NA,NA,NA,NA,NA,NA,NA,NA,NA,NA,NA,NA,NA,NA,NA,NA,NA,1.6780284328803,225
"6511","Nass-Portland-Observatory-Pink-Odd","Pink-Odd",1999,2085783,839345,NA,NA,NA,NA,NA,NA,NA,NA,NA,NA,NA,NA,NA,NA,NA,NA,NA,NA,NA,NA,NA,NA,NA,NA,NA,NA,NA,NA,NA,NA,NA,0.910277777543761,225
"6512","Nass-Portland-Observatory-Pink-Odd","Pink-Odd",2001,2181863,1471653,NA,NA,NA,NA,NA,NA,NA,NA,NA,NA,NA,NA,NA,NA,NA,NA,NA,NA,NA,NA,NA,NA,NA,NA,NA,NA,NA,NA,NA,NA,NA,0.393792840183787,225
"6513","Nass-Portland-Observatory-Pink-Odd","Pink-Odd",2003,2562613,1565131,NA,NA,NA,NA,NA,NA,NA,NA,NA,NA,NA,NA,NA,NA,NA,NA,NA,NA,NA,NA,NA,NA,NA,NA,NA,NA,NA,NA,NA,NA,NA,0.493057914493987,225
"6514","Nass-Portland-Observatory-Pink-Odd","Pink-Odd",2005,1787897,1782531,NA,NA,NA,NA,NA,NA,NA,NA,NA,NA,NA,NA,NA,NA,NA,NA,NA,NA,NA,NA,NA,NA,NA,NA,NA,NA,NA,NA,NA,NA,NA,0.00300580436860097,225
"6515","Nass-Portland-Observatory-Pink-Odd","Pink-Odd",2007,1498016,1111938,NA,NA,NA,NA,NA,NA,NA,NA,NA,NA,NA,NA,NA,NA,NA,NA,NA,NA,NA,NA,NA,NA,NA,NA,NA,NA,NA,NA,NA,NA,NA,0.298037127067547,225
"6516","Nass-Portland-Observatory-Pink-Odd","Pink-Odd",2009,240409,1175949,NA,NA,NA,NA,NA,NA,NA,NA,NA,NA,NA,NA,NA,NA,NA,NA,NA,NA,NA,NA,NA,NA,NA,NA,NA,NA,NA,NA,NA,NA,NA,-1.58748912060697,225
"6517","Nass-Portland-Observatory-Pink-Odd","Pink-Odd",2011,1784313,203585,NA,NA,NA,NA,NA,NA,NA,NA,NA,NA,NA,NA,NA,NA,NA,NA,NA,NA,NA,NA,NA,NA,NA,NA,NA,NA,NA,NA,NA,NA,NA,2.17070513808919,225
"6518","Nass-Portland-Observatory-Pink-Odd","Pink-Odd",2013,984862,1417685,NA,NA,NA,NA,NA,NA,NA,NA,NA,NA,NA,NA,NA,NA,NA,NA,NA,NA,NA,NA,NA,NA,NA,NA,NA,NA,NA,NA,NA,NA,NA,-0.364279008715761,225
"6519","Nass-Portland-Observatory-Pink-Odd","Pink-Odd",2015,1713019,756813,NA,NA,NA,NA,NA,NA,NA,NA,NA,NA,NA,NA,NA,NA,NA,NA,NA,NA,NA,NA,NA,NA,NA,NA,NA,NA,NA,NA,NA,NA,NA,0.816896394734693,225
"6520","Hecate Lowlands-Pink-Even","Pink-Even",1954,2271842,617914,NA,NA,NA,NA,NA,NA,NA,NA,NA,NA,NA,NA,NA,NA,NA,NA,NA,NA,NA,NA,NA,NA,NA,NA,NA,NA,NA,NA,NA,NA,NA,1.30199694597116,226
"6521","Hecate Lowlands-Pink-Even","Pink-Even",1956,1264102,997293,NA,NA,NA,NA,NA,NA,NA,NA,NA,NA,NA,NA,NA,NA,NA,NA,NA,NA,NA,NA,NA,NA,NA,NA,NA,NA,NA,NA,NA,NA,NA,0.23707265922155,226
"6522","Hecate Lowlands-Pink-Even","Pink-Even",1958,1343417,386030,NA,NA,NA,NA,NA,NA,NA,NA,NA,NA,NA,NA,NA,NA,NA,NA,NA,NA,NA,NA,NA,NA,NA,NA,NA,NA,NA,NA,NA,NA,NA,1.24705656055951,226
"6523","Hecate Lowlands-Pink-Even","Pink-Even",1960,3794721,485666,NA,NA,NA,NA,NA,NA,NA,NA,NA,NA,NA,NA,NA,NA,NA,NA,NA,NA,NA,NA,NA,NA,NA,NA,NA,NA,NA,NA,NA,NA,NA,2.05584502449805,226
"6524","Hecate Lowlands-Pink-Even","Pink-Even",1962,2805238,1174319,NA,NA,NA,NA,NA,NA,NA,NA,NA,NA,NA,NA,NA,NA,NA,NA,NA,NA,NA,NA,NA,NA,NA,NA,NA,NA,NA,NA,NA,NA,NA,0.870799978750247,226
"6525","Hecate Lowlands-Pink-Even","Pink-Even",1964,3895026,842691,NA,NA,NA,NA,NA,NA,NA,NA,NA,NA,NA,NA,NA,NA,NA,NA,NA,NA,NA,NA,NA,NA,NA,NA,NA,NA,NA,NA,NA,NA,NA,1.53085529074322,226
"6526","Hecate Lowlands-Pink-Even","Pink-Even",1966,4919483,1205156,NA,NA,NA,NA,NA,NA,NA,NA,NA,NA,NA,NA,NA,NA,NA,NA,NA,NA,NA,NA,NA,NA,NA,NA,NA,NA,NA,NA,NA,NA,NA,1.40659442453774,226
"6527","Hecate Lowlands-Pink-Even","Pink-Even",1968,2650760,1316518,NA,NA,NA,NA,NA,NA,NA,NA,NA,NA,NA,NA,NA,NA,NA,NA,NA,NA,NA,NA,NA,NA,NA,NA,NA,NA,NA,NA,NA,NA,NA,0.699856018856322,226
"6528","Hecate Lowlands-Pink-Even","Pink-Even",1970,2212040,788075,NA,NA,NA,NA,NA,NA,NA,NA,NA,NA,NA,NA,NA,NA,NA,NA,NA,NA,NA,NA,NA,NA,NA,NA,NA,NA,NA,NA,NA,NA,NA,1.03207718266762,226
"6529","Hecate Lowlands-Pink-Even","Pink-Even",1972,1792555,749848,NA,NA,NA,NA,NA,NA,NA,NA,NA,NA,NA,NA,NA,NA,NA,NA,NA,NA,NA,NA,NA,NA,NA,NA,NA,NA,NA,NA,NA,NA,NA,0.871526736082092,226
"6530","Hecate Lowlands-Pink-Even","Pink-Even",1974,2907742,782915,NA,NA,NA,NA,NA,NA,NA,NA,NA,NA,NA,NA,NA,NA,NA,NA,NA,NA,NA,NA,NA,NA,NA,NA,NA,NA,NA,NA,NA,NA,NA,1.31210798068181,226
"6531","Hecate Lowlands-Pink-Even","Pink-Even",1976,2160680,1388152,NA,NA,NA,NA,NA,NA,NA,NA,NA,NA,NA,NA,NA,NA,NA,NA,NA,NA,NA,NA,NA,NA,NA,NA,NA,NA,NA,NA,NA,NA,NA,0.442449620791826,226
"6532","Hecate Lowlands-Pink-Even","Pink-Even",1978,1279809,1038646,NA,NA,NA,NA,NA,NA,NA,NA,NA,NA,NA,NA,NA,NA,NA,NA,NA,NA,NA,NA,NA,NA,NA,NA,NA,NA,NA,NA,NA,NA,NA,0.208792906209099,226
"6533","Hecate Lowlands-Pink-Even","Pink-Even",1980,853385,702365,NA,NA,NA,NA,NA,NA,NA,NA,NA,NA,NA,NA,NA,NA,NA,NA,NA,NA,NA,NA,NA,NA,NA,NA,NA,NA,NA,NA,NA,NA,NA,0.194757581925393,226
"6534","Hecate Lowlands-Pink-Even","Pink-Even",1982,1588954,628620,NA,NA,NA,NA,NA,NA,NA,NA,NA,NA,NA,NA,NA,NA,NA,NA,NA,NA,NA,NA,NA,NA,NA,NA,NA,NA,NA,NA,NA,NA,NA,0.927304276500213,226
"6535","Hecate Lowlands-Pink-Even","Pink-Even",1984,2865332,1016612,NA,NA,NA,NA,NA,NA,NA,NA,NA,NA,NA,NA,NA,NA,NA,NA,NA,NA,NA,NA,NA,NA,NA,NA,NA,NA,NA,NA,NA,NA,NA,1.03620869476561,226
"6536","Hecate Lowlands-Pink-Even","Pink-Even",1986,2204648,1328543,NA,NA,NA,NA,NA,NA,NA,NA,NA,NA,NA,NA,NA,NA,NA,NA,NA,NA,NA,NA,NA,NA,NA,NA,NA,NA,NA,NA,NA,NA,NA,0.506485005941731,226
"6537","Hecate Lowlands-Pink-Even","Pink-Even",1988,2909735,929644,NA,NA,NA,NA,NA,NA,NA,NA,NA,NA,NA,NA,NA,NA,NA,NA,NA,NA,NA,NA,NA,NA,NA,NA,NA,NA,NA,NA,NA,NA,NA,1.14101557356335,226
"6538","Hecate Lowlands-Pink-Even","Pink-Even",1990,729752,1350469,NA,NA,NA,NA,NA,NA,NA,NA,NA,NA,NA,NA,NA,NA,NA,NA,NA,NA,NA,NA,NA,NA,NA,NA,NA,NA,NA,NA,NA,NA,NA,-0.615502468112822,226
"6539","Hecate Lowlands-Pink-Even","Pink-Even",1992,708367,364747,NA,NA,NA,NA,NA,NA,NA,NA,NA,NA,NA,NA,NA,NA,NA,NA,NA,NA,NA,NA,NA,NA,NA,NA,NA,NA,NA,NA,NA,NA,NA,0.663758358415129,226
"6540","Hecate Lowlands-Pink-Even","Pink-Even",1994,1513255,477515,NA,NA,NA,NA,NA,NA,NA,NA,NA,NA,NA,NA,NA,NA,NA,NA,NA,NA,NA,NA,NA,NA,NA,NA,NA,NA,NA,NA,NA,NA,NA,1.15342266587309,226
"6541","Hecate Lowlands-Pink-Even","Pink-Even",1996,519469,1305916,NA,NA,NA,NA,NA,NA,NA,NA,NA,NA,NA,NA,NA,NA,NA,NA,NA,NA,NA,NA,NA,NA,NA,NA,NA,NA,NA,NA,NA,NA,NA,-0.921852853241468,226
"6542","Hecate Lowlands-Pink-Even","Pink-Even",1998,1189307,457943,NA,NA,NA,NA,NA,NA,NA,NA,NA,NA,NA,NA,NA,NA,NA,NA,NA,NA,NA,NA,NA,NA,NA,NA,NA,NA,NA,NA,NA,NA,NA,0.954381341310411,226
"6543","Hecate Lowlands-Pink-Even","Pink-Even",2000,1651720,1103046,NA,NA,NA,NA,NA,NA,NA,NA,NA,NA,NA,NA,NA,NA,NA,NA,NA,NA,NA,NA,NA,NA,NA,NA,NA,NA,NA,NA,NA,NA,NA,0.403741725363862,226
"6544","Hecate Lowlands-Pink-Even","Pink-Even",2002,1025609,1351720,NA,NA,NA,NA,NA,NA,NA,NA,NA,NA,NA,NA,NA,NA,NA,NA,NA,NA,NA,NA,NA,NA,NA,NA,NA,NA,NA,NA,NA,NA,NA,-0.276091273083988,226
"6545","Hecate Lowlands-Pink-Even","Pink-Even",2004,459758,850779,NA,NA,NA,NA,NA,NA,NA,NA,NA,NA,NA,NA,NA,NA,NA,NA,NA,NA,NA,NA,NA,NA,NA,NA,NA,NA,NA,NA,NA,NA,NA,-0.615452136275516,226
"6546","Hecate Lowlands-Pink-Even","Pink-Even",2006,368844,427320,NA,NA,NA,NA,NA,NA,NA,NA,NA,NA,NA,NA,NA,NA,NA,NA,NA,NA,NA,NA,NA,NA,NA,NA,NA,NA,NA,NA,NA,NA,NA,-0.147159356654793,226
"6547","Hecate Lowlands-Pink-Even","Pink-Even",2008,393015,367560,NA,NA,NA,NA,NA,NA,NA,NA,NA,NA,NA,NA,NA,NA,NA,NA,NA,NA,NA,NA,NA,NA,NA,NA,NA,NA,NA,NA,NA,NA,NA,0.0669612084471311,226
"6548","Hecate Lowlands-Pink-Even","Pink-Even",2010,764768,388933,NA,NA,NA,NA,NA,NA,NA,NA,NA,NA,NA,NA,NA,NA,NA,NA,NA,NA,NA,NA,NA,NA,NA,NA,NA,NA,NA,NA,NA,NA,NA,0.676165427577468,226
"6549","Hecate Lowlands-Pink-Even","Pink-Even",2012,1637689,752950,NA,NA,NA,NA,NA,NA,NA,NA,NA,NA,NA,NA,NA,NA,NA,NA,NA,NA,NA,NA,NA,NA,NA,NA,NA,NA,NA,NA,NA,NA,NA,0.777042556163549,226
"6550","Hecate Lowlands-Pink-Even","Pink-Even",2014,348086,1397904,NA,NA,NA,NA,NA,NA,NA,NA,NA,NA,NA,NA,NA,NA,NA,NA,NA,NA,NA,NA,NA,NA,NA,NA,NA,NA,NA,NA,NA,NA,NA,-1.39027967522745,226
"6551","Hecate Lowlands-Pink-Even","Pink-Even",2016,113096,263258,NA,NA,NA,NA,NA,NA,NA,NA,NA,NA,NA,NA,NA,NA,NA,NA,NA,NA,NA,NA,NA,NA,NA,NA,NA,NA,NA,NA,NA,NA,NA,-0.844897524351329,226
"6552","Hecate Lowlands-Pink-Even","Pink-Even",2018,537834,110542,NA,NA,NA,NA,NA,NA,NA,NA,NA,NA,NA,NA,NA,NA,NA,NA,NA,NA,NA,NA,NA,NA,NA,NA,NA,NA,NA,NA,NA,NA,NA,1.58215442312506,226
"6553","Hecate Strait-Fjords-Pink-Even","Pink-Even",1954,3825450,719647,NA,NA,NA,NA,NA,NA,NA,NA,NA,NA,NA,NA,NA,NA,NA,NA,NA,NA,NA,NA,NA,NA,NA,NA,NA,NA,NA,NA,NA,NA,NA,1.67067057239271,227
"6554","Hecate Strait-Fjords-Pink-Even","Pink-Even",1956,3283417,1827670,NA,NA,NA,NA,NA,NA,NA,NA,NA,NA,NA,NA,NA,NA,NA,NA,NA,NA,NA,NA,NA,NA,NA,NA,NA,NA,NA,NA,NA,NA,NA,0.585842716853508,227
"6555","Hecate Strait-Fjords-Pink-Even","Pink-Even",1958,9013461,961989,NA,NA,NA,NA,NA,NA,NA,NA,NA,NA,NA,NA,NA,NA,NA,NA,NA,NA,NA,NA,NA,NA,NA,NA,NA,NA,NA,NA,NA,NA,NA,2.23747138950077,227
"6556","Hecate Strait-Fjords-Pink-Even","Pink-Even",1960,32855873,3255508,NA,NA,NA,NA,NA,NA,NA,NA,NA,NA,NA,NA,NA,NA,NA,NA,NA,NA,NA,NA,NA,NA,NA,NA,NA,NA,NA,NA,NA,NA,NA,2.31178218022337,227
"6557","Hecate Strait-Fjords-Pink-Even","Pink-Even",1962,9702463,10716162,NA,NA,NA,NA,NA,NA,NA,NA,NA,NA,NA,NA,NA,NA,NA,NA,NA,NA,NA,NA,NA,NA,NA,NA,NA,NA,NA,NA,NA,NA,NA,-0.0993732983457685,227
"6558","Hecate Strait-Fjords-Pink-Even","Pink-Even",1964,9539214,3180325,NA,NA,NA,NA,NA,NA,NA,NA,NA,NA,NA,NA,NA,NA,NA,NA,NA,NA,NA,NA,NA,NA,NA,NA,NA,NA,NA,NA,NA,NA,NA,1.0984276993011,227
"6559","Hecate Strait-Fjords-Pink-Even","Pink-Even",1966,18335306,3259006,NA,NA,NA,NA,NA,NA,NA,NA,NA,NA,NA,NA,NA,NA,NA,NA,NA,NA,NA,NA,NA,NA,NA,NA,NA,NA,NA,NA,NA,NA,NA,1.72740624986663,227
"6560","Hecate Strait-Fjords-Pink-Even","Pink-Even",1968,6081341,5029544,NA,NA,NA,NA,NA,NA,NA,NA,NA,NA,NA,NA,NA,NA,NA,NA,NA,NA,NA,NA,NA,NA,NA,NA,NA,NA,NA,NA,NA,NA,NA,0.189895906930475,227
"6561","Hecate Strait-Fjords-Pink-Even","Pink-Even",1970,11684463,2035198,NA,NA,NA,NA,NA,NA,NA,NA,NA,NA,NA,NA,NA,NA,NA,NA,NA,NA,NA,NA,NA,NA,NA,NA,NA,NA,NA,NA,NA,NA,NA,1.74766689912171,227
"6562","Hecate Strait-Fjords-Pink-Even","Pink-Even",1972,8041627,4109698,NA,NA,NA,NA,NA,NA,NA,NA,NA,NA,NA,NA,NA,NA,NA,NA,NA,NA,NA,NA,NA,NA,NA,NA,NA,NA,NA,NA,NA,NA,NA,0.671281879412616,227
"6563","Hecate Strait-Fjords-Pink-Even","Pink-Even",1974,6932165,3003212,NA,NA,NA,NA,NA,NA,NA,NA,NA,NA,NA,NA,NA,NA,NA,NA,NA,NA,NA,NA,NA,NA,NA,NA,NA,NA,NA,NA,NA,NA,NA,0.836489791644433,227
"6564","Hecate Strait-Fjords-Pink-Even","Pink-Even",1976,10217631,3395333,NA,NA,NA,NA,NA,NA,NA,NA,NA,NA,NA,NA,NA,NA,NA,NA,NA,NA,NA,NA,NA,NA,NA,NA,NA,NA,NA,NA,NA,NA,NA,1.10171291589397,227
"6565","Hecate Strait-Fjords-Pink-Even","Pink-Even",1978,6155318,4842456,NA,NA,NA,NA,NA,NA,NA,NA,NA,NA,NA,NA,NA,NA,NA,NA,NA,NA,NA,NA,NA,NA,NA,NA,NA,NA,NA,NA,NA,NA,NA,0.239894393572628,227
"6566","Hecate Strait-Fjords-Pink-Even","Pink-Even",1980,1434578,3592315,NA,NA,NA,NA,NA,NA,NA,NA,NA,NA,NA,NA,NA,NA,NA,NA,NA,NA,NA,NA,NA,NA,NA,NA,NA,NA,NA,NA,NA,NA,NA,-0.917926112164974,227
"6567","Hecate Strait-Fjords-Pink-Even","Pink-Even",1982,3916650,1079426,NA,NA,NA,NA,NA,NA,NA,NA,NA,NA,NA,NA,NA,NA,NA,NA,NA,NA,NA,NA,NA,NA,NA,NA,NA,NA,NA,NA,NA,NA,NA,1.28880727822555,227
"6568","Hecate Strait-Fjords-Pink-Even","Pink-Even",1984,17097241,2721936,NA,NA,NA,NA,NA,NA,NA,NA,NA,NA,NA,NA,NA,NA,NA,NA,NA,NA,NA,NA,NA,NA,NA,NA,NA,NA,NA,NA,NA,NA,NA,1.83757371363244,227
"6569","Hecate Strait-Fjords-Pink-Even","Pink-Even",1986,17251900,8735211,NA,NA,NA,NA,NA,NA,NA,NA,NA,NA,NA,NA,NA,NA,NA,NA,NA,NA,NA,NA,NA,NA,NA,NA,NA,NA,NA,NA,NA,NA,NA,0.680560183349644,227
"6570","Hecate Strait-Fjords-Pink-Even","Pink-Even",1988,10876291,7203354,NA,NA,NA,NA,NA,NA,NA,NA,NA,NA,NA,NA,NA,NA,NA,NA,NA,NA,NA,NA,NA,NA,NA,NA,NA,NA,NA,NA,NA,NA,NA,0.412038531683958,227
"6571","Hecate Strait-Fjords-Pink-Even","Pink-Even",1990,14144346,5431473,NA,NA,NA,NA,NA,NA,NA,NA,NA,NA,NA,NA,NA,NA,NA,NA,NA,NA,NA,NA,NA,NA,NA,NA,NA,NA,NA,NA,NA,NA,NA,0.957104600388937,227
"6572","Hecate Strait-Fjords-Pink-Even","Pink-Even",1992,1862120,7867158,NA,NA,NA,NA,NA,NA,NA,NA,NA,NA,NA,NA,NA,NA,NA,NA,NA,NA,NA,NA,NA,NA,NA,NA,NA,NA,NA,NA,NA,NA,NA,-1.44098125543055,227
"6573","Hecate Strait-Fjords-Pink-Even","Pink-Even",1994,5667216,1253868,NA,NA,NA,NA,NA,NA,NA,NA,NA,NA,NA,NA,NA,NA,NA,NA,NA,NA,NA,NA,NA,NA,NA,NA,NA,NA,NA,NA,NA,NA,NA,1.50846481835381,227
"6574","Hecate Strait-Fjords-Pink-Even","Pink-Even",1996,2964731,5169371,NA,NA,NA,NA,NA,NA,NA,NA,NA,NA,NA,NA,NA,NA,NA,NA,NA,NA,NA,NA,NA,NA,NA,NA,NA,NA,NA,NA,NA,NA,NA,-0.555964714468361,227
"6575","Hecate Strait-Fjords-Pink-Even","Pink-Even",1998,6226675,2545948,NA,NA,NA,NA,NA,NA,NA,NA,NA,NA,NA,NA,NA,NA,NA,NA,NA,NA,NA,NA,NA,NA,NA,NA,NA,NA,NA,NA,NA,NA,NA,0.894339406729633,227
"6576","Hecate Strait-Fjords-Pink-Even","Pink-Even",2000,6843433,5756327,NA,NA,NA,NA,NA,NA,NA,NA,NA,NA,NA,NA,NA,NA,NA,NA,NA,NA,NA,NA,NA,NA,NA,NA,NA,NA,NA,NA,NA,NA,NA,0.172989908612885,227
"6577","Hecate Strait-Fjords-Pink-Even","Pink-Even",2002,2906515,5848438,NA,NA,NA,NA,NA,NA,NA,NA,NA,NA,NA,NA,NA,NA,NA,NA,NA,NA,NA,NA,NA,NA,NA,NA,NA,NA,NA,NA,NA,NA,NA,-0.699219848051298,227
"6578","Hecate Strait-Fjords-Pink-Even","Pink-Even",2004,853749,2542878,NA,NA,NA,NA,NA,NA,NA,NA,NA,NA,NA,NA,NA,NA,NA,NA,NA,NA,NA,NA,NA,NA,NA,NA,NA,NA,NA,NA,NA,NA,NA,-1.09141454985718,227
"6579","Hecate Strait-Fjords-Pink-Even","Pink-Even",2006,924241,815178,NA,NA,NA,NA,NA,NA,NA,NA,NA,NA,NA,NA,NA,NA,NA,NA,NA,NA,NA,NA,NA,NA,NA,NA,NA,NA,NA,NA,NA,NA,NA,0.12556636584227,227
"6580","Hecate Strait-Fjords-Pink-Even","Pink-Even",2008,839848,921529,NA,NA,NA,NA,NA,NA,NA,NA,NA,NA,NA,NA,NA,NA,NA,NA,NA,NA,NA,NA,NA,NA,NA,NA,NA,NA,NA,NA,NA,NA,NA,-0.0928133239607938,227
"6581","Hecate Strait-Fjords-Pink-Even","Pink-Even",2010,3502607,829663,NA,NA,NA,NA,NA,NA,NA,NA,NA,NA,NA,NA,NA,NA,NA,NA,NA,NA,NA,NA,NA,NA,NA,NA,NA,NA,NA,NA,NA,NA,NA,1.4402432331078,227
"6582","Hecate Strait-Fjords-Pink-Even","Pink-Even",2012,4307992,3435342,NA,NA,NA,NA,NA,NA,NA,NA,NA,NA,NA,NA,NA,NA,NA,NA,NA,NA,NA,NA,NA,NA,NA,NA,NA,NA,NA,NA,NA,NA,NA,0.226355418245213,227
"6583","Hecate Strait-Fjords-Pink-Even","Pink-Even",2014,8531692,3636577,NA,NA,NA,NA,NA,NA,NA,NA,NA,NA,NA,NA,NA,NA,NA,NA,NA,NA,NA,NA,NA,NA,NA,NA,NA,NA,NA,NA,NA,NA,NA,0.85274484597272,227
"6584","Hecate Strait-Fjords-Pink-Even","Pink-Even",2016,748633,5911812,NA,NA,NA,NA,NA,NA,NA,NA,NA,NA,NA,NA,NA,NA,NA,NA,NA,NA,NA,NA,NA,NA,NA,NA,NA,NA,NA,NA,NA,NA,NA,-2.06645878560738,227
"6585","Hecate Strait-Fjords-Pink-Even","Pink-Even",2018,14208909,726093,NA,NA,NA,NA,NA,NA,NA,NA,NA,NA,NA,NA,NA,NA,NA,NA,NA,NA,NA,NA,NA,NA,NA,NA,NA,NA,NA,NA,NA,NA,NA,2.97394633543163,227
"6586","Hecate Strait-Fjords-Pink-Odd","Pink-Odd",1955,805598,514820,NA,NA,NA,NA,NA,NA,NA,NA,NA,NA,NA,NA,NA,NA,NA,NA,NA,NA,NA,NA,NA,NA,NA,NA,NA,NA,NA,NA,NA,NA,NA,0.447767533773444,228
"6587","Hecate Strait-Fjords-Pink-Odd","Pink-Odd",1957,885982,454672,NA,NA,NA,NA,NA,NA,NA,NA,NA,NA,NA,NA,NA,NA,NA,NA,NA,NA,NA,NA,NA,NA,NA,NA,NA,NA,NA,NA,NA,NA,NA,0.667120354499842,228
"6588","Hecate Strait-Fjords-Pink-Odd","Pink-Odd",1959,3285010,644204,NA,NA,NA,NA,NA,NA,NA,NA,NA,NA,NA,NA,NA,NA,NA,NA,NA,NA,NA,NA,NA,NA,NA,NA,NA,NA,NA,NA,NA,NA,NA,1.6291095289245,228
"6589","Hecate Strait-Fjords-Pink-Odd","Pink-Odd",1961,5569580,1668085,NA,NA,NA,NA,NA,NA,NA,NA,NA,NA,NA,NA,NA,NA,NA,NA,NA,NA,NA,NA,NA,NA,NA,NA,NA,NA,NA,NA,NA,NA,NA,1.20564338527565,228
"6590","Hecate Strait-Fjords-Pink-Odd","Pink-Odd",1963,2729301,2838326,NA,NA,NA,NA,NA,NA,NA,NA,NA,NA,NA,NA,NA,NA,NA,NA,NA,NA,NA,NA,NA,NA,NA,NA,NA,NA,NA,NA,NA,NA,NA,-0.0391689093113638,228
"6591","Hecate Strait-Fjords-Pink-Odd","Pink-Odd",1965,484647,897779,NA,NA,NA,NA,NA,NA,NA,NA,NA,NA,NA,NA,NA,NA,NA,NA,NA,NA,NA,NA,NA,NA,NA,NA,NA,NA,NA,NA,NA,NA,NA,-0.61650314467872,228
"6592","Hecate Strait-Fjords-Pink-Odd","Pink-Odd",1967,433314,333101,NA,NA,NA,NA,NA,NA,NA,NA,NA,NA,NA,NA,NA,NA,NA,NA,NA,NA,NA,NA,NA,NA,NA,NA,NA,NA,NA,NA,NA,NA,NA,0.263016891105008,228
"6593","Hecate Strait-Fjords-Pink-Odd","Pink-Odd",1969,1178407,370675,NA,NA,NA,NA,NA,NA,NA,NA,NA,NA,NA,NA,NA,NA,NA,NA,NA,NA,NA,NA,NA,NA,NA,NA,NA,NA,NA,NA,NA,NA,NA,1.15659313748466,228
"6594","Hecate Strait-Fjords-Pink-Odd","Pink-Odd",1971,1114041,911051,NA,NA,NA,NA,NA,NA,NA,NA,NA,NA,NA,NA,NA,NA,NA,NA,NA,NA,NA,NA,NA,NA,NA,NA,NA,NA,NA,NA,NA,NA,NA,0.201150345988882,228
"6595","Hecate Strait-Fjords-Pink-Odd","Pink-Odd",1973,800403,644849,NA,NA,NA,NA,NA,NA,NA,NA,NA,NA,NA,NA,NA,NA,NA,NA,NA,NA,NA,NA,NA,NA,NA,NA,NA,NA,NA,NA,NA,NA,NA,0.216099169967529,228
"6596","Hecate Strait-Fjords-Pink-Odd","Pink-Odd",1975,598948,557604,NA,NA,NA,NA,NA,NA,NA,NA,NA,NA,NA,NA,NA,NA,NA,NA,NA,NA,NA,NA,NA,NA,NA,NA,NA,NA,NA,NA,NA,NA,NA,0.0715257499731403,228
"6597","Hecate Strait-Fjords-Pink-Odd","Pink-Odd",1977,2084226,347903,NA,NA,NA,NA,NA,NA,NA,NA,NA,NA,NA,NA,NA,NA,NA,NA,NA,NA,NA,NA,NA,NA,NA,NA,NA,NA,NA,NA,NA,NA,NA,1.7902291370027,228
"6598","Hecate Strait-Fjords-Pink-Odd","Pink-Odd",1979,3064313,1238863,NA,NA,NA,NA,NA,NA,NA,NA,NA,NA,NA,NA,NA,NA,NA,NA,NA,NA,NA,NA,NA,NA,NA,NA,NA,NA,NA,NA,NA,NA,NA,0.905629377217393,228
"6599","Hecate Strait-Fjords-Pink-Odd","Pink-Odd",1981,2222122,1048673,NA,NA,NA,NA,NA,NA,NA,NA,NA,NA,NA,NA,NA,NA,NA,NA,NA,NA,NA,NA,NA,NA,NA,NA,NA,NA,NA,NA,NA,NA,NA,0.750937039835867,228
"6600","Hecate Strait-Fjords-Pink-Odd","Pink-Odd",1983,3450183,1292855,NA,NA,NA,NA,NA,NA,NA,NA,NA,NA,NA,NA,NA,NA,NA,NA,NA,NA,NA,NA,NA,NA,NA,NA,NA,NA,NA,NA,NA,NA,NA,0.981574321918189,228
"6601","Hecate Strait-Fjords-Pink-Odd","Pink-Odd",1985,1905792,1895939,NA,NA,NA,NA,NA,NA,NA,NA,NA,NA,NA,NA,NA,NA,NA,NA,NA,NA,NA,NA,NA,NA,NA,NA,NA,NA,NA,NA,NA,NA,NA,0.00518343989140601,228
"6602","Hecate Strait-Fjords-Pink-Odd","Pink-Odd",1987,1360448,926252,NA,NA,NA,NA,NA,NA,NA,NA,NA,NA,NA,NA,NA,NA,NA,NA,NA,NA,NA,NA,NA,NA,NA,NA,NA,NA,NA,NA,NA,NA,NA,0.38442300039843,228
"6603","Hecate Strait-Fjords-Pink-Odd","Pink-Odd",1989,1430797,1223419,NA,NA,NA,NA,NA,NA,NA,NA,NA,NA,NA,NA,NA,NA,NA,NA,NA,NA,NA,NA,NA,NA,NA,NA,NA,NA,NA,NA,NA,NA,NA,0.156582233476893,228
"6604","Hecate Strait-Fjords-Pink-Odd","Pink-Odd",1991,835610,1085833,NA,NA,NA,NA,NA,NA,NA,NA,NA,NA,NA,NA,NA,NA,NA,NA,NA,NA,NA,NA,NA,NA,NA,NA,NA,NA,NA,NA,NA,NA,NA,-0.261940716287619,228
"6605","Hecate Strait-Fjords-Pink-Odd","Pink-Odd",1993,1270927,780897,NA,NA,NA,NA,NA,NA,NA,NA,NA,NA,NA,NA,NA,NA,NA,NA,NA,NA,NA,NA,NA,NA,NA,NA,NA,NA,NA,NA,NA,NA,NA,0.487058575509357,228
"6606","Hecate Strait-Fjords-Pink-Odd","Pink-Odd",1995,850205,1117903,NA,NA,NA,NA,NA,NA,NA,NA,NA,NA,NA,NA,NA,NA,NA,NA,NA,NA,NA,NA,NA,NA,NA,NA,NA,NA,NA,NA,NA,NA,NA,-0.273732390999283,228
"6607","Hecate Strait-Fjords-Pink-Odd","Pink-Odd",1997,1284462,721978,NA,NA,NA,NA,NA,NA,NA,NA,NA,NA,NA,NA,NA,NA,NA,NA,NA,NA,NA,NA,NA,NA,NA,NA,NA,NA,NA,NA,NA,NA,NA,0.576100565102364,228
"6608","Hecate Strait-Fjords-Pink-Odd","Pink-Odd",1999,4444274,1174726,NA,NA,NA,NA,NA,NA,NA,NA,NA,NA,NA,NA,NA,NA,NA,NA,NA,NA,NA,NA,NA,NA,NA,NA,NA,NA,NA,NA,NA,NA,NA,1.33058159712894,228
"6609","Hecate Strait-Fjords-Pink-Odd","Pink-Odd",2001,5535230,3256588,NA,NA,NA,NA,NA,NA,NA,NA,NA,NA,NA,NA,NA,NA,NA,NA,NA,NA,NA,NA,NA,NA,NA,NA,NA,NA,NA,NA,NA,NA,NA,0.530453097529608,228
"6610","Hecate Strait-Fjords-Pink-Odd","Pink-Odd",2003,4397383,3751494,NA,NA,NA,NA,NA,NA,NA,NA,NA,NA,NA,NA,NA,NA,NA,NA,NA,NA,NA,NA,NA,NA,NA,NA,NA,NA,NA,NA,NA,NA,NA,0.158855430607367,228
"6611","Hecate Strait-Fjords-Pink-Odd","Pink-Odd",2005,3486494,2946960,NA,NA,NA,NA,NA,NA,NA,NA,NA,NA,NA,NA,NA,NA,NA,NA,NA,NA,NA,NA,NA,NA,NA,NA,NA,NA,NA,NA,NA,NA,NA,0.168122516215655,228
"6612","Hecate Strait-Fjords-Pink-Odd","Pink-Odd",2007,6499229,2799915,NA,NA,NA,NA,NA,NA,NA,NA,NA,NA,NA,NA,NA,NA,NA,NA,NA,NA,NA,NA,NA,NA,NA,NA,NA,NA,NA,NA,NA,NA,NA,0.842094494904101,228
"6613","Hecate Strait-Fjords-Pink-Odd","Pink-Odd",2009,1725888,5038583,NA,NA,NA,NA,NA,NA,NA,NA,NA,NA,NA,NA,NA,NA,NA,NA,NA,NA,NA,NA,NA,NA,NA,NA,NA,NA,NA,NA,NA,NA,NA,-1.07138319112243,228
"6614","Hecate Strait-Fjords-Pink-Odd","Pink-Odd",2011,8376430,1452932,NA,NA,NA,NA,NA,NA,NA,NA,NA,NA,NA,NA,NA,NA,NA,NA,NA,NA,NA,NA,NA,NA,NA,NA,NA,NA,NA,NA,NA,NA,NA,1.751838225636,228
"6615","Hecate Strait-Fjords-Pink-Odd","Pink-Odd",2013,845591,6315997,NA,NA,NA,NA,NA,NA,NA,NA,NA,NA,NA,NA,NA,NA,NA,NA,NA,NA,NA,NA,NA,NA,NA,NA,NA,NA,NA,NA,NA,NA,NA,-2.01080510922205,228
"6616","Hecate Strait-Fjords-Pink-Odd","Pink-Odd",2015,1920387,668638,NA,NA,NA,NA,NA,NA,NA,NA,NA,NA,NA,NA,NA,NA,NA,NA,NA,NA,NA,NA,NA,NA,NA,NA,NA,NA,NA,NA,NA,NA,NA,1.05503919966191,228
"6617","Hecate Strait-Fjords-Pink-Odd","Pink-Odd",2017,564823,1645506,NA,NA,NA,NA,NA,NA,NA,NA,NA,NA,NA,NA,NA,NA,NA,NA,NA,NA,NA,NA,NA,NA,NA,NA,NA,NA,NA,NA,NA,NA,NA,-1.06929080695536,228
"6618","Hecate Strait-Fjords-Pink-Odd","Pink-Odd",2019,1295152,562279,NA,NA,NA,NA,NA,NA,NA,NA,NA,NA,NA,NA,NA,NA,NA,NA,NA,NA,NA,NA,NA,NA,NA,NA,NA,NA,NA,NA,NA,NA,NA,0.834385173774538,228
"6619","Homathko-Klinaklini-Smith-Rivers-Bella Coola-Dean-Pink-Odd","Pink-Odd",1955,1351274,333635,NA,NA,NA,NA,NA,NA,NA,NA,NA,NA,NA,NA,NA,NA,NA,NA,NA,NA,NA,NA,NA,NA,NA,NA,NA,NA,NA,NA,NA,NA,NA,1.39875554907936,229
"6620","Homathko-Klinaklini-Smith-Rivers-Bella Coola-Dean-Pink-Odd","Pink-Odd",1957,1293280,627257,NA,NA,NA,NA,NA,NA,NA,NA,NA,NA,NA,NA,NA,NA,NA,NA,NA,NA,NA,NA,NA,NA,NA,NA,NA,NA,NA,NA,NA,NA,NA,0.723580560976642,229
"6621","Homathko-Klinaklini-Smith-Rivers-Bella Coola-Dean-Pink-Odd","Pink-Odd",1959,5139415,783815,NA,NA,NA,NA,NA,NA,NA,NA,NA,NA,NA,NA,NA,NA,NA,NA,NA,NA,NA,NA,NA,NA,NA,NA,NA,NA,NA,NA,NA,NA,NA,1.88052151562493,229
"6622","Homathko-Klinaklini-Smith-Rivers-Bella Coola-Dean-Pink-Odd","Pink-Odd",1961,1879054,1623415,NA,NA,NA,NA,NA,NA,NA,NA,NA,NA,NA,NA,NA,NA,NA,NA,NA,NA,NA,NA,NA,NA,NA,NA,NA,NA,NA,NA,NA,NA,NA,0.146236503539976,229
"6623","Homathko-Klinaklini-Smith-Rivers-Bella Coola-Dean-Pink-Odd","Pink-Odd",1963,718400,903180,NA,NA,NA,NA,NA,NA,NA,NA,NA,NA,NA,NA,NA,NA,NA,NA,NA,NA,NA,NA,NA,NA,NA,NA,NA,NA,NA,NA,NA,NA,NA,-0.228895352112478,229
"6624","Homathko-Klinaklini-Smith-Rivers-Bella Coola-Dean-Pink-Odd","Pink-Odd",1965,312233,281750,NA,NA,NA,NA,NA,NA,NA,NA,NA,NA,NA,NA,NA,NA,NA,NA,NA,NA,NA,NA,NA,NA,NA,NA,NA,NA,NA,NA,NA,NA,NA,0.102729551048853,229
"6625","Homathko-Klinaklini-Smith-Rivers-Bella Coola-Dean-Pink-Odd","Pink-Odd",1967,79439,81123,NA,NA,NA,NA,NA,NA,NA,NA,NA,NA,NA,NA,NA,NA,NA,NA,NA,NA,NA,NA,NA,NA,NA,NA,NA,NA,NA,NA,NA,NA,NA,-0.0209770898666988,229
"6626","Homathko-Klinaklini-Smith-Rivers-Bella Coola-Dean-Pink-Odd","Pink-Odd",1969,93074,24812,NA,NA,NA,NA,NA,NA,NA,NA,NA,NA,NA,NA,NA,NA,NA,NA,NA,NA,NA,NA,NA,NA,NA,NA,NA,NA,NA,NA,NA,NA,NA,1.32206746856656,229
"6627","Homathko-Klinaklini-Smith-Rivers-Bella Coola-Dean-Pink-Odd","Pink-Odd",1971,126326,68685,NA,NA,NA,NA,NA,NA,NA,NA,NA,NA,NA,NA,NA,NA,NA,NA,NA,NA,NA,NA,NA,NA,NA,NA,NA,NA,NA,NA,NA,NA,NA,0.609335032458924,229
"6628","Homathko-Klinaklini-Smith-Rivers-Bella Coola-Dean-Pink-Odd","Pink-Odd",1973,147288,64980,NA,NA,NA,NA,NA,NA,NA,NA,NA,NA,NA,NA,NA,NA,NA,NA,NA,NA,NA,NA,NA,NA,NA,NA,NA,NA,NA,NA,NA,NA,NA,0.818310323513951,229
"6629","Homathko-Klinaklini-Smith-Rivers-Bella Coola-Dean-Pink-Odd","Pink-Odd",1975,773087,89798,NA,NA,NA,NA,NA,NA,NA,NA,NA,NA,NA,NA,NA,NA,NA,NA,NA,NA,NA,NA,NA,NA,NA,NA,NA,NA,NA,NA,NA,NA,NA,2.15282888742139,229
"6630","Homathko-Klinaklini-Smith-Rivers-Bella Coola-Dean-Pink-Odd","Pink-Odd",1977,1895015,393923,NA,NA,NA,NA,NA,NA,NA,NA,NA,NA,NA,NA,NA,NA,NA,NA,NA,NA,NA,NA,NA,NA,NA,NA,NA,NA,NA,NA,NA,NA,NA,1.57082657432585,229
"6631","Homathko-Klinaklini-Smith-Rivers-Bella Coola-Dean-Pink-Odd","Pink-Odd",1979,1472863,1401384,NA,NA,NA,NA,NA,NA,NA,NA,NA,NA,NA,NA,NA,NA,NA,NA,NA,NA,NA,NA,NA,NA,NA,NA,NA,NA,NA,NA,NA,NA,NA,0.0497478059524316,229
"6632","Homathko-Klinaklini-Smith-Rivers-Bella Coola-Dean-Pink-Odd","Pink-Odd",1981,2329951,801544,NA,NA,NA,NA,NA,NA,NA,NA,NA,NA,NA,NA,NA,NA,NA,NA,NA,NA,NA,NA,NA,NA,NA,NA,NA,NA,NA,NA,NA,NA,NA,1.06706264868488,229
"6633","Homathko-Klinaklini-Smith-Rivers-Bella Coola-Dean-Pink-Odd","Pink-Odd",1983,5466491,1854181,NA,NA,NA,NA,NA,NA,NA,NA,NA,NA,NA,NA,NA,NA,NA,NA,NA,NA,NA,NA,NA,NA,NA,NA,NA,NA,NA,NA,NA,NA,NA,1.08119382236794,229
"6634","Homathko-Klinaklini-Smith-Rivers-Bella Coola-Dean-Pink-Odd","Pink-Odd",1985,1120642,4000002,NA,NA,NA,NA,NA,NA,NA,NA,NA,NA,NA,NA,NA,NA,NA,NA,NA,NA,NA,NA,NA,NA,NA,NA,NA,NA,NA,NA,NA,NA,NA,-1.2723931257516,229
"6635","Homathko-Klinaklini-Smith-Rivers-Bella Coola-Dean-Pink-Odd","Pink-Odd",1987,841332,652024,NA,NA,NA,NA,NA,NA,NA,NA,NA,NA,NA,NA,NA,NA,NA,NA,NA,NA,NA,NA,NA,NA,NA,NA,NA,NA,NA,NA,NA,NA,NA,0.254904979140545,229
"6636","Homathko-Klinaklini-Smith-Rivers-Bella Coola-Dean-Pink-Odd","Pink-Odd",1989,4209940,709396,NA,NA,NA,NA,NA,NA,NA,NA,NA,NA,NA,NA,NA,NA,NA,NA,NA,NA,NA,NA,NA,NA,NA,NA,NA,NA,NA,NA,NA,NA,NA,1.78078977103758,229
"6637","Homathko-Klinaklini-Smith-Rivers-Bella Coola-Dean-Pink-Odd","Pink-Odd",1991,2240879,3416319,NA,NA,NA,NA,NA,NA,NA,NA,NA,NA,NA,NA,NA,NA,NA,NA,NA,NA,NA,NA,NA,NA,NA,NA,NA,NA,NA,NA,NA,NA,NA,-0.421695456032958,229
"6638","Homathko-Klinaklini-Smith-Rivers-Bella Coola-Dean-Pink-Odd","Pink-Odd",1993,960087,1702876,NA,NA,NA,NA,NA,NA,NA,NA,NA,NA,NA,NA,NA,NA,NA,NA,NA,NA,NA,NA,NA,NA,NA,NA,NA,NA,NA,NA,NA,NA,NA,-0.573049959972532,229
"6639","Homathko-Klinaklini-Smith-Rivers-Bella Coola-Dean-Pink-Odd","Pink-Odd",1995,2442337,838117,NA,NA,NA,NA,NA,NA,NA,NA,NA,NA,NA,NA,NA,NA,NA,NA,NA,NA,NA,NA,NA,NA,NA,NA,NA,NA,NA,NA,NA,NA,NA,1.0695529379125,229
"6640","Homathko-Klinaklini-Smith-Rivers-Bella Coola-Dean-Pink-Odd","Pink-Odd",1997,1461196,2309813,NA,NA,NA,NA,NA,NA,NA,NA,NA,NA,NA,NA,NA,NA,NA,NA,NA,NA,NA,NA,NA,NA,NA,NA,NA,NA,NA,NA,NA,NA,NA,-0.457911290416733,229
"6641","Homathko-Klinaklini-Smith-Rivers-Bella Coola-Dean-Pink-Odd","Pink-Odd",1999,5470373,1401031,NA,NA,NA,NA,NA,NA,NA,NA,NA,NA,NA,NA,NA,NA,NA,NA,NA,NA,NA,NA,NA,NA,NA,NA,NA,NA,NA,NA,NA,NA,NA,1.36213841007484,229
"6642","Homathko-Klinaklini-Smith-Rivers-Bella Coola-Dean-Pink-Odd","Pink-Odd",2001,2479347,4977071,NA,NA,NA,NA,NA,NA,NA,NA,NA,NA,NA,NA,NA,NA,NA,NA,NA,NA,NA,NA,NA,NA,NA,NA,NA,NA,NA,NA,NA,NA,NA,-0.696846346342477,229
"6643","Homathko-Klinaklini-Smith-Rivers-Bella Coola-Dean-Pink-Odd","Pink-Odd",2003,2292553,2258872,NA,NA,NA,NA,NA,NA,NA,NA,NA,NA,NA,NA,NA,NA,NA,NA,NA,NA,NA,NA,NA,NA,NA,NA,NA,NA,NA,NA,NA,NA,NA,0.0148004701065412,229
"6644","Homathko-Klinaklini-Smith-Rivers-Bella Coola-Dean-Pink-Odd","Pink-Odd",2005,1543974,2081779,NA,NA,NA,NA,NA,NA,NA,NA,NA,NA,NA,NA,NA,NA,NA,NA,NA,NA,NA,NA,NA,NA,NA,NA,NA,NA,NA,NA,NA,NA,NA,-0.298863204541446,229
"6645","Homathko-Klinaklini-Smith-Rivers-Bella Coola-Dean-Pink-Odd","Pink-Odd",2007,1816966,1466015,NA,NA,NA,NA,NA,NA,NA,NA,NA,NA,NA,NA,NA,NA,NA,NA,NA,NA,NA,NA,NA,NA,NA,NA,NA,NA,NA,NA,NA,NA,NA,0.214620241740338,229
"6646","Homathko-Klinaklini-Smith-Rivers-Bella Coola-Dean-Pink-Odd","Pink-Odd",2009,1331396,1780186,NA,NA,NA,NA,NA,NA,NA,NA,NA,NA,NA,NA,NA,NA,NA,NA,NA,NA,NA,NA,NA,NA,NA,NA,NA,NA,NA,NA,NA,NA,NA,-0.290489837403222,229
"6647","Homathko-Klinaklini-Smith-Rivers-Bella Coola-Dean-Pink-Odd","Pink-Odd",2011,2694469,1329940,NA,NA,NA,NA,NA,NA,NA,NA,NA,NA,NA,NA,NA,NA,NA,NA,NA,NA,NA,NA,NA,NA,NA,NA,NA,NA,NA,NA,NA,NA,NA,0.706067324973712,229
"6648","Homathko-Klinaklini-Smith-Rivers-Bella Coola-Dean-Pink-Odd","Pink-Odd",2017,48215,5381236,NA,NA,NA,NA,NA,NA,NA,NA,NA,NA,NA,NA,NA,NA,NA,NA,NA,NA,NA,NA,NA,NA,NA,NA,NA,NA,NA,NA,NA,NA,NA,-4.71500319058429,229
"6649","Homathko-Klinaklini-Smith-Rivers-Bella Coola-Dean-Pink-Odd","Pink-Odd",2019,461427,47781,NA,NA,NA,NA,NA,NA,NA,NA,NA,NA,NA,NA,NA,NA,NA,NA,NA,NA,NA,NA,NA,NA,NA,NA,NA,NA,NA,NA,NA,NA,NA,2.26769579064508,229
"6650","Hecate Strait-Lowlands-Pink-Odd","Pink-Odd",1955,1834262,529531,NA,NA,NA,NA,NA,NA,NA,NA,NA,NA,NA,NA,NA,NA,NA,NA,NA,NA,NA,NA,NA,NA,NA,NA,NA,NA,NA,NA,NA,NA,NA,1.24240579063051,230
"6651","Hecate Strait-Lowlands-Pink-Odd","Pink-Odd",1957,601563,857339,NA,NA,NA,NA,NA,NA,NA,NA,NA,NA,NA,NA,NA,NA,NA,NA,NA,NA,NA,NA,NA,NA,NA,NA,NA,NA,NA,NA,NA,NA,NA,-0.354302138225169,230
"6652","Hecate Strait-Lowlands-Pink-Odd","Pink-Odd",1959,1588492,377221,NA,NA,NA,NA,NA,NA,NA,NA,NA,NA,NA,NA,NA,NA,NA,NA,NA,NA,NA,NA,NA,NA,NA,NA,NA,NA,NA,NA,NA,NA,NA,1.4377091949068,230
"6653","Hecate Strait-Lowlands-Pink-Odd","Pink-Odd",1961,1548632,590163,NA,NA,NA,NA,NA,NA,NA,NA,NA,NA,NA,NA,NA,NA,NA,NA,NA,NA,NA,NA,NA,NA,NA,NA,NA,NA,NA,NA,NA,NA,NA,0.964728469634171,230
"6654","Hecate Strait-Lowlands-Pink-Odd","Pink-Odd",1963,859887,741924,NA,NA,NA,NA,NA,NA,NA,NA,NA,NA,NA,NA,NA,NA,NA,NA,NA,NA,NA,NA,NA,NA,NA,NA,NA,NA,NA,NA,NA,NA,NA,0.14755417322011,230
"6655","Hecate Strait-Lowlands-Pink-Odd","Pink-Odd",1965,373728,301843,NA,NA,NA,NA,NA,NA,NA,NA,NA,NA,NA,NA,NA,NA,NA,NA,NA,NA,NA,NA,NA,NA,NA,NA,NA,NA,NA,NA,NA,NA,NA,0.213621245448941,230
"6656","Hecate Strait-Lowlands-Pink-Odd","Pink-Odd",1967,803356,155944,NA,NA,NA,NA,NA,NA,NA,NA,NA,NA,NA,NA,NA,NA,NA,NA,NA,NA,NA,NA,NA,NA,NA,NA,NA,NA,NA,NA,NA,NA,NA,1.63930098474232,230
"6657","Hecate Strait-Lowlands-Pink-Odd","Pink-Odd",1969,1374964,379424,NA,NA,NA,NA,NA,NA,NA,NA,NA,NA,NA,NA,NA,NA,NA,NA,NA,NA,NA,NA,NA,NA,NA,NA,NA,NA,NA,NA,NA,NA,NA,1.28752851466408,230
"6658","Hecate Strait-Lowlands-Pink-Odd","Pink-Odd",1971,769791,904991,NA,NA,NA,NA,NA,NA,NA,NA,NA,NA,NA,NA,NA,NA,NA,NA,NA,NA,NA,NA,NA,NA,NA,NA,NA,NA,NA,NA,NA,NA,NA,-0.161805949466196,230
"6659","Hecate Strait-Lowlands-Pink-Odd","Pink-Odd",1973,893964,363658,NA,NA,NA,NA,NA,NA,NA,NA,NA,NA,NA,NA,NA,NA,NA,NA,NA,NA,NA,NA,NA,NA,NA,NA,NA,NA,NA,NA,NA,NA,NA,0.89945164037274,230
"6660","Hecate Strait-Lowlands-Pink-Odd","Pink-Odd",1975,1966421,535425,NA,NA,NA,NA,NA,NA,NA,NA,NA,NA,NA,NA,NA,NA,NA,NA,NA,NA,NA,NA,NA,NA,NA,NA,NA,NA,NA,NA,NA,NA,NA,1.30090959411227,230
"6661","Hecate Strait-Lowlands-Pink-Odd","Pink-Odd",1977,1256686,910363,NA,NA,NA,NA,NA,NA,NA,NA,NA,NA,NA,NA,NA,NA,NA,NA,NA,NA,NA,NA,NA,NA,NA,NA,NA,NA,NA,NA,NA,NA,NA,0.322389955201084,230
"6662","Hecate Strait-Lowlands-Pink-Odd","Pink-Odd",1979,1449809,766786,NA,NA,NA,NA,NA,NA,NA,NA,NA,NA,NA,NA,NA,NA,NA,NA,NA,NA,NA,NA,NA,NA,NA,NA,NA,NA,NA,NA,NA,NA,NA,0.636979349289801,230
"6663","Hecate Strait-Lowlands-Pink-Odd","Pink-Odd",1981,782863,741109,NA,NA,NA,NA,NA,NA,NA,NA,NA,NA,NA,NA,NA,NA,NA,NA,NA,NA,NA,NA,NA,NA,NA,NA,NA,NA,NA,NA,NA,NA,NA,0.0548099996169038,230
"6664","Hecate Strait-Lowlands-Pink-Odd","Pink-Odd",1983,1906993,511184,NA,NA,NA,NA,NA,NA,NA,NA,NA,NA,NA,NA,NA,NA,NA,NA,NA,NA,NA,NA,NA,NA,NA,NA,NA,NA,NA,NA,NA,NA,NA,1.31655333123777,230
"6665","Hecate Strait-Lowlands-Pink-Odd","Pink-Odd",1985,677694,1134396,NA,NA,NA,NA,NA,NA,NA,NA,NA,NA,NA,NA,NA,NA,NA,NA,NA,NA,NA,NA,NA,NA,NA,NA,NA,NA,NA,NA,NA,NA,NA,-0.515159771050671,230
"6666","Hecate Strait-Lowlands-Pink-Odd","Pink-Odd",1987,591861,329642,NA,NA,NA,NA,NA,NA,NA,NA,NA,NA,NA,NA,NA,NA,NA,NA,NA,NA,NA,NA,NA,NA,NA,NA,NA,NA,NA,NA,NA,NA,NA,0.585264592915879,230
"6667","Hecate Strait-Lowlands-Pink-Odd","Pink-Odd",1989,865768,479677,NA,NA,NA,NA,NA,NA,NA,NA,NA,NA,NA,NA,NA,NA,NA,NA,NA,NA,NA,NA,NA,NA,NA,NA,NA,NA,NA,NA,NA,NA,NA,0.590504013562652,230
"6668","Hecate Strait-Lowlands-Pink-Odd","Pink-Odd",1991,350415,565716,NA,NA,NA,NA,NA,NA,NA,NA,NA,NA,NA,NA,NA,NA,NA,NA,NA,NA,NA,NA,NA,NA,NA,NA,NA,NA,NA,NA,NA,NA,NA,-0.478974019126483,230
"6669","Hecate Strait-Lowlands-Pink-Odd","Pink-Odd",1993,753059,284188,NA,NA,NA,NA,NA,NA,NA,NA,NA,NA,NA,NA,NA,NA,NA,NA,NA,NA,NA,NA,NA,NA,NA,NA,NA,NA,NA,NA,NA,NA,NA,0.974507586998605,230
"6670","Hecate Strait-Lowlands-Pink-Odd","Pink-Odd",1995,478467,612357,NA,NA,NA,NA,NA,NA,NA,NA,NA,NA,NA,NA,NA,NA,NA,NA,NA,NA,NA,NA,NA,NA,NA,NA,NA,NA,NA,NA,NA,NA,NA,-0.24672820277537,230
"6671","Hecate Strait-Lowlands-Pink-Odd","Pink-Odd",1997,909997,432644,NA,NA,NA,NA,NA,NA,NA,NA,NA,NA,NA,NA,NA,NA,NA,NA,NA,NA,NA,NA,NA,NA,NA,NA,NA,NA,NA,NA,NA,NA,NA,0.74352608386823,230
"6672","Hecate Strait-Lowlands-Pink-Odd","Pink-Odd",1999,2162780,857749,NA,NA,NA,NA,NA,NA,NA,NA,NA,NA,NA,NA,NA,NA,NA,NA,NA,NA,NA,NA,NA,NA,NA,NA,NA,NA,NA,NA,NA,NA,NA,0.924838194296022,230
"6673","Hecate Strait-Lowlands-Pink-Odd","Pink-Odd",2001,1270735,1693072,NA,NA,NA,NA,NA,NA,NA,NA,NA,NA,NA,NA,NA,NA,NA,NA,NA,NA,NA,NA,NA,NA,NA,NA,NA,NA,NA,NA,NA,NA,NA,-0.286949157080929,230
"6674","Hecate Strait-Lowlands-Pink-Odd","Pink-Odd",2003,1395368,982272,NA,NA,NA,NA,NA,NA,NA,NA,NA,NA,NA,NA,NA,NA,NA,NA,NA,NA,NA,NA,NA,NA,NA,NA,NA,NA,NA,NA,NA,NA,NA,0.351045203005329,230
"6675","Hecate Strait-Lowlands-Pink-Odd","Pink-Odd",2005,1174883,1114207,NA,NA,NA,NA,NA,NA,NA,NA,NA,NA,NA,NA,NA,NA,NA,NA,NA,NA,NA,NA,NA,NA,NA,NA,NA,NA,NA,NA,NA,NA,NA,0.0530256270507738,230
"6676","Hecate Strait-Lowlands-Pink-Odd","Pink-Odd",2007,2296726,929572,NA,NA,NA,NA,NA,NA,NA,NA,NA,NA,NA,NA,NA,NA,NA,NA,NA,NA,NA,NA,NA,NA,NA,NA,NA,NA,NA,NA,NA,NA,NA,0.904515644386616,230
"6677","Hecate Strait-Lowlands-Pink-Odd","Pink-Odd",2009,771564,1948210,NA,NA,NA,NA,NA,NA,NA,NA,NA,NA,NA,NA,NA,NA,NA,NA,NA,NA,NA,NA,NA,NA,NA,NA,NA,NA,NA,NA,NA,NA,NA,-0.926246657622377,230
"6678","Hecate Strait-Lowlands-Pink-Odd","Pink-Odd",2011,1586506,696271,NA,NA,NA,NA,NA,NA,NA,NA,NA,NA,NA,NA,NA,NA,NA,NA,NA,NA,NA,NA,NA,NA,NA,NA,NA,NA,NA,NA,NA,NA,NA,0.823550440559429,230
"6679","Hecate Strait-Lowlands-Pink-Odd","Pink-Odd",2013,247018,1352357,NA,NA,NA,NA,NA,NA,NA,NA,NA,NA,NA,NA,NA,NA,NA,NA,NA,NA,NA,NA,NA,NA,NA,NA,NA,NA,NA,NA,NA,NA,NA,-1.70014306653474,230
"6680","Hecate Strait-Lowlands-Pink-Odd","Pink-Odd",2015,250857,195326,NA,NA,NA,NA,NA,NA,NA,NA,NA,NA,NA,NA,NA,NA,NA,NA,NA,NA,NA,NA,NA,NA,NA,NA,NA,NA,NA,NA,NA,NA,NA,0.250213098121461,230
"6681","Hecate Strait-Lowlands-Pink-Odd","Pink-Odd",2017,369784,214950,NA,NA,NA,NA,NA,NA,NA,NA,NA,NA,NA,NA,NA,NA,NA,NA,NA,NA,NA,NA,NA,NA,NA,NA,NA,NA,NA,NA,NA,NA,NA,0.542513608444095,230
"6682","Hecate Strait-Lowlands-Pink-Odd","Pink-Odd",2019,614739,368119,NA,NA,NA,NA,NA,NA,NA,NA,NA,NA,NA,NA,NA,NA,NA,NA,NA,NA,NA,NA,NA,NA,NA,NA,NA,NA,NA,NA,NA,NA,NA,0.51279153202211,230
"6683","Georgia Strait-Pink-Even","Pink-Even",1954,423234,535824,NA,NA,NA,NA,NA,NA,NA,NA,NA,NA,NA,NA,NA,NA,NA,NA,NA,NA,NA,NA,NA,NA,NA,NA,NA,NA,NA,NA,NA,NA,NA,-0.235880531358852,231
"6684","Georgia Strait-Pink-Even","Pink-Even",1956,651463,165736,NA,NA,NA,NA,NA,NA,NA,NA,NA,NA,NA,NA,NA,NA,NA,NA,NA,NA,NA,NA,NA,NA,NA,NA,NA,NA,NA,NA,NA,NA,NA,1.36882444199017,231
"6685","Georgia Strait-Pink-Even","Pink-Even",1958,56270,211510,NA,NA,NA,NA,NA,NA,NA,NA,NA,NA,NA,NA,NA,NA,NA,NA,NA,NA,NA,NA,NA,NA,NA,NA,NA,NA,NA,NA,NA,NA,NA,-1.3241107452473,231
"6686","Georgia Strait-Pink-Even","Pink-Even",1960,58849,20125,NA,NA,NA,NA,NA,NA,NA,NA,NA,NA,NA,NA,NA,NA,NA,NA,NA,NA,NA,NA,NA,NA,NA,NA,NA,NA,NA,NA,NA,NA,NA,1.07301201790385,231
"6687","Georgia Strait-Pink-Even","Pink-Even",1962,78202,26558,NA,NA,NA,NA,NA,NA,NA,NA,NA,NA,NA,NA,NA,NA,NA,NA,NA,NA,NA,NA,NA,NA,NA,NA,NA,NA,NA,NA,NA,NA,NA,1.07996420210365,231
"6688","Georgia Strait-Pink-Even","Pink-Even",1964,127831,29425,NA,NA,NA,NA,NA,NA,NA,NA,NA,NA,NA,NA,NA,NA,NA,NA,NA,NA,NA,NA,NA,NA,NA,NA,NA,NA,NA,NA,NA,NA,NA,1.46886442589277,231
"6689","Georgia Strait-Pink-Even","Pink-Even",1966,128853,31704,NA,NA,NA,NA,NA,NA,NA,NA,NA,NA,NA,NA,NA,NA,NA,NA,NA,NA,NA,NA,NA,NA,NA,NA,NA,NA,NA,NA,NA,NA,NA,1.40222936382628,231
"6690","Georgia Strait-Pink-Even","Pink-Even",1968,81650,32773,NA,NA,NA,NA,NA,NA,NA,NA,NA,NA,NA,NA,NA,NA,NA,NA,NA,NA,NA,NA,NA,NA,NA,NA,NA,NA,NA,NA,NA,NA,NA,0.912836813749155,231
"6691","Georgia Strait-Pink-Even","Pink-Even",1970,61269,22935,NA,NA,NA,NA,NA,NA,NA,NA,NA,NA,NA,NA,NA,NA,NA,NA,NA,NA,NA,NA,NA,NA,NA,NA,NA,NA,NA,NA,NA,NA,NA,0.982609877353995,231
"6692","Georgia Strait-Pink-Even","Pink-Even",1972,78962,25426,NA,NA,NA,NA,NA,NA,NA,NA,NA,NA,NA,NA,NA,NA,NA,NA,NA,NA,NA,NA,NA,NA,NA,NA,NA,NA,NA,NA,NA,NA,NA,1.13319445155716,231
"6693","Georgia Strait-Pink-Even","Pink-Even",1974,185533,27788,NA,NA,NA,NA,NA,NA,NA,NA,NA,NA,NA,NA,NA,NA,NA,NA,NA,NA,NA,NA,NA,NA,NA,NA,NA,NA,NA,NA,NA,NA,NA,1.89862849096908,231
"6694","Georgia Strait-Pink-Even","Pink-Even",1976,57075,54144,NA,NA,NA,NA,NA,NA,NA,NA,NA,NA,NA,NA,NA,NA,NA,NA,NA,NA,NA,NA,NA,NA,NA,NA,NA,NA,NA,NA,NA,NA,NA,0.0527190284321011,231
"6695","Georgia Strait-Pink-Even","Pink-Even",1978,83642,23413,NA,NA,NA,NA,NA,NA,NA,NA,NA,NA,NA,NA,NA,NA,NA,NA,NA,NA,NA,NA,NA,NA,NA,NA,NA,NA,NA,NA,NA,NA,NA,1.27325436262302,231
"6696","Georgia Strait-Pink-Even","Pink-Even",1980,9159,42742,NA,NA,NA,NA,NA,NA,NA,NA,NA,NA,NA,NA,NA,NA,NA,NA,NA,NA,NA,NA,NA,NA,NA,NA,NA,NA,NA,NA,NA,NA,NA,-1.54044504094715,231
"6697","Georgia Strait-Pink-Even","Pink-Even",1982,13475,5589,NA,NA,NA,NA,NA,NA,NA,NA,NA,NA,NA,NA,NA,NA,NA,NA,NA,NA,NA,NA,NA,NA,NA,NA,NA,NA,NA,NA,NA,NA,NA,0.8800357365075,231
"6698","Georgia Strait-Pink-Even","Pink-Even",1984,459634,5122,NA,NA,NA,NA,NA,NA,NA,NA,NA,NA,NA,NA,NA,NA,NA,NA,NA,NA,NA,NA,NA,NA,NA,NA,NA,NA,NA,NA,NA,NA,NA,4.4968855328327,231
"6699","Georgia Strait-Pink-Even","Pink-Even",1986,356105,314428,NA,NA,NA,NA,NA,NA,NA,NA,NA,NA,NA,NA,NA,NA,NA,NA,NA,NA,NA,NA,NA,NA,NA,NA,NA,NA,NA,NA,NA,NA,NA,0.124470516071128,231
"6700","Georgia Strait-Pink-Even","Pink-Even",1988,941388,245203,NA,NA,NA,NA,NA,NA,NA,NA,NA,NA,NA,NA,NA,NA,NA,NA,NA,NA,NA,NA,NA,NA,NA,NA,NA,NA,NA,NA,NA,NA,NA,1.34526894301572,231
"6701","Georgia Strait-Pink-Even","Pink-Even",1990,562370,718802,NA,NA,NA,NA,NA,NA,NA,NA,NA,NA,NA,NA,NA,NA,NA,NA,NA,NA,NA,NA,NA,NA,NA,NA,NA,NA,NA,NA,NA,NA,NA,-0.245425941063494,231
"6702","Georgia Strait-Pink-Even","Pink-Even",1992,160138,352877,NA,NA,NA,NA,NA,NA,NA,NA,NA,NA,NA,NA,NA,NA,NA,NA,NA,NA,NA,NA,NA,NA,NA,NA,NA,NA,NA,NA,NA,NA,NA,-0.790083610792521,231
"6703","Georgia Strait-Pink-Even","Pink-Even",1994,296799,126450,NA,NA,NA,NA,NA,NA,NA,NA,NA,NA,NA,NA,NA,NA,NA,NA,NA,NA,NA,NA,NA,NA,NA,NA,NA,NA,NA,NA,NA,NA,NA,0.853208168899338,231
"6704","Georgia Strait-Pink-Even","Pink-Even",1996,114150,279054,NA,NA,NA,NA,NA,NA,NA,NA,NA,NA,NA,NA,NA,NA,NA,NA,NA,NA,NA,NA,NA,NA,NA,NA,NA,NA,NA,NA,NA,NA,NA,-0.893891938504585,231
"6705","Georgia Strait-Pink-Even","Pink-Even",1998,265064,104355,NA,NA,NA,NA,NA,NA,NA,NA,NA,NA,NA,NA,NA,NA,NA,NA,NA,NA,NA,NA,NA,NA,NA,NA,NA,NA,NA,NA,NA,NA,NA,0.932172758217761,231
"6706","Georgia Strait-Pink-Even","Pink-Even",2000,249343,208094,NA,NA,NA,NA,NA,NA,NA,NA,NA,NA,NA,NA,NA,NA,NA,NA,NA,NA,NA,NA,NA,NA,NA,NA,NA,NA,NA,NA,NA,NA,NA,0.180839557916541,231
"6707","Georgia Strait-Pink-Even","Pink-Even",2002,64373,204935,NA,NA,NA,NA,NA,NA,NA,NA,NA,NA,NA,NA,NA,NA,NA,NA,NA,NA,NA,NA,NA,NA,NA,NA,NA,NA,NA,NA,NA,NA,NA,-1.15799856514923,231
"6708","Georgia Strait-Pink-Even","Pink-Even",2004,58781,57802,NA,NA,NA,NA,NA,NA,NA,NA,NA,NA,NA,NA,NA,NA,NA,NA,NA,NA,NA,NA,NA,NA,NA,NA,NA,NA,NA,NA,NA,NA,NA,0.0167952962795566,231
"6709","Georgia Strait-Pink-Even","Pink-Even",2006,144105,51286,NA,NA,NA,NA,NA,NA,NA,NA,NA,NA,NA,NA,NA,NA,NA,NA,NA,NA,NA,NA,NA,NA,NA,NA,NA,NA,NA,NA,NA,NA,NA,1.03312439008172,231
"6710","Georgia Strait-Pink-Even","Pink-Even",2008,762411,139224,NA,NA,NA,NA,NA,NA,NA,NA,NA,NA,NA,NA,NA,NA,NA,NA,NA,NA,NA,NA,NA,NA,NA,NA,NA,NA,NA,NA,NA,NA,NA,1.70040163352576,231
"6711","Georgia Strait-Pink-Even","Pink-Even",2010,558434,659305,NA,NA,NA,NA,NA,NA,NA,NA,NA,NA,NA,NA,NA,NA,NA,NA,NA,NA,NA,NA,NA,NA,NA,NA,NA,NA,NA,NA,NA,NA,NA,-0.166049812044801,231
"6712","Georgia Strait-Pink-Even","Pink-Even",2012,2330604,551467,NA,NA,NA,NA,NA,NA,NA,NA,NA,NA,NA,NA,NA,NA,NA,NA,NA,NA,NA,NA,NA,NA,NA,NA,NA,NA,NA,NA,NA,NA,NA,1.44130074033936,231
"6713","Georgia Strait-Pink-Even","Pink-Even",2014,100054,2089904,NA,NA,NA,NA,NA,NA,NA,NA,NA,NA,NA,NA,NA,NA,NA,NA,NA,NA,NA,NA,NA,NA,NA,NA,NA,NA,NA,NA,NA,NA,NA,-3.03916337064899,231
"6714","Georgia Strait-Pink-Odd","Pink-Odd",1957,1014724,475544,NA,NA,NA,NA,NA,NA,NA,NA,NA,NA,NA,NA,NA,NA,NA,NA,NA,NA,NA,NA,NA,NA,NA,NA,NA,NA,NA,NA,NA,NA,NA,0.757912521437378,232
"6715","Georgia Strait-Pink-Odd","Pink-Odd",1959,992476,424900,NA,NA,NA,NA,NA,NA,NA,NA,NA,NA,NA,NA,NA,NA,NA,NA,NA,NA,NA,NA,NA,NA,NA,NA,NA,NA,NA,NA,NA,NA,NA,0.848348983788004,232
"6716","Georgia Strait-Pink-Odd","Pink-Odd",1961,935059,399719,NA,NA,NA,NA,NA,NA,NA,NA,NA,NA,NA,NA,NA,NA,NA,NA,NA,NA,NA,NA,NA,NA,NA,NA,NA,NA,NA,NA,NA,NA,NA,0.849847828662909,232
"6717","Georgia Strait-Pink-Odd","Pink-Odd",1963,207893,460765,NA,NA,NA,NA,NA,NA,NA,NA,NA,NA,NA,NA,NA,NA,NA,NA,NA,NA,NA,NA,NA,NA,NA,NA,NA,NA,NA,NA,NA,NA,NA,-0.795864627372405,232
"6718","Georgia Strait-Pink-Odd","Pink-Odd",1965,261593,128525,NA,NA,NA,NA,NA,NA,NA,NA,NA,NA,NA,NA,NA,NA,NA,NA,NA,NA,NA,NA,NA,NA,NA,NA,NA,NA,NA,NA,NA,NA,NA,0.710666422873677,232
"6719","Georgia Strait-Pink-Odd","Pink-Odd",1967,103921,88746,NA,NA,NA,NA,NA,NA,NA,NA,NA,NA,NA,NA,NA,NA,NA,NA,NA,NA,NA,NA,NA,NA,NA,NA,NA,NA,NA,NA,NA,NA,NA,0.157852638185516,232
"6720","Georgia Strait-Pink-Odd","Pink-Odd",1969,208524,69694,NA,NA,NA,NA,NA,NA,NA,NA,NA,NA,NA,NA,NA,NA,NA,NA,NA,NA,NA,NA,NA,NA,NA,NA,NA,NA,NA,NA,NA,NA,NA,1.09593991168079,232
"6721","Georgia Strait-Pink-Odd","Pink-Odd",1971,262556,126999,NA,NA,NA,NA,NA,NA,NA,NA,NA,NA,NA,NA,NA,NA,NA,NA,NA,NA,NA,NA,NA,NA,NA,NA,NA,NA,NA,NA,NA,NA,NA,0.726285180200849,232
"6722","Georgia Strait-Pink-Odd","Pink-Odd",1973,216037,145133,NA,NA,NA,NA,NA,NA,NA,NA,NA,NA,NA,NA,NA,NA,NA,NA,NA,NA,NA,NA,NA,NA,NA,NA,NA,NA,NA,NA,NA,NA,NA,0.397799125919857,232
"6723","Georgia Strait-Pink-Odd","Pink-Odd",1975,215908,152036,NA,NA,NA,NA,NA,NA,NA,NA,NA,NA,NA,NA,NA,NA,NA,NA,NA,NA,NA,NA,NA,NA,NA,NA,NA,NA,NA,NA,NA,NA,NA,0.350735056117152,232
"6724","Georgia Strait-Pink-Odd","Pink-Odd",1977,153615,89302,NA,NA,NA,NA,NA,NA,NA,NA,NA,NA,NA,NA,NA,NA,NA,NA,NA,NA,NA,NA,NA,NA,NA,NA,NA,NA,NA,NA,NA,NA,NA,0.54242558814728,232
"6725","Georgia Strait-Pink-Odd","Pink-Odd",1979,201811,66509,NA,NA,NA,NA,NA,NA,NA,NA,NA,NA,NA,NA,NA,NA,NA,NA,NA,NA,NA,NA,NA,NA,NA,NA,NA,NA,NA,NA,NA,NA,NA,1.10999433899892,232
"6726","Georgia Strait-Pink-Odd","Pink-Odd",1981,83946,116987,NA,NA,NA,NA,NA,NA,NA,NA,NA,NA,NA,NA,NA,NA,NA,NA,NA,NA,NA,NA,NA,NA,NA,NA,NA,NA,NA,NA,NA,NA,NA,-0.331889082534144,232
"6727","Georgia Strait-Pink-Odd","Pink-Odd",1983,133820,47984,NA,NA,NA,NA,NA,NA,NA,NA,NA,NA,NA,NA,NA,NA,NA,NA,NA,NA,NA,NA,NA,NA,NA,NA,NA,NA,NA,NA,NA,NA,NA,1.02562799134802,232
"6728","Georgia Strait-Pink-Odd","Pink-Odd",1985,539613,66643,NA,NA,NA,NA,NA,NA,NA,NA,NA,NA,NA,NA,NA,NA,NA,NA,NA,NA,NA,NA,NA,NA,NA,NA,NA,NA,NA,NA,NA,NA,NA,2.09150220111083,232
"6729","Georgia Strait-Pink-Odd","Pink-Odd",1987,574705,302288,NA,NA,NA,NA,NA,NA,NA,NA,NA,NA,NA,NA,NA,NA,NA,NA,NA,NA,NA,NA,NA,NA,NA,NA,NA,NA,NA,NA,NA,NA,NA,0.642476660336291,232
"6730","Georgia Strait-Pink-Odd","Pink-Odd",1989,904804,110912,NA,NA,NA,NA,NA,NA,NA,NA,NA,NA,NA,NA,NA,NA,NA,NA,NA,NA,NA,NA,NA,NA,NA,NA,NA,NA,NA,NA,NA,NA,NA,2.09898125156549,232
"6731","Georgia Strait-Pink-Odd","Pink-Odd",1991,337679,338459,NA,NA,NA,NA,NA,NA,NA,NA,NA,NA,NA,NA,NA,NA,NA,NA,NA,NA,NA,NA,NA,NA,NA,NA,NA,NA,NA,NA,NA,NA,NA,-0.00230722233039066,232
"6732","Georgia Strait-Pink-Odd","Pink-Odd",1993,247099,149934,NA,NA,NA,NA,NA,NA,NA,NA,NA,NA,NA,NA,NA,NA,NA,NA,NA,NA,NA,NA,NA,NA,NA,NA,NA,NA,NA,NA,NA,NA,NA,0.499593868773967,232
"6733","Georgia Strait-Pink-Odd","Pink-Odd",1995,334831,87748,NA,NA,NA,NA,NA,NA,NA,NA,NA,NA,NA,NA,NA,NA,NA,NA,NA,NA,NA,NA,NA,NA,NA,NA,NA,NA,NA,NA,NA,NA,NA,1.33915685685804,232
"6734","Georgia Strait-Pink-Odd","Pink-Odd",1997,636161,148496,NA,NA,NA,NA,NA,NA,NA,NA,NA,NA,NA,NA,NA,NA,NA,NA,NA,NA,NA,NA,NA,NA,NA,NA,NA,NA,NA,NA,NA,NA,NA,1.45489365410547,232
"6735","Georgia Strait-Pink-Odd","Pink-Odd",1999,934557,619443,NA,NA,NA,NA,NA,NA,NA,NA,NA,NA,NA,NA,NA,NA,NA,NA,NA,NA,NA,NA,NA,NA,NA,NA,NA,NA,NA,NA,NA,NA,NA,0.411251933069261,232
"6736","Georgia Strait-Pink-Odd","Pink-Odd",2001,738560,800121,NA,NA,NA,NA,NA,NA,NA,NA,NA,NA,NA,NA,NA,NA,NA,NA,NA,NA,NA,NA,NA,NA,NA,NA,NA,NA,NA,NA,NA,NA,NA,-0.0800606217911739,232
"6737","Georgia Strait-Pink-Odd","Pink-Odd",2003,640023,552573,NA,NA,NA,NA,NA,NA,NA,NA,NA,NA,NA,NA,NA,NA,NA,NA,NA,NA,NA,NA,NA,NA,NA,NA,NA,NA,NA,NA,NA,NA,NA,0.146918561847204,232
"6738","Georgia Strait-Pink-Odd","Pink-Odd",2005,485691,587403,NA,NA,NA,NA,NA,NA,NA,NA,NA,NA,NA,NA,NA,NA,NA,NA,NA,NA,NA,NA,NA,NA,NA,NA,NA,NA,NA,NA,NA,NA,NA,-0.190138506780522,232
"6739","Georgia Strait-Pink-Odd","Pink-Odd",2007,2471891,439262,NA,NA,NA,NA,NA,NA,NA,NA,NA,NA,NA,NA,NA,NA,NA,NA,NA,NA,NA,NA,NA,NA,NA,NA,NA,NA,NA,NA,NA,NA,NA,1.72764267776599,232
"6740","Georgia Strait-Pink-Odd","Pink-Odd",2009,1398991,2044859,NA,NA,NA,NA,NA,NA,NA,NA,NA,NA,NA,NA,NA,NA,NA,NA,NA,NA,NA,NA,NA,NA,NA,NA,NA,NA,NA,NA,NA,NA,NA,-0.379577575966337,232
"6741","Georgia Strait-Pink-Odd","Pink-Odd",2011,4429012,732743,NA,NA,NA,NA,NA,NA,NA,NA,NA,NA,NA,NA,NA,NA,NA,NA,NA,NA,NA,NA,NA,NA,NA,NA,NA,NA,NA,NA,NA,NA,NA,1.79913678684294,232
"6742","Georgia Strait-Pink-Odd","Pink-Odd",2013,3500319,3485946,NA,NA,NA,NA,NA,NA,NA,NA,NA,NA,NA,NA,NA,NA,NA,NA,NA,NA,NA,NA,NA,NA,NA,NA,NA,NA,NA,NA,NA,NA,NA,0.00411465075496628,232
"6743","Southern Fjords-Pink-Even","Pink-Even",1954,1203707,389830,NA,NA,NA,NA,NA,NA,NA,NA,NA,NA,NA,NA,NA,NA,NA,NA,NA,NA,NA,NA,NA,NA,NA,NA,NA,NA,NA,NA,NA,NA,NA,1.1274504941144,233
"6744","Southern Fjords-Pink-Even","Pink-Even",1956,1505384,541159,NA,NA,NA,NA,NA,NA,NA,NA,NA,NA,NA,NA,NA,NA,NA,NA,NA,NA,NA,NA,NA,NA,NA,NA,NA,NA,NA,NA,NA,NA,NA,1.02309015828841,233
"6745","Southern Fjords-Pink-Even","Pink-Even",1958,529807,574196,NA,NA,NA,NA,NA,NA,NA,NA,NA,NA,NA,NA,NA,NA,NA,NA,NA,NA,NA,NA,NA,NA,NA,NA,NA,NA,NA,NA,NA,NA,NA,-0.0804580121651208,233
"6746","Southern Fjords-Pink-Even","Pink-Even",1960,1421689,218554,NA,NA,NA,NA,NA,NA,NA,NA,NA,NA,NA,NA,NA,NA,NA,NA,NA,NA,NA,NA,NA,NA,NA,NA,NA,NA,NA,NA,NA,NA,NA,1.87256775680592,233
"6747","Southern Fjords-Pink-Even","Pink-Even",1962,1435127,697069,NA,NA,NA,NA,NA,NA,NA,NA,NA,NA,NA,NA,NA,NA,NA,NA,NA,NA,NA,NA,NA,NA,NA,NA,NA,NA,NA,NA,NA,NA,NA,0.722124224463221,233
"6748","Southern Fjords-Pink-Even","Pink-Even",1964,4682506,622955,NA,NA,NA,NA,NA,NA,NA,NA,NA,NA,NA,NA,NA,NA,NA,NA,NA,NA,NA,NA,NA,NA,NA,NA,NA,NA,NA,NA,NA,NA,NA,2.0171144306452,233
"6749","Southern Fjords-Pink-Even","Pink-Even",1966,5111165,1331478,NA,NA,NA,NA,NA,NA,NA,NA,NA,NA,NA,NA,NA,NA,NA,NA,NA,NA,NA,NA,NA,NA,NA,NA,NA,NA,NA,NA,NA,NA,NA,1.34513775915894,233
"6750","Southern Fjords-Pink-Even","Pink-Even",1968,3529217,1489447,NA,NA,NA,NA,NA,NA,NA,NA,NA,NA,NA,NA,NA,NA,NA,NA,NA,NA,NA,NA,NA,NA,NA,NA,NA,NA,NA,NA,NA,NA,NA,0.862671123181969,233
"6751","Southern Fjords-Pink-Even","Pink-Even",1970,1458530,1161461,NA,NA,NA,NA,NA,NA,NA,NA,NA,NA,NA,NA,NA,NA,NA,NA,NA,NA,NA,NA,NA,NA,NA,NA,NA,NA,NA,NA,NA,NA,NA,0.227750383798091,233
"6752","Southern Fjords-Pink-Even","Pink-Even",1972,2679026,711634,NA,NA,NA,NA,NA,NA,NA,NA,NA,NA,NA,NA,NA,NA,NA,NA,NA,NA,NA,NA,NA,NA,NA,NA,NA,NA,NA,NA,NA,NA,NA,1.3256448403096,233
"6753","Southern Fjords-Pink-Even","Pink-Even",1974,5460095,1139438,NA,NA,NA,NA,NA,NA,NA,NA,NA,NA,NA,NA,NA,NA,NA,NA,NA,NA,NA,NA,NA,NA,NA,NA,NA,NA,NA,NA,NA,NA,NA,1.56693103047839,233
"6754","Southern Fjords-Pink-Even","Pink-Even",1976,2447073,1699990,NA,NA,NA,NA,NA,NA,NA,NA,NA,NA,NA,NA,NA,NA,NA,NA,NA,NA,NA,NA,NA,NA,NA,NA,NA,NA,NA,NA,NA,NA,NA,0.364270247771523,233
"6755","Southern Fjords-Pink-Even","Pink-Even",1978,2606555,1130452,NA,NA,NA,NA,NA,NA,NA,NA,NA,NA,NA,NA,NA,NA,NA,NA,NA,NA,NA,NA,NA,NA,NA,NA,NA,NA,NA,NA,NA,NA,NA,0.835411873351243,233
"6756","Southern Fjords-Pink-Even","Pink-Even",1980,770502,1445426,NA,NA,NA,NA,NA,NA,NA,NA,NA,NA,NA,NA,NA,NA,NA,NA,NA,NA,NA,NA,NA,NA,NA,NA,NA,NA,NA,NA,NA,NA,NA,-0.629117116313408,233
"6757","Southern Fjords-Pink-Even","Pink-Even",1982,609908,579890,NA,NA,NA,NA,NA,NA,NA,NA,NA,NA,NA,NA,NA,NA,NA,NA,NA,NA,NA,NA,NA,NA,NA,NA,NA,NA,NA,NA,NA,NA,NA,0.0504696957395607,233
"6758","Southern Fjords-Pink-Even","Pink-Even",1984,1624020,378787,NA,NA,NA,NA,NA,NA,NA,NA,NA,NA,NA,NA,NA,NA,NA,NA,NA,NA,NA,NA,NA,NA,NA,NA,NA,NA,NA,NA,NA,NA,NA,1.45568579409551,233
"6759","Southern Fjords-Pink-Even","Pink-Even",1986,2361240,1196814,NA,NA,NA,NA,NA,NA,NA,NA,NA,NA,NA,NA,NA,NA,NA,NA,NA,NA,NA,NA,NA,NA,NA,NA,NA,NA,NA,NA,NA,NA,NA,0.679523878748998,233
"6760","Southern Fjords-Pink-Even","Pink-Even",1988,3439260,1749737,NA,NA,NA,NA,NA,NA,NA,NA,NA,NA,NA,NA,NA,NA,NA,NA,NA,NA,NA,NA,NA,NA,NA,NA,NA,NA,NA,NA,NA,NA,NA,0.675790841038304,233
"6761","Southern Fjords-Pink-Even","Pink-Even",1990,3046013,3059604,NA,NA,NA,NA,NA,NA,NA,NA,NA,NA,NA,NA,NA,NA,NA,NA,NA,NA,NA,NA,NA,NA,NA,NA,NA,NA,NA,NA,NA,NA,NA,-0.00445197346897813,233
"6762","Southern Fjords-Pink-Even","Pink-Even",1992,1522311,2209392,NA,NA,NA,NA,NA,NA,NA,NA,NA,NA,NA,NA,NA,NA,NA,NA,NA,NA,NA,NA,NA,NA,NA,NA,NA,NA,NA,NA,NA,NA,NA,-0.372487789591802,233
"6763","Southern Fjords-Pink-Even","Pink-Even",1994,2384426,1315430,NA,NA,NA,NA,NA,NA,NA,NA,NA,NA,NA,NA,NA,NA,NA,NA,NA,NA,NA,NA,NA,NA,NA,NA,NA,NA,NA,NA,NA,NA,NA,0.594794816139045,233
"6764","Southern Fjords-Pink-Even","Pink-Even",1996,2298946,2324225,NA,NA,NA,NA,NA,NA,NA,NA,NA,NA,NA,NA,NA,NA,NA,NA,NA,NA,NA,NA,NA,NA,NA,NA,NA,NA,NA,NA,NA,NA,NA,-0.0109358931061453,233
"6765","Southern Fjords-Pink-Even","Pink-Even",1998,5905014,2189060,NA,NA,NA,NA,NA,NA,NA,NA,NA,NA,NA,NA,NA,NA,NA,NA,NA,NA,NA,NA,NA,NA,NA,NA,NA,NA,NA,NA,NA,NA,NA,0.992329592577419,233
"6766","Southern Fjords-Pink-Even","Pink-Even",2000,884689,5365526,NA,NA,NA,NA,NA,NA,NA,NA,NA,NA,NA,NA,NA,NA,NA,NA,NA,NA,NA,NA,NA,NA,NA,NA,NA,NA,NA,NA,NA,NA,NA,-1.80251352231063,233
"6767","Southern Fjords-Pink-Even","Pink-Even",2002,1654072,779346,NA,NA,NA,NA,NA,NA,NA,NA,NA,NA,NA,NA,NA,NA,NA,NA,NA,NA,NA,NA,NA,NA,NA,NA,NA,NA,NA,NA,NA,NA,NA,0.752540299030846,233
"6768","Southern Fjords-Pink-Even","Pink-Even",2004,649242,1546844,NA,NA,NA,NA,NA,NA,NA,NA,NA,NA,NA,NA,NA,NA,NA,NA,NA,NA,NA,NA,NA,NA,NA,NA,NA,NA,NA,NA,NA,NA,NA,-0.868166476595157,233
"6769","Southern Fjords-Pink-Even","Pink-Even",2006,492649,596321,NA,NA,NA,NA,NA,NA,NA,NA,NA,NA,NA,NA,NA,NA,NA,NA,NA,NA,NA,NA,NA,NA,NA,NA,NA,NA,NA,NA,NA,NA,NA,-0.190982159753719,233
"6770","Southern Fjords-Pink-Even","Pink-Even",2008,907790,480239,NA,NA,NA,NA,NA,NA,NA,NA,NA,NA,NA,NA,NA,NA,NA,NA,NA,NA,NA,NA,NA,NA,NA,NA,NA,NA,NA,NA,NA,NA,NA,0.636729177670248,233
"6771","Southern Fjords-Pink-Even","Pink-Even",2010,2426437,803846,NA,NA,NA,NA,NA,NA,NA,NA,NA,NA,NA,NA,NA,NA,NA,NA,NA,NA,NA,NA,NA,NA,NA,NA,NA,NA,NA,NA,NA,NA,NA,1.10477149664272,233
"6772","Southern Fjords-Pink-Even","Pink-Even",2012,3920552,2409508,NA,NA,NA,NA,NA,NA,NA,NA,NA,NA,NA,NA,NA,NA,NA,NA,NA,NA,NA,NA,NA,NA,NA,NA,NA,NA,NA,NA,NA,NA,NA,0.486809882931564,233
"6773","Southern Fjords-Pink-Even","Pink-Even",2014,708194,3579638,NA,NA,NA,NA,NA,NA,NA,NA,NA,NA,NA,NA,NA,NA,NA,NA,NA,NA,NA,NA,NA,NA,NA,NA,NA,NA,NA,NA,NA,NA,NA,-1.62029888950469,233
"6774","Southern Fjords-Pink-Odd","Pink-Odd",1957,642901,259350,NA,NA,NA,NA,NA,NA,NA,NA,NA,NA,NA,NA,NA,NA,NA,NA,NA,NA,NA,NA,NA,NA,NA,NA,NA,NA,NA,NA,NA,NA,NA,0.907812245800881,234
"6775","Southern Fjords-Pink-Odd","Pink-Odd",1959,656883,269205,NA,NA,NA,NA,NA,NA,NA,NA,NA,NA,NA,NA,NA,NA,NA,NA,NA,NA,NA,NA,NA,NA,NA,NA,NA,NA,NA,NA,NA,NA,NA,0.892032749284964,234
"6776","Southern Fjords-Pink-Odd","Pink-Odd",1961,543864,264559,NA,NA,NA,NA,NA,NA,NA,NA,NA,NA,NA,NA,NA,NA,NA,NA,NA,NA,NA,NA,NA,NA,NA,NA,NA,NA,NA,NA,NA,NA,NA,0.720634926795241,234
"6777","Southern Fjords-Pink-Odd","Pink-Odd",1963,445291,267998,NA,NA,NA,NA,NA,NA,NA,NA,NA,NA,NA,NA,NA,NA,NA,NA,NA,NA,NA,NA,NA,NA,NA,NA,NA,NA,NA,NA,NA,NA,NA,0.507748483233321,234
"6778","Southern Fjords-Pink-Odd","Pink-Odd",1965,679300,275290,NA,NA,NA,NA,NA,NA,NA,NA,NA,NA,NA,NA,NA,NA,NA,NA,NA,NA,NA,NA,NA,NA,NA,NA,NA,NA,NA,NA,NA,NA,NA,0.903237768718598,234
"6779","Southern Fjords-Pink-Odd","Pink-Odd",1967,172289,230455,NA,NA,NA,NA,NA,NA,NA,NA,NA,NA,NA,NA,NA,NA,NA,NA,NA,NA,NA,NA,NA,NA,NA,NA,NA,NA,NA,NA,NA,NA,NA,-0.290882316251477,234
"6780","Southern Fjords-Pink-Odd","Pink-Odd",1969,834620,115544,NA,NA,NA,NA,NA,NA,NA,NA,NA,NA,NA,NA,NA,NA,NA,NA,NA,NA,NA,NA,NA,NA,NA,NA,NA,NA,NA,NA,NA,NA,NA,1.97732512164683,234
"6781","Southern Fjords-Pink-Odd","Pink-Odd",1971,1433570,508315,NA,NA,NA,NA,NA,NA,NA,NA,NA,NA,NA,NA,NA,NA,NA,NA,NA,NA,NA,NA,NA,NA,NA,NA,NA,NA,NA,NA,NA,NA,NA,1.03682178151317,234
"6782","Southern Fjords-Pink-Odd","Pink-Odd",1973,1782598,792435,NA,NA,NA,NA,NA,NA,NA,NA,NA,NA,NA,NA,NA,NA,NA,NA,NA,NA,NA,NA,NA,NA,NA,NA,NA,NA,NA,NA,NA,NA,NA,0.81071664627904,234
"6783","Southern Fjords-Pink-Odd","Pink-Odd",1975,374069,1254505,NA,NA,NA,NA,NA,NA,NA,NA,NA,NA,NA,NA,NA,NA,NA,NA,NA,NA,NA,NA,NA,NA,NA,NA,NA,NA,NA,NA,NA,NA,NA,-1.2100560790736,234
"6784","Southern Fjords-Pink-Odd","Pink-Odd",1977,448590,154719,NA,NA,NA,NA,NA,NA,NA,NA,NA,NA,NA,NA,NA,NA,NA,NA,NA,NA,NA,NA,NA,NA,NA,NA,NA,NA,NA,NA,NA,NA,NA,1.06449876186829,234
"6785","Southern Fjords-Pink-Odd","Pink-Odd",1979,1402189,194221,NA,NA,NA,NA,NA,NA,NA,NA,NA,NA,NA,NA,NA,NA,NA,NA,NA,NA,NA,NA,NA,NA,NA,NA,NA,NA,NA,NA,NA,NA,NA,1.97679317997352,234
"6786","Southern Fjords-Pink-Odd","Pink-Odd",1981,2394490,812828,NA,NA,NA,NA,NA,NA,NA,NA,NA,NA,NA,NA,NA,NA,NA,NA,NA,NA,NA,NA,NA,NA,NA,NA,NA,NA,NA,NA,NA,NA,NA,1.08040601848697,234
"6787","Southern Fjords-Pink-Odd","Pink-Odd",1983,1489263,1368711,NA,NA,NA,NA,NA,NA,NA,NA,NA,NA,NA,NA,NA,NA,NA,NA,NA,NA,NA,NA,NA,NA,NA,NA,NA,NA,NA,NA,NA,NA,NA,0.0844119456886294,234
"6788","Southern Fjords-Pink-Odd","Pink-Odd",1985,180980,741659,NA,NA,NA,NA,NA,NA,NA,NA,NA,NA,NA,NA,NA,NA,NA,NA,NA,NA,NA,NA,NA,NA,NA,NA,NA,NA,NA,NA,NA,NA,NA,-1.41050304087716,234
"6789","Southern Fjords-Pink-Odd","Pink-Odd",1987,613505,101384,NA,NA,NA,NA,NA,NA,NA,NA,NA,NA,NA,NA,NA,NA,NA,NA,NA,NA,NA,NA,NA,NA,NA,NA,NA,NA,NA,NA,NA,NA,NA,1.80027312629724,234
"6790","Southern Fjords-Pink-Odd","Pink-Odd",1989,232249,194867,NA,NA,NA,NA,NA,NA,NA,NA,NA,NA,NA,NA,NA,NA,NA,NA,NA,NA,NA,NA,NA,NA,NA,NA,NA,NA,NA,NA,NA,NA,NA,0.175492797400715,234
"6791","Southern Fjords-Pink-Odd","Pink-Odd",1991,702901,119828,NA,NA,NA,NA,NA,NA,NA,NA,NA,NA,NA,NA,NA,NA,NA,NA,NA,NA,NA,NA,NA,NA,NA,NA,NA,NA,NA,NA,NA,NA,NA,1.76915867561446,234
"6792","Southern Fjords-Pink-Odd","Pink-Odd",1993,473566,380976,NA,NA,NA,NA,NA,NA,NA,NA,NA,NA,NA,NA,NA,NA,NA,NA,NA,NA,NA,NA,NA,NA,NA,NA,NA,NA,NA,NA,NA,NA,NA,0.217554909435562,234
"6793","Southern Fjords-Pink-Odd","Pink-Odd",1995,608880,256838,NA,NA,NA,NA,NA,NA,NA,NA,NA,NA,NA,NA,NA,NA,NA,NA,NA,NA,NA,NA,NA,NA,NA,NA,NA,NA,NA,NA,NA,NA,NA,0.86317566801268,234
"6794","Southern Fjords-Pink-Odd","Pink-Odd",1997,678084,393219,NA,NA,NA,NA,NA,NA,NA,NA,NA,NA,NA,NA,NA,NA,NA,NA,NA,NA,NA,NA,NA,NA,NA,NA,NA,NA,NA,NA,NA,NA,NA,0.544904465501031,234
"6795","Southern Fjords-Pink-Odd","Pink-Odd",1999,1691728,669087,NA,NA,NA,NA,NA,NA,NA,NA,NA,NA,NA,NA,NA,NA,NA,NA,NA,NA,NA,NA,NA,NA,NA,NA,NA,NA,NA,NA,NA,NA,NA,0.927591674226095,234
"6796","Southern Fjords-Pink-Odd","Pink-Odd",2001,254007,1566619,NA,NA,NA,NA,NA,NA,NA,NA,NA,NA,NA,NA,NA,NA,NA,NA,NA,NA,NA,NA,NA,NA,NA,NA,NA,NA,NA,NA,NA,NA,NA,-1.81931324734135,234
"6797","Southern Fjords-Pink-Odd","Pink-Odd",2003,307624,201214,NA,NA,NA,NA,NA,NA,NA,NA,NA,NA,NA,NA,NA,NA,NA,NA,NA,NA,NA,NA,NA,NA,NA,NA,NA,NA,NA,NA,NA,NA,NA,0.424509239685039,234
"6798","Southern Fjords-Pink-Odd","Pink-Odd",2005,346659,290986,NA,NA,NA,NA,NA,NA,NA,NA,NA,NA,NA,NA,NA,NA,NA,NA,NA,NA,NA,NA,NA,NA,NA,NA,NA,NA,NA,NA,NA,NA,NA,0.175066431789609,234
"6799","Southern Fjords-Pink-Odd","Pink-Odd",2007,1058917,338004,NA,NA,NA,NA,NA,NA,NA,NA,NA,NA,NA,NA,NA,NA,NA,NA,NA,NA,NA,NA,NA,NA,NA,NA,NA,NA,NA,NA,NA,NA,NA,1.14194423697109,234
"6800","Southern Fjords-Pink-Odd","Pink-Odd",2009,339060,993161,NA,NA,NA,NA,NA,NA,NA,NA,NA,NA,NA,NA,NA,NA,NA,NA,NA,NA,NA,NA,NA,NA,NA,NA,NA,NA,NA,NA,NA,NA,NA,-1.07471570297753,234
"6801","Southern Fjords-Pink-Odd","Pink-Odd",2011,672206,229460,NA,NA,NA,NA,NA,NA,NA,NA,NA,NA,NA,NA,NA,NA,NA,NA,NA,NA,NA,NA,NA,NA,NA,NA,NA,NA,NA,NA,NA,NA,NA,1.07483611879508,234
"6802","Southern Fjords-Pink-Odd","Pink-Odd",2013,425026,622593,NA,NA,NA,NA,NA,NA,NA,NA,NA,NA,NA,NA,NA,NA,NA,NA,NA,NA,NA,NA,NA,NA,NA,NA,NA,NA,NA,NA,NA,NA,NA,-0.381742671246714,234
"6803","East Howe Sound-Burrard Inlet-Pink-Odd","Pink-Odd",1957,550689,175832,NA,NA,NA,NA,NA,NA,NA,NA,NA,NA,NA,NA,NA,NA,NA,NA,NA,NA,NA,NA,NA,NA,NA,NA,NA,NA,NA,NA,NA,NA,NA,1.14164122777616,235
"6804","East Howe Sound-Burrard Inlet-Pink-Odd","Pink-Odd",1959,997055,230592,NA,NA,NA,NA,NA,NA,NA,NA,NA,NA,NA,NA,NA,NA,NA,NA,NA,NA,NA,NA,NA,NA,NA,NA,NA,NA,NA,NA,NA,NA,NA,1.46415601881114,235
"6805","East Howe Sound-Burrard Inlet-Pink-Odd","Pink-Odd",1961,1896873,401563,NA,NA,NA,NA,NA,NA,NA,NA,NA,NA,NA,NA,NA,NA,NA,NA,NA,NA,NA,NA,NA,NA,NA,NA,NA,NA,NA,NA,NA,NA,NA,1.55259758722252,235
"6806","East Howe Sound-Burrard Inlet-Pink-Odd","Pink-Odd",1963,130368,934714,NA,NA,NA,NA,NA,NA,NA,NA,NA,NA,NA,NA,NA,NA,NA,NA,NA,NA,NA,NA,NA,NA,NA,NA,NA,NA,NA,NA,NA,NA,NA,-1.96987937953986,235
"6807","East Howe Sound-Burrard Inlet-Pink-Odd","Pink-Odd",1965,91745,80597,NA,NA,NA,NA,NA,NA,NA,NA,NA,NA,NA,NA,NA,NA,NA,NA,NA,NA,NA,NA,NA,NA,NA,NA,NA,NA,NA,NA,NA,NA,NA,0.12955156156072,235
"6808","East Howe Sound-Burrard Inlet-Pink-Odd","Pink-Odd",1967,32700,31125,NA,NA,NA,NA,NA,NA,NA,NA,NA,NA,NA,NA,NA,NA,NA,NA,NA,NA,NA,NA,NA,NA,NA,NA,NA,NA,NA,NA,NA,NA,NA,0.049363723118336,235
"6809","East Howe Sound-Burrard Inlet-Pink-Odd","Pink-Odd",1969,69907,21930,NA,NA,NA,NA,NA,NA,NA,NA,NA,NA,NA,NA,NA,NA,NA,NA,NA,NA,NA,NA,NA,NA,NA,NA,NA,NA,NA,NA,NA,NA,NA,1.1593102248575,235
"6810","East Howe Sound-Burrard Inlet-Pink-Odd","Pink-Odd",1971,188326,42576,NA,NA,NA,NA,NA,NA,NA,NA,NA,NA,NA,NA,NA,NA,NA,NA,NA,NA,NA,NA,NA,NA,NA,NA,NA,NA,NA,NA,NA,NA,NA,1.48688378943179,235
"6811","East Howe Sound-Burrard Inlet-Pink-Odd","Pink-Odd",1973,65899,104101,NA,NA,NA,NA,NA,NA,NA,NA,NA,NA,NA,NA,NA,NA,NA,NA,NA,NA,NA,NA,NA,NA,NA,NA,NA,NA,NA,NA,NA,NA,NA,-0.45723831483622,235
"6812","East Howe Sound-Burrard Inlet-Pink-Odd","Pink-Odd",1975,62489,46376,NA,NA,NA,NA,NA,NA,NA,NA,NA,NA,NA,NA,NA,NA,NA,NA,NA,NA,NA,NA,NA,NA,NA,NA,NA,NA,NA,NA,NA,NA,NA,0.298208457215107,235
"6813","East Howe Sound-Burrard Inlet-Pink-Odd","Pink-Odd",1977,59570,25846,NA,NA,NA,NA,NA,NA,NA,NA,NA,NA,NA,NA,NA,NA,NA,NA,NA,NA,NA,NA,NA,NA,NA,NA,NA,NA,NA,NA,NA,NA,NA,0.834996241537596,235
"6814","East Howe Sound-Burrard Inlet-Pink-Odd","Pink-Odd",1979,86635,25791,NA,NA,NA,NA,NA,NA,NA,NA,NA,NA,NA,NA,NA,NA,NA,NA,NA,NA,NA,NA,NA,NA,NA,NA,NA,NA,NA,NA,NA,NA,NA,1.21167829710239,235
"6815","East Howe Sound-Burrard Inlet-Pink-Odd","Pink-Odd",1981,48778,50221,NA,NA,NA,NA,NA,NA,NA,NA,NA,NA,NA,NA,NA,NA,NA,NA,NA,NA,NA,NA,NA,NA,NA,NA,NA,NA,NA,NA,NA,NA,NA,-0.0291538743794635,235
"6816","East Howe Sound-Burrard Inlet-Pink-Odd","Pink-Odd",1983,22994,27882,NA,NA,NA,NA,NA,NA,NA,NA,NA,NA,NA,NA,NA,NA,NA,NA,NA,NA,NA,NA,NA,NA,NA,NA,NA,NA,NA,NA,NA,NA,NA,-0.192748006999348,235
"6817","East Howe Sound-Burrard Inlet-Pink-Odd","Pink-Odd",1985,89736,11451,NA,NA,NA,NA,NA,NA,NA,NA,NA,NA,NA,NA,NA,NA,NA,NA,NA,NA,NA,NA,NA,NA,NA,NA,NA,NA,NA,NA,NA,NA,NA,2.05879496391172,235
"6818","East Howe Sound-Burrard Inlet-Pink-Odd","Pink-Odd",1987,355305,50270,NA,NA,NA,NA,NA,NA,NA,NA,NA,NA,NA,NA,NA,NA,NA,NA,NA,NA,NA,NA,NA,NA,NA,NA,NA,NA,NA,NA,NA,NA,NA,1.95556809783817,235
"6819","East Howe Sound-Burrard Inlet-Pink-Odd","Pink-Odd",1989,378746,68570,NA,NA,NA,NA,NA,NA,NA,NA,NA,NA,NA,NA,NA,NA,NA,NA,NA,NA,NA,NA,NA,NA,NA,NA,NA,NA,NA,NA,NA,NA,NA,1.70901067441543,235
"6820","East Howe Sound-Burrard Inlet-Pink-Odd","Pink-Odd",1991,466814,141677,NA,NA,NA,NA,NA,NA,NA,NA,NA,NA,NA,NA,NA,NA,NA,NA,NA,NA,NA,NA,NA,NA,NA,NA,NA,NA,NA,NA,NA,NA,NA,1.19238107262099,235
"6821","East Howe Sound-Burrard Inlet-Pink-Odd","Pink-Odd",1993,115468,207272,NA,NA,NA,NA,NA,NA,NA,NA,NA,NA,NA,NA,NA,NA,NA,NA,NA,NA,NA,NA,NA,NA,NA,NA,NA,NA,NA,NA,NA,NA,NA,-0.585038505074419,235
"6822","East Howe Sound-Burrard Inlet-Pink-Odd","Pink-Odd",1995,3089,41004,NA,NA,NA,NA,NA,NA,NA,NA,NA,NA,NA,NA,NA,NA,NA,NA,NA,NA,NA,NA,NA,NA,NA,NA,NA,NA,NA,NA,NA,NA,NA,-2.58582220898471,235
"6823","East Howe Sound-Burrard Inlet-Pink-Odd","Pink-Odd",1997,150610,1370,NA,NA,NA,NA,NA,NA,NA,NA,NA,NA,NA,NA,NA,NA,NA,NA,NA,NA,NA,NA,NA,NA,NA,NA,NA,NA,NA,NA,NA,NA,NA,4.69988297438372,235
"6824","East Howe Sound-Burrard Inlet-Pink-Odd","Pink-Odd",1999,232374,146652,NA,NA,NA,NA,NA,NA,NA,NA,NA,NA,NA,NA,NA,NA,NA,NA,NA,NA,NA,NA,NA,NA,NA,NA,NA,NA,NA,NA,NA,NA,NA,0.460285709399566,235
"6825","East Howe Sound-Burrard Inlet-Pink-Odd","Pink-Odd",2001,180452,198947,NA,NA,NA,NA,NA,NA,NA,NA,NA,NA,NA,NA,NA,NA,NA,NA,NA,NA,NA,NA,NA,NA,NA,NA,NA,NA,NA,NA,NA,NA,NA,-0.0975736431636447,235
"6826","East Howe Sound-Burrard Inlet-Pink-Odd","Pink-Odd",2003,199101,135010,NA,NA,NA,NA,NA,NA,NA,NA,NA,NA,NA,NA,NA,NA,NA,NA,NA,NA,NA,NA,NA,NA,NA,NA,NA,NA,NA,NA,NA,NA,NA,0.38846338389009,235
"6827","East Howe Sound-Burrard Inlet-Pink-Odd","Pink-Odd",2005,91761,182732,NA,NA,NA,NA,NA,NA,NA,NA,NA,NA,NA,NA,NA,NA,NA,NA,NA,NA,NA,NA,NA,NA,NA,NA,NA,NA,NA,NA,NA,NA,NA,-0.688833227810376,235
"6828","East Howe Sound-Burrard Inlet-Pink-Odd","Pink-Odd",2007,79823,82989,NA,NA,NA,NA,NA,NA,NA,NA,NA,NA,NA,NA,NA,NA,NA,NA,NA,NA,NA,NA,NA,NA,NA,NA,NA,NA,NA,NA,NA,NA,NA,-0.0388963854136459,235
"6829","East Howe Sound-Burrard Inlet-Pink-Odd","Pink-Odd",2009,131316,66033,NA,NA,NA,NA,NA,NA,NA,NA,NA,NA,NA,NA,NA,NA,NA,NA,NA,NA,NA,NA,NA,NA,NA,NA,NA,NA,NA,NA,NA,NA,NA,0.68745201515623,235
"6830","East Howe Sound-Burrard Inlet-Pink-Odd","Pink-Odd",2011,87386,68779,NA,NA,NA,NA,NA,NA,NA,NA,NA,NA,NA,NA,NA,NA,NA,NA,NA,NA,NA,NA,NA,NA,NA,NA,NA,NA,NA,NA,NA,NA,NA,0.239436620976231,235
"6831","East Howe Sound-Burrard Inlet-Pink-Odd","Pink-Odd",2013,369487,68779,NA,NA,NA,NA,NA,NA,NA,NA,NA,NA,NA,NA,NA,NA,NA,NA,NA,NA,NA,NA,NA,NA,NA,NA,NA,NA,NA,NA,NA,NA,NA,1.68121709130182,235
"6832","East Vancouver Island-Johnstone Strait-Pink-Odd","Pink-Odd",1957,124322,229918,NA,NA,NA,NA,NA,NA,NA,NA,NA,NA,NA,NA,NA,NA,NA,NA,NA,NA,NA,NA,NA,NA,NA,NA,NA,NA,NA,NA,NA,NA,NA,-0.614847749609058,236
"6833","East Vancouver Island-Johnstone Strait-Pink-Odd","Pink-Odd",1959,216453,52058,NA,NA,NA,NA,NA,NA,NA,NA,NA,NA,NA,NA,NA,NA,NA,NA,NA,NA,NA,NA,NA,NA,NA,NA,NA,NA,NA,NA,NA,NA,NA,1.42501495218825,236
"6834","East Vancouver Island-Johnstone Strait-Pink-Odd","Pink-Odd",1961,421626,87176,NA,NA,NA,NA,NA,NA,NA,NA,NA,NA,NA,NA,NA,NA,NA,NA,NA,NA,NA,NA,NA,NA,NA,NA,NA,NA,NA,NA,NA,NA,NA,1.57618960148028,236
"6835","East Vancouver Island-Johnstone Strait-Pink-Odd","Pink-Odd",1963,207503,207763,NA,NA,NA,NA,NA,NA,NA,NA,NA,NA,NA,NA,NA,NA,NA,NA,NA,NA,NA,NA,NA,NA,NA,NA,NA,NA,NA,NA,NA,NA,NA,-0.00125220959083552,236
"6836","East Vancouver Island-Johnstone Strait-Pink-Odd","Pink-Odd",1965,32922,128283,NA,NA,NA,NA,NA,NA,NA,NA,NA,NA,NA,NA,NA,NA,NA,NA,NA,NA,NA,NA,NA,NA,NA,NA,NA,NA,NA,NA,NA,NA,NA,-1.36009763358898,236
"6837","East Vancouver Island-Johnstone Strait-Pink-Odd","Pink-Odd",1967,16040,11169,NA,NA,NA,NA,NA,NA,NA,NA,NA,NA,NA,NA,NA,NA,NA,NA,NA,NA,NA,NA,NA,NA,NA,NA,NA,NA,NA,NA,NA,NA,NA,0.361943518879679,236
"6838","East Vancouver Island-Johnstone Strait-Pink-Odd","Pink-Odd",1969,154257,10757,NA,NA,NA,NA,NA,NA,NA,NA,NA,NA,NA,NA,NA,NA,NA,NA,NA,NA,NA,NA,NA,NA,NA,NA,NA,NA,NA,NA,NA,NA,NA,2.66306333718115,236
"6839","East Vancouver Island-Johnstone Strait-Pink-Odd","Pink-Odd",1971,163462,93948,NA,NA,NA,NA,NA,NA,NA,NA,NA,NA,NA,NA,NA,NA,NA,NA,NA,NA,NA,NA,NA,NA,NA,NA,NA,NA,NA,NA,NA,NA,NA,0.553839109708629,236
"6840","East Vancouver Island-Johnstone Strait-Pink-Odd","Pink-Odd",1973,170533,90357,NA,NA,NA,NA,NA,NA,NA,NA,NA,NA,NA,NA,NA,NA,NA,NA,NA,NA,NA,NA,NA,NA,NA,NA,NA,NA,NA,NA,NA,NA,NA,0.635160335865151,236
"6841","East Vancouver Island-Johnstone Strait-Pink-Odd","Pink-Odd",1975,18196,120013,NA,NA,NA,NA,NA,NA,NA,NA,NA,NA,NA,NA,NA,NA,NA,NA,NA,NA,NA,NA,NA,NA,NA,NA,NA,NA,NA,NA,NA,NA,NA,-1.88639828053999,236
"6842","East Vancouver Island-Johnstone Strait-Pink-Odd","Pink-Odd",1977,20345,7526,NA,NA,NA,NA,NA,NA,NA,NA,NA,NA,NA,NA,NA,NA,NA,NA,NA,NA,NA,NA,NA,NA,NA,NA,NA,NA,NA,NA,NA,NA,NA,0.994471489282408,236
"6843","East Vancouver Island-Johnstone Strait-Pink-Odd","Pink-Odd",1979,36925,8809,NA,NA,NA,NA,NA,NA,NA,NA,NA,NA,NA,NA,NA,NA,NA,NA,NA,NA,NA,NA,NA,NA,NA,NA,NA,NA,NA,NA,NA,NA,NA,1.43311490228978,236
"6844","East Vancouver Island-Johnstone Strait-Pink-Odd","Pink-Odd",1981,57639,21405,NA,NA,NA,NA,NA,NA,NA,NA,NA,NA,NA,NA,NA,NA,NA,NA,NA,NA,NA,NA,NA,NA,NA,NA,NA,NA,NA,NA,NA,NA,NA,0.990574882320765,236
"6845","East Vancouver Island-Johnstone Strait-Pink-Odd","Pink-Odd",1983,55248,32947,NA,NA,NA,NA,NA,NA,NA,NA,NA,NA,NA,NA,NA,NA,NA,NA,NA,NA,NA,NA,NA,NA,NA,NA,NA,NA,NA,NA,NA,NA,NA,0.516931930885125,236
"6846","East Vancouver Island-Johnstone Strait-Pink-Odd","Pink-Odd",1985,165169,27514,NA,NA,NA,NA,NA,NA,NA,NA,NA,NA,NA,NA,NA,NA,NA,NA,NA,NA,NA,NA,NA,NA,NA,NA,NA,NA,NA,NA,NA,NA,NA,1.79227422610764,236
"6847","East Vancouver Island-Johnstone Strait-Pink-Odd","Pink-Odd",1987,326867,92527,NA,NA,NA,NA,NA,NA,NA,NA,NA,NA,NA,NA,NA,NA,NA,NA,NA,NA,NA,NA,NA,NA,NA,NA,NA,NA,NA,NA,NA,NA,NA,1.26205286651419,236
"6848","East Vancouver Island-Johnstone Strait-Pink-Odd","Pink-Odd",1989,18881,95377,NA,NA,NA,NA,NA,NA,NA,NA,NA,NA,NA,NA,NA,NA,NA,NA,NA,NA,NA,NA,NA,NA,NA,NA,NA,NA,NA,NA,NA,NA,NA,-1.61968133382419,236
"6849","East Vancouver Island-Johnstone Strait-Pink-Odd","Pink-Odd",1991,424767,9260,NA,NA,NA,NA,NA,NA,NA,NA,NA,NA,NA,NA,NA,NA,NA,NA,NA,NA,NA,NA,NA,NA,NA,NA,NA,NA,NA,NA,NA,NA,NA,3.82583673463629,236
"6850","East Vancouver Island-Johnstone Strait-Pink-Odd","Pink-Odd",1993,27411,223464,NA,NA,NA,NA,NA,NA,NA,NA,NA,NA,NA,NA,NA,NA,NA,NA,NA,NA,NA,NA,NA,NA,NA,NA,NA,NA,NA,NA,NA,NA,NA,-2.09830593456975,236
"6851","East Vancouver Island-Johnstone Strait-Pink-Odd","Pink-Odd",1995,5361,13864,NA,NA,NA,NA,NA,NA,NA,NA,NA,NA,NA,NA,NA,NA,NA,NA,NA,NA,NA,NA,NA,NA,NA,NA,NA,NA,NA,NA,NA,NA,NA,-0.950145027567904,236
"6852","East Vancouver Island-Johnstone Strait-Pink-Odd","Pink-Odd",1997,4754,3258,NA,NA,NA,NA,NA,NA,NA,NA,NA,NA,NA,NA,NA,NA,NA,NA,NA,NA,NA,NA,NA,NA,NA,NA,NA,NA,NA,NA,NA,NA,NA,0.377872858758149,236
"6853","East Vancouver Island-Johnstone Strait-Pink-Odd","Pink-Odd",1999,79251,4682,NA,NA,NA,NA,NA,NA,NA,NA,NA,NA,NA,NA,NA,NA,NA,NA,NA,NA,NA,NA,NA,NA,NA,NA,NA,NA,NA,NA,NA,NA,NA,2.82889466190559,236
"6854","East Vancouver Island-Johnstone Strait-Pink-Odd","Pink-Odd",2001,13792,72578,NA,NA,NA,NA,NA,NA,NA,NA,NA,NA,NA,NA,NA,NA,NA,NA,NA,NA,NA,NA,NA,NA,NA,NA,NA,NA,NA,NA,NA,NA,NA,-1.66057313168342,236
"6855","East Vancouver Island-Johnstone Strait-Pink-Odd","Pink-Odd",2003,88798,10838,NA,NA,NA,NA,NA,NA,NA,NA,NA,NA,NA,NA,NA,NA,NA,NA,NA,NA,NA,NA,NA,NA,NA,NA,NA,NA,NA,NA,NA,NA,NA,2.10330565007804,236
"6856","East Vancouver Island-Johnstone Strait-Pink-Odd","Pink-Odd",2005,305148,83644,NA,NA,NA,NA,NA,NA,NA,NA,NA,NA,NA,NA,NA,NA,NA,NA,NA,NA,NA,NA,NA,NA,NA,NA,NA,NA,NA,NA,NA,NA,NA,1.29422720739078,236
"6857","East Vancouver Island-Johnstone Strait-Pink-Odd","Pink-Odd",2007,690450,294377,NA,NA,NA,NA,NA,NA,NA,NA,NA,NA,NA,NA,NA,NA,NA,NA,NA,NA,NA,NA,NA,NA,NA,NA,NA,NA,NA,NA,NA,NA,NA,0.852482300128556,236
"6858","East Vancouver Island-Johnstone Strait-Pink-Odd","Pink-Odd",2009,129595,635912,NA,NA,NA,NA,NA,NA,NA,NA,NA,NA,NA,NA,NA,NA,NA,NA,NA,NA,NA,NA,NA,NA,NA,NA,NA,NA,NA,NA,NA,NA,NA,-1.59064598605993,236
"6859","East Vancouver Island-Johnstone Strait-Pink-Odd","Pink-Odd",2011,324417,84327,NA,NA,NA,NA,NA,NA,NA,NA,NA,NA,NA,NA,NA,NA,NA,NA,NA,NA,NA,NA,NA,NA,NA,NA,NA,NA,NA,NA,NA,NA,NA,1.34732762688203,236
"6860","East Vancouver Island-Johnstone Strait-Pink-Odd","Pink-Odd",2013,443739,293363,NA,NA,NA,NA,NA,NA,NA,NA,NA,NA,NA,NA,NA,NA,NA,NA,NA,NA,NA,NA,NA,NA,NA,NA,NA,NA,NA,NA,NA,NA,NA,0.413825801696144,236
"6861","Nahwitti-Pink-Odd","Pink-Odd",1957,126040,82150,NA,NA,NA,NA,NA,NA,NA,NA,NA,NA,NA,NA,NA,NA,NA,NA,NA,NA,NA,NA,NA,NA,NA,NA,NA,NA,NA,NA,NA,NA,NA,0.428052472405797,237
"6862","Nahwitti-Pink-Odd","Pink-Odd",1959,59466,52777,NA,NA,NA,NA,NA,NA,NA,NA,NA,NA,NA,NA,NA,NA,NA,NA,NA,NA,NA,NA,NA,NA,NA,NA,NA,NA,NA,NA,NA,NA,NA,0.119329230904898,237
"6863","Nahwitti-Pink-Odd","Pink-Odd",1961,19958,23950,NA,NA,NA,NA,NA,NA,NA,NA,NA,NA,NA,NA,NA,NA,NA,NA,NA,NA,NA,NA,NA,NA,NA,NA,NA,NA,NA,NA,NA,NA,NA,-0.182338258394803,237
"6864","Nahwitti-Pink-Odd","Pink-Odd",1963,50598,9835,NA,NA,NA,NA,NA,NA,NA,NA,NA,NA,NA,NA,NA,NA,NA,NA,NA,NA,NA,NA,NA,NA,NA,NA,NA,NA,NA,NA,NA,NA,NA,1.63796459797954,237
"6865","Nahwitti-Pink-Odd","Pink-Odd",1965,23931,31281,NA,NA,NA,NA,NA,NA,NA,NA,NA,NA,NA,NA,NA,NA,NA,NA,NA,NA,NA,NA,NA,NA,NA,NA,NA,NA,NA,NA,NA,NA,NA,-0.267836194878464,237
"6866","Nahwitti-Pink-Odd","Pink-Odd",1967,4779,8119,NA,NA,NA,NA,NA,NA,NA,NA,NA,NA,NA,NA,NA,NA,NA,NA,NA,NA,NA,NA,NA,NA,NA,NA,NA,NA,NA,NA,NA,NA,NA,-0.529975674284288,237
"6867","Nahwitti-Pink-Odd","Pink-Odd",1969,10349,3205,NA,NA,NA,NA,NA,NA,NA,NA,NA,NA,NA,NA,NA,NA,NA,NA,NA,NA,NA,NA,NA,NA,NA,NA,NA,NA,NA,NA,NA,NA,NA,1.1721778063134,237
"6868","Nahwitti-Pink-Odd","Pink-Odd",1971,33844,6303,NA,NA,NA,NA,NA,NA,NA,NA,NA,NA,NA,NA,NA,NA,NA,NA,NA,NA,NA,NA,NA,NA,NA,NA,NA,NA,NA,NA,NA,NA,NA,1.68073602053128,237
"6869","Nahwitti-Pink-Odd","Pink-Odd",1973,11430,18708,NA,NA,NA,NA,NA,NA,NA,NA,NA,NA,NA,NA,NA,NA,NA,NA,NA,NA,NA,NA,NA,NA,NA,NA,NA,NA,NA,NA,NA,NA,NA,-0.49270976205692,237
"6870","Nahwitti-Pink-Odd","Pink-Odd",1975,7369,8044,NA,NA,NA,NA,NA,NA,NA,NA,NA,NA,NA,NA,NA,NA,NA,NA,NA,NA,NA,NA,NA,NA,NA,NA,NA,NA,NA,NA,NA,NA,NA,-0.0876444601255433,237
"6871","Nahwitti-Pink-Odd","Pink-Odd",1977,1023,3048,NA,NA,NA,NA,NA,NA,NA,NA,NA,NA,NA,NA,NA,NA,NA,NA,NA,NA,NA,NA,NA,NA,NA,NA,NA,NA,NA,NA,NA,NA,NA,-1.09174615085491,237
"6872","Nahwitti-Pink-Odd","Pink-Odd",1979,3270,443,NA,NA,NA,NA,NA,NA,NA,NA,NA,NA,NA,NA,NA,NA,NA,NA,NA,NA,NA,NA,NA,NA,NA,NA,NA,NA,NA,NA,NA,NA,NA,1.99897549384616,237
"6873","Nahwitti-Pink-Odd","Pink-Odd",1981,29169,1896,NA,NA,NA,NA,NA,NA,NA,NA,NA,NA,NA,NA,NA,NA,NA,NA,NA,NA,NA,NA,NA,NA,NA,NA,NA,NA,NA,NA,NA,NA,NA,2.7333600976628,237
"6874","Nahwitti-Pink-Odd","Pink-Odd",1983,78851,16673,NA,NA,NA,NA,NA,NA,NA,NA,NA,NA,NA,NA,NA,NA,NA,NA,NA,NA,NA,NA,NA,NA,NA,NA,NA,NA,NA,NA,NA,NA,NA,1.55376935105849,237
"6875","Nahwitti-Pink-Odd","Pink-Odd",1985,7535,39268,NA,NA,NA,NA,NA,NA,NA,NA,NA,NA,NA,NA,NA,NA,NA,NA,NA,NA,NA,NA,NA,NA,NA,NA,NA,NA,NA,NA,NA,NA,NA,-1.65085110575182,237
"6876","Nahwitti-Pink-Odd","Pink-Odd",1987,6532,4221,NA,NA,NA,NA,NA,NA,NA,NA,NA,NA,NA,NA,NA,NA,NA,NA,NA,NA,NA,NA,NA,NA,NA,NA,NA,NA,NA,NA,NA,NA,NA,0.436641108307857,237
"6877","Nahwitti-Pink-Odd","Pink-Odd",1989,20867,2431,NA,NA,NA,NA,NA,NA,NA,NA,NA,NA,NA,NA,NA,NA,NA,NA,NA,NA,NA,NA,NA,NA,NA,NA,NA,NA,NA,NA,NA,NA,NA,2.14986626841726,237
"6878","Nahwitti-Pink-Odd","Pink-Odd",1991,6762,11780,NA,NA,NA,NA,NA,NA,NA,NA,NA,NA,NA,NA,NA,NA,NA,NA,NA,NA,NA,NA,NA,NA,NA,NA,NA,NA,NA,NA,NA,NA,NA,-0.555084473937746,237
"6879","Nahwitti-Pink-Odd","Pink-Odd",1993,4133,3858,NA,NA,NA,NA,NA,NA,NA,NA,NA,NA,NA,NA,NA,NA,NA,NA,NA,NA,NA,NA,NA,NA,NA,NA,NA,NA,NA,NA,NA,NA,NA,0.068854621046058,237
"6880","Nahwitti-Pink-Odd","Pink-Odd",1995,4060,2546,NA,NA,NA,NA,NA,NA,NA,NA,NA,NA,NA,NA,NA,NA,NA,NA,NA,NA,NA,NA,NA,NA,NA,NA,NA,NA,NA,NA,NA,NA,NA,0.466659473478427,237
"6881","Nahwitti-Pink-Odd","Pink-Odd",1997,2900,2925,NA,NA,NA,NA,NA,NA,NA,NA,NA,NA,NA,NA,NA,NA,NA,NA,NA,NA,NA,NA,NA,NA,NA,NA,NA,NA,NA,NA,NA,NA,NA,-0.00858374369139144,237
"6882","Nahwitti-Pink-Odd","Pink-Odd",1999,11231,2870,NA,NA,NA,NA,NA,NA,NA,NA,NA,NA,NA,NA,NA,NA,NA,NA,NA,NA,NA,NA,NA,NA,NA,NA,NA,NA,NA,NA,NA,NA,NA,1.36436578220937,237
"6883","Nahwitti-Pink-Odd","Pink-Odd",2001,25849,10597,NA,NA,NA,NA,NA,NA,NA,NA,NA,NA,NA,NA,NA,NA,NA,NA,NA,NA,NA,NA,NA,NA,NA,NA,NA,NA,NA,NA,NA,NA,NA,0.89170097329393,237
"6884","Nahwitti-Pink-Odd","Pink-Odd",2003,41255,20753,NA,NA,NA,NA,NA,NA,NA,NA,NA,NA,NA,NA,NA,NA,NA,NA,NA,NA,NA,NA,NA,NA,NA,NA,NA,NA,NA,NA,NA,NA,NA,0.687081503016783,237
"6885","Nahwitti-Pink-Odd","Pink-Odd",2005,26562,39297,NA,NA,NA,NA,NA,NA,NA,NA,NA,NA,NA,NA,NA,NA,NA,NA,NA,NA,NA,NA,NA,NA,NA,NA,NA,NA,NA,NA,NA,NA,NA,-0.391666557105563,237
"6886","Nahwitti-Pink-Odd","Pink-Odd",2007,148449,26366,NA,NA,NA,NA,NA,NA,NA,NA,NA,NA,NA,NA,NA,NA,NA,NA,NA,NA,NA,NA,NA,NA,NA,NA,NA,NA,NA,NA,NA,NA,NA,1.72816616357646,237
"6887","Nahwitti-Pink-Odd","Pink-Odd",2009,34103,143588,NA,NA,NA,NA,NA,NA,NA,NA,NA,NA,NA,NA,NA,NA,NA,NA,NA,NA,NA,NA,NA,NA,NA,NA,NA,NA,NA,NA,NA,NA,NA,-1.43756273070337,237
"6888","Nahwitti-Pink-Odd","Pink-Odd",2011,156751,24717,NA,NA,NA,NA,NA,NA,NA,NA,NA,NA,NA,NA,NA,NA,NA,NA,NA,NA,NA,NA,NA,NA,NA,NA,NA,NA,NA,NA,NA,NA,NA,1.84716729307644,237
"6889","Nahwitti-Pink-Odd","Pink-Odd",2013,13461,151247,NA,NA,NA,NA,NA,NA,NA,NA,NA,NA,NA,NA,NA,NA,NA,NA,NA,NA,NA,NA,NA,NA,NA,NA,NA,NA,NA,NA,NA,NA,NA,-2.41911764634154,237
"6890","North Haida Gwaii-Pink-Even","Pink-Even",1954,870934,680033,NA,NA,NA,NA,NA,NA,NA,NA,NA,NA,NA,NA,NA,NA,NA,NA,NA,NA,NA,NA,NA,NA,NA,NA,NA,NA,NA,NA,NA,NA,NA,0.247424872605734,238
"6891","North Haida Gwaii-Pink-Even","Pink-Even",1956,1193728,724076,NA,NA,NA,NA,NA,NA,NA,NA,NA,NA,NA,NA,NA,NA,NA,NA,NA,NA,NA,NA,NA,NA,NA,NA,NA,NA,NA,NA,NA,NA,NA,0.499940103053554,238
"6892","North Haida Gwaii-Pink-Even","Pink-Even",1958,167077,643036,NA,NA,NA,NA,NA,NA,NA,NA,NA,NA,NA,NA,NA,NA,NA,NA,NA,NA,NA,NA,NA,NA,NA,NA,NA,NA,NA,NA,NA,NA,NA,-1.34774592623136,238
"6893","North Haida Gwaii-Pink-Even","Pink-Even",1960,339237,126966,NA,NA,NA,NA,NA,NA,NA,NA,NA,NA,NA,NA,NA,NA,NA,NA,NA,NA,NA,NA,NA,NA,NA,NA,NA,NA,NA,NA,NA,NA,NA,0.982779644076927,238
"6894","North Haida Gwaii-Pink-Even","Pink-Even",1962,870420,219796,NA,NA,NA,NA,NA,NA,NA,NA,NA,NA,NA,NA,NA,NA,NA,NA,NA,NA,NA,NA,NA,NA,NA,NA,NA,NA,NA,NA,NA,NA,NA,1.37627601033708,238
"6895","North Haida Gwaii-Pink-Even","Pink-Even",1964,2959786,640373,NA,NA,NA,NA,NA,NA,NA,NA,NA,NA,NA,NA,NA,NA,NA,NA,NA,NA,NA,NA,NA,NA,NA,NA,NA,NA,NA,NA,NA,NA,NA,1.53082142832276,238
"6896","North Haida Gwaii-Pink-Even","Pink-Even",1966,2869152,1672758,NA,NA,NA,NA,NA,NA,NA,NA,NA,NA,NA,NA,NA,NA,NA,NA,NA,NA,NA,NA,NA,NA,NA,NA,NA,NA,NA,NA,NA,NA,NA,0.539542754515212,238
"6897","North Haida Gwaii-Pink-Even","Pink-Even",1968,887472,2040700,NA,NA,NA,NA,NA,NA,NA,NA,NA,NA,NA,NA,NA,NA,NA,NA,NA,NA,NA,NA,NA,NA,NA,NA,NA,NA,NA,NA,NA,NA,NA,-0.832671193678933,238
"6898","North Haida Gwaii-Pink-Even","Pink-Even",1970,713316,629830,NA,NA,NA,NA,NA,NA,NA,NA,NA,NA,NA,NA,NA,NA,NA,NA,NA,NA,NA,NA,NA,NA,NA,NA,NA,NA,NA,NA,NA,NA,NA,0.124474578285109,238
"6899","North Haida Gwaii-Pink-Even","Pink-Even",1972,372717,521552,NA,NA,NA,NA,NA,NA,NA,NA,NA,NA,NA,NA,NA,NA,NA,NA,NA,NA,NA,NA,NA,NA,NA,NA,NA,NA,NA,NA,NA,NA,NA,-0.33598956329944,238
"6900","North Haida Gwaii-Pink-Even","Pink-Even",1974,435976,295904,NA,NA,NA,NA,NA,NA,NA,NA,NA,NA,NA,NA,NA,NA,NA,NA,NA,NA,NA,NA,NA,NA,NA,NA,NA,NA,NA,NA,NA,NA,NA,0.387552118567167,238
"6901","North Haida Gwaii-Pink-Even","Pink-Even",1976,351773,430632,NA,NA,NA,NA,NA,NA,NA,NA,NA,NA,NA,NA,NA,NA,NA,NA,NA,NA,NA,NA,NA,NA,NA,NA,NA,NA,NA,NA,NA,NA,NA,-0.202267815872667,238
"6902","North Haida Gwaii-Pink-Even","Pink-Even",1978,535336,333926,NA,NA,NA,NA,NA,NA,NA,NA,NA,NA,NA,NA,NA,NA,NA,NA,NA,NA,NA,NA,NA,NA,NA,NA,NA,NA,NA,NA,NA,NA,NA,0.47197517560312,238
"6903","North Haida Gwaii-Pink-Even","Pink-Even",1980,563470,429222,NA,NA,NA,NA,NA,NA,NA,NA,NA,NA,NA,NA,NA,NA,NA,NA,NA,NA,NA,NA,NA,NA,NA,NA,NA,NA,NA,NA,NA,NA,NA,0.272139825778227,238
"6904","North Haida Gwaii-Pink-Even","Pink-Even",1982,2529414,545373,NA,NA,NA,NA,NA,NA,NA,NA,NA,NA,NA,NA,NA,NA,NA,NA,NA,NA,NA,NA,NA,NA,NA,NA,NA,NA,NA,NA,NA,NA,NA,1.53427297010444,238
"6905","North Haida Gwaii-Pink-Even","Pink-Even",1984,2108245,1848423,NA,NA,NA,NA,NA,NA,NA,NA,NA,NA,NA,NA,NA,NA,NA,NA,NA,NA,NA,NA,NA,NA,NA,NA,NA,NA,NA,NA,NA,NA,NA,0.131523004703887,238
"6906","North Haida Gwaii-Pink-Even","Pink-Even",1986,1033016,1241513,NA,NA,NA,NA,NA,NA,NA,NA,NA,NA,NA,NA,NA,NA,NA,NA,NA,NA,NA,NA,NA,NA,NA,NA,NA,NA,NA,NA,NA,NA,NA,-0.183848118230523,238
"6907","North Haida Gwaii-Pink-Even","Pink-Even",1988,3483143,847675,NA,NA,NA,NA,NA,NA,NA,NA,NA,NA,NA,NA,NA,NA,NA,NA,NA,NA,NA,NA,NA,NA,NA,NA,NA,NA,NA,NA,NA,NA,NA,1.41319301846958,238
"6908","North Haida Gwaii-Pink-Even","Pink-Even",1990,1928340,2113319,NA,NA,NA,NA,NA,NA,NA,NA,NA,NA,NA,NA,NA,NA,NA,NA,NA,NA,NA,NA,NA,NA,NA,NA,NA,NA,NA,NA,NA,NA,NA,-0.0916001682351455,238
"6909","North Haida Gwaii-Pink-Even","Pink-Even",1992,1038130,1483057,NA,NA,NA,NA,NA,NA,NA,NA,NA,NA,NA,NA,NA,NA,NA,NA,NA,NA,NA,NA,NA,NA,NA,NA,NA,NA,NA,NA,NA,NA,NA,-0.356684480271172,238
"6910","North Haida Gwaii-Pink-Even","Pink-Even",1994,4925891,961015,NA,NA,NA,NA,NA,NA,NA,NA,NA,NA,NA,NA,NA,NA,NA,NA,NA,NA,NA,NA,NA,NA,NA,NA,NA,NA,NA,NA,NA,NA,NA,1.63427043335949,238
"6911","North Haida Gwaii-Pink-Even","Pink-Even",1996,1201654,4417164,NA,NA,NA,NA,NA,NA,NA,NA,NA,NA,NA,NA,NA,NA,NA,NA,NA,NA,NA,NA,NA,NA,NA,NA,NA,NA,NA,NA,NA,NA,NA,-1.30179892010053,238
"6912","North Haida Gwaii-Pink-Even","Pink-Even",1998,737354,1132489,NA,NA,NA,NA,NA,NA,NA,NA,NA,NA,NA,NA,NA,NA,NA,NA,NA,NA,NA,NA,NA,NA,NA,NA,NA,NA,NA,NA,NA,NA,NA,-0.42910504177133,238
"6913","North Haida Gwaii-Pink-Even","Pink-Even",2000,1504019,736793,NA,NA,NA,NA,NA,NA,NA,NA,NA,NA,NA,NA,NA,NA,NA,NA,NA,NA,NA,NA,NA,NA,NA,NA,NA,NA,NA,NA,NA,NA,NA,0.713589153055635,238
"6914","North Haida Gwaii-Pink-Even","Pink-Even",2002,305669,1504019,NA,NA,NA,NA,NA,NA,NA,NA,NA,NA,NA,NA,NA,NA,NA,NA,NA,NA,NA,NA,NA,NA,NA,NA,NA,NA,NA,NA,NA,NA,NA,-1.59339332026171,238
"6915","North Haida Gwaii-Pink-Even","Pink-Even",2004,375987,305669,NA,NA,NA,NA,NA,NA,NA,NA,NA,NA,NA,NA,NA,NA,NA,NA,NA,NA,NA,NA,NA,NA,NA,NA,NA,NA,NA,NA,NA,NA,NA,0.207051751177093,238
"6916","North Haida Gwaii-Pink-Even","Pink-Even",2006,916824,375914,NA,NA,NA,NA,NA,NA,NA,NA,NA,NA,NA,NA,NA,NA,NA,NA,NA,NA,NA,NA,NA,NA,NA,NA,NA,NA,NA,NA,NA,NA,NA,0.891555129803856,238
"6917","North Haida Gwaii-Pink-Even","Pink-Even",2008,1991804,916824,NA,NA,NA,NA,NA,NA,NA,NA,NA,NA,NA,NA,NA,NA,NA,NA,NA,NA,NA,NA,NA,NA,NA,NA,NA,NA,NA,NA,NA,NA,NA,0.775880516100973,238
"6918","North Haida Gwaii-Pink-Even","Pink-Even",2010,276306,1803804,NA,NA,NA,NA,NA,NA,NA,NA,NA,NA,NA,NA,NA,NA,NA,NA,NA,NA,NA,NA,NA,NA,NA,NA,NA,NA,NA,NA,NA,NA,NA,-1.8761441000497,238
"6919","North Haida Gwaii-Pink-Even","Pink-Even",2018,1559698,1114194,NA,NA,NA,NA,NA,NA,NA,NA,NA,NA,NA,NA,NA,NA,NA,NA,NA,NA,NA,NA,NA,NA,NA,NA,NA,NA,NA,NA,NA,NA,NA,0.336360939216482,238
"6920","East Haida Gwaii-Pink-Even","Pink-Even",1954,615093,687252,NA,NA,NA,NA,NA,NA,NA,NA,NA,NA,NA,NA,NA,NA,NA,NA,NA,NA,NA,NA,NA,NA,NA,NA,NA,NA,NA,NA,NA,NA,NA,-0.110927561304071,239
"6921","East Haida Gwaii-Pink-Even","Pink-Even",1956,946885,461253,NA,NA,NA,NA,NA,NA,NA,NA,NA,NA,NA,NA,NA,NA,NA,NA,NA,NA,NA,NA,NA,NA,NA,NA,NA,NA,NA,NA,NA,NA,NA,0.719230950299446,239
"6922","East Haida Gwaii-Pink-Even","Pink-Even",1958,816594,522613,NA,NA,NA,NA,NA,NA,NA,NA,NA,NA,NA,NA,NA,NA,NA,NA,NA,NA,NA,NA,NA,NA,NA,NA,NA,NA,NA,NA,NA,NA,NA,0.446300802920898,239
"6923","East Haida Gwaii-Pink-Even","Pink-Even",1960,1913163,620639,NA,NA,NA,NA,NA,NA,NA,NA,NA,NA,NA,NA,NA,NA,NA,NA,NA,NA,NA,NA,NA,NA,NA,NA,NA,NA,NA,NA,NA,NA,NA,1.125763579842,239
"6924","East Haida Gwaii-Pink-Even","Pink-Even",1962,240287,1069697,NA,NA,NA,NA,NA,NA,NA,NA,NA,NA,NA,NA,NA,NA,NA,NA,NA,NA,NA,NA,NA,NA,NA,NA,NA,NA,NA,NA,NA,NA,NA,-1.49329666754737,239
"6925","East Haida Gwaii-Pink-Even","Pink-Even",1964,1036137,202639,NA,NA,NA,NA,NA,NA,NA,NA,NA,NA,NA,NA,NA,NA,NA,NA,NA,NA,NA,NA,NA,NA,NA,NA,NA,NA,NA,NA,NA,NA,NA,1.63182858263742,239
"6926","East Haida Gwaii-Pink-Even","Pink-Even",1966,1687290,760785,NA,NA,NA,NA,NA,NA,NA,NA,NA,NA,NA,NA,NA,NA,NA,NA,NA,NA,NA,NA,NA,NA,NA,NA,NA,NA,NA,NA,NA,NA,NA,0.7965281756099,239
"6927","East Haida Gwaii-Pink-Even","Pink-Even",1968,1880546,1202773,NA,NA,NA,NA,NA,NA,NA,NA,NA,NA,NA,NA,NA,NA,NA,NA,NA,NA,NA,NA,NA,NA,NA,NA,NA,NA,NA,NA,NA,NA,NA,0.446932435950371,239
"6928","East Haida Gwaii-Pink-Even","Pink-Even",1970,1542639,1303135,NA,NA,NA,NA,NA,NA,NA,NA,NA,NA,NA,NA,NA,NA,NA,NA,NA,NA,NA,NA,NA,NA,NA,NA,NA,NA,NA,NA,NA,NA,NA,0.168721686353124,239
"6929","East Haida Gwaii-Pink-Even","Pink-Even",1972,828283,1166380,NA,NA,NA,NA,NA,NA,NA,NA,NA,NA,NA,NA,NA,NA,NA,NA,NA,NA,NA,NA,NA,NA,NA,NA,NA,NA,NA,NA,NA,NA,NA,-0.342305330902128,239
"6930","East Haida Gwaii-Pink-Even","Pink-Even",1974,2436253,606765,NA,NA,NA,NA,NA,NA,NA,NA,NA,NA,NA,NA,NA,NA,NA,NA,NA,NA,NA,NA,NA,NA,NA,NA,NA,NA,NA,NA,NA,NA,NA,1.39007491604174,239
"6931","East Haida Gwaii-Pink-Even","Pink-Even",1976,1004251,818418,NA,NA,NA,NA,NA,NA,NA,NA,NA,NA,NA,NA,NA,NA,NA,NA,NA,NA,NA,NA,NA,NA,NA,NA,NA,NA,NA,NA,NA,NA,NA,0.204624060476435,239
"6932","East Haida Gwaii-Pink-Even","Pink-Even",1978,400899,757790,NA,NA,NA,NA,NA,NA,NA,NA,NA,NA,NA,NA,NA,NA,NA,NA,NA,NA,NA,NA,NA,NA,NA,NA,NA,NA,NA,NA,NA,NA,NA,-0.636696777145752,239
"6933","East Haida Gwaii-Pink-Even","Pink-Even",1980,232363,399896,NA,NA,NA,NA,NA,NA,NA,NA,NA,NA,NA,NA,NA,NA,NA,NA,NA,NA,NA,NA,NA,NA,NA,NA,NA,NA,NA,NA,NA,NA,NA,-0.542903709260964,239
"6934","East Haida Gwaii-Pink-Even","Pink-Even",1982,340786,232264,NA,NA,NA,NA,NA,NA,NA,NA,NA,NA,NA,NA,NA,NA,NA,NA,NA,NA,NA,NA,NA,NA,NA,NA,NA,NA,NA,NA,NA,NA,NA,0.383380058551137,239
"6935","East Haida Gwaii-Pink-Even","Pink-Even",1984,1416281,297167,NA,NA,NA,NA,NA,NA,NA,NA,NA,NA,NA,NA,NA,NA,NA,NA,NA,NA,NA,NA,NA,NA,NA,NA,NA,NA,NA,NA,NA,NA,NA,1.56149543055403,239
"6936","East Haida Gwaii-Pink-Even","Pink-Even",1986,1015865,1063193,NA,NA,NA,NA,NA,NA,NA,NA,NA,NA,NA,NA,NA,NA,NA,NA,NA,NA,NA,NA,NA,NA,NA,NA,NA,NA,NA,NA,NA,NA,NA,-0.0455361781855492,239
"6937","East Haida Gwaii-Pink-Even","Pink-Even",1988,1668756,877645,NA,NA,NA,NA,NA,NA,NA,NA,NA,NA,NA,NA,NA,NA,NA,NA,NA,NA,NA,NA,NA,NA,NA,NA,NA,NA,NA,NA,NA,NA,NA,0.642591533793434,239
"6938","East Haida Gwaii-Pink-Even","Pink-Even",1990,1030981,1333403,NA,NA,NA,NA,NA,NA,NA,NA,NA,NA,NA,NA,NA,NA,NA,NA,NA,NA,NA,NA,NA,NA,NA,NA,NA,NA,NA,NA,NA,NA,NA,-0.257223544931775,239
"6939","East Haida Gwaii-Pink-Even","Pink-Even",1992,840502,1007377,NA,NA,NA,NA,NA,NA,NA,NA,NA,NA,NA,NA,NA,NA,NA,NA,NA,NA,NA,NA,NA,NA,NA,NA,NA,NA,NA,NA,NA,NA,NA,-0.18110586961886,239
"6940","East Haida Gwaii-Pink-Even","Pink-Even",1994,940202,755703,NA,NA,NA,NA,NA,NA,NA,NA,NA,NA,NA,NA,NA,NA,NA,NA,NA,NA,NA,NA,NA,NA,NA,NA,NA,NA,NA,NA,NA,NA,NA,0.218446303946653,239
"6941","East Haida Gwaii-Pink-Even","Pink-Even",1996,974999,919571,NA,NA,NA,NA,NA,NA,NA,NA,NA,NA,NA,NA,NA,NA,NA,NA,NA,NA,NA,NA,NA,NA,NA,NA,NA,NA,NA,NA,NA,NA,NA,0.0585291884147176,239
"6942","East Haida Gwaii-Pink-Even","Pink-Even",1998,468051,825195,NA,NA,NA,NA,NA,NA,NA,NA,NA,NA,NA,NA,NA,NA,NA,NA,NA,NA,NA,NA,NA,NA,NA,NA,NA,NA,NA,NA,NA,NA,NA,-0.567042457702214,239
"6943","East Haida Gwaii-Pink-Even","Pink-Even",2000,655020,453641,NA,NA,NA,NA,NA,NA,NA,NA,NA,NA,NA,NA,NA,NA,NA,NA,NA,NA,NA,NA,NA,NA,NA,NA,NA,NA,NA,NA,NA,NA,NA,0.367359633184386,239
"6944","East Haida Gwaii-Pink-Even","Pink-Even",2002,384839,634258,NA,NA,NA,NA,NA,NA,NA,NA,NA,NA,NA,NA,NA,NA,NA,NA,NA,NA,NA,NA,NA,NA,NA,NA,NA,NA,NA,NA,NA,NA,NA,-0.499630746715465,239
"6945","East Haida Gwaii-Pink-Even","Pink-Even",2004,323492,384839,NA,NA,NA,NA,NA,NA,NA,NA,NA,NA,NA,NA,NA,NA,NA,NA,NA,NA,NA,NA,NA,NA,NA,NA,NA,NA,NA,NA,NA,NA,NA,-0.173650680892891,239
"6946","East Haida Gwaii-Pink-Even","Pink-Even",2006,471187,288411,NA,NA,NA,NA,NA,NA,NA,NA,NA,NA,NA,NA,NA,NA,NA,NA,NA,NA,NA,NA,NA,NA,NA,NA,NA,NA,NA,NA,NA,NA,NA,0.490868496669057,239
"6947","East Haida Gwaii-Pink-Even","Pink-Even",2008,1670523,471187,NA,NA,NA,NA,NA,NA,NA,NA,NA,NA,NA,NA,NA,NA,NA,NA,NA,NA,NA,NA,NA,NA,NA,NA,NA,NA,NA,NA,NA,NA,NA,1.2656369872122,239
"6948","East Haida Gwaii-Pink-Even","Pink-Even",2010,1641401,1419560,NA,NA,NA,NA,NA,NA,NA,NA,NA,NA,NA,NA,NA,NA,NA,NA,NA,NA,NA,NA,NA,NA,NA,NA,NA,NA,NA,NA,NA,NA,NA,0.145203181007334,239
"6949","East Haida Gwaii-Pink-Even","Pink-Even",2012,1479993,1422437,NA,NA,NA,NA,NA,NA,NA,NA,NA,NA,NA,NA,NA,NA,NA,NA,NA,NA,NA,NA,NA,NA,NA,NA,NA,NA,NA,NA,NA,NA,NA,0.0396657602224683,239
"6950","East Haida Gwaii-Pink-Odd","Pink-Odd",1955,244237,46770,NA,NA,NA,NA,NA,NA,NA,NA,NA,NA,NA,NA,NA,NA,NA,NA,NA,NA,NA,NA,NA,NA,NA,NA,NA,NA,NA,NA,NA,NA,NA,1.65289709361306,240
"6951","East Haida Gwaii-Pink-Odd","Pink-Odd",1957,289977,88675,NA,NA,NA,NA,NA,NA,NA,NA,NA,NA,NA,NA,NA,NA,NA,NA,NA,NA,NA,NA,NA,NA,NA,NA,NA,NA,NA,NA,NA,NA,NA,1.18482360883077,240
"6952","East Haida Gwaii-Pink-Odd","Pink-Odd",1959,68545,284212,NA,NA,NA,NA,NA,NA,NA,NA,NA,NA,NA,NA,NA,NA,NA,NA,NA,NA,NA,NA,NA,NA,NA,NA,NA,NA,NA,NA,NA,NA,NA,-1.4222299746698,240
"6953","East Haida Gwaii-Pink-Odd","Pink-Odd",1961,119837,53849,NA,NA,NA,NA,NA,NA,NA,NA,NA,NA,NA,NA,NA,NA,NA,NA,NA,NA,NA,NA,NA,NA,NA,NA,NA,NA,NA,NA,NA,NA,NA,0.799948652749896,240
"6954","East Haida Gwaii-Pink-Odd","Pink-Odd",1963,49966,119833,NA,NA,NA,NA,NA,NA,NA,NA,NA,NA,NA,NA,NA,NA,NA,NA,NA,NA,NA,NA,NA,NA,NA,NA,NA,NA,NA,NA,NA,NA,NA,-0.874756332724673,240
"6955","East Haida Gwaii-Pink-Odd","Pink-Odd",1965,115287,49771,NA,NA,NA,NA,NA,NA,NA,NA,NA,NA,NA,NA,NA,NA,NA,NA,NA,NA,NA,NA,NA,NA,NA,NA,NA,NA,NA,NA,NA,NA,NA,0.839992186475036,240
"6956","East Haida Gwaii-Pink-Odd","Pink-Odd",1967,268275,112249,NA,NA,NA,NA,NA,NA,NA,NA,NA,NA,NA,NA,NA,NA,NA,NA,NA,NA,NA,NA,NA,NA,NA,NA,NA,NA,NA,NA,NA,NA,NA,0.871292955916479,240
"6957","East Haida Gwaii-Pink-Odd","Pink-Odd",1969,50408,245007,NA,NA,NA,NA,NA,NA,NA,NA,NA,NA,NA,NA,NA,NA,NA,NA,NA,NA,NA,NA,NA,NA,NA,NA,NA,NA,NA,NA,NA,NA,NA,-1.58113688892539,240
"6958","East Haida Gwaii-Pink-Odd","Pink-Odd",1971,67662,49699,NA,NA,NA,NA,NA,NA,NA,NA,NA,NA,NA,NA,NA,NA,NA,NA,NA,NA,NA,NA,NA,NA,NA,NA,NA,NA,NA,NA,NA,NA,NA,0.308539910302393,240
"6959","East Haida Gwaii-Pink-Odd","Pink-Odd",1973,35529,67287,NA,NA,NA,NA,NA,NA,NA,NA,NA,NA,NA,NA,NA,NA,NA,NA,NA,NA,NA,NA,NA,NA,NA,NA,NA,NA,NA,NA,NA,NA,NA,-0.638617788651331,240
"6960","East Haida Gwaii-Pink-Odd","Pink-Odd",1975,15947,30101,NA,NA,NA,NA,NA,NA,NA,NA,NA,NA,NA,NA,NA,NA,NA,NA,NA,NA,NA,NA,NA,NA,NA,NA,NA,NA,NA,NA,NA,NA,NA,-0.635287670028499,240
"6961","East Haida Gwaii-Pink-Odd","Pink-Odd",1977,32639,13136,NA,NA,NA,NA,NA,NA,NA,NA,NA,NA,NA,NA,NA,NA,NA,NA,NA,NA,NA,NA,NA,NA,NA,NA,NA,NA,NA,NA,NA,NA,NA,0.910151339661602,240
"6962","East Haida Gwaii-Pink-Odd","Pink-Odd",1979,12105,32639,NA,NA,NA,NA,NA,NA,NA,NA,NA,NA,NA,NA,NA,NA,NA,NA,NA,NA,NA,NA,NA,NA,NA,NA,NA,NA,NA,NA,NA,NA,NA,-0.991889301981652,240
"6963","East Haida Gwaii-Pink-Odd","Pink-Odd",1981,23484,11900,NA,NA,NA,NA,NA,NA,NA,NA,NA,NA,NA,NA,NA,NA,NA,NA,NA,NA,NA,NA,NA,NA,NA,NA,NA,NA,NA,NA,NA,NA,NA,0.679780938084456,240
"6964","East Haida Gwaii-Pink-Odd","Pink-Odd",1983,42355,23484,NA,NA,NA,NA,NA,NA,NA,NA,NA,NA,NA,NA,NA,NA,NA,NA,NA,NA,NA,NA,NA,NA,NA,NA,NA,NA,NA,NA,NA,NA,NA,0.589767139681575,240
"6965","East Haida Gwaii-Pink-Odd","Pink-Odd",1985,68356,31926,NA,NA,NA,NA,NA,NA,NA,NA,NA,NA,NA,NA,NA,NA,NA,NA,NA,NA,NA,NA,NA,NA,NA,NA,NA,NA,NA,NA,NA,NA,NA,0.761308617942375,240
"6966","East Haida Gwaii-Pink-Odd","Pink-Odd",1987,46503,68096,NA,NA,NA,NA,NA,NA,NA,NA,NA,NA,NA,NA,NA,NA,NA,NA,NA,NA,NA,NA,NA,NA,NA,NA,NA,NA,NA,NA,NA,NA,NA,-0.381401647637857,240
"6967","East Haida Gwaii-Pink-Odd","Pink-Odd",1989,23472,43487,NA,NA,NA,NA,NA,NA,NA,NA,NA,NA,NA,NA,NA,NA,NA,NA,NA,NA,NA,NA,NA,NA,NA,NA,NA,NA,NA,NA,NA,NA,NA,-0.616653821454568,240
"6968","East Haida Gwaii-Pink-Odd","Pink-Odd",1991,26606,23367,NA,NA,NA,NA,NA,NA,NA,NA,NA,NA,NA,NA,NA,NA,NA,NA,NA,NA,NA,NA,NA,NA,NA,NA,NA,NA,NA,NA,NA,NA,NA,0.129811983655793,240
"6969","East Haida Gwaii-Pink-Odd","Pink-Odd",1993,6868,26448,NA,NA,NA,NA,NA,NA,NA,NA,NA,NA,NA,NA,NA,NA,NA,NA,NA,NA,NA,NA,NA,NA,NA,NA,NA,NA,NA,NA,NA,NA,NA,-1.34830759804344,240
"6970","East Haida Gwaii-Pink-Odd","Pink-Odd",1995,6415,6841,NA,NA,NA,NA,NA,NA,NA,NA,NA,NA,NA,NA,NA,NA,NA,NA,NA,NA,NA,NA,NA,NA,NA,NA,NA,NA,NA,NA,NA,NA,NA,-0.0642949217112612,240
"6971","East Haida Gwaii-Pink-Odd","Pink-Odd",1997,6396,6227,NA,NA,NA,NA,NA,NA,NA,NA,NA,NA,NA,NA,NA,NA,NA,NA,NA,NA,NA,NA,NA,NA,NA,NA,NA,NA,NA,NA,NA,NA,NA,0.0267781190813929,240
"6972","East Haida Gwaii-Pink-Odd","Pink-Odd",1999,13846,6396,NA,NA,NA,NA,NA,NA,NA,NA,NA,NA,NA,NA,NA,NA,NA,NA,NA,NA,NA,NA,NA,NA,NA,NA,NA,NA,NA,NA,NA,NA,NA,0.772323587284126,240
"6973","East Haida Gwaii-Pink-Odd","Pink-Odd",2001,11920,13846,NA,NA,NA,NA,NA,NA,NA,NA,NA,NA,NA,NA,NA,NA,NA,NA,NA,NA,NA,NA,NA,NA,NA,NA,NA,NA,NA,NA,NA,NA,NA,-0.14977872061863,240
"6974","East Haida Gwaii-Pink-Odd","Pink-Odd",2003,222186,11920,NA,NA,NA,NA,NA,NA,NA,NA,NA,NA,NA,NA,NA,NA,NA,NA,NA,NA,NA,NA,NA,NA,NA,NA,NA,NA,NA,NA,NA,NA,NA,2.92529720728272,240
"6975","East Haida Gwaii-Pink-Odd","Pink-Odd",2005,75283,222186,NA,NA,NA,NA,NA,NA,NA,NA,NA,NA,NA,NA,NA,NA,NA,NA,NA,NA,NA,NA,NA,NA,NA,NA,NA,NA,NA,NA,NA,NA,NA,-1.08226052321473,240
"6976","East Haida Gwaii-Pink-Odd","Pink-Odd",2007,64287,75283,NA,NA,NA,NA,NA,NA,NA,NA,NA,NA,NA,NA,NA,NA,NA,NA,NA,NA,NA,NA,NA,NA,NA,NA,NA,NA,NA,NA,NA,NA,NA,-0.157896912196135,240
"6977","East Haida Gwaii-Pink-Odd","Pink-Odd",2009,144435,64287,NA,NA,NA,NA,NA,NA,NA,NA,NA,NA,NA,NA,NA,NA,NA,NA,NA,NA,NA,NA,NA,NA,NA,NA,NA,NA,NA,NA,NA,NA,NA,0.809472145851302,240
"6978","East Haida Gwaii-Pink-Odd","Pink-Odd",2011,77908,144435,NA,NA,NA,NA,NA,NA,NA,NA,NA,NA,NA,NA,NA,NA,NA,NA,NA,NA,NA,NA,NA,NA,NA,NA,NA,NA,NA,NA,NA,NA,NA,-0.617300935992704,240
"6979","West Haida Gwaii-Pink-Even","Pink-Even",1954,361543,665685,NA,NA,NA,NA,NA,NA,NA,NA,NA,NA,NA,NA,NA,NA,NA,NA,NA,NA,NA,NA,NA,NA,NA,NA,NA,NA,NA,NA,NA,NA,NA,-0.610435602331107,241
"6980","West Haida Gwaii-Pink-Even","Pink-Even",1956,486272,277518,NA,NA,NA,NA,NA,NA,NA,NA,NA,NA,NA,NA,NA,NA,NA,NA,NA,NA,NA,NA,NA,NA,NA,NA,NA,NA,NA,NA,NA,NA,NA,0.560882342177386,241
"6981","West Haida Gwaii-Pink-Even","Pink-Even",1958,335682,299582,NA,NA,NA,NA,NA,NA,NA,NA,NA,NA,NA,NA,NA,NA,NA,NA,NA,NA,NA,NA,NA,NA,NA,NA,NA,NA,NA,NA,NA,NA,NA,0.113776113514101,241
"6982","West Haida Gwaii-Pink-Even","Pink-Even",1960,290024,170774,NA,NA,NA,NA,NA,NA,NA,NA,NA,NA,NA,NA,NA,NA,NA,NA,NA,NA,NA,NA,NA,NA,NA,NA,NA,NA,NA,NA,NA,NA,NA,0.529622633234165,241
"6983","West Haida Gwaii-Pink-Even","Pink-Even",1962,145755,289963,NA,NA,NA,NA,NA,NA,NA,NA,NA,NA,NA,NA,NA,NA,NA,NA,NA,NA,NA,NA,NA,NA,NA,NA,NA,NA,NA,NA,NA,NA,NA,-0.687826198674299,241
"6984","West Haida Gwaii-Pink-Even","Pink-Even",1964,631314,144355,NA,NA,NA,NA,NA,NA,NA,NA,NA,NA,NA,NA,NA,NA,NA,NA,NA,NA,NA,NA,NA,NA,NA,NA,NA,NA,NA,NA,NA,NA,NA,1.47552781804734,241
"6985","West Haida Gwaii-Pink-Even","Pink-Even",1966,487755,432438,NA,NA,NA,NA,NA,NA,NA,NA,NA,NA,NA,NA,NA,NA,NA,NA,NA,NA,NA,NA,NA,NA,NA,NA,NA,NA,NA,NA,NA,NA,NA,0.120374267109121,241
"6986","West Haida Gwaii-Pink-Even","Pink-Even",1968,761720,269391,NA,NA,NA,NA,NA,NA,NA,NA,NA,NA,NA,NA,NA,NA,NA,NA,NA,NA,NA,NA,NA,NA,NA,NA,NA,NA,NA,NA,NA,NA,NA,1.03941517824478,241
"6987","West Haida Gwaii-Pink-Even","Pink-Even",1970,1204238,444957,NA,NA,NA,NA,NA,NA,NA,NA,NA,NA,NA,NA,NA,NA,NA,NA,NA,NA,NA,NA,NA,NA,NA,NA,NA,NA,NA,NA,NA,NA,NA,0.995624632468504,241
"6988","West Haida Gwaii-Pink-Even","Pink-Even",1972,408786,561736,NA,NA,NA,NA,NA,NA,NA,NA,NA,NA,NA,NA,NA,NA,NA,NA,NA,NA,NA,NA,NA,NA,NA,NA,NA,NA,NA,NA,NA,NA,NA,-0.317840196908772,241
"6989","West Haida Gwaii-Pink-Even","Pink-Even",1974,78378,197468,NA,NA,NA,NA,NA,NA,NA,NA,NA,NA,NA,NA,NA,NA,NA,NA,NA,NA,NA,NA,NA,NA,NA,NA,NA,NA,NA,NA,NA,NA,NA,-0.92403327016472,241
"6990","West Haida Gwaii-Pink-Even","Pink-Even",1976,466483,65917,NA,NA,NA,NA,NA,NA,NA,NA,NA,NA,NA,NA,NA,NA,NA,NA,NA,NA,NA,NA,NA,NA,NA,NA,NA,NA,NA,NA,NA,NA,NA,1.95682520318023,241
"6991","West Haida Gwaii-Pink-Even","Pink-Even",1978,347713,242331,NA,NA,NA,NA,NA,NA,NA,NA,NA,NA,NA,NA,NA,NA,NA,NA,NA,NA,NA,NA,NA,NA,NA,NA,NA,NA,NA,NA,NA,NA,NA,0.361072866659906,241
"6992","West Haida Gwaii-Pink-Even","Pink-Even",1980,200993,266684,NA,NA,NA,NA,NA,NA,NA,NA,NA,NA,NA,NA,NA,NA,NA,NA,NA,NA,NA,NA,NA,NA,NA,NA,NA,NA,NA,NA,NA,NA,NA,-0.282794355305415,241
"6993","West Haida Gwaii-Pink-Even","Pink-Even",1982,227967,185316,NA,NA,NA,NA,NA,NA,NA,NA,NA,NA,NA,NA,NA,NA,NA,NA,NA,NA,NA,NA,NA,NA,NA,NA,NA,NA,NA,NA,NA,NA,NA,0.207138405608084,241
"6994","West Haida Gwaii-Pink-Even","Pink-Even",1984,531051,107527,NA,NA,NA,NA,NA,NA,NA,NA,NA,NA,NA,NA,NA,NA,NA,NA,NA,NA,NA,NA,NA,NA,NA,NA,NA,NA,NA,NA,NA,NA,NA,1.59711608300531,241
"6995","West Haida Gwaii-Pink-Even","Pink-Even",1986,344120,430036,NA,NA,NA,NA,NA,NA,NA,NA,NA,NA,NA,NA,NA,NA,NA,NA,NA,NA,NA,NA,NA,NA,NA,NA,NA,NA,NA,NA,NA,NA,NA,-0.222878492360292,241
"6996","West Haida Gwaii-Pink-Even","Pink-Even",1988,565203,275270,NA,NA,NA,NA,NA,NA,NA,NA,NA,NA,NA,NA,NA,NA,NA,NA,NA,NA,NA,NA,NA,NA,NA,NA,NA,NA,NA,NA,NA,NA,NA,0.719432524471746,241
"6997","West Haida Gwaii-Pink-Even","Pink-Even",1990,272704,285667,NA,NA,NA,NA,NA,NA,NA,NA,NA,NA,NA,NA,NA,NA,NA,NA,NA,NA,NA,NA,NA,NA,NA,NA,NA,NA,NA,NA,NA,NA,NA,-0.046439838912686,241
"6998","West Haida Gwaii-Pink-Even","Pink-Even",1992,193655,154969,NA,NA,NA,NA,NA,NA,NA,NA,NA,NA,NA,NA,NA,NA,NA,NA,NA,NA,NA,NA,NA,NA,NA,NA,NA,NA,NA,NA,NA,NA,NA,0.222853128488807,241
"6999","West Haida Gwaii-Pink-Even","Pink-Even",1994,249679,152879,NA,NA,NA,NA,NA,NA,NA,NA,NA,NA,NA,NA,NA,NA,NA,NA,NA,NA,NA,NA,NA,NA,NA,NA,NA,NA,NA,NA,NA,NA,NA,0.490529333995286,241
"7000","West Haida Gwaii-Pink-Even","Pink-Even",1996,833241,249679,NA,NA,NA,NA,NA,NA,NA,NA,NA,NA,NA,NA,NA,NA,NA,NA,NA,NA,NA,NA,NA,NA,NA,NA,NA,NA,NA,NA,NA,NA,NA,1.20514682322147,241
"7001","West Haida Gwaii-Pink-Even","Pink-Even",1998,987121,356388,NA,NA,NA,NA,NA,NA,NA,NA,NA,NA,NA,NA,NA,NA,NA,NA,NA,NA,NA,NA,NA,NA,NA,NA,NA,NA,NA,NA,NA,NA,NA,1.01877260064169,241
"7002","West Haida Gwaii-Pink-Even","Pink-Even",2000,399205,482633,NA,NA,NA,NA,NA,NA,NA,NA,NA,NA,NA,NA,NA,NA,NA,NA,NA,NA,NA,NA,NA,NA,NA,NA,NA,NA,NA,NA,NA,NA,NA,-0.189781461054624,241
"7003","West Haida Gwaii-Pink-Even","Pink-Even",2002,80648,377616,NA,NA,NA,NA,NA,NA,NA,NA,NA,NA,NA,NA,NA,NA,NA,NA,NA,NA,NA,NA,NA,NA,NA,NA,NA,NA,NA,NA,NA,NA,NA,-1.54378380050336,241
"7004","West Haida Gwaii-Pink-Even","Pink-Even",2004,32469,53071,NA,NA,NA,NA,NA,NA,NA,NA,NA,NA,NA,NA,NA,NA,NA,NA,NA,NA,NA,NA,NA,NA,NA,NA,NA,NA,NA,NA,NA,NA,NA,-0.491344851718654,241
"7005","West Haida Gwaii-Pink-Even","Pink-Even",2006,80936,32469,NA,NA,NA,NA,NA,NA,NA,NA,NA,NA,NA,NA,NA,NA,NA,NA,NA,NA,NA,NA,NA,NA,NA,NA,NA,NA,NA,NA,NA,NA,NA,0.91337293092247,241
"7006","West Haida Gwaii-Pink-Even","Pink-Even",2008,595094,80936,NA,NA,NA,NA,NA,NA,NA,NA,NA,NA,NA,NA,NA,NA,NA,NA,NA,NA,NA,NA,NA,NA,NA,NA,NA,NA,NA,NA,NA,NA,NA,1.99506065735729,241
"7007","West Haida Gwaii-Pink-Even","Pink-Even",2010,482421,581087,NA,NA,NA,NA,NA,NA,NA,NA,NA,NA,NA,NA,NA,NA,NA,NA,NA,NA,NA,NA,NA,NA,NA,NA,NA,NA,NA,NA,NA,NA,NA,-0.186083310662385,241
"7008","West Haida Gwaii-Pink-Even","Pink-Even",2012,185537,482421,NA,NA,NA,NA,NA,NA,NA,NA,NA,NA,NA,NA,NA,NA,NA,NA,NA,NA,NA,NA,NA,NA,NA,NA,NA,NA,NA,NA,NA,NA,NA,-0.955562853729531,241
"7009","Atnarko-Sockeye","Sockeye",1987,90984,30780,NA,NA,NA,NA,NA,NA,NA,NA,0,6912,8811,0,0,425,57480,17356,0,NA,0,0,0,NA,NA,NA,NA,NA,NA,NA,NA,NA,NA,1.08381853847141,1
"7010","Atnarko-Sockeye","Sockeye",1988,62288,30000,NA,NA,NA,NA,NA,NA,NA,NA,0,9440,13017,0,0,0,35580,3713,39,NA,0,0,499,NA,NA,NA,NA,NA,NA,NA,NA,NA,NA,0.730571409205945,1
"7011","Atnarko-Sockeye","Sockeye",1989,39421,15000,NA,NA,NA,NA,NA,NA,NA,NA,0,868,14853,28,0,0,11140,10295,53,NA,0,1501,682,NA,NA,NA,NA,NA,NA,NA,NA,NA,NA,0.966248468134193,1
"7012","Atnarko-Sockeye","Sockeye",1990,54979,20000,NA,NA,NA,NA,NA,NA,NA,NA,0,0,6664,39,0,0,31589,14072,38,NA,38,2051,488,NA,NA,NA,NA,NA,NA,NA,NA,NA,NA,1.01121902058554,1
"7013","Atnarko-Sockeye","Sockeye",1991,69361,52500,NA,NA,NA,NA,NA,NA,NA,NA,0,4733,9108,28,0,728,43176,10068,0,NA,52,1468,0,NA,NA,NA,NA,NA,NA,NA,NA,NA,NA,0.278511580302495,1
"7014","Atnarko-Sockeye","Sockeye",1992,49322,41000,NA,NA,NA,NA,NA,NA,NA,NA,151,6470,6517,0,0,995,30893,3914,25,NA,37,0,320,NA,NA,NA,NA,NA,NA,NA,NA,NA,NA,0.184798162270051,1
"7015","Atnarko-Sockeye","Sockeye",1993,28183,15000,NA,NA,NA,NA,NA,NA,NA,NA,207,4629,2392,18,0,712,12393,6610,19,NA,0,964,240,NA,NA,NA,NA,NA,NA,NA,NA,NA,NA,0.630668758183214,1
"7016","Atnarko-Sockeye","Sockeye",1994,41466,25000,NA,NA,NA,NA,NA,NA,NA,NA,148,10871,4279,14,0,0,20282,4956,12,NA,24,722,158,NA,NA,NA,NA,NA,NA,NA,NA,NA,NA,0.505997989469111,1
"7017","Atnarko-Sockeye","Sockeye",1995,26868,55000,NA,NA,NA,NA,NA,NA,NA,NA,870,3039,3208,9,0,467,15205,3268,22,NA,18,476,285,NA,NA,NA,NA,NA,NA,NA,NA,NA,NA,-0.716397197827853,1
"7018","Atnarko-Sockeye","Sockeye",1996,22151,45000,NA,NA,NA,NA,NA,NA,NA,NA,97,2278,2115,16,0,350,10027,5890,37,NA,12,859,470,NA,NA,NA,NA,NA,NA,NA,NA,NA,NA,-0.708779847571396,1
"7019","Atnarko-Sockeye","Sockeye",1997,35068,20000,NA,NA,NA,NA,NA,NA,NA,NA,73,1502,3812,27,0,231,18072,9697,16,NA,22,1414,202,NA,NA,NA,NA,NA,NA,NA,NA,NA,NA,0.561556760172348,1
"7020","Atnarko-Sockeye","Sockeye",1998,44282,30000,NA,NA,NA,NA,NA,NA,NA,NA,48,2708,6277,12,0,416,29755,4164,19,NA,36,607,240,NA,NA,NA,NA,NA,NA,NA,NA,NA,NA,0.389380892276615,1
"7021","Atnarko-Sockeye","Sockeye",1999,26684,25000,NA,NA,NA,NA,NA,NA,NA,NA,87,4459,2696,14,0,685,12778,4947,0,NA,15,721,283,NA,NA,NA,NA,NA,NA,NA,NA,NA,NA,0.0651883099790683,1
"7022","Atnarko-Sockeye","Sockeye",2000,23413,15000,NA,NA,NA,NA,NA,NA,NA,NA,142,1915,3202,0,0,294,15179,848,0,NA,18,1696,120,NA,NA,NA,NA,NA,NA,NA,NA,NA,NA,0.445241222553146,1
"7023","Atnarko-Sockeye","Sockeye",2001,7454,30000,NA,NA,NA,NA,NA,NA,NA,NA,61,2274,121,0,0,350,3230,837,0,NA,0,478,103,NA,NA,NA,NA,NA,NA,NA,NA,NA,NA,-1.39244658060509,1
"7024","Atnarko-Sockeye","Sockeye",2002,6519,50000,NA,NA,NA,NA,NA,NA,NA,NA,73,283,717,0,0,202,4544,683,0,NA,0,17,0,NA,NA,NA,NA,NA,NA,NA,NA,NA,NA,-2.03730201548574,1
"7025","Atnarko-Sockeye","Sockeye",2003,937,18000,NA,NA,NA,NA,NA,NA,NA,NA,81,120,154,0,0,0,427,126,0,NA,0,7,22,NA,NA,NA,NA,NA,NA,NA,NA,NA,NA,-2.95544375463988,1
"7026","Atnarko-Sockeye","Sockeye",2004,2877,25000,NA,NA,NA,NA,NA,NA,NA,NA,0,222,74,0,0,0,998,1380,0,NA,0,156,47,NA,NA,NA,NA,NA,NA,NA,NA,NA,NA,-2.16212774029879,1
"7027","Atnarko-Sockeye","Sockeye",2005,3835,6000,NA,NA,NA,NA,NA,NA,NA,NA,17,104,67,0,0,15,2626,891,0,NA,22,94,0,NA,NA,NA,NA,NA,NA,NA,NA,NA,NA,-0.447590034408835,1
"7028","Atnarko-Sockeye","Sockeye",2006,2126,6000,NA,NA,NA,NA,NA,NA,NA,NA,0,245,141,0,0,22,1266,423,0,NA,0,0,30,NA,NA,NA,NA,NA,NA,NA,NA,NA,NA,-1.0375171893083,1
"7029","Atnarko-Sockeye","Sockeye",2007,1926,1200,NA,NA,NA,NA,NA,NA,NA,NA,0,94,651,0,0,0,586,488,27,NA,0,59,20,NA,NA,NA,NA,NA,NA,NA,NA,NA,NA,0.473123756581979,1
"7030","Atnarko-Sockeye","Sockeye",2008,4142,900,NA,NA,NA,NA,NA,NA,NA,NA,0,130,15,7,0,33,3152,784,0,NA,15,7,0,NA,NA,NA,NA,NA,NA,NA,NA,NA,NA,1.52653927863122,1
"7031","Atnarko-Sockeye","Sockeye",2009,1400,3500,NA,NA,NA,NA,NA,NA,NA,NA,0,104,409,11,0,30,675,171,0,NA,0,0,0,NA,NA,NA,NA,NA,NA,NA,NA,NA,NA,-0.916290731874155,1
"7032","Atnarko-Sockeye","Sockeye",2010,2858,2300,NA,NA,NA,NA,NA,NA,NA,NA,0,82,126,0,0,61,1874,716,0,NA,0,0,0,NA,NA,NA,NA,NA,NA,NA,NA,NA,NA,0.217212956572572,1
"7033","Atnarko-Sockeye","Sockeye",2011,13609,1500,NA,NA,NA,NA,NA,NA,NA,NA,0,628,1431,0,0,149,9543,1758,0,NA,0,100,0,NA,NA,NA,NA,NA,NA,NA,NA,NA,NA,2.20526623047002,1
"7034","Black Lake-Sockeye","Sockeye",1965,1948139,307192,NA,NA,NA,NA,NA,NA,NA,NA,0,0,0,0,0,394,102569,1535857,3332,0,420,80850,201220,496,NA,0,271,22730,0,NA,0,0,NA,1.8471568776252,2
"7035","Black Lake-Sockeye","Sockeye",1966,1303562,383545,NA,NA,NA,NA,NA,NA,NA,NA,0,0,0,0,0,1631,65254,990567,2192,0,377,15248,225659,0,NA,0,27,2607,0,NA,0,0,NA,1.2233988422822,2
"7036","Black Lake-Sockeye","Sockeye",1967,240643,328000,NA,NA,NA,NA,NA,NA,NA,NA,0,0,0,0,0,2727,16157,99356,13957,0,163,6077,100607,0,NA,0,1599,0,0,NA,0,0,NA,-0.309699100945059,2
"7037","Black Lake-Sockeye","Sockeye",1968,1210282,342343,NA,NA,NA,NA,NA,NA,NA,NA,0,0,0,0,0,271,12996,1011407,2336,0,0,4704,174674,0,NA,0,2117,1777,0,NA,0,0,NA,1.26279551084129,2
"7038","Black Lake-Sockeye","Sockeye",1969,477876,366589,NA,NA,NA,NA,NA,NA,NA,NA,0,0,0,0,0,0,13271,301917,1403,0,159,68348,89900,0,NA,0,519,2359,0,NA,0,0,NA,0.265109955111929,2
"7039","Black Lake-Sockeye","Sockeye",1970,446677,536257,NA,NA,NA,NA,NA,NA,NA,NA,0,0,0,0,0,0,18671,208452,4834,0,282,8724,201464,0,NA,0,650,3600,0,NA,0,0,NA,-0.182777785432472,2
"7040","Black Lake-Sockeye","Sockeye",1971,1382628,671668,NA,NA,NA,NA,NA,NA,NA,NA,0,0,0,0,0,614,23659,838897,3770,0,0,70718,442121,108,NA,0,374,2367,0,NA,0,0,NA,0.721977144183432,2
"7041","Black Lake-Sockeye","Sockeye",1972,912946,326320,NA,NA,NA,NA,NA,NA,NA,NA,0,0,0,0,0,0,33146,412670,4280,0,0,16041,443366,1140,NA,0,441,1862,0,NA,0,0,NA,1.02879823816289,2
"7042","Black Lake-Sockeye","Sockeye",1973,1243249,538462.0188,NA,NA,NA,NA,NA,NA,NA,NA,0,0,0,0,0,0,19111,761907,0,0,0,95637,362660,492,NA,0,1155,2287,0,NA,0,0,NA,0.836766430618411,2
"7043","Black Lake-Sockeye","Sockeye",1974,630062,364602.9223,NA,NA,NA,NA,NA,NA,NA,NA,0,0,0,0,0,49,51566,198938,0,0,167,87360,290322,6,NA,0,847,807,0,NA,0,0,NA,0.547009349944312,2
"7044","Black Lake-Sockeye","Sockeye",1975,361222,326563,NA,NA,NA,NA,NA,NA,NA,NA,0,0,0,0,0,0,22504,37916,1163,0,1458,87311,209658,405,NA,0,772,35,0,NA,0,0,NA,0.100869842079635,2
"7045","Black Lake-Sockeye","Sockeye",1976,1242182,553754,NA,NA,NA,NA,NA,NA,NA,NA,0,0,0,0,0,720,23692,1057596,835,0,376,20277,138229,0,NA,0,0,457,0,NA,0,0,NA,0.807904244790439,2
"7046","Black Lake-Sockeye","Sockeye",1977,2181469,364557.2167,NA,NA,NA,NA,NA,NA,NA,NA,0,0,0,0,0,92,79836,1727820,7231,0,6,13001,349895,2670,NA,0,0,918,0,NA,0,0,NA,1.78907026981343,2
"7047","Black Lake-Sockeye","Sockeye",1978,1087180,419731.6671,NA,NA,NA,NA,NA,NA,NA,NA,0,0,0,0,0,408,56426,498425,6580,0,3133,57526,464128,0,NA,0,0,554,0,NA,0,0,NA,0.951726847543949,2
"7048","Black Lake-Sockeye","Sockeye",1979,3347748,491467.4483,NA,NA,NA,NA,NA,NA,NA,NA,0,0,0,0,0,1270,439889,2784427,1335,0,772,57539,61781,325,NA,0,0,410,0,NA,0,0,NA,1.91864745186342,2
"7049","Black Lake-Sockeye","Sockeye",1980,1726619,369580.3608,NA,NA,NA,NA,NA,NA,NA,NA,0,0,108325,0,0,289,86358,655708,1024,0,1777,144088,726425,697,NA,0,1629,299,0,NA,0,0,NA,1.54155223803465,2
"7050","Black Lake-Sockeye","Sockeye",1981,1910700,570209.7109,NA,NA,NA,NA,NA,NA,NA,NA,0,0,3094,0,0,716,161169,934785,3891,0,1444,73945,729684,1202,NA,0,557,213,0,NA,0,0,NA,1.20922073902089,2
"7051","Black Lake-Sockeye","Sockeye",1982,2250486,616117,NA,NA,NA,NA,NA,NA,NA,NA,0,1212,2765,0,0,444,178830,1577372,1939,0,1921,120249,365273,481,NA,0,0,0,0,NA,0,0,NA,1.29546459131075,2
"7052","Black Lake-Sockeye","Sockeye",1983,592496,426177.6558,NA,NA,NA,NA,NA,NA,NA,NA,0,0,20583,213,0,0,75756,230229,339,0,2650,42568,217406,2178,NA,0,0,574,0,NA,0,0,NA,0.329487830201749,2
"7053","Black Lake-Sockeye","Sockeye",1984,714559,597712.782,NA,NA,NA,NA,NA,NA,NA,NA,0,296,1198,0,0,4015,46004,314541,2212,0,2436,42208,298043,745,NA,0,707,2154,0,NA,0,0,NA,0.178555228276305,2
"7054","Black Lake-Sockeye","Sockeye",1985,796950,376578,NA,NA,NA,NA,NA,NA,NA,NA,700,213,433,794,0,523,40205,336100,21636,0,658,54805,329168,1057,NA,0,1404,9254,0,NA,0,0,NA,0.749666744467386,2
"7055","Black Lake-Sockeye","Sockeye",1986,2413019,557771.8391,NA,NA,NA,NA,NA,NA,NA,NA,425,420,5180,15,0,1537,311827,1783119,2652,0,0,60948,227622,5672,NA,15,12166,1421,0,NA,0,0,NA,1.46468395134878,2
"7056","Black Lake-Sockeye","Sockeye",1987,1462800,589299.016,NA,NA,NA,NA,NA,NA,NA,NA,0,1197,1027,779,0,2119,173142,692978,9284,0,991,77196,460925,5859,NA,60,3333,33825,85,NA,0,0,NA,0.909173964210455,2
"7057","Black Lake-Sockeye","Sockeye",1988,1642102,420579.8777,NA,NA,NA,NA,NA,NA,NA,NA,0,0,507,0,0,1876,73541,494877,5587,0,1704,110141,950451,827,NA,210,1946,435,0,NA,0,0,NA,1.36209798721807,2
"7058","Black Lake-Sockeye","Sockeye",1989,1682130,384000.6569,NA,NA,NA,NA,NA,NA,NA,NA,0,60,5718,979,0,6877,195390,1038205,3407,0,2467,138038,269649,2078,NA,0,1041,18159,45,NA,0,17,NA,1.47717186322465,2
"7059","Black Lake-Sockeye","Sockeye",1990,1485840,434550.1559,NA,NA,NA,NA,NA,NA,NA,NA,0,1223,38096,480,0,480,143872,457813,6313,0,5554,186918,633234,3064,NA,0,17,8749,27,NA,0,0,NA,1.22942417623374,2
"7060","Black Lake-Sockeye","Sockeye",1991,1571071,662659.9907,NA,NA,NA,NA,NA,NA,NA,NA,0,1719,2037,1139,0,508,108026,1279480,1109,0,300,40629,131138,641,NA,0,678,3667,0,NA,0,0,NA,0.86325080727697,2
"7061","Black Lake-Sockeye","Sockeye",1992,959175,360680.7056,NA,NA,NA,NA,NA,NA,NA,NA,0,1625,125080,313,0,640,53480,363022,1552,0,2489,71272,324846,0,NA,20,9958,4878,0,NA,0,0,NA,0.978080445052943,2
"7062","Black Lake-Sockeye","Sockeye",1993,941757,364261.197,NA,NA,NA,NA,NA,NA,NA,NA,0,3665,7694,198,0,127,42117,225957,983,0,1431,139814,516162,1172,NA,0,2001,436,0,NA,0,0,NA,0.949876095035747,2
"7063","Black Lake-Sockeye","Sockeye",1994,2041288,769464.8943,NA,NA,NA,NA,NA,NA,NA,NA,0,165,0,0,0,860,103599,1183383,11226,0,1430,222344,517513,617,NA,0,56,95,0,NA,0,0,NA,0.97564092935974,2
"7064","Black Lake-Sockeye","Sockeye",1995,2061129,366496,NA,NA,NA,NA,NA,NA,NA,NA,0,1663,28367,0,0,1496,511526,1399908,7135,0,0,20350,85674,2234,NA,0,0,2776,0,NA,0,0,NA,1.72702156269167,2
"7065","Black Lake-Sockeye","Sockeye",1996,1646122,464747.6207,NA,NA,NA,NA,NA,NA,NA,NA,0,9594,91050,761,0,524,69098,1111890,12284,0,0,11045,335616,801,NA,0,1060,2399,0,NA,0,0,NA,1.26468299050506,2
"7066","Black Lake-Sockeye","Sockeye",1997,781887,396667.9395,NA,NA,NA,NA,NA,NA,NA,NA,0,953,7924,110,0,0,49608,459184,2955,0,676,51638,208648,0,NA,0,191,0,0,NA,0,0,NA,0.678610722569377,2
"7067","Black Lake-Sockeye","Sockeye",1998,886267,410659.1088,NA,NA,NA,NA,NA,NA,NA,NA,0,163,3038,0,0,682,188296,532566,1015,0,4,38305,111141,3659,NA,0,0,7398,0,NA,0,0,NA,0.769254808248872,2
"7068","Black Lake-Sockeye","Sockeye",1999,995314,457423.6073,NA,NA,NA,NA,NA,NA,NA,NA,0,1660,15979,0,0,80,98359,630749,734,0,910,70220,176623,0,NA,0,0,0,0,NA,0,0,NA,0.777448373069946,2
"7069","Black Lake-Sockeye","Sockeye",2000,1581985,536139,NA,NA,NA,NA,NA,NA,NA,NA,0,1030,10185,0,0,244,257222,1101146,8102,0,297,49689,150557,3513,NA,0,0,0,0,NA,0,0,NA,1.08204221080465,2
"7070","Black Lake-Sockeye","Sockeye",2001,875274,744015,NA,NA,NA,NA,NA,NA,NA,NA,0,5364,59606,0,0,0,77174,523867,10669,0,0,31580,164276,2738,NA,0,0,0,0,NA,0,0,NA,0.162475784275587,2
"7071","Black Lake-Sockeye","Sockeye",2002,380223,384088,NA,NA,NA,NA,NA,NA,NA,NA,0,0,6231,1717,0,0,55979,248106,4421,0,0,1416,62353,0,NA,0,0,0,0,NA,0,0,NA,-0.010113770298521,2
"7072","Black Lake-Sockeye","Sockeye",2003,691348,350004,NA,NA,NA,NA,NA,NA,NA,NA,0,4532,58353,0,0,0,90847,416783,235,0,0,17262,103322,0,NA,0,0,14,0,NA,0,0,NA,0.680698731950139,2
"7073","Black Lake-Sockeye","Sockeye",2004,919790,363800,NA,NA,NA,NA,NA,NA,NA,NA,0,13304,51252,1720,0,0,45346,604316,3104,0,0,47109,150794,2845,NA,0,0,0,0,NA,0,0,NA,0.927541117034022,2
"7074","Black Lake-Sockeye","Sockeye",2005,1505933,355091,NA,NA,NA,NA,NA,NA,NA,NA,0,0,17163,0,0,171,94309,834023,0,0,0,11240,525008,0,NA,0,6180,17839,0,NA,0,0,NA,1.44479382400376,2
"7075","Black Lake-Sockeye","Sockeye",2006,3239001,366497,NA,NA,NA,NA,NA,NA,NA,NA,0,1250,14447,0,0,0,184384,2308564,51774,0,361,127622,539542,3659,NA,0,0,7398,0,NA,0,0,NA,2.17902989215422,2
"7076","Black Lake-Sockeye","Sockeye",2007,870603,361091,NA,NA,NA,NA,NA,NA,NA,NA,0,2669,25089,1729,0,0,37792,399491,1498,0,2691,34547,363828,1017,NA,0,0,252,0,NA,0,0,NA,0.880056070882643,2
"7077","Black Lake-Sockeye","Sockeye",2008,2547085,377579,NA,NA,NA,NA,NA,NA,NA,NA,0,0,15023,0,0,0,511577,1936704,5805,0,0,0,75848,0,NA,0,0,2128,0,NA,0,NA,NA,1.90892502869979,2
"7078","Black Lake-Sockeye","Sockeye",2009,404861,391476,NA,NA,NA,NA,NA,NA,NA,NA,0,0,4803,339,0,0,48524,101131,0,0,0,43042,201244,0,NA,0,1717,4061,NA,NA,0,NA,NA,0.0336195874502276,2
"7079","Black Lake-Sockeye","Sockeye",2010,1222204,432535,NA,NA,NA,NA,NA,NA,NA,NA,0,0,0,0,0,0,178577,594126,1053,NA,641,101423,345331,NA,NA,0,1053,NA,NA,NA,NA,NA,NA,1.03874781728905,2
"7080","Coghill-Sockeye","Sockeye",1962,54520,26866,NA,NA,NA,NA,NA,NA,NA,NA,0,NA,NA,0,0,0,17815,34021,NA,0,NA,2195,489,NA,NA,0,0,0,0,NA,NA,NA,NA,0.70770606018751,3
"7081","Coghill-Sockeye","Sockeye",1963,63949,63984,NA,NA,NA,NA,NA,NA,NA,NA,0,NA,NA,0,0,159,4391,53756,NA,0,NA,318,5325,NA,NA,0,0,0,0,NA,NA,NA,NA,-0.000547161418448864,3
"7082","Coghill-Sockeye","Sockeye",1964,163130,22200,NA,NA,NA,NA,NA,NA,NA,NA,0,NA,NA,0,0,0,32538,124343,NA,0,NA,4154,2095,NA,NA,0,0,0,0,NA,NA,NA,NA,1.99445514006998,3
"7083","Coghill-Sockeye","Sockeye",1965,77666,62500,NA,NA,NA,NA,NA,NA,NA,NA,0,NA,NA,0,0,224,25199,48915,NA,0,NA,1634,1694,NA,NA,0,0,0,0,NA,NA,NA,NA,0.217251024427408,3
"7084","Coghill-Sockeye","Sockeye",1966,86158,82500,NA,NA,NA,NA,NA,NA,NA,NA,0,NA,NA,0,0,267,9913,54766,NA,0,NA,303,20909,NA,NA,0,0,0,0,NA,NA,NA,NA,0.0433845266104111,3
"7085","Coghill-Sockeye","Sockeye",1967,153330,33000,NA,NA,NA,NA,NA,NA,NA,NA,0,NA,NA,0,0,0,3751,140137,NA,0,NA,1396,8046,NA,NA,0,0,0,0,NA,NA,NA,NA,1.53608489998182,3
"7086","Coghill-Sockeye","Sockeye",1968,137506,11800,NA,NA,NA,NA,NA,NA,NA,NA,0,NA,NA,0,0,0,22525,108119,NA,0,NA,3219,3643,NA,NA,0,0,0,0,NA,NA,NA,NA,2.4555680210466,3
"7087","Coghill-Sockeye","Sockeye",1969,91748,81000,NA,NA,NA,NA,NA,NA,NA,NA,0,NA,NA,0,0,0,12896,60811,NA,0,NA,7908,10133,NA,NA,0,0,0,0,NA,NA,NA,NA,0.12459653365953,3
"7088","Coghill-Sockeye","Sockeye",1970,220866,35200,NA,NA,NA,NA,NA,NA,NA,NA,0,NA,NA,0,0,0,49280,158164,NA,0,NA,8803,4619,NA,NA,0,0,0,0,NA,NA,NA,NA,1.83651010017676,3
"7089","Coghill-Sockeye","Sockeye",1971,46728,15000,NA,NA,NA,NA,NA,NA,NA,NA,0,NA,NA,0,0,115,5604,32566,NA,0,NA,2782,5661,NA,NA,0,0,0,0,NA,NA,NA,NA,1.1362933556358,3
"7090","Coghill-Sockeye","Sockeye",1972,218568,51000,NA,NA,NA,NA,NA,NA,NA,NA,0,NA,NA,0,0,0,29452,164079,NA,0,NA,6691,18346,NA,NA,0,0,0,0,NA,NA,NA,NA,1.4552715462093,3
"7091","Coghill-Sockeye","Sockeye",1973,233688,55000,NA,NA,NA,NA,NA,NA,NA,NA,0,NA,NA,0,0,0,25454,203097,NA,0,NA,3332,1805,NA,NA,0,0,0,0,NA,NA,NA,NA,1.44665370711209,3
"7092","Coghill-Sockeye","Sockeye",1974,110824,22334,NA,NA,NA,NA,NA,NA,NA,NA,0,NA,NA,0,0,455,21031,76250,NA,0,NA,10499,2589,NA,NA,0,0,0,0,NA,NA,NA,NA,1.60183317633198,3
"7093","Coghill-Sockeye","Sockeye",1975,191527,34855,NA,NA,NA,NA,NA,NA,NA,NA,0,NA,NA,0,0,0,38347,136669,NA,0,NA,7713,8798,NA,NA,0,0,0,0,NA,NA,NA,NA,1.70383219191098,3
"7094","Coghill-Sockeye","Sockeye",1976,173529,9056,NA,NA,NA,NA,NA,NA,NA,NA,0,NA,NA,0,0,90,52433,99913,NA,0,NA,12716,8377,NA,NA,0,0,0,0,NA,NA,NA,NA,2.95291721093265,3
"7095","Coghill-Sockeye","Sockeye",1977,1251046,31562,NA,NA,NA,NA,NA,NA,NA,NA,0,NA,NA,0,0,1980,137082,1108256,NA,0,NA,1772,1956,NA,NA,0,0,0,0,NA,NA,NA,NA,3.67978141504848,3
"7096","Coghill-Sockeye","Sockeye",1978,70302,42284,NA,NA,NA,NA,NA,NA,NA,NA,0,NA,NA,0,0,655,8798,51329,NA,0,NA,2139,7381,NA,NA,0,0,0,0,NA,NA,NA,NA,0.508391484007657,3
"7097","Coghill-Sockeye","Sockeye",1979,150406,48281,NA,NA,NA,NA,NA,NA,NA,NA,0,NA,NA,0,0,270,17439,105297,NA,0,NA,6351,21049,NA,NA,0,0,0,0,NA,NA,NA,NA,1.13630019581185,3
"7098","Coghill-Sockeye","Sockeye",1980,473655,142253,NA,NA,NA,NA,NA,NA,NA,NA,0,NA,NA,0,0,162,37780,344020,NA,0,NA,51571,40122,NA,NA,0,0,0,0,NA,NA,NA,NA,1.20287204616879,3
"7099","Coghill-Sockeye","Sockeye",1981,496237,156112,NA,NA,NA,NA,NA,NA,NA,NA,0,NA,NA,0,0,436,92478,355917,NA,0,NA,14589,32817,NA,NA,0,0,0,0,NA,NA,NA,NA,1.15647993681912,3
"7100","Coghill-Sockeye","Sockeye",1982,612158,180314,NA,NA,NA,NA,NA,NA,NA,NA,0,NA,NA,0,0,154,58604,546985,NA,0,NA,5829,586,NA,NA,0,0,0,0,NA,NA,NA,NA,1.22229064356821,3
"7101","Coghill-Sockeye","Sockeye",1983,106297,38783,NA,NA,NA,NA,NA,NA,NA,NA,0,NA,NA,0,0,71,11755,86810,NA,0,NA,448,7213,NA,NA,0,0,0,0,NA,NA,NA,NA,1.00825505665043,3
"7102","Coghill-Sockeye","Sockeye",1984,203086,63622,NA,NA,NA,NA,NA,NA,NA,NA,0,NA,NA,0,0,1347,64775,133744,NA,0,NA,2112,1108,NA,NA,0,0,0,0,NA,NA,NA,NA,1.16067021216763,3
"7103","Coghill-Sockeye","Sockeye",1985,16596,163342,NA,NA,NA,NA,NA,NA,NA,NA,0,NA,NA,0,0,31,1682,12950,NA,0,NA,1169,764,NA,NA,0,0,0,0,NA,NA,NA,NA,-2.28668445978273,3
"7104","Coghill-Sockeye","Sockeye",1986,26916,74135,NA,NA,NA,NA,NA,NA,NA,NA,0,NA,NA,0,0,34,4371,17266,NA,0,NA,82,5163,NA,NA,0,0,0,0,NA,NA,NA,NA,-1.01316685014392,3
"7105","Coghill-Sockeye","Sockeye",1987,60051,187263,NA,NA,NA,NA,NA,NA,NA,NA,0,NA,NA,0,0,20,2168,53696,NA,0,NA,1418,2749,NA,NA,0,0,0,0,NA,NA,NA,NA,-1.13731984471199,3
"7106","Coghill-Sockeye","Sockeye",1988,50494,72023,NA,NA,NA,NA,NA,NA,NA,NA,0,NA,NA,0,0,20,6913,41717,NA,0,NA,1246,598,NA,NA,0,0,0,0,NA,NA,NA,NA,-0.355130995107551,3
"7107","Coghill-Sockeye","Sockeye",1989,9410,36881,NA,NA,NA,NA,NA,NA,NA,NA,0,NA,NA,0,0,11,2596,4662,NA,0,NA,406,1735,NA,NA,0,0,0,0,NA,NA,NA,NA,-1.36592355969096,3
"7108","Coghill-Sockeye","Sockeye",1990,26127,8250,NA,NA,NA,NA,NA,NA,NA,NA,0,NA,NA,0,0,49,3519,19808,NA,0,NA,1018,1733,NA,NA,0,0,0,0,NA,NA,NA,NA,1.15275606203212,3
"7109","Coghill-Sockeye","Sockeye",1991,153809,9701,NA,NA,NA,NA,NA,NA,NA,NA,0,NA,NA,0,0,106,38575,113543,NA,0,NA,942,643,NA,NA,0,0,0,0,NA,NA,NA,NA,2.76348259993558,3
"7110","Coghill-Sockeye","Sockeye",1992,114126,29642,NA,NA,NA,NA,NA,NA,NA,NA,0,NA,NA,0,0,160,14841,97316,NA,0,NA,321,1488,NA,NA,0,0,0,0,NA,NA,NA,NA,1.34811082666404,3
"7111","Coghill-Sockeye","Sockeye",1993,67465,9232,NA,NA,NA,NA,NA,NA,NA,NA,0,NA,NA,0,0,122,8466,58365,NA,0,NA,230,282,NA,NA,0,0,0,0,NA,NA,NA,NA,1.98893323511701,3
"7112","Coghill-Sockeye","Sockeye",1994,27939,7264,NA,NA,NA,NA,NA,NA,NA,NA,0,NA,NA,0,0,0,2313,9645,NA,0,NA,3999,11982,NA,NA,0,0,0,0,NA,NA,NA,NA,1.34709292090864,3
"7113","Coghill-Sockeye","Sockeye",1995,317508,30382,NA,NA,NA,NA,NA,NA,NA,NA,0,NA,NA,0,0,974,133941,177124,NA,0,NA,2379,3090,NA,NA,0,0,0,0,NA,NA,NA,NA,2.34665268708023,3
"7114","Coghill-Sockeye","Sockeye",1996,133471,38693,NA,NA,NA,NA,NA,NA,NA,NA,0,NA,NA,0,0,244,22428,108519,NA,0,NA,1697,583,NA,NA,0,0,0,0,NA,NA,NA,NA,1.2382255206561,3
"7115","Coghill-Sockeye","Sockeye",1997,44736,35010,NA,NA,NA,NA,NA,NA,NA,NA,0,NA,NA,0,0,4,12566,30255,NA,0,NA,318,1593,NA,NA,0,0,0,0,NA,NA,NA,NA,0.245144811644771,3
"7116","Coghill-Sockeye","Sockeye",1998,89490,27050,NA,NA,NA,NA,NA,NA,NA,NA,0,NA,NA,0,0,154,21013,67785,NA,0,NA,347,191,NA,NA,0,0,0,0,NA,NA,NA,NA,1.19643988190228,3
"7117","Coghill-Sockeye","Sockeye",1999,234805,59311,NA,NA,NA,NA,NA,NA,NA,NA,0,NA,NA,0,0,419,99869,132588,NA,0,NA,1337,592,NA,NA,0,0,0,0,NA,NA,NA,NA,1.37596059617448,3
"7118","Coghill-Sockeye","Sockeye",2000,138406,28446,NA,NA,NA,NA,NA,NA,NA,NA,0,NA,NA,0,0,419,55977,81462,NA,0,NA,126,422,NA,NA,0,0,0,0,NA,NA,NA,NA,1.58218384169699,3
"7119","Coghill-Sockeye","Sockeye",2001,10471,38547,NA,NA,NA,NA,NA,NA,NA,NA,0,NA,NA,0,0,382,1473,4192,NA,0,NA,711,3713,NA,NA,0,0,0,0,NA,NA,NA,NA,-1.30326874466413,3
"7120","Coghill-Sockeye","Sockeye",2002,180332,28323,NA,NA,NA,NA,NA,NA,NA,NA,0,NA,NA,0,0,30,27264,149002,NA,0,NA,1047,2989,NA,NA,0,0,0,0,NA,NA,NA,NA,1.85112540101721,3
"7121","Coghill-Sockeye","Sockeye",2003,100769,75427,NA,NA,NA,NA,NA,NA,NA,NA,0,NA,NA,0,0,281,29262,66271,NA,0,NA,3193,1762,NA,NA,0,0,0,0,NA,NA,NA,NA,0.289665467554104,3
"7122","Coghill-Sockeye","Sockeye",2004,151952,30569,NA,NA,NA,NA,NA,NA,NA,NA,0,NA,NA,0,0,1,45985,105257,NA,0,NA,514,195,NA,NA,0,0,0,0,NA,NA,NA,NA,1.60357825794186,3
"7123","Coghill-Sockeye","Sockeye",2005,29949,30313,NA,NA,NA,NA,NA,NA,NA,NA,0,NA,NA,0,0,508,2810,6835,NA,0,NA,13516,6280,NA,NA,0,0,0,0,NA,NA,NA,NA,-0.0120807283846265,3
"7124","Coghill-Sockeye","Sockeye",2006,166652,23479,NA,NA,NA,NA,NA,NA,NA,NA,0,NA,NA,0,0,2697,37325,122276,NA,0,NA,552,3802,0,NA,0,0,0,0,NA,NA,NA,NA,1.95980140126673,3
"7125","Coghill-Sockeye","Sockeye",2007,658406,70001,NA,NA,NA,NA,NA,NA,NA,NA,0,NA,NA,0,0,3117,104874,535148,9364,0,NA,2851,3052,0,NA,0,0,0,0,NA,NA,NA,NA,2.24131223466095,3
"7126","Coghill-Sockeye","Sockeye",2008,72233,29298,NA,NA,NA,NA,NA,NA,NA,NA,0,NA,NA,0,0,40,30185,40675,449,0,NA,838,46,0,NA,0,0,0,0,NA,NA,NA,NA,0.902377750881312,3
"7127","Copper-Sockeye","Sockeye",1961,1466172,343140.4275,NA,NA,NA,NA,NA,NA,NA,NA,NA,NA,71615,8416,0,NA,179040,1182522,1394,0,1192,8416,13577,0,NA,0,0,0,0,NA,NA,NA,NA,1.45227042862005,4
"7128","Copper-Sockeye","Sockeye",1962,752678,416093.1807,NA,NA,NA,NA,NA,NA,NA,NA,NA,0,47693,0,0,0,102401,560800,2760,0,1402,9730,27892,0,NA,0,0,0,0,NA,NA,NA,NA,0.592728286255114,4
"7129","Copper-Sockeye","Sockeye",1963,620325,271007.3531,NA,NA,NA,NA,NA,NA,NA,NA,0,1402,4236,0,0,2805,97592,491920,1062,0,0,11635,9522,151,NA,0,0,0,0,NA,NA,NA,NA,0.828097580524146,4
"7130","Copper-Sockeye","Sockeye",1964,1187838,233990.1993,NA,NA,NA,NA,NA,NA,NA,NA,0,0,6361,151,0,428,290718,836133,5922,0,0,23028,24854,0,NA,0,0,243,0,NA,NA,NA,NA,1.62461089584062,4
"7131","Copper-Sockeye","Sockeye",1965,1790507,373563.22,NA,NA,NA,NA,NA,NA,NA,NA,0,179,379,0,0,2027,386377,1126848,3233,0,0,25570,242501,1305,NA,0,0,2088,0,NA,NA,NA,NA,1.56716684498239,4
"7132","Copper-Sockeye","Sockeye",1966,1492942,374673.1046,NA,NA,NA,NA,NA,NA,NA,NA,0,0,4184,0,0,999,302159,886578,4029,0,151,14517,280325,0,NA,0,0,0,0,NA,NA,NA,NA,1.38245002409347,4
"7133","Copper-Sockeye","Sockeye",1967,870446,152518.2057,NA,NA,NA,NA,NA,NA,NA,NA,0,151,2323,469,0,1688,97321,707854,0,0,243,8920,51477,0,NA,0,0,0,0,NA,NA,NA,NA,1.74172175340852,4
"7134","Copper-Sockeye","Sockeye",1968,844266,234701.7683,NA,NA,NA,NA,NA,NA,NA,NA,0,459,17573,0,0,3226,145881,592986,2686,0,0,14396,66910,0,NA,0,0,149,0,NA,NA,NA,NA,1.2801519736907,4
"7135","Copper-Sockeye","Sockeye",1969,917046,527822.3726,NA,NA,NA,NA,NA,NA,NA,NA,0,0,25479,314,0,0,101514,638486,757,0,0,43304,107192,0,NA,0,0,0,0,NA,NA,NA,NA,0.552397822999636,4
"7136","Copper-Sockeye","Sockeye",1970,492013,329729.4895,NA,NA,NA,NA,NA,NA,NA,NA,0,0,7081,0,0,9126,83934,346614,1745,0,31,15225,27802,0,NA,0,455,0,0,NA,NA,NA,NA,0.400232549396176,4
"7137","Copper-Sockeye","Sockeye",1971,1095884,585402.0987,NA,NA,NA,NA,NA,NA,NA,NA,0,898,3273,0,0,31,48348,940919,8630,0,0,9694,84091,0,NA,0,0,0,0,NA,NA,NA,NA,0.62701766316912,4
"7138","Copper-Sockeye","Sockeye",1972,1040825,408348.7457,NA,NA,NA,NA,NA,NA,NA,NA,0,1214,12447,0,0,583,140037,843106,1864,0,910,7091,33573,0,NA,0,0,0,0,NA,NA,NA,NA,0.93564736872461,4
"7139","Copper-Sockeye","Sockeye",1973,460408,432244.8939,NA,NA,NA,NA,NA,NA,NA,NA,0,3411,27274,0,0,0,30220,297512,0,0,0,18654,83337,0,NA,0,0,0,0,NA,NA,NA,NA,0.0631207412375406,4
"7140","Copper-Sockeye","Sockeye",1974,660223,209834.4829,NA,NA,NA,NA,NA,NA,NA,NA,0,366,7151,0,0,1100,154196,444442,2671,0,2,18996,29968,0,NA,0,0,1331,0,NA,NA,NA,NA,1.1462586134639,4
"7141","Copper-Sockeye","Sockeye",1975,589226,172586.4332,NA,NA,NA,NA,NA,NA,NA,NA,0,12,10463,0,0,6,69128,413054,0,0,0,29968,66560,0,NA,0,0,35,0,NA,NA,NA,NA,1.22791163823483,4
"7142","Copper-Sockeye","Sockeye",1976,1169831,248496.4691,NA,NA,NA,NA,NA,NA,NA,NA,0,7,5343,0,0,0,173887,899905,1846,0,0,11981,76823,0,NA,0,39,0,0,NA,NA,NA,NA,1.54918593633164,4
"7143","Copper-Sockeye","Sockeye",1977,1878510,357096.425,NA,NA,NA,NA,NA,NA,NA,NA,0,5343,206338,0,0,5343,135784,1354145,1532,0,0,25710,143304,283,NA,0,0,728,0,NA,NA,NA,NA,1.66022834504724,4
"7144","Copper-Sockeye","Sockeye",1978,1405959,234393.7055,NA,NA,NA,NA,NA,NA,NA,NA,0,6656,49390,65,0,2662,359284,815636,2276,476,124,30775,137408,641,NA,0,566,0,0,NA,NA,NA,NA,1.79147270753239,4
"7145","Copper-Sockeye","Sockeye",1979,2083034,507703.1474,NA,NA,NA,NA,NA,NA,NA,NA,0,26734,81259,175,0,9441,345815,1421651,12249,0,189,16455,168672,151,NA,0,0,243,0,NA,NA,NA,NA,1.41168384247493,4
"7146","Copper-Sockeye","Sockeye",1980,1455745,609245.6797,NA,NA,NA,NA,NA,NA,NA,NA,0,5295,17075,1151,0,4712,203240,1040561,3094,0,98,26246,153770,503,NA,0,0,0,0,NA,NA,NA,NA,0.87105147475316,4
"7147","Copper-Sockeye","Sockeye",1981,1123037,779344.0319,NA,NA,NA,NA,NA,NA,NA,NA,0,6639,117797,76,0,4913,156694,726983,3716,0,863,8575,95700,1071,NA,0,0,10,0,NA,NA,NA,NA,0.365339320543853,4
"7148","Copper-Sockeye","Sockeye",1982,1942981,609259.1798,NA,NA,NA,NA,NA,NA,NA,NA,0,54493,130231,1095,0,23962,291308,1357072,7469,0,6,11037,65280,1028,NA,0,0,0,0,NA,NA,NA,NA,1.15973491086716,4
"7149","Copper-Sockeye","Sockeye",1983,962643,689904.8681,NA,NA,NA,NA,NA,NA,NA,NA,300,17169,121698,1508,0,670,113522,531830,2670,73,1021,18037,150925,2033,NA,0,0,1187,0,NA,NA,NA,NA,0.333128910787666,4
"7150","Copper-Sockeye","Sockeye",1984,1665949,837471.7362,NA,NA,NA,NA,NA,NA,NA,NA,6,8932,80753,1028,0,3543,321066,1006314,7744,0,0,19223,217340,0,NA,0,0,0,0,NA,NA,NA,NA,0.68776269470447,4
"7151","Copper-Sockeye","Sockeye",1985,1121383,644071.2164,NA,NA,NA,NA,NA,NA,NA,NA,212,15169,57383,919,0,673,242402,648277,23323,0,1240,64875,65544,1366,NA,0,0,0,0,NA,NA,NA,NA,0.554508719490371,4
"7152","Copper-Sockeye","Sockeye",1986,1943552,512181.0056,NA,NA,NA,NA,NA,NA,NA,NA,0,15359,224059,1208,0,10567,289939,1281684,10015,0,740,6222,102339,899,NA,0,0,521,0,NA,NA,NA,NA,1.33359441666097,4
"7153","Copper-Sockeye","Sockeye",1987,1709543,505998.9939,NA,NA,NA,NA,NA,NA,NA,NA,716,30056,154564,3097,0,7629,237938,1071587,9952,110,1208,24748,167574,364,NA,0,0,0,0,NA,NA,NA,NA,1.21744668137111,4
"7154","Copper-Sockeye","Sockeye",1988,1755011,495779.976,NA,NA,NA,NA,NA,NA,NA,NA,440,8807,88347,2222,0,5299,237265,1326005,10397,0,40,20115,55748,310,NA,0,0,16,0,NA,NA,NA,NA,1.26409817215401,4
"7155","Copper-Sockeye","Sockeye",1989,1982777,581067.3784,NA,NA,NA,NA,NA,NA,NA,NA,1208,25922,240167,3826,0,3124,249419,1326998,3369,212,61,14861,113143,232,NA,0,235,0,0,NA,NA,NA,NA,1.22738694648588,4
"7156","Copper-Sockeye","Sockeye",1990,1657982,619668.0198,NA,NA,NA,NA,NA,NA,NA,NA,160,17479,175260,220,0,4451,210067,1055833,18657,0,742,39091,135826,0,NA,0,196,0,0,NA,NA,NA,NA,0.984172596484678,4
"7157","Copper-Sockeye","Sockeye",1991,2878964,567389.9221,NA,NA,NA,NA,NA,NA,NA,NA,114,21929,93066,1381,0,13767,442706,1970636,10289,0,451,53219,270860,546,NA,0,0,0,0,NA,NA,NA,NA,1.62413902551908,4
"7158","Copper-Sockeye","Sockeye",1992,3102759,558331.0406,NA,NA,NA,NA,NA,NA,NA,NA,567,16628,112348,3290,0,10466,500728,2343242,11528,0,273,26735,76954,0,NA,0,0,0,0,NA,NA,NA,NA,1.7150949454635,4
"7159","Copper-Sockeye","Sockeye",1993,2303628,652721.1081,NA,NA,NA,NA,NA,NA,NA,NA,150,50534,800616,2015,0,2700,296876,1046748,15360,0,21,18922,69082,220,NA,0,384,0,0,NA,NA,NA,NA,1.26109060566239,4
"7160","Copper-Sockeye","Sockeye",1994,1452968,614989.2834,NA,NA,NA,NA,NA,NA,NA,NA,199,58697,112222,4475,0,3411,319291,821282,8778,0,1001,34758,88854,0,NA,0,0,0,0,NA,NA,NA,NA,0.859758797639061,4
"7161","Copper-Sockeye","Sockeye",1995,1638422,528715.4215,NA,NA,NA,NA,NA,NA,NA,NA,116,33037,101474,1851,0,11133,496579,921097,3750,0,0,8943,59721,721,NA,0,0,0,0,NA,NA,NA,NA,1.13103853095769,4
"7162","Copper-Sockeye","Sockeye",1996,1916383,674836.3295,NA,NA,NA,NA,NA,NA,NA,NA,588,26499,65905,980,0,1821,71295,1658603,13585,0,0,7542,68877,688,NA,0,0,0,0,NA,NA,NA,NA,1.04372464751426,4
"7163","Copper-Sockeye","Sockeye",1997,1596773,900332.7069,NA,NA,NA,NA,NA,NA,NA,NA,82,25880,160443,2311,0,3103,103012,1242815,5905,0,0,11073,42149,0,NA,0,0,0,0,NA,NA,NA,NA,0.572975627251686,4
"7164","Copper-Sockeye","Sockeye",1998,1911922,635380.7972,NA,NA,NA,NA,NA,NA,NA,NA,246,5144,56725,626,0,2325,353169,1398049,7381,222,0,13226,74300,509,NA,0,0,0,0,NA,NA,NA,NA,1.10163979801409,4
"7165","Copper-Sockeye","Sockeye",1999,1586662,648887,NA,NA,NA,NA,NA,NA,NA,NA,50,13596,70798,1451,0,6785,263611,979292,5059,0,206,71261,172031,2408,NA,0,0,114,0,NA,NA,NA,NA,0.894129129853648,4
"7166","Copper-Sockeye","Sockeye",2000,2330999,537592,NA,NA,NA,NA,NA,NA,NA,NA,652,18408,97532,925,0,6696,512737,1423413,19728,2374,6,48056,197375,3097,NA,0,0,0,0,NA,NA,NA,NA,1.4669523018894,4
"7167","Copper-Sockeye","Sockeye",2001,2204284,680513,NA,NA,NA,NA,NA,NA,NA,NA,87,9243,131917,704,0,1332,259888,1442331,14045,42,122,57594,286110,869,NA,0,0,0,0,NA,NA,NA,NA,1.17531109308648,4
"7168","Copper-Sockeye","Sockeye",2002,2909184,732389,NA,NA,NA,NA,NA,NA,NA,NA,36,19676,65466,0,0,4419,418202,2261316,13009,0,0,15204,111856,0,NA,0,0,0,0,NA,NA,NA,NA,1.37931611489917,4
"7169","Copper-Sockeye","Sockeye",2003,1292452,653564,NA,NA,NA,NA,NA,NA,NA,NA,537,30731,86543,349,0,5212,143493,785771,5691,301,318,15188,217270,1048,NA,0,0,0,0,NA,NA,NA,NA,0.681856005892727,4
"7170","Copper-Sockeye","Sockeye",2004,1183051,586275,NA,NA,NA,NA,NA,NA,NA,NA,496,4166,15389,232,0,4131,102357,928849,5023,0,0,37256,85152,0,NA,0,0,0,0,NA,NA,NA,NA,0.70206301101006,4
"7171","Copper-Sockeye","Sockeye",2005,1266774,633006.3006,NA,NA,NA,NA,NA,NA,NA,NA,0,5167,43775,66,0,2664,344135,717032,4583,0,116,21270,127111,855,NA,0,0,0,0,NA,NA,NA,NA,0.693748414649367,4
"7172","Copper-Sockeye","Sockeye",2006,2395210,777091,NA,NA,NA,NA,NA,NA,NA,NA,254,3119,19151,0,0,1650,403252,1803809,9989,0,542,47900,104364,1180,NA,0,0,0,0,NA,NA,NA,NA,1.12566872804626,4
"7173","Copper-Sockeye","Sockeye",2007,3025008,786932,NA,NA,NA,NA,NA,NA,NA,NA,286,1999,87686,1539,0,7801,436379,2065222,29942,0,21,104045,290088,0,NA,0,0,0,0,NA,NA,NA,NA,1.34652717447126,4
"7174","Copper-Sockeye","Sockeye",2008,2237922,615240,NA,NA,NA,NA,NA,NA,NA,NA,108,647,66185,721,0,1305,449923,1451188,2632,0,81,83887,181245,0,NA,0,0,0,0,NA,NA,NA,NA,1.29129060013398,4
"7175","Copper-Sockeye","Sockeye",2009,3033238,605329,NA,NA,NA,NA,NA,NA,NA,NA,21,4431,21812,446,0,2886,653048,1897540,11401,222,228,83444,357145,222,NA,0,53,339,0,NA,NA,NA,NA,1.61161386289432,4
"7176","Copper-Sockeye","Sockeye",2010,2697904.5,668184,NA,NA,NA,NA,NA,NA,NA,NA,0,1073,13386,1584,0,2020,724199,1714561,9094,NA,682,75008,156271,NA,NA,0,26.5,NA,0,NA,NA,NA,NA,1.39566705484186,4
"7177","Eshamy-Sockeye","Sockeye",1964,276208.5,68129,NA,NA,NA,NA,NA,NA,NA,NA,NA,NA,0,0,0,NA,148042,3973,0,0,1558,122402,233.5,0,NA,0,NA,0,0,NA,NA,NA,NA,1.39975304844648,5
"7178","Eshamy-Sockeye","Sockeye",1968,84330.75,68048,NA,NA,NA,NA,NA,NA,NA,NA,NA,39,0,0,0,542.75,71619,1151,0,0,0,10979,0,0,NA,0,NA,0,0,NA,NA,NA,NA,0.214533228667884,5
"7179","Eshamy-Sockeye","Sockeye",1969,32435,61196,NA,NA,NA,NA,NA,NA,NA,NA,NA,0,0,0,0,0,17853,1475,0,0,218,12626,263,0,NA,0,NA,0,0,NA,NA,NA,NA,-0.634843741240114,5
"7180","Eshamy-Sockeye","Sockeye",1970,11690,11460,NA,NA,NA,NA,NA,NA,NA,NA,NA,0,0,0,0,902,5290,778,0,0,295,4425,0,0,NA,0,NA,0,0,NA,NA,NA,NA,0.0198710641973835,5
"7181","Eshamy-Sockeye","Sockeye",1971,6667,954,NA,NA,NA,NA,NA,NA,NA,NA,NA,0,0,0,0,0,3122,157,0,0,0,2662,726,0,NA,0,NA,0,0,NA,NA,NA,NA,1.94426159116977,5
"7182","Eshamy-Sockeye","Sockeye",1972,59976,28683,NA,NA,NA,NA,NA,NA,NA,NA,NA,0,0,0,0,778,36054,12445,0,0,274,10324,101,0,NA,0,NA,0,0,NA,NA,NA,NA,0.737639869429342,5
"7183","Eshamy-Sockeye","Sockeye",1973,34411,10202,NA,NA,NA,NA,NA,NA,NA,NA,NA,0,0,0,0,0,32145,201,0,0,0,1862,203,0,NA,0,NA,0,0,NA,NA,NA,NA,1.21579250120577,5
"7184","Eshamy-Sockeye","Sockeye",1974,15946,633,NA,NA,NA,NA,NA,NA,NA,NA,NA,0,0,0,0,223,10265,1656,0,0,50,3752,0,0,NA,0,NA,0,0,NA,NA,NA,NA,3.22649287091826,5
"7185","Eshamy-Sockeye","Sockeye",1975,31355,1724,NA,NA,NA,NA,NA,NA,NA,NA,NA,0,0,0,0,101,27042,0,0,0,0,2566,1646,0,NA,0,NA,0,0,NA,NA,NA,NA,2.90072657175348,5
"7186","Eshamy-Sockeye","Sockeye",1976,178061,19367,NA,NA,NA,NA,NA,NA,NA,NA,NA,0,0,0,0,1149,139991,20872,0,0,0,15670,379,0,NA,0,NA,0,0,NA,NA,NA,NA,2.21855560146863,5
"7187","Eshamy-Sockeye","Sockeye",1977,38453,11746,NA,NA,NA,NA,NA,NA,NA,NA,NA,0,0,0,0,0,27654,8800,0,0,0,1956,43,0,NA,0,NA,0,0,NA,NA,NA,NA,1.18592395921468,5
"7188","Eshamy-Sockeye","Sockeye",1978,36904,12580,NA,NA,NA,NA,NA,NA,NA,NA,NA,0,0,0,0,0,19524,2549,0,0,221,14216,197,0,NA,0,197,0,0,NA,NA,NA,NA,1.07621169498322,5
"7189","Eshamy-Sockeye","Sockeye",1979,39724,12169,NA,NA,NA,NA,NA,NA,NA,NA,NA,0,0,0,0,694,25191,1180,0,0,0,11604,1055,0,NA,0,NA,0,0,NA,NA,NA,NA,1.18306380468645,5
"7190","Eshamy-Sockeye","Sockeye",1980,270623,44263,NA,NA,NA,NA,NA,NA,NA,NA,NA,0,0,0,0,1210,182513,15511,0,0,983,69854,552,0,NA,0,NA,0,0,NA,NA,NA,NA,1.810577594811,5
"7191","Eshamy-Sockeye","Sockeye",1981,31644.5,23048,NA,NA,NA,NA,NA,NA,NA,NA,NA,0,0,0,0,0,18994,3713,0,0,106,8028,803.5,0,NA,0,NA,0,0,NA,NA,NA,NA,0.31698536003581,5
"7192","Eshamy-Sockeye","Sockeye",1984,117484,36121,NA,NA,NA,NA,NA,NA,NA,NA,NA,0,0,0,0,351,106111,3712,0,0,0,7310,0,0,NA,0,NA,0,0,NA,NA,NA,NA,1.17942774044109,5
"7193","Eshamy-Sockeye","Sockeye",1985,58138,26178,NA,NA,NA,NA,NA,NA,NA,NA,NA,224,0,0,0,1121,45000,8692,0,0,0,2840,261,0,NA,0,NA,0,0,NA,NA,NA,NA,0.797900131444716,5
"7194","Eshamy-Sockeye","Sockeye",1986,39946,6949,NA,NA,NA,NA,NA,NA,NA,NA,NA,0,0,0,0,571,31498,1762,0,0,43,6002,70,0,NA,0,NA,0,0,NA,NA,NA,NA,1.74893077771079,5
"7195","Eshamy-Sockeye","Sockeye",1988,93876,31747,NA,NA,NA,NA,NA,NA,NA,NA,NA,130,0,0,0,652,65109,7925,0,0,352,18542,1166,0,NA,0,NA,0,0,NA,NA,NA,NA,1.08417652980551,5
"7196","Eshamy-Sockeye","Sockeye",1989,70390,57106,NA,NA,NA,NA,NA,NA,NA,NA,65,914,0,0,0,562,47102,1554,0,0,0,19814,379,0,NA,0,NA,0,0,NA,NA,NA,NA,0.20914201766936,5
"7197","Eshamy-Sockeye","Sockeye",1990,58447,14191,NA,NA,NA,NA,NA,NA,NA,NA,NA,523,0,0,0,150,52371,2441,0,0,544,2180,238,0,NA,0,NA,0,0,NA,NA,NA,NA,1.41551239982887,5
"7198","Eshamy-Sockeye","Sockeye",1991,23930,45814,NA,NA,NA,NA,NA,NA,NA,NA,NA,0,0,0,0,2176,17961,1549,0,0,190,1887,167,0,NA,0,NA,0,0,NA,NA,NA,NA,-0.649456819346101,5
"7199","Eshamy-Sockeye","Sockeye",1992,24229.5,30627,NA,NA,NA,NA,NA,NA,NA,NA,NA,0,0,0,0,521,15014,889,0,0,377,7226,202.5,0,NA,0,NA,0,0,NA,NA,NA,NA,-0.234311073815203,5
"7200","Eshamy-Sockeye","Sockeye",1993,53536.5,34657,NA,NA,NA,NA,NA,NA,NA,NA,NA,79,0,0,0,715,43244,1219,0,0,2890,4556.5,833,0,NA,0,NA,0,0,NA,NA,NA,NA,0.434863938836064,5
"7201","Eshamy-Sockeye","Sockeye",1995,28338.5,15292,NA,NA,NA,NA,NA,NA,NA,NA,NA,39.5,0,0,0,941,21168,3236,0,0,30,2691,233,0,NA,0,NA,0,0,NA,NA,NA,NA,0.61689148830494,5
"7202","Eshamy-Sockeye","Sockeye",1996,65804,5271,NA,NA,NA,NA,NA,NA,NA,NA,NA,3,0,0,0,726,56272,3366,0,0,666,4030,741,0,NA,0,0,0,0,NA,NA,NA,NA,2.5244605288841,5
"7203","Eshamy-Sockeye","Sockeye",1997,64513,41299,NA,NA,NA,NA,NA,NA,NA,NA,0,0,0,0,0,1236,47070,11054,0,0,68,1937,3148,0,NA,0,0,0,0,NA,NA,NA,NA,0.446028467281988,5
"7204","Eshamy-Sockeye","Sockeye",1999,40521,27057,NA,NA,NA,NA,NA,NA,NA,NA,0,0,0,0,0,245,28345,11208,0,0,0,340,383,0,NA,0,0,0,0,NA,NA,NA,NA,0.403874606395056,5
"7205","Eshamy-Sockeye","Sockeye",2000,51753,22153,NA,NA,NA,NA,NA,NA,NA,NA,0,0,0,0,0,40,19237,31250,0,0,13,833,380,0,NA,0,0,0,0,NA,NA,NA,NA,0.848509473979179,5
"7206","Eshamy-Sockeye","Sockeye",2001,50750,55187,NA,NA,NA,NA,NA,NA,NA,NA,0,0,0,0,0,13,39104,3037,0,0,47,5917,2632,0,NA,0,0,0,0,NA,NA,NA,NA,-0.0838158003785897,5
"7207","Eshamy-Sockeye","Sockeye",2002,62834,40478,NA,NA,NA,NA,NA,NA,NA,NA,0,0,0,0,0,24,51144,7120,0,0,29,4517,0,0,NA,0,0,0,0,NA,NA,NA,NA,0.439737711599231,5
"7208","Eshamy-Sockeye","Sockeye",2003,20147,39845,NA,NA,NA,NA,NA,NA,NA,NA,0,9,0,0,0,17,12398,5042,0,0,79,531,2071,0,NA,0,0,0,0,NA,NA,NA,NA,-0.681941532915939,5
"7209","Eshamy-Sockeye","Sockeye",2004,53472,13443,NA,NA,NA,NA,NA,NA,NA,NA,22,0,0,0,0,109,38566,10207,0,0,0,3830,738,0,NA,0,0,0,0,NA,NA,NA,NA,1.38069962794087,5
"7210","Eshamy-Sockeye","Sockeye",2005,41611,23523,NA,NA,NA,NA,NA,NA,NA,NA,0,0,0,0,0,88,34635,3975,0,0,0,2563,350,0,NA,0,0,0,0,NA,NA,NA,NA,0.570385889473626,5
"7211","Eshamy-Sockeye","Sockeye",2006,62674,42473,NA,NA,NA,NA,NA,NA,NA,NA,0,0,0,0,0,30,22359,1778,0,0,289,37691,527,0,NA,0,0,0,0,NA,NA,NA,NA,0.389078108664072,5
"7212","Fennell-Sockeye","Sockeye",1963,6534,248,NA,NA,NA,NA,NA,NA,NA,NA,0,0,0,0,0,0,6502,32,0,0,0,0,0,0,NA,0,0,0,0,NA,NA,NA,NA,3.27134584599603,6
"7213","Fennell-Sockeye","Sockeye",1964,3637,67,NA,NA,NA,NA,NA,NA,NA,NA,0,0,0,0,0,14,3623,0,0,0,0,0,0,0,NA,0,0,0,0,NA,NA,NA,NA,3.99422182559602,6
"7214","Fennell-Sockeye","Sockeye",1967,15201,294,NA,NA,NA,NA,NA,NA,NA,NA,0,0,0,0,0,0,15201,0,0,0,0,0,0,0,NA,0,0,0,0,NA,NA,NA,NA,3.94553672680534,6
"7215","Fennell-Sockeye","Sockeye",1968,15037,577,NA,NA,NA,NA,NA,NA,NA,NA,0,0,0,0,0,14,14846,169,0,0,0,8,0,0,NA,0,0,0,0,NA,NA,NA,NA,3.26042684301422,6
"7216","Fennell-Sockeye","Sockeye",1969,881,22,NA,NA,NA,NA,NA,NA,NA,NA,0,0,0,0,0,0,881,0,0,0,0,0,0,0,NA,0,0,0,0,NA,NA,NA,NA,3.69001517257786,6
"7217","Fennell-Sockeye","Sockeye",1970,740,5,NA,NA,NA,NA,NA,NA,NA,NA,0,0,0,0,0,0,740,0,0,0,0,0,0,0,NA,0,0,0,0,NA,NA,NA,NA,4.99721227376411,6
"7218","Fennell-Sockeye","Sockeye",1971,16707,306,NA,NA,NA,NA,NA,NA,NA,NA,0,0,0,0,0,263,15407,819,0,0,40,178,0,0,NA,0,0,0,0,NA,NA,NA,NA,3.9999979703054,6
"7219","Fennell-Sockeye","Sockeye",1972,29007,1030,NA,NA,NA,NA,NA,NA,NA,NA,0,0,0,0,0,156,28193,205,0,0,0,453,0,0,NA,0,0,0,0,NA,NA,NA,NA,3.33797837792798,6
"7220","Fennell-Sockeye","Sockeye",1973,1106,83,NA,NA,NA,NA,NA,NA,NA,NA,0,0,0,0,0,0,1106,0,0,0,0,0,0,0,NA,0,0,0,0,NA,NA,NA,NA,2.58966457428568,6
"7221","Fennell-Sockeye","Sockeye",1974,586,70,NA,NA,NA,NA,NA,NA,NA,NA,0,0,0,0,0,0,536,0,0,0,0,50,0,0,NA,0,0,0,0,NA,NA,NA,NA,2.12482454752765,6
"7222","Fennell-Sockeye","Sockeye",1975,62451,2181,NA,NA,NA,NA,NA,NA,NA,NA,0,0,0,0,0,569,58841,2143,0,0,0,898,0,0,NA,0,0,0,0,NA,NA,NA,NA,3.35459876203414,6
"7223","Fennell-Sockeye","Sockeye",1976,22761,2373,NA,NA,NA,NA,NA,NA,NA,NA,0,0,0,0,0,64,20252,1106,0,0,0,1339,0,0,NA,0,0,0,0,NA,NA,NA,NA,2.26089356757042,6
"7224","Fennell-Sockeye","Sockeye",1977,10484,174,NA,NA,NA,NA,NA,NA,NA,NA,0,0,0,0,0,0,7426,1704,0,0,0,1354,0,0,NA,0,0,0,0,NA,NA,NA,NA,4.09855026522877,6
"7225","Fennell-Sockeye","Sockeye",1978,3600,46,NA,NA,NA,NA,NA,NA,NA,NA,0,0,0,0,0,160,2230,0,0,0,0,0,1210,0,NA,0,0,0,0,NA,NA,NA,NA,4.36004772795511,6
"7226","Fennell-Sockeye","Sockeye",1979,18564,8046,NA,NA,NA,NA,NA,NA,NA,NA,0,0,0,0,0,8,9084,5145,0,0,0,4149,178,0,NA,0,0,0,0,NA,NA,NA,NA,0.836049147851333,6
"7227","Fennell-Sockeye","Sockeye",1980,36205,4413,NA,NA,NA,NA,NA,NA,NA,NA,0,0,0,0,0,60,34268,1702,0,0,0,175,0,0,NA,0,0,0,0,NA,NA,NA,NA,2.10464250055337,6
"7228","Fennell-Sockeye","Sockeye",1981,3947,1067,NA,NA,NA,NA,NA,NA,NA,NA,0,0,0,0,0,0,2742,1205,0,0,0,0,0,0,NA,0,0,0,0,NA,NA,NA,NA,1.30810482436109,6
"7229","Fennell-Sockeye","Sockeye",1982,11140,656,NA,NA,NA,NA,NA,NA,NA,NA,0,0,0,0,0,61,9104,1724,0,0,0,251,0,0,NA,0,0,0,0,NA,NA,NA,NA,2.83213672453719,6
"7230","Fennell-Sockeye","Sockeye",1983,39122,2596,NA,NA,NA,NA,NA,NA,NA,NA,0,0,0,0,0,124,35855,2395,0,0,0,748,0,0,NA,0,0,0,0,NA,NA,NA,NA,2.71271316976232,6
"7231","Fennell-Sockeye","Sockeye",1984,49644,6291,NA,NA,NA,NA,NA,NA,NA,NA,0,0,0,0,0,361,42781,4283,0,0,0,2017,202,0,NA,0,0,0,0,NA,NA,NA,NA,2.06575749667938,6
"7232","Fennell-Sockeye","Sockeye",1985,34171,696,NA,NA,NA,NA,NA,NA,NA,NA,0,0,0,0,0,5,23647,8179,0,0,0,1988,352,0,NA,0,0,0,0,NA,NA,NA,NA,3.89378294978421,6
"7233","Fennell-Sockeye","Sockeye",1986,35411,3323,NA,NA,NA,NA,NA,NA,NA,NA,0,0,0,0,0,115,33093,1113,0,0,0,1090,0,0,NA,0,0,0,0,NA,NA,NA,NA,2.36615451696259,6
"7234","Fennell-Sockeye","Sockeye",1987,78650,9212,NA,NA,NA,NA,NA,NA,NA,NA,0,0,0,0,0,36,65946,10502,0,0,0,2166,0,0,NA,0,0,0,0,NA,NA,NA,NA,2.14450064754585,6
"7235","Fennell-Sockeye","Sockeye",1988,50650,13209,NA,NA,NA,NA,NA,NA,NA,NA,0,0,0,0,0,0,43984,4663,0,0,0,2003,0,0,NA,0,0,0,0,NA,NA,NA,NA,1.34404081525297,6
"7236","Fennell-Sockeye","Sockeye",1989,19804,2813,NA,NA,NA,NA,NA,NA,NA,NA,0,0,0,0,0,104,13765,5689,0,0,0,246,0,0,NA,0,0,0,0,NA,NA,NA,NA,1.95163240799146,6
"7237","Fennell-Sockeye","Sockeye",1990,22995,6702,NA,NA,NA,NA,NA,NA,NA,NA,0,0,0,0,0,0,14471,7886,0,0,0,446,192,0,NA,0,0,0,0,NA,NA,NA,NA,1.23287081167677,6
"7238","Fennell-Sockeye","Sockeye",1991,14854,11945,NA,NA,NA,NA,NA,NA,NA,NA,0,0,0,0,0,0,10613,771,0,0,6,3464,0,0,NA,0,0,0,0,NA,NA,NA,NA,0.217956408469332,6
"7239","Fennell-Sockeye","Sockeye",1992,50629,6103,NA,NA,NA,NA,NA,NA,NA,NA,0,0,0,0,0,9,42702,7561,0,0,0,357,0,0,NA,0,0,0,0,NA,NA,NA,NA,2.11574408108871,6
"7240","Fennell-Sockeye","Sockeye",1993,43315,5030,NA,NA,NA,NA,NA,NA,NA,NA,0,0,0,0,0,52,28621,13201,0,0,0,782,659,0,NA,0,0,0,0,NA,NA,NA,NA,2.15307901123046,6
"7241","Fennell-Sockeye","Sockeye",1994,14061,3515,NA,NA,NA,NA,NA,NA,NA,NA,0,0,0,0,0,0,4865,8122,0,0,0,878,196,0,NA,0,0,0,0,NA,NA,NA,NA,1.38636548234605,6
"7242","Fennell-Sockeye","Sockeye",1995,37010,5988,NA,NA,NA,NA,NA,NA,NA,NA,0,0,0,0,0,0,31391,5357,0,0,0,262,0,0,NA,0,0,0,0,NA,NA,NA,NA,1.82143067984068,6
"7243","Fennell-Sockeye","Sockeye",1996,13827,15409,NA,NA,NA,NA,NA,NA,NA,NA,0,0,0,0,0,0,9409,3534,0,0,0,884,0,0,NA,0,0,0,0,NA,NA,NA,NA,-0.108328551893235,6
"7244","Fennell-Sockeye","Sockeye",1997,6261,4379,NA,NA,NA,NA,NA,NA,NA,NA,0,0,0,0,0,17,3670,2475,0,0,0,99,0,0,NA,0,0,0,0,NA,NA,NA,NA,0.357519528943912,6
"7245","Fennell-Sockeye","Sockeye",1998,13140,4972,NA,NA,NA,NA,NA,NA,NA,NA,0,0,0,0,0,25,9255,3860,0,0,0,0,0,0,NA,0,0,0,0,NA,NA,NA,NA,0.971838839408,6
"7246","Fennell-Sockeye","Sockeye",1999,43525,3341,NA,NA,NA,NA,NA,NA,NA,NA,0,0,0,0,0,0,30308,12588,0,0,0,629,0,0,NA,0,0,0,0,NA,NA,NA,NA,2.56706532227963,6
"7247","Fennell-Sockeye","Sockeye",2000,60597,4796,NA,NA,NA,NA,NA,NA,NA,NA,0,0,0,0,0,239,56019,3934,0,0,0,405,0,0,NA,0,0,0,0,NA,NA,NA,NA,2.5364631497341,6
"7248","Fennell-Sockeye","Sockeye",2002,76212,4936,NA,NA,NA,NA,NA,NA,NA,NA,0,NA,NA,0,0,46,66869,9039,NA,0,NA,258,NA,0,NA,0,0,0,0,NA,NA,NA,NA,2.73696364400575,6
"7249","Fennell-Sockeye","Sockeye",2003,13693,5317,NA,NA,NA,NA,NA,NA,NA,NA,0,NA,NA,0,0,NA,10416,2932,NA,0,NA,345,NA,0,NA,0,0,0,0,NA,NA,NA,NA,0.945975518827895,6
"7250","Fennell-Sockeye","Sockeye",2004,7677,1594,NA,NA,NA,NA,NA,NA,NA,NA,0,NA,NA,0,0,6,6985,671,NA,0,NA,15,NA,0,NA,0,0,0,0,NA,NA,NA,NA,1.57198226547774,6
"7251","Fennell-Sockeye","Sockeye",2005,2785,2817,NA,NA,NA,NA,NA,NA,NA,NA,NA,NA,0,0,0,NA,906,626,0,0,NA,1253,0,0,NA,0,0,0,0,NA,NA,NA,NA,-0.0114246155149882,6
"7252","Fennell-Sockeye","Sockeye",2006,31124,8278,NA,NA,NA,NA,NA,NA,NA,NA,NA,0,0,0,0,0,18951,11746,0,0,NA,427,0,0,NA,0,0,0,0,NA,NA,NA,NA,1.32437783242814,6
"7253","Fennell-Sockeye","Sockeye",2007,6202,6900,NA,NA,NA,NA,NA,NA,NA,NA,NA,0,0,0,0,0,4841,379,0,0,0,758,224,0,NA,0,0,0,0,NA,NA,NA,NA,-0.106649590924956,6
"7254","Fennell-Sockeye","Sockeye",2008,8578,210,NA,NA,NA,NA,NA,NA,NA,NA,NA,0,0,0,0,0,7872,706,0,0,0,0,0,0,NA,0,0,0,0,NA,NA,NA,NA,3.70984853435936,6
"7255","Fennell-Sockeye","Sockeye",2009,8626,715,NA,NA,NA,NA,NA,NA,NA,NA,NA,0,0,0,0,0,6744,1855,0,0,0,0,27,0,NA,0,0,0,0,NA,NA,NA,NA,2.49025363451378,6
"7256","Fennell-Sockeye","Sockeye",2010,27500,5564,NA,NA,NA,NA,NA,NA,NA,NA,NA,0,0,0,0,42,25746,1657,NA,0,0,55,NA,0,NA,0,0,0,0,NA,NA,NA,NA,1.59786873061133,6
"7257","Fennell-Sockeye","Sockeye",2011,1903,4498,NA,NA,NA,NA,NA,NA,NA,NA,NA,0,0,0,0,16,1325,562,NA,0,0,0,NA,0,NA,0,0,0,0,NA,NA,NA,NA,-0.860201265223111,6
"7258","Frazer-Sockeye","Sockeye",1966,39908,16456,NA,NA,NA,NA,NA,NA,NA,NA,0,0,0,0,0,0,11819,7580,0,0,1732,16149,2628,0,NA,0,0,0,0,0,0,NA,NA,0.885886652700605,7
"7259","Frazer-Sockeye","Sockeye",1967,95199,21834,NA,NA,NA,NA,NA,NA,NA,NA,0,0,0,0,0,1117,38626,38394,0,0,395,11553,5114,0,NA,0,0,0,0,0,0,NA,NA,1.47250104968239,7
"7260","Frazer-Sockeye","Sockeye",1968,57908,16738,NA,NA,NA,NA,NA,NA,NA,NA,0,0,0,0,0,461,15565,15228,0,0,899,14998,10757,0,NA,0,0,0,0,0,0,NA,NA,1.24117396068111,7
"7261","Frazer-Sockeye","Sockeye",1969,65980,14041,NA,NA,NA,NA,NA,NA,NA,NA,0,0,0,0,0,138,14653,9305,0,0,5229,30136,6007,0,NA,0,0,512,0,0,0,NA,NA,1.54737004466793,7
"7262","Frazer-Sockeye","Sockeye",1970,104002,24039,NA,NA,NA,NA,NA,NA,NA,NA,0,0,0,0,0,2241,17672,1687,0,0,16989,51299,9350,0,NA,0,3074,1690,0,0,0,NA,NA,1.46473261826165,7
"7263","Frazer-Sockeye","Sockeye",1971,121416,55366,NA,NA,NA,NA,NA,NA,NA,NA,0,0,0,0,0,512,1417,768,0,0,6344,92225,20150,0,NA,0,0,0,0,0,0,NA,NA,0.785256978718291,7
"7264","Frazer-Sockeye","Sockeye",1972,194063,66419,NA,NA,NA,NA,NA,NA,NA,NA,0,0,0,0,0,742,10887,8032,0,0,11015,91876,71167,0,NA,0,344,0,0,0,0,NA,NA,1.07219968848486,7
"7265","Frazer-Sockeye","Sockeye",1973,61411,56255,NA,NA,NA,NA,NA,NA,NA,NA,0,0,0,0,0,256,2677,4824,0,0,5636,31706,15968,0,NA,344,0,0,0,0,0,NA,NA,0.0876940461785249,7
"7266","Frazer-Sockeye","Sockeye",1974,209021,82609,NA,NA,NA,NA,NA,NA,NA,NA,0,0,0,0,0,10850,53590,28713,460,0,9305,75084,30406,0,NA,153,460,0,0,0,0,NA,NA,0.928316091956966,7
"7267","Frazer-Sockeye","Sockeye",1975,299627,64199,NA,NA,NA,NA,NA,NA,NA,NA,0,0,0,0,0,1033,22571,20731,0,0,8905,173687,72700,0,NA,0,0,0,0,0,0,NA,NA,1.54055073349208,7
"7268","Frazer-Sockeye","Sockeye",1976,709420,119321,NA,NA,NA,NA,NA,NA,NA,NA,0,0,0,0,0,2149,223443,73676,0,0,8753,257624,143383,0,NA,0,0,392,0,0,0,NA,NA,1.78263039434503,7
"7269","Frazer-Sockeye","Sockeye",1977,425463,139548,NA,NA,NA,NA,NA,NA,NA,NA,0,0,0,0,0,2764,73188,92211,0,0,2927,107917,146064,0,NA,0,392,0,0,0,0,NA,NA,1.11476935961185,7
"7270","Frazer-Sockeye","Sockeye",1978,235038,141981,NA,NA,NA,NA,NA,NA,NA,NA,0,0,0,0,0,7806,162129,24147,0,0,506,22969,16844,0,NA,0,0,637,0,0,0,NA,NA,0.504053957367475,7
"7271","Frazer-Sockeye","Sockeye",1979,59102,126742,NA,NA,NA,NA,NA,NA,NA,NA,0,0,0,0,0,506,1374,2964,0,0,981,24323,26790,0,NA,0,0,2164,0,0,0,NA,NA,-0.762888759321555,7
"7272","Frazer-Sockeye","Sockeye",1980,761260,405535,NA,NA,NA,NA,NA,NA,NA,NA,0,0,0,0,0,0,6063,7654,0,0,16305,589392,141065,45,NA,0,684,52,0,0,0,NA,NA,0.629767772202539,7
"7273","Frazer-Sockeye","Sockeye",1981,29466,377716,NA,NA,NA,NA,NA,NA,NA,NA,0,0,0,0,0,875,12119,2454,172,0,0,7747,5238,0,NA,0,0,861,0,0,0,NA,NA,-2.55090553419871,7
"7274","Frazer-Sockeye","Sockeye",1982,80167,430423,NA,NA,NA,NA,NA,NA,NA,NA,0,0,0,0,0,1275,23647,28623,753,0,430,3734,10869,0,NA,24,10812,0,0,0,0,NA,NA,-1.68065648720827,7
"7275","Frazer-Sockeye","Sockeye",1983,1038090,158340,NA,NA,NA,NA,NA,NA,NA,NA,0,0,26,0,0,9,8934,13438,0,0,9729,380531,586833,0,NA,1604,0,36986,0,0,0,NA,NA,1.88039314542618,7
"7276","Frazer-Sockeye","Sockeye",1984,503853,53524,NA,NA,NA,NA,NA,NA,NA,NA,0,0,0,0,0,1000,5770,7437,0,0,33627,386832,67141,0,NA,0,2046,0,0,0,0,NA,NA,2.24215440741896,7
"7277","Frazer-Sockeye","Sockeye",1985,160409,485835,NA,NA,NA,NA,NA,NA,NA,NA,0,0,0,0,0,191,16502,49289,0,0,4399,53978,22578,1595,NA,151,9032,2694,0,0,0,NA,NA,-1.10814225649838,7
"7278","Frazer-Sockeye","Sockeye",1986,2227028,126529,NA,NA,NA,NA,NA,NA,NA,NA,0,1393,0,0,0,67475,727658,230893,0,0,40793,972290,168815,0,NA,0,9128,8583,0,0,0,NA,NA,2.86795170924055,7
"7279","Frazer-Sockeye","Sockeye",1987,385697,40544,NA,NA,NA,NA,NA,NA,NA,NA,0,0,1851,0,0,1787,3019,3902,0,0,26596,187580,159822,156,NA,0,103,881,0,0,0,NA,NA,2.25266428297935,7
"7280","Frazer-Sockeye","Sockeye",1988,364648,246704,NA,NA,NA,NA,NA,NA,NA,NA,0,0,0,0,0,1886,21072,30095,0,0,7793,210585,64565,16,NA,132,20510,7994,0,0,0,NA,NA,0.390743267274837,7
"7281","Frazer-Sockeye","Sockeye",1989,1375540,360373,NA,NA,NA,NA,NA,NA,NA,NA,0,0,208,0,0,16191,327928,153078,0,0,12846,373277,300182,0,NA,5751,145325,40754,0,0,0,NA,NA,1.3394620541076,7
"7282","Frazer-Sockeye","Sockeye",1990,704000,226707,NA,NA,NA,NA,NA,NA,NA,NA,0,0,0,0,0,1096,18217,33393,0,0,12986,400750,210744,455,NA,1678,15341,9340,0,0,0,NA,NA,1.13311992130918,7
"7283","Frazer-Sockeye","Sockeye",1991,498969,190358,NA,NA,NA,NA,NA,NA,NA,NA,0,0,0,0,0,620,2031,1728,0,0,57463,330834,105361,0,NA,302,630,0,0,0,0,NA,NA,0.963637459784423,7
"7284","Frazer-Sockeye","Sockeye",1992,551818,185825,NA,NA,NA,NA,NA,NA,NA,NA,0,0,0,0,0,3545,20513,27471,0,0,78168,211959,185147,0,NA,4666,18140,2209,0,0,0,NA,NA,1.08841291115447,7
"7285","Frazer-Sockeye","Sockeye",1993,497342,178391,NA,NA,NA,NA,NA,NA,NA,NA,0,0,45,0,0,2529,12677,56177,0,0,41759,291217,64155,256,NA,4830,17867,5830,0,0,0,NA,NA,1.02530014777437,7
"7286","Frazer-Sockeye","Sockeye",1994,305308,206071,NA,NA,NA,NA,NA,NA,NA,NA,0,0,0,0,0,2056,23033,39741,0,0,17688,112849,77546,187,NA,1048,15427,15733,0,0,0,NA,NA,0.393100333529477,7
"7287","Frazer-Sockeye","Sockeye",1995,609327,196323,NA,NA,NA,NA,NA,NA,NA,NA,0,0,0,0,0,10106,59574,77223,0,0,39574,152287,251356,878,NA,1251,11284,5794,0,0,0,NA,NA,1.13259380739944,7
"7288","Frazer-Sockeye","Sockeye",1996,255255,198695,NA,NA,NA,NA,NA,NA,NA,NA,0,0,0,0,0,20062,41983,81667,1670,0,22276,32786,54174,211,NA,26,108,200,0,92,0,NA,NA,0.250492059813507,7
"7289","Frazer-Sockeye","Sockeye",1997,59582,205264,NA,NA,NA,NA,NA,NA,NA,NA,0,0,0,0,0,626,8327,10461,832,0,1639,15598,19672,0,NA,176,2251,0,0,0,0,NA,NA,-1.23694344047374,7
"7290","Frazer-Sockeye","Sockeye",1998,358368,233755,NA,NA,NA,NA,NA,NA,NA,NA,0,0,0,0,0,367,1450,14884,0,0,18942,128296,58314,362,NA,12803,89183,33767,0,0,0,NA,NA,0.427286833085926,7
"7291","Frazer-Sockeye","Sockeye",1999,837895,216565,NA,NA,NA,NA,NA,NA,NA,NA,0,0,0,0,0,879,3754,78,0,0,104150,484554,239960,648,NA,0,1296,2576,0,0,0,NA,NA,1.3530020609731,7
"7292","Frazer-Sockeye","Sockeye",2000,513223,158044,NA,NA,NA,NA,NA,NA,NA,NA,0,0,0,0,0,26856,69457,218891,720,0,10096,105836,79630,678,NA,0,435,308,0,0,316,NA,NA,1.17783697330179,7
"7293","Frazer-Sockeye","Sockeye",2001,179884,154349,NA,NA,NA,NA,NA,NA,NA,NA,0,0,0,0,0,565,21562,7110,145,0,2507,5096,14177,774,NA,8507,38039,80473,0,223,706,NA,NA,0.153095926556995,7
"7294","Frazer-Sockeye","Sockeye",2002,172132,85317,NA,NA,NA,NA,NA,NA,NA,NA,0,0,0,0,0,1675,6800,6216,0,0,5172,34309,44275,415,NA,8528,35649,29093,0,0,0,NA,NA,0.701887893100054,7
"7295","Frazer-Sockeye","Sockeye",2003,358435,201679,NA,NA,NA,NA,NA,NA,NA,NA,0,0,0,0,0,1200,9899,16347,0,0,44358,169365,81122,184,NA,3429,31296,1235,0,0,0,NA,NA,0.575070008065204,7
"7296","Frazer-Sockeye","Sockeye",2004,493234,120664,NA,NA,NA,NA,NA,NA,NA,NA,0,0,0,0,0,11273,147144,91013,297,0,19605,197566,25918,175,NA,0,243,0,0,0,0,NA,NA,1.40797388299884,7
"7297","Frazer-Sockeye","Sockeye",2005,172376,136948,NA,NA,NA,NA,NA,NA,NA,NA,0,0,0,0,0,2318,34034,43135,435,0,8824,36814,36735,338,NA,5934,3222,499,0,88,0,NA,NA,0.230076845669508,7
"7298","Frazer-Sockeye","Sockeye",2006,419569,89516,NA,NA,NA,NA,NA,NA,NA,NA,0,0,245,0,0,107,6723,21538,0,0,40387,217026,116934,686,NA,7498,5776,2649,0,0,0,NA,NA,1.54481061365438,7
"7299","Frazer-Sockeye","Sockeye",2007,366046,120186,NA,NA,NA,NA,NA,NA,NA,NA,0,0,660,0,0,3792,13301,21050,0,0,67117,171110,87986,454,NA,0,576,0,0,0,0,NA,NA,1.11371846579213,7
"7300","Frazer-Sockeye","Sockeye",2008,254560,105363,NA,NA,NA,NA,NA,NA,NA,NA,0,0,0,0,0,4622,45644,48444,151,0,10102,100679,44642,0,NA,0,0,276,0,0,0,NA,NA,0.882125033755722,7
"7301","Frazer-Sockeye","Sockeye",2009,557797,101845,NA,NA,NA,NA,NA,NA,NA,NA,0,495,0,0,0,92,10784,16451,0,0,17550,322751,174311,107,NA,859,12255,2142,0,0,0,NA,NA,1.70054304724104,7
"7302","Washington-Sockeye","Sockeye",1968,247106,252000,NA,NA,NA,NA,NA,NA,NA,NA,NA,NA,NA,NA,NA,15387,216201,15518,NA,NA,NA,NA,NA,NA,NA,NA,NA,NA,NA,NA,NA,NA,NA,-0.0196116931443127,8
"7303","Washington-Sockeye","Sockeye",1969,367129,2e+05,NA,NA,NA,NA,NA,NA,NA,NA,NA,NA,NA,NA,NA,11944,350722,4463,NA,NA,NA,NA,NA,NA,NA,NA,NA,NA,NA,NA,NA,NA,NA,0.607395918382962,8
"7304","Washington-Sockeye","Sockeye",1970,206223,124000,NA,NA,NA,NA,NA,NA,NA,NA,NA,NA,NA,NA,NA,18829,170961,16433,NA,NA,NA,NA,NA,NA,NA,NA,NA,NA,NA,NA,NA,NA,NA,0.508676541949502,8
"7305","Washington-Sockeye","Sockeye",1971,170898,183000,NA,NA,NA,NA,NA,NA,NA,NA,NA,NA,NA,NA,NA,9019,144347,17532,NA,NA,NA,NA,NA,NA,NA,NA,NA,NA,NA,NA,NA,NA,NA,-0.0684192655384997,8
"7306","Washington-Sockeye","Sockeye",1972,187291,249000,NA,NA,NA,NA,NA,NA,NA,NA,NA,NA,NA,NA,NA,8640,176340,2311,NA,NA,NA,NA,NA,NA,NA,NA,NA,NA,NA,NA,NA,NA,NA,-0.284789339423835,8
"7307","Washington-Sockeye","Sockeye",1973,432539,330000,NA,NA,NA,NA,NA,NA,NA,NA,NA,NA,NA,NA,NA,22575,406573,3391,NA,NA,NA,NA,NA,NA,NA,NA,NA,NA,NA,NA,NA,NA,NA,0.270579841256435,8
"7308","Washington-Sockeye","Sockeye",1974,279905,126000,NA,NA,NA,NA,NA,NA,NA,NA,NA,NA,NA,NA,NA,11475,263672,4758,NA,NA,NA,NA,NA,NA,NA,NA,NA,NA,NA,NA,NA,NA,NA,0.798168352933066,8
"7309","Washington-Sockeye","Sockeye",1975,226250,120000,NA,NA,NA,NA,NA,NA,NA,NA,NA,NA,NA,NA,NA,2072,202487,21691,NA,NA,NA,NA,NA,NA,NA,NA,NA,NA,NA,NA,NA,NA,NA,0.63414883979799,8
"7310","Washington-Sockeye","Sockeye",1976,576465,160231,NA,NA,NA,NA,NA,NA,NA,NA,NA,NA,NA,NA,NA,26010,476220,74235,NA,NA,NA,NA,NA,NA,NA,NA,NA,NA,NA,NA,NA,NA,NA,1.28029810264908,8
"7311","Washington-Sockeye","Sockeye",1977,121922,446816,NA,NA,NA,NA,NA,NA,NA,NA,NA,NA,NA,NA,NA,1849,115926,4147,NA,NA,NA,NA,NA,NA,NA,NA,NA,NA,NA,NA,NA,NA,NA,-1.29876538075652,8
"7312","Washington-Sockeye","Sockeye",1978,496160,305068,NA,NA,NA,NA,NA,NA,NA,NA,NA,NA,NA,NA,NA,8648,356275,131237,NA,NA,NA,NA,NA,NA,NA,NA,NA,NA,NA,NA,NA,NA,NA,0.486363752774896,8
"7313","Washington-Sockeye","Sockeye",1979,338918,219017,NA,NA,NA,NA,NA,NA,NA,NA,NA,NA,NA,NA,NA,9887,254769,74262,NA,NA,NA,NA,NA,NA,NA,NA,NA,NA,NA,NA,NA,NA,NA,0.436608837840679,8
"7314","Washington-Sockeye","Sockeye",1980,441222,371662,NA,NA,NA,NA,NA,NA,NA,NA,NA,NA,NA,NA,NA,5163,373920,62139,NA,NA,NA,NA,NA,NA,NA,NA,NA,NA,NA,NA,NA,NA,NA,0.171563311049962,8
"7315","Washington-Sockeye","Sockeye",1981,259032,111203,NA,NA,NA,NA,NA,NA,NA,NA,NA,NA,NA,NA,NA,1890,214031,43111,NA,NA,NA,NA,NA,NA,NA,NA,NA,NA,NA,NA,NA,NA,NA,0.845594246321318,8
"7316","Washington-Sockeye","Sockeye",1982,272806,289771,NA,NA,NA,NA,NA,NA,NA,NA,NA,NA,NA,NA,NA,7313,200616,64877,NA,NA,NA,NA,NA,NA,NA,NA,NA,NA,NA,NA,NA,NA,NA,-0.0603300360038948,8
"7317","Washington-Sockeye","Sockeye",1983,182412,229671,NA,NA,NA,NA,NA,NA,NA,NA,NA,NA,NA,NA,NA,3185,123493,55734,NA,NA,NA,NA,NA,NA,NA,NA,NA,NA,NA,NA,NA,NA,NA,-0.230379985142197,8
"7318","Washington-Sockeye","Sockeye",1984,680509,372525,NA,NA,NA,NA,NA,NA,NA,NA,NA,NA,NA,NA,NA,3668,551748,125093,NA,NA,NA,NA,NA,NA,NA,NA,NA,NA,NA,NA,NA,NA,NA,0.602536897911974,8
"7319","Washington-Sockeye","Sockeye",1985,109167,253135,NA,NA,NA,NA,NA,NA,NA,NA,NA,NA,NA,NA,NA,973,70027,38167,NA,NA,NA,NA,NA,NA,NA,NA,NA,NA,NA,NA,NA,NA,NA,-0.841044123415645,8
"7320","Washington-Sockeye","Sockeye",1986,100119,251061,NA,NA,NA,NA,NA,NA,NA,NA,NA,NA,NA,NA,NA,704,83475,15940,NA,NA,NA,NA,NA,NA,NA,NA,NA,NA,NA,NA,NA,NA,NA,-0.919336458994426,8
"7321","Washington-Sockeye","Sockeye",1987,159552,204699,NA,NA,NA,NA,NA,NA,NA,NA,NA,NA,NA,NA,NA,1649,68985,88918,NA,NA,NA,NA,NA,NA,NA,NA,NA,NA,NA,NA,NA,NA,NA,-0.249170719556368,8
"7322","Washington-Sockeye","Sockeye",1988,173392,377577,NA,NA,NA,NA,NA,NA,NA,NA,NA,NA,NA,NA,NA,1438,152131,19823,NA,NA,NA,NA,NA,NA,NA,NA,NA,NA,NA,NA,NA,NA,NA,-0.778219594218606,8
"7323","Washington-Sockeye","Sockeye",1989,116037,166548,NA,NA,NA,NA,NA,NA,NA,NA,NA,NA,NA,NA,NA,241,101739,14057,NA,NA,NA,NA,NA,NA,NA,NA,NA,NA,NA,NA,NA,NA,NA,-0.361374450396783,8
"7324","Washington-Sockeye","Sockeye",1990,153260,94218,NA,NA,NA,NA,NA,NA,NA,NA,NA,NA,NA,NA,NA,304,150287,2669,NA,NA,NA,NA,NA,NA,NA,NA,NA,NA,NA,NA,NA,NA,NA,0.486524579411387,8
"7325","Washington-Sockeye","Sockeye",1991,141077,89432,NA,NA,NA,NA,NA,NA,NA,NA,NA,NA,NA,NA,NA,230,28346,112501,NA,NA,NA,NA,NA,NA,NA,NA,NA,NA,NA,NA,NA,NA,NA,0.455827280642971,8
"7326","Washington-Sockeye","Sockeye",1992,409277,161567,NA,NA,NA,NA,NA,NA,NA,NA,NA,NA,NA,NA,NA,1246,376635,31396,NA,NA,NA,NA,NA,NA,NA,NA,NA,NA,NA,NA,NA,NA,NA,0.929472271105418,8
"7327","Washington-Sockeye","Sockeye",1993,97266,98917,NA,NA,NA,NA,NA,NA,NA,NA,NA,NA,NA,NA,NA,0,67048,30218,NA,NA,NA,NA,NA,NA,NA,NA,NA,NA,NA,NA,NA,NA,NA,-0.0168316212684313,8
"7328","Washington-Sockeye","Sockeye",1994,52917,163639,NA,NA,NA,NA,NA,NA,NA,NA,NA,NA,NA,NA,NA,376,31829,20712,NA,NA,NA,NA,NA,NA,NA,NA,NA,NA,NA,NA,NA,NA,NA,-1.12893813376976,8
"7329","Washington-Sockeye","Sockeye",1995,40190,29091,NA,NA,NA,NA,NA,NA,NA,NA,NA,NA,NA,NA,NA,0,5282,34908,NA,NA,NA,NA,NA,NA,NA,NA,NA,NA,NA,NA,NA,NA,NA,0.323189360470591,8
"7330","Washington-Sockeye","Sockeye",1996,267625,313602,NA,NA,NA,NA,NA,NA,NA,NA,NA,NA,NA,NA,NA,0,243864,23761,NA,NA,NA,NA,NA,NA,NA,NA,NA,NA,NA,NA,NA,NA,NA,-0.15853791909709,8
"7331","Washington-Sockeye","Sockeye",1997,190497,120421,NA,NA,NA,NA,NA,NA,NA,NA,NA,NA,NA,NA,NA,450,153764,36283,NA,NA,NA,NA,NA,NA,NA,NA,NA,NA,NA,NA,NA,NA,NA,0.458642510141043,8
"7332","Washington-Sockeye","Sockeye",1998,240092,65490,NA,NA,NA,NA,NA,NA,NA,NA,NA,NA,NA,NA,NA,0,219188,20904,NA,NA,NA,NA,NA,NA,NA,NA,NA,NA,NA,NA,NA,NA,NA,1.29912472399191,8
"7333","Washington-Sockeye","Sockeye",1999,126227,25950,NA,NA,NA,NA,NA,NA,NA,NA,NA,NA,NA,NA,NA,0,112698,13529,NA,NA,NA,NA,NA,NA,NA,NA,NA,NA,NA,NA,NA,NA,NA,1.58191026372928,8
"7334","Washington-Sockeye","Sockeye",2000,246370,238970,NA,NA,NA,NA,NA,NA,NA,NA,NA,NA,NA,NA,NA,0,238201,8169,NA,NA,NA,NA,NA,NA,NA,NA,NA,NA,NA,NA,NA,NA,NA,0.0304964499597974,8
"7335","Washington-Sockeye","Sockeye",2001,71595,139704,NA,NA,NA,NA,NA,NA,NA,NA,NA,NA,NA,NA,NA,0,45774,25821,NA,NA,NA,NA,NA,NA,NA,NA,NA,NA,NA,NA,NA,NA,NA,-0.668500659511574,8
"7336","Washington-Sockeye","Sockeye",2002,296762,260319,NA,NA,NA,NA,NA,NA,NA,NA,NA,NA,NA,NA,NA,921,257859,37982,NA,NA,NA,NA,NA,NA,NA,NA,NA,NA,NA,NA,NA,NA,NA,0.131022668713959,8
"7337","Washington-Sockeye","Sockeye",2003,3467,118728,NA,NA,NA,NA,NA,NA,NA,NA,NA,NA,NA,NA,NA,425,1601,1441,NA,NA,NA,NA,NA,NA,NA,NA,NA,NA,NA,NA,NA,NA,NA,-3.53354549589063,8
"7338","Washington-Sockeye","Sockeye",2004,24030,141640,NA,NA,NA,NA,NA,NA,NA,NA,NA,NA,NA,NA,NA,337,19868,3825,NA,NA,NA,NA,NA,NA,NA,NA,NA,NA,NA,NA,NA,NA,NA,-1.77398557749533,8
"7339","Washington-Sockeye","Sockeye",2005,11609,60986,NA,NA,NA,NA,NA,NA,NA,NA,NA,NA,NA,NA,NA,23,9453,2133,NA,NA,NA,NA,NA,NA,NA,NA,NA,NA,NA,NA,NA,NA,NA,-1.65886367027965,8
"7340","Washington-Sockeye","Sockeye",2006,111614,141311,NA,NA,NA,NA,NA,NA,NA,NA,NA,NA,NA,NA,NA,510,104614,6490,NA,NA,NA,NA,NA,NA,NA,NA,NA,NA,NA,NA,NA,NA,NA,-0.235916645101688,8
"7341","Washington-Sockeye","Sockeye",2007,53904,49082,NA,NA,NA,NA,NA,NA,NA,NA,NA,NA,NA,NA,NA,145,23014,30745,NA,NA,NA,NA,NA,NA,NA,NA,NA,NA,NA,NA,NA,NA,NA,0.0937123178554857,8
"7342","Washington-Sockeye","Sockeye",2008,50530,19903,NA,NA,NA,NA,NA,NA,NA,NA,NA,NA,NA,NA,NA,1474,38658,10398,NA,NA,NA,NA,NA,NA,NA,NA,NA,NA,NA,NA,NA,NA,NA,0.931696745166734,8
"7343","Washington-Sockeye","Sockeye",2009,142754,16368,NA,NA,NA,NA,NA,NA,NA,NA,NA,NA,NA,NA,NA,9988,115188,17578,NA,NA,NA,NA,NA,NA,NA,NA,NA,NA,NA,NA,NA,NA,NA,2.16579465995003,8
"7344","Washington-Sockeye","Sockeye",2010,26001,83876,NA,NA,NA,NA,NA,NA,NA,NA,NA,NA,NA,NA,NA,1942,21358,2701,NA,NA,NA,NA,NA,NA,NA,NA,NA,NA,NA,NA,NA,NA,NA,-1.17120451890418,8
"7345","Washington-Sockeye","Sockeye",2011,17343,31730,NA,NA,NA,NA,NA,NA,NA,NA,NA,NA,NA,NA,NA,1620,13022,2701,NA,NA,NA,NA,NA,NA,NA,NA,NA,NA,NA,NA,NA,NA,NA,-0.604073638826655,8
"7346","Early Stuart-Sockeye","Sockeye",1948,198153,10859,NA,NA,NA,NA,NA,NA,NA,NA,0,0,0,NA,NA,0,179412,18741,0,0,0,0,0,NA,NA,NA,0,NA,NA,NA,NA,NA,NA,2.90404523033249,9
"7347","Early Stuart-Sockeye","Sockeye",1949,1036968,168458,NA,NA,NA,NA,NA,NA,NA,NA,0,0,0,0,NA,6218,1029437,1271,0,0,42,0,0,NA,NA,NA,0,NA,NA,NA,NA,NA,NA,1.81736988894626,9
"7348","Early Stuart-Sockeye","Sockeye",1950,241666,25658,NA,NA,NA,NA,NA,NA,NA,NA,0,0,0,0,NA,579,240545,542,0,0,0,0,0,NA,NA,NA,0,NA,NA,NA,NA,NA,NA,2.24270119373492,9
"7349","Early Stuart-Sockeye","Sockeye",1951,173654,29785,NA,NA,NA,NA,NA,NA,NA,NA,0,0,0,0,NA,9,158428,15217,0,0,0,0,0,NA,NA,NA,0,NA,NA,NA,NA,NA,NA,1.76305990268433,9
"7350","Early Stuart-Sockeye","Sockeye",1952,88600,15484,NA,NA,NA,NA,NA,NA,NA,NA,0,0,0,0,NA,28,78012,10560,0,0,0,0,0,NA,NA,NA,0,NA,NA,NA,NA,NA,NA,1.74432462489563,9
"7351","Early Stuart-Sockeye","Sockeye",1953,540891,78238,NA,NA,NA,NA,NA,NA,NA,NA,0,0,0,0,NA,294,537711,2886,0,0,0,0,0,NA,NA,NA,0,NA,NA,NA,NA,NA,NA,1.93346231677619,9
"7352","Early Stuart-Sockeye","Sockeye",1954,155823,18010,NA,NA,NA,NA,NA,NA,NA,NA,0,0,0,0,NA,341,154781,701,0,0,0,0,0,NA,NA,NA,0,NA,NA,NA,NA,NA,NA,2.15779358851372,9
"7353","Early Stuart-Sockeye","Sockeye",1955,27467,1397,NA,NA,NA,NA,NA,NA,NA,NA,0,0,0,0,NA,11,25824,1632,0,0,0,0,0,NA,NA,NA,0,NA,NA,NA,NA,NA,NA,2.97865820382118,9
"7354","Early Stuart-Sockeye","Sockeye",1956,110394,16661,NA,NA,NA,NA,NA,NA,NA,NA,0,0,0,0,NA,0,101035,6393,0,0,0,2966,0,NA,NA,NA,0,NA,NA,NA,NA,NA,NA,1.89098512559308,9
"7355","Early Stuart-Sockeye","Sockeye",1957,1222936,119273,NA,NA,NA,NA,NA,NA,NA,NA,0,0,0,0,NA,730,1215763,3272,0,0,23,3148,0,NA,NA,NA,0,NA,NA,NA,NA,NA,NA,2.32759482069424,9
"7356","Early Stuart-Sockeye","Sockeye",1958,103107,22196,NA,NA,NA,NA,NA,NA,NA,NA,0,0,0,0,NA,755,102112,240,0,0,0,0,0,NA,NA,NA,0,NA,NA,NA,NA,NA,NA,1.53585519150181,9
"7357","Early Stuart-Sockeye","Sockeye",1959,20835,1297,NA,NA,NA,NA,NA,NA,NA,NA,0,0,0,0,NA,0,14682,6153,0,0,0,0,0,NA,NA,NA,0,NA,NA,NA,NA,NA,NA,2.77658035954011,9
"7358","Early Stuart-Sockeye","Sockeye",1960,74149,7401,NA,NA,NA,NA,NA,NA,NA,NA,0,0,0,0,NA,22,69925,4202,0,0,0,0,0,NA,NA,NA,0,NA,NA,NA,NA,NA,NA,2.304461456101,9
"7359","Early Stuart-Sockeye","Sockeye",1961,255842,87782,NA,NA,NA,NA,NA,NA,NA,NA,0,0,0,0,NA,630,252123,2208,0,0,0,881,0,NA,NA,NA,0,NA,NA,NA,NA,NA,NA,1.06970359820711,9
"7360","Early Stuart-Sockeye","Sockeye",1962,75785,14103,NA,NA,NA,NA,NA,NA,NA,NA,0,0,0,0,NA,0,67661,5992,0,0,0,2132,0,NA,NA,NA,0,NA,NA,NA,NA,NA,NA,1.68151284317352,9
"7361","Early Stuart-Sockeye","Sockeye",1963,92554,2590,NA,NA,NA,NA,NA,NA,NA,NA,0,0,0,0,NA,332,90397,1825,0,0,0,0,0,NA,NA,NA,0,NA,NA,NA,NA,NA,NA,3.57613438225525,9
"7362","Early Stuart-Sockeye","Sockeye",1964,42887,1300,NA,NA,NA,NA,NA,NA,NA,NA,0,0,0,0,NA,1027,25940,12949,0,0,0,2971,0,NA,NA,NA,0,NA,NA,NA,NA,NA,NA,3.49620448524049,9
"7363","Early Stuart-Sockeye","Sockeye",1965,417211,11241,NA,NA,NA,NA,NA,NA,NA,NA,0,0,0,0,NA,432,415253,1526,0,0,0,0,0,NA,NA,NA,0,NA,NA,NA,NA,NA,NA,3.61402428055057,9
"7364","Early Stuart-Sockeye","Sockeye",1966,84786,5959,NA,NA,NA,NA,NA,NA,NA,NA,0,0,0,0,NA,1746,83040,0,0,0,0,0,0,NA,NA,NA,0,NA,NA,NA,NA,NA,NA,2.65522775306382,9
"7365","Early Stuart-Sockeye","Sockeye",1967,339693,11167,NA,NA,NA,NA,NA,NA,NA,NA,0,0,0,0,NA,423,326142,13128,0,0,0,0,0,NA,NA,NA,0,NA,NA,NA,NA,NA,NA,3.41507926807314,9
"7366","Early Stuart-Sockeye","Sockeye",1968,10423,795,NA,NA,NA,NA,NA,NA,NA,NA,0,0,0,0,NA,11,10412,0,0,0,0,0,0,NA,NA,NA,0,NA,NA,NA,NA,NA,NA,2.57342806708499,9
"7367","Early Stuart-Sockeye","Sockeye",1969,1375594,48796,NA,NA,NA,NA,NA,NA,NA,NA,0,0,0,0,NA,648,1366181,4452,0,0,76,4237,0,NA,NA,NA,0,NA,NA,NA,NA,NA,NA,3.33899257452905,9
"7368","Early Stuart-Sockeye","Sockeye",1970,182136,15806,NA,NA,NA,NA,NA,NA,NA,NA,0,0,0,0,NA,1212,178232,1312,0,0,0,1380,0,NA,NA,NA,0,NA,NA,NA,NA,NA,NA,2.44436404598694,9
"7369","Early Stuart-Sockeye","Sockeye",1971,431210,45610,NA,NA,NA,NA,NA,NA,NA,NA,0,0,0,0,NA,311,423510,6993,0,0,0,396,0,NA,NA,NA,0,NA,NA,NA,NA,NA,NA,2.24646821969689,9
"7370","Early Stuart-Sockeye","Sockeye",1972,32232,2253,NA,NA,NA,NA,NA,NA,NA,NA,0,0,0,0,NA,25,32207,0,0,0,0,0,0,NA,NA,NA,0,NA,NA,NA,NA,NA,NA,2.66069708643894,9
"7371","Early Stuart-Sockeye","Sockeye",1973,1352082,153876,NA,NA,NA,NA,NA,NA,NA,NA,0,0,0,0,NA,4591,1342456,3951,0,0,67,1017,0,NA,NA,NA,0,NA,NA,NA,NA,NA,NA,2.17325382238631,9
"7372","Early Stuart-Sockeye","Sockeye",1974,145244,21610,NA,NA,NA,NA,NA,NA,NA,NA,0,0,0,0,NA,1242,141307,2218,0,0,0,477,0,NA,NA,NA,0,NA,NA,NA,NA,NA,NA,1.90525891627052,9
"7373","Early Stuart-Sockeye","Sockeye",1975,223085,26252,NA,NA,NA,NA,NA,NA,NA,NA,0,0,0,0,NA,150,220007,2852,0,0,0,76,0,NA,NA,NA,0,NA,NA,NA,NA,NA,NA,2.13981068814265,9
"7374","Early Stuart-Sockeye","Sockeye",1976,31877,6792,NA,NA,NA,NA,NA,NA,NA,NA,0,0,0,0,NA,43,28800,3034,0,0,0,0,0,NA,NA,NA,0,NA,NA,NA,NA,NA,NA,1.54613929759919,9
"7375","Early Stuart-Sockeye","Sockeye",1977,761694,53363,NA,NA,NA,NA,NA,NA,NA,NA,0,0,0,0,NA,572,752467,8655,0,0,0,0,0,NA,NA,NA,0,NA,NA,NA,NA,NA,NA,2.65842727831471,9
"7376","Early Stuart-Sockeye","Sockeye",1978,72852,20004,NA,NA,NA,NA,NA,NA,NA,NA,0,0,0,0,NA,202,71470,1180,0,0,0,0,0,NA,NA,NA,0,NA,NA,NA,NA,NA,NA,1.29249773237964,9
"7377","Early Stuart-Sockeye","Sockeye",1979,107936,36170,NA,NA,NA,NA,NA,NA,NA,NA,0,0,0,0,NA,34,89807,17889,0,0,0,206,0,NA,NA,NA,0,NA,NA,NA,NA,NA,NA,1.09330841291523,9
"7378","Early Stuart-Sockeye","Sockeye",1980,63501,7361,NA,NA,NA,NA,NA,NA,NA,NA,0,0,0,0,NA,10,37950,25541,0,0,0,0,0,NA,NA,NA,0,NA,NA,NA,NA,NA,NA,2.15485986072957,9
"7379","Early Stuart-Sockeye","Sockeye",1981,350141,71485,NA,NA,NA,NA,NA,NA,NA,NA,0,0,0,0,NA,46,331290,18805,0,0,0,0,0,NA,NA,NA,0,NA,NA,NA,NA,NA,NA,1.58884829302004,9
"7380","Early Stuart-Sockeye","Sockeye",1982,27816,2158,NA,NA,NA,NA,NA,NA,NA,NA,0,0,0,0,NA,13,26796,1007,0,0,0,0,0,NA,NA,NA,0,NA,NA,NA,NA,NA,NA,2.55642952786962,9
"7381","Early Stuart-Sockeye","Sockeye",1983,188896,13121,NA,NA,NA,NA,NA,NA,NA,NA,0,0,0,0,NA,423,176760,10949,0,0,4,760,0,NA,NA,NA,0,NA,NA,NA,NA,NA,NA,2.6669825989347,9
"7382","Early Stuart-Sockeye","Sockeye",1984,242040,21868,NA,NA,NA,NA,NA,NA,NA,NA,0,0,0,0,NA,240,209867,29536,0,0,12,2385,0,NA,NA,NA,0,NA,NA,NA,NA,NA,NA,2.40407862072137,9
"7383","Early Stuart-Sockeye","Sockeye",1985,1208877,118124,NA,NA,NA,NA,NA,NA,NA,NA,0,0,0,0,NA,2414,1179879,26057,0,0,0,527,0,NA,NA,NA,0,NA,NA,NA,NA,NA,NA,2.32571218829692,9
"7384","Early Stuart-Sockeye","Sockeye",1986,145942,15160,NA,NA,NA,NA,NA,NA,NA,NA,0,0,0,0,NA,56,128280,17603,0,0,0,3,0,NA,NA,NA,0,NA,NA,NA,NA,NA,NA,2.26454890229137,9
"7385","Early Stuart-Sockeye","Sockeye",1987,525920,75524,NA,NA,NA,NA,NA,NA,NA,NA,0,0,0,0,NA,8,494847,31065,0,0,0,0,0,NA,NA,NA,0,NA,NA,NA,NA,NA,NA,1.94069862337962,9
"7386","Early Stuart-Sockeye","Sockeye",1988,379932,88071,NA,NA,NA,NA,NA,NA,NA,NA,0,0,0,0,NA,33,319342,59894,0,0,0,0,663,NA,NA,NA,0,NA,NA,NA,NA,NA,NA,1.46184898198182,9
"7387","Early Stuart-Sockeye","Sockeye",1989,1138789,211041,NA,NA,NA,NA,NA,NA,NA,NA,0,0,0,0,NA,420,1091749,45932,0,0,0,688,0,NA,NA,NA,0,NA,NA,NA,NA,NA,NA,1.68566826867076,9
"7388","Early Stuart-Sockeye","Sockeye",1990,166086,47065,NA,NA,NA,NA,NA,NA,NA,NA,0,0,0,0,NA,2,156963,9121,0,0,0,0,0,NA,NA,NA,0,NA,NA,NA,NA,NA,NA,1.2609761014934,9
"7389","Early Stuart-Sockeye","Sockeye",1991,144459,85456,NA,NA,NA,NA,NA,NA,NA,NA,0,0,0,0,NA,514,129192,14581,0,0,0,172,0,NA,NA,NA,0,NA,NA,NA,NA,NA,NA,0.524994106669886,9
"7390","Early Stuart-Sockeye","Sockeye",1992,100376,36565,NA,NA,NA,NA,NA,NA,NA,NA,0,0,0,0,NA,10,80797,19569,0,0,0,0,0,NA,NA,NA,0,NA,NA,NA,NA,NA,NA,1.00983163613448,9
"7391","Early Stuart-Sockeye","Sockeye",1993,1814783,386806,NA,NA,NA,NA,NA,NA,NA,NA,0,0,0,0,NA,847,1652166,161770,0,0,0,0,0,NA,NA,NA,0,NA,NA,NA,NA,NA,NA,1.54579790497124,9
"7392","Early Stuart-Sockeye","Sockeye",1994,29030,14499,NA,NA,NA,NA,NA,NA,NA,NA,0,0,0,0,NA,6,27990,1034,0,0,0,0,0,NA,NA,NA,0,NA,NA,NA,NA,NA,NA,0.694250096505482,9
"7393","Early Stuart-Sockeye","Sockeye",1995,189600,57342,NA,NA,NA,NA,NA,NA,NA,NA,0,0,0,0,NA,20,170595,18985,0,0,0,0,0,NA,NA,NA,0,NA,NA,NA,NA,NA,NA,1.19588325030882,9
"7394","Early Stuart-Sockeye","Sockeye",1996,464146,41063,NA,NA,NA,NA,NA,NA,NA,NA,0,0,0,0,NA,0,359206,104940,0,0,0,0,0,NA,NA,NA,0,NA,NA,NA,NA,NA,NA,2.4250916851743,9
"7395","Early Stuart-Sockeye","Sockeye",1997,147572,73416,NA,NA,NA,NA,NA,NA,NA,NA,0,0,0,0,NA,1,109249,38121,0,0,0,201,0,NA,NA,NA,0,NA,NA,NA,NA,NA,NA,0.69817429675696,9
"7396","Early Stuart-Sockeye","Sockeye",1998,28692,9332,NA,NA,NA,NA,NA,NA,NA,NA,0,0,0,0,NA,2,24341,4349,0,0,0,0,0,NA,NA,NA,0,NA,NA,NA,NA,NA,NA,1.123168984105,9
"7397","Early Stuart-Sockeye","Sockeye",1999,30566,8189,NA,NA,NA,NA,NA,NA,NA,NA,0,0,0,0,NA,0,25927,4639,0,0,0,0,0,NA,NA,NA,0,NA,NA,NA,NA,NA,NA,1.31709648981759,9
"7398","Early Stuart-Sockeye","Sockeye",2000,135874,35333,NA,NA,NA,NA,NA,NA,NA,NA,0,0,0,0,NA,0,132457,3417,0,0,0,0,0,NA,NA,NA,0,NA,NA,NA,NA,NA,NA,1.34691061427149,9
"7399","Early Stuart-Sockeye","Sockeye",2001,252006,82852,NA,NA,NA,NA,NA,NA,NA,NA,0,0,0,0,NA,5,216279,35722,0,0,0,0,0,NA,NA,NA,0,NA,NA,NA,NA,NA,NA,1.11239701315851,9
"7400","Early Stuart-Sockeye","Sockeye",2002,24585,12921,NA,NA,NA,NA,NA,NA,NA,NA,0,0,0,0,NA,0,20266,4300,0,0,0,0,19,NA,NA,NA,0,NA,NA,NA,NA,NA,NA,0.643282606123819,9
"7401","Early Stuart-Sockeye","Sockeye",2003,10031,6932,NA,NA,NA,NA,NA,NA,NA,NA,0,0,0,0,NA,0,8431,1588,0,0,0,12,0,NA,NA,NA,0,NA,NA,NA,NA,NA,NA,0.369531926047989,9
"7402","Early Stuart-Sockeye","Sockeye",2004,37464,5181,NA,NA,NA,NA,NA,NA,NA,NA,0,0,0,0,NA,0,32387,5077,0,0,0,0,0,NA,NA,NA,0,NA,NA,NA,NA,NA,NA,1.97838238404859,9
"7403","Early Stuart-Sockeye","Sockeye",2005,85041,51153,NA,NA,NA,NA,NA,NA,NA,NA,0,0,0,0,NA,49,76119,7852,0,0,0,1021,0,NA,NA,NA,0,NA,NA,NA,NA,NA,NA,0.508312351432584,9
"7404","Early Stuart-Sockeye","Sockeye",2006,108697,15914,NA,NA,NA,NA,NA,NA,NA,NA,0,0,0,0,NA,0,96107,12590,0,0,0,0,0,NA,NA,NA,0,NA,NA,NA,NA,NA,NA,1.92136496989492,9
"7405","Early Stuart-Sockeye","Sockeye",2007,12675,2376,NA,NA,NA,NA,NA,NA,NA,NA,0,0,0,0,NA,0,12528,147,0,0,0,0,0,NA,NA,NA,0,NA,NA,NA,NA,NA,NA,1.67421314797685,9
"7406","Early Stuart-Sockeye","Sockeye",2008,193089,14446,NA,NA,NA,NA,NA,NA,NA,NA,0,0,0,0,NA,1,183796,9161,0,0,0,131,0,NA,NA,NA,0,NA,NA,NA,NA,NA,NA,2.59273366288028,9
"7407","Early Stuart-Sockeye","Sockeye",2009,190933,21884,NA,NA,NA,NA,NA,NA,NA,NA,0,0,0,0,NA,3,172827,18103,0,0,0,0,0,NA,NA,NA,0,NA,NA,NA,NA,NA,NA,2.16616680496517,9
"7408","Early Stuart-Sockeye","Sockeye",2010,136281,34198,NA,NA,NA,NA,NA,NA,NA,NA,0,0,0,0,NA,53,109758,26470,0,0,0,0,0,NA,NA,NA,0,NA,NA,NA,NA,NA,NA,1.38255176777331,9
"7409","Early Stuart-Sockeye","Sockeye",2011,2500,233,NA,NA,NA,NA,NA,NA,NA,NA,0,0,0,0,NA,7,2258,235,0,0,0,0,0,NA,NA,NA,0,NA,NA,NA,NA,NA,NA,2.37300755729059,9
"7410","Early Stuart-Sockeye","Sockeye",2012,19739,6812,NA,NA,NA,NA,NA,NA,NA,NA,0,0,0,0,NA,9,17601,2129,0,0,0,0,0,NA,NA,NA,0,NA,NA,NA,NA,NA,NA,1.06391061136041,9
"7411","Early Stuart-Sockeye","Sockeye",2013,26891,39658,NA,NA,NA,NA,NA,NA,NA,NA,0,0,0,0,NA,4,20168,6719,0,0,0,0,0,NA,NA,NA,0,NA,NA,NA,NA,NA,NA,-0.388501035041389,9
"7412","Early Stuart-Sockeye","Sockeye",2014,110472,23298,NA,NA,NA,NA,NA,NA,NA,NA,0,0,0,0,NA,10,87962,22500,0,NA,0,0,0,NA,NA,NA,0,NA,NA,NA,NA,NA,NA,1.55639457520546,9
"7413","Early Stuart-Sockeye","Sockeye",2015,5269,4060,NA,NA,NA,NA,NA,NA,NA,NA,0,0,0,0,NA,0,3417,1852,NA,NA,0,0,NA,NA,NA,NA,NA,NA,NA,NA,NA,NA,NA,0.260657617613507,9
"7414","Late Stuart-Sockeye","Sockeye",1948,327,1049,NA,NA,NA,NA,NA,NA,NA,NA,0,0,0,NA,NA,0,327,0,0,0,0,0,0,NA,NA,NA,0,NA,NA,NA,NA,NA,NA,-1.16563243749904,10
"7415","Late Stuart-Sockeye","Sockeye",1949,1530202,107752,NA,NA,NA,NA,NA,NA,NA,NA,0,0,0,0,NA,3433,1526554,0,0,0,0,215,0,NA,NA,NA,0,NA,NA,NA,NA,NA,NA,2.65332274151907,10
"7416","Late Stuart-Sockeye","Sockeye",1950,39681,5843,NA,NA,NA,NA,NA,NA,NA,NA,0,0,0,0,NA,591,36671,2419,0,0,0,0,0,NA,NA,NA,0,NA,NA,NA,NA,NA,NA,1.91562812013972,10
"7417","Late Stuart-Sockeye","Sockeye",1951,63810,4402,NA,NA,NA,NA,NA,NA,NA,NA,0,0,0,0,NA,0,56085,7559,0,0,0,166,0,NA,NA,NA,0,NA,NA,NA,NA,NA,NA,2.67385093477599,10
"7418","Late Stuart-Sockeye","Sockeye",1952,3973,1975,NA,NA,NA,NA,NA,NA,NA,NA,0,0,0,0,NA,86,3858,29,0,0,0,0,0,NA,NA,NA,0,NA,NA,NA,NA,NA,NA,0.698953078479377,10
"7419","Late Stuart-Sockeye","Sockeye",1953,1552239,369023,NA,NA,NA,NA,NA,NA,NA,NA,0,0,0,0,NA,830,1548072,1470,0,0,0,1867,0,NA,NA,NA,0,NA,NA,NA,NA,NA,NA,1.43659471101117,10
"7420","Late Stuart-Sockeye","Sockeye",1954,137965,5470,NA,NA,NA,NA,NA,NA,NA,NA,0,0,0,0,NA,150,135111,2704,0,0,0,0,0,NA,NA,NA,0,NA,NA,NA,NA,NA,NA,3.22772141336711,10
"7421","Late Stuart-Sockeye","Sockeye",1955,51345,7618,NA,NA,NA,NA,NA,NA,NA,NA,0,0,0,0,NA,29,50196,1120,0,0,0,0,0,NA,NA,NA,0,NA,NA,NA,NA,NA,NA,1.90805369259385,10
"7422","Late Stuart-Sockeye","Sockeye",1956,46102,1454,NA,NA,NA,NA,NA,NA,NA,NA,0,0,0,0,NA,0,13472,32630,0,0,0,0,0,NA,NA,NA,0,NA,NA,NA,NA,NA,NA,3.45653795389816,10
"7423","Late Stuart-Sockeye","Sockeye",1957,1329884,531130,NA,NA,NA,NA,NA,NA,NA,NA,0,0,0,0,NA,874,1327094,1916,0,0,0,0,0,NA,NA,NA,0,NA,NA,NA,NA,NA,NA,0.917840186996547,10
"7424","Late Stuart-Sockeye","Sockeye",1958,54677,23638,NA,NA,NA,NA,NA,NA,NA,NA,0,0,0,0,NA,672,53044,961,0,0,0,0,0,NA,NA,NA,0,NA,NA,NA,NA,NA,NA,0.838587559093425,10
"7425","Late Stuart-Sockeye","Sockeye",1959,7392,8225,NA,NA,NA,NA,NA,NA,NA,NA,0,0,0,0,NA,67,6092,1233,0,0,0,0,0,NA,NA,NA,0,NA,NA,NA,NA,NA,NA,-0.106779962312053,10
"7426","Late Stuart-Sockeye","Sockeye",1960,9617,2961,NA,NA,NA,NA,NA,NA,NA,NA,0,0,0,0,NA,27,6658,2932,0,0,0,0,0,NA,NA,NA,0,NA,NA,NA,NA,NA,NA,1.17800531661089,10
"7427","Late Stuart-Sockeye","Sockeye",1961,778478,411105,NA,NA,NA,NA,NA,NA,NA,NA,0,0,0,0,NA,143,770385,7535,0,0,0,415,0,NA,NA,NA,0,NA,NA,NA,NA,NA,NA,0.638492075080652,10
"7428","Late Stuart-Sockeye","Sockeye",1962,45069,18689,NA,NA,NA,NA,NA,NA,NA,NA,0,0,0,0,NA,45,43107,1917,0,0,0,0,0,NA,NA,NA,0,NA,NA,NA,NA,NA,NA,0.880259533260231,10
"7429","Late Stuart-Sockeye","Sockeye",1963,12049,3237,NA,NA,NA,NA,NA,NA,NA,NA,0,0,0,0,NA,25,11911,113,0,0,0,0,0,NA,NA,NA,0,NA,NA,NA,NA,NA,NA,1.31433469399703,10
"7430","Late Stuart-Sockeye","Sockeye",1964,3101,1900,NA,NA,NA,NA,NA,NA,NA,NA,0,0,0,0,NA,60,1806,1235,0,0,0,0,0,NA,NA,NA,0,NA,NA,NA,NA,NA,NA,0.489870753945917,10
"7431","Late Stuart-Sockeye","Sockeye",1965,1124519,214958,NA,NA,NA,NA,NA,NA,NA,NA,0,0,0,0,NA,228,1102448,21752,0,0,0,91,0,NA,NA,NA,0,NA,NA,NA,NA,NA,NA,1.65466800744764,10
"7432","Late Stuart-Sockeye","Sockeye",1966,74079,9032,NA,NA,NA,NA,NA,NA,NA,NA,0,0,0,0,NA,274,71954,1851,0,0,0,0,0,NA,NA,NA,0,NA,NA,NA,NA,NA,NA,2.10435826447937,10
"7433","Late Stuart-Sockeye","Sockeye",1967,16556,1642,NA,NA,NA,NA,NA,NA,NA,NA,0,0,0,0,NA,224,6294,10038,0,0,0,0,0,NA,NA,NA,0,NA,NA,NA,NA,NA,NA,2.31083356285625,10
"7434","Late Stuart-Sockeye","Sockeye",1968,31299,470,NA,NA,NA,NA,NA,NA,NA,NA,0,0,0,0,NA,0,27393,3906,0,0,0,0,0,NA,NA,NA,0,NA,NA,NA,NA,NA,NA,4.19860873243197,10
"7435","Late Stuart-Sockeye","Sockeye",1969,1625590,207057,NA,NA,NA,NA,NA,NA,NA,NA,0,0,0,0,NA,2756,1602892,19888,0,0,54,0,0,NA,NA,NA,0,NA,NA,NA,NA,NA,NA,2.06063198811147,10
"7436","Late Stuart-Sockeye","Sockeye",1970,70838,15055,NA,NA,NA,NA,NA,NA,NA,NA,0,0,0,0,NA,318,70520,0,0,0,0,0,0,NA,NA,NA,0,NA,NA,NA,NA,NA,NA,1.54868541794546,10
"7437","Late Stuart-Sockeye","Sockeye",1971,66770,1535,NA,NA,NA,NA,NA,NA,NA,NA,0,0,0,0,NA,1243,65527,0,0,0,0,0,0,NA,NA,NA,0,NA,NA,NA,NA,NA,NA,3.77272349683062,10
"7438","Late Stuart-Sockeye","Sockeye",1972,18766,8704,NA,NA,NA,NA,NA,NA,NA,NA,0,0,0,0,NA,0,16180,2586,0,0,0,0,0,NA,NA,NA,0,NA,NA,NA,NA,NA,NA,0.768264031754271,10
"7439","Late Stuart-Sockeye","Sockeye",1973,666098,214343,NA,NA,NA,NA,NA,NA,NA,NA,0,0,0,0,NA,290,658158,5807,0,0,0,1843,0,NA,NA,NA,0,NA,NA,NA,NA,NA,NA,1.13385927122132,10
"7440","Late Stuart-Sockeye","Sockeye",1974,50716,14627,NA,NA,NA,NA,NA,NA,NA,NA,0,0,0,0,NA,855,48593,1268,0,0,0,0,0,NA,NA,NA,0,NA,NA,NA,NA,NA,NA,1.24337230676075,10
"7441","Late Stuart-Sockeye","Sockeye",1975,215116,14229,NA,NA,NA,NA,NA,NA,NA,NA,0,0,0,0,NA,541,214097,478,0,0,0,0,0,NA,NA,NA,0,NA,NA,NA,NA,NA,NA,2.71589528195122,10
"7442","Late Stuart-Sockeye","Sockeye",1976,3339,3000,NA,NA,NA,NA,NA,NA,NA,NA,0,0,0,0,NA,0,3339,0,0,0,0,0,0,NA,NA,NA,0,NA,NA,NA,NA,NA,NA,0.107059072293408,10
"7443","Late Stuart-Sockeye","Sockeye",1977,1357741,146629,NA,NA,NA,NA,NA,NA,NA,NA,0,0,0,0,NA,104,1313861,43776,0,0,0,0,0,NA,NA,NA,0,NA,NA,NA,NA,NA,NA,2.22567198120053,10
"7444","Late Stuart-Sockeye","Sockeye",1978,79447,13027,NA,NA,NA,NA,NA,NA,NA,NA,0,0,0,0,NA,699,69820,8928,0,0,0,0,0,NA,NA,NA,0,NA,NA,NA,NA,NA,NA,1.80806600595716,10
"7445","Late Stuart-Sockeye","Sockeye",1979,6854,31918,NA,NA,NA,NA,NA,NA,NA,NA,0,0,0,0,NA,0,6854,0,0,0,0,0,0,NA,NA,NA,0,NA,NA,NA,NA,NA,NA,-1.53833769052458,10
"7446","Late Stuart-Sockeye","Sockeye",1980,21440,979,NA,NA,NA,NA,NA,NA,NA,NA,0,0,0,0,NA,0,21440,0,0,0,0,0,0,NA,NA,NA,0,NA,NA,NA,NA,NA,NA,3.08648197265423,10
"7447","Late Stuart-Sockeye","Sockeye",1981,2033901,249699,NA,NA,NA,NA,NA,NA,NA,NA,0,0,0,0,NA,0,1978010,55891,0,0,0,0,0,NA,NA,NA,0,NA,NA,NA,NA,NA,NA,2.09745471038564,10
"7448","Late Stuart-Sockeye","Sockeye",1982,60989,16758,NA,NA,NA,NA,NA,NA,NA,NA,0,0,0,0,NA,193,52097,8699,0,0,0,0,0,NA,NA,NA,0,NA,NA,NA,NA,NA,NA,1.29181776385234,10
"7449","Late Stuart-Sockeye","Sockeye",1983,17944,2246,NA,NA,NA,NA,NA,NA,NA,NA,0,0,0,0,NA,0,14195,3717,0,0,0,32,0,NA,NA,NA,0,NA,NA,NA,NA,NA,NA,2.07810494090166,10
"7450","Late Stuart-Sockeye","Sockeye",1984,14744,1228,NA,NA,NA,NA,NA,NA,NA,NA,0,0,0,0,NA,222,14522,0,0,0,0,0,0,NA,NA,NA,0,NA,NA,NA,NA,NA,NA,2.48544939064257,10
"7451","Late Stuart-Sockeye","Sockeye",1985,3507629,274642,NA,NA,NA,NA,NA,NA,NA,NA,0,0,0,0,NA,7755,3367086,132788,0,0,0,0,0,NA,NA,NA,0,NA,NA,NA,NA,NA,NA,2.54722715824912,10
"7452","Late Stuart-Sockeye","Sockeye",1986,816561,28715,NA,NA,NA,NA,NA,NA,NA,NA,0,0,0,0,NA,264,725126,91171,0,0,0,0,0,NA,NA,NA,0,NA,NA,NA,NA,NA,NA,3.34768198442798,10
"7453","Late Stuart-Sockeye","Sockeye",1987,380071,6524,NA,NA,NA,NA,NA,NA,NA,NA,0,0,0,0,NA,984,283932,95155,0,0,0,0,0,NA,NA,NA,0,NA,NA,NA,NA,NA,NA,4.06487039261411,10
"7454","Late Stuart-Sockeye","Sockeye",1988,208786,11459,NA,NA,NA,NA,NA,NA,NA,NA,0,0,0,0,NA,1552,207234,0,0,0,0,0,0,NA,NA,NA,0,NA,NA,NA,NA,NA,NA,2.9025343565078,10
"7455","Late Stuart-Sockeye","Sockeye",1989,5327124,575791,NA,NA,NA,NA,NA,NA,NA,NA,0,0,0,0,NA,20256,5162734,144134,0,0,0,0,0,NA,NA,NA,0,NA,NA,NA,NA,NA,NA,2.22482203665959,10
"7456","Late Stuart-Sockeye","Sockeye",1990,389823,190060,NA,NA,NA,NA,NA,NA,NA,NA,0,0,0,0,NA,440,372685,16654,0,0,44,0,0,NA,NA,NA,0,NA,NA,NA,NA,NA,NA,0.71835297816734,10
"7457","Late Stuart-Sockeye","Sockeye",1991,109581,77322,NA,NA,NA,NA,NA,NA,NA,NA,0,0,0,0,NA,354,91441,17786,0,0,0,0,0,NA,NA,NA,0,NA,NA,NA,NA,NA,NA,0.348685481287196,10
"7458","Late Stuart-Sockeye","Sockeye",1992,135399,23892,NA,NA,NA,NA,NA,NA,NA,NA,0,0,0,0,NA,0,128970,6429,0,0,0,0,0,NA,NA,NA,0,NA,NA,NA,NA,NA,NA,1.73468230005647,10
"7459","Late Stuart-Sockeye","Sockeye",1993,3764256,1805142,NA,NA,NA,NA,NA,NA,NA,NA,0,0,0,0,NA,4082,3249145,511029,0,0,0,0,0,NA,NA,NA,0,NA,NA,NA,NA,NA,NA,0.734910973112157,10
"7460","Late Stuart-Sockeye","Sockeye",1994,115440,76715,NA,NA,NA,NA,NA,NA,NA,NA,0,0,0,0,NA,0,108011,7429,0,0,0,0,0,NA,NA,NA,0,NA,NA,NA,NA,NA,NA,0.408653658068446,10
"7461","Late Stuart-Sockeye","Sockeye",1995,133454,34362,NA,NA,NA,NA,NA,NA,NA,NA,0,0,0,0,NA,1366,92713,39375,0,0,0,0,0,NA,NA,NA,0,NA,NA,NA,NA,NA,NA,1.3568055465345,10
"7462","Late Stuart-Sockeye","Sockeye",1996,1023000,65898,NA,NA,NA,NA,NA,NA,NA,NA,0,0,0,0,NA,607,810002,212391,0,0,0,0,0,NA,NA,NA,0,NA,NA,NA,NA,NA,NA,2.74238667391736,10
"7463","Late Stuart-Sockeye","Sockeye",1997,430895,907652,NA,NA,NA,NA,NA,NA,NA,NA,0,0,0,0,NA,81,351715,79099,0,0,0,0,0,NA,NA,NA,0,NA,NA,NA,NA,NA,NA,-0.744996604292408,10
"7464","Late Stuart-Sockeye","Sockeye",1998,277262,139421,NA,NA,NA,NA,NA,NA,NA,NA,0,0,0,0,NA,312,264390,12560,0,0,0,0,0,NA,NA,NA,0,NA,NA,NA,NA,NA,NA,0.687464774925462,10
"7465","Late Stuart-Sockeye","Sockeye",1999,133622,62120,NA,NA,NA,NA,NA,NA,NA,NA,0,0,0,0,NA,23,117520,16079,0,0,0,0,0,NA,NA,NA,0,NA,NA,NA,NA,NA,NA,0.765946919924017,10
"7466","Late Stuart-Sockeye","Sockeye",2000,913822,454478,NA,NA,NA,NA,NA,NA,NA,NA,0,0,0,0,NA,1827,868657,42459,0,0,0,879,0,NA,NA,NA,0,NA,NA,NA,NA,NA,NA,0.698486296523866,10
"7467","Late Stuart-Sockeye","Sockeye",2001,505343,351881,NA,NA,NA,NA,NA,NA,NA,NA,0,0,0,0,NA,29,415504,89810,0,0,0,0,0,NA,NA,NA,0,NA,NA,NA,NA,NA,NA,0.361944356380495,10
"7468","Late Stuart-Sockeye","Sockeye",2002,125952,34521,NA,NA,NA,NA,NA,NA,NA,NA,0,0,0,0,NA,20,121483,4449,0,0,0,0,0,NA,NA,NA,0,NA,NA,NA,NA,NA,NA,1.2943330474803,10
"7469","Late Stuart-Sockeye","Sockeye",2003,21783,38474,NA,NA,NA,NA,NA,NA,NA,NA,0,0,0,0,NA,11,15962,5810,0,0,0,0,0,NA,NA,NA,0,NA,NA,NA,NA,NA,NA,-0.56885283941777,10
"7470","Late Stuart-Sockeye","Sockeye",2004,282918,83447,NA,NA,NA,NA,NA,NA,NA,NA,0,0,0,0,NA,220,263681,19017,0,0,0,0,0,NA,NA,NA,0,NA,NA,NA,NA,NA,NA,1.22094540321547,10
"7471","Late Stuart-Sockeye","Sockeye",2005,119585,293144,NA,NA,NA,NA,NA,NA,NA,NA,0,0,0,0,NA,89,104604,14892,0,0,0,0,0,NA,NA,NA,0,NA,NA,NA,NA,NA,NA,-0.896636540272397,10
"7472","Late Stuart-Sockeye","Sockeye",2006,173633,27515,NA,NA,NA,NA,NA,NA,NA,NA,0,0,0,0,NA,37,168308,5288,0,0,0,0,0,NA,NA,NA,0,NA,NA,NA,NA,NA,NA,1.8422125658152,10
"7473","Late Stuart-Sockeye","Sockeye",2007,13781,8707,NA,NA,NA,NA,NA,NA,NA,NA,0,0,0,0,NA,61,5173,8547,0,0,0,0,0,NA,NA,NA,0,NA,NA,NA,NA,NA,NA,0.459163532046529,10
"7474","Late Stuart-Sockeye","Sockeye",2008,190572,146658,NA,NA,NA,NA,NA,NA,NA,NA,0,0,0,0,NA,326,183527,6719,0,0,0,0,0,NA,NA,NA,0,NA,NA,NA,NA,NA,NA,0.26192673032734,10
"7475","Late Stuart-Sockeye","Sockeye",2009,247225,87001,NA,NA,NA,NA,NA,NA,NA,NA,0,0,0,0,NA,40,218405,28780,0,0,0,0,0,NA,NA,NA,0,NA,NA,NA,NA,NA,NA,1.04437924031466,10
"7476","Late Stuart-Sockeye","Sockeye",2010,320790,75289,NA,NA,NA,NA,NA,NA,NA,NA,0,0,0,0,NA,839,284997,34954,0,0,0,0,0,NA,NA,NA,0,NA,NA,NA,NA,NA,NA,1.44945266163921,10
"7477","Late Stuart-Sockeye","Sockeye",2011,3937,4053,NA,NA,NA,NA,NA,NA,NA,NA,0,0,0,0,NA,0,3688,249,0,0,0,0,0,NA,NA,NA,0,NA,NA,NA,NA,NA,NA,-0.029038335684571,10
"7478","Late Stuart-Sockeye","Sockeye",2012,33669,93159,NA,NA,NA,NA,NA,NA,NA,NA,0,0,0,0,NA,0,31715,1954,0,0,0,0,0,NA,NA,NA,0,NA,NA,NA,NA,NA,NA,-1.0177301780356,10
"7479","Late Stuart-Sockeye","Sockeye",2013,235516,132603,NA,NA,NA,NA,NA,NA,NA,NA,0,0,0,0,NA,1300,216144,18072,0,0,0,0,0,NA,NA,NA,0,NA,NA,NA,NA,NA,NA,0.574419149770412,10
"7480","Late Stuart-Sockeye","Sockeye",2014,327361,50691,NA,NA,NA,NA,NA,NA,NA,NA,0,0,0,0,NA,518,310940,15903,0,NA,0,0,0,NA,NA,NA,0,NA,NA,NA,NA,NA,NA,1.86531515745293,10
"7481","Late Stuart-Sockeye","Sockeye",2015,9565,11124,NA,NA,NA,NA,NA,NA,NA,NA,0,0,0,0,NA,0,8665,900,NA,NA,0,0,NA,NA,NA,NA,NA,NA,NA,NA,NA,NA,NA,-0.150994333479502,10
"7482","Stellako-Sockeye","Sockeye",1948,207177,9242,NA,NA,NA,NA,NA,NA,NA,NA,0,0,0,NA,NA,0,185175,22002,0,0,0,0,0,NA,NA,NA,0,NA,NA,NA,NA,NA,NA,3.10981518791486,11
"7483","Stellako-Sockeye","Sockeye",1949,179876,40231,NA,NA,NA,NA,NA,NA,NA,NA,0,0,0,0,NA,133,173402,6341,0,0,0,0,0,NA,NA,NA,0,NA,NA,NA,NA,NA,NA,1.49762988188374,11
"7484","Stellako-Sockeye","Sockeye",1950,939117,77410,NA,NA,NA,NA,NA,NA,NA,NA,0,0,0,0,NA,4630,903768,30719,0,0,0,0,0,NA,NA,NA,0,NA,NA,NA,NA,NA,NA,2.4958241008686,11
"7485","Stellako-Sockeye","Sockeye",1951,455367,51413,NA,NA,NA,NA,NA,NA,NA,NA,0,0,0,0,NA,26,354049,101292,0,0,0,0,0,NA,NA,NA,0,NA,NA,NA,NA,NA,NA,2.18121262846528,11
"7486","Stellako-Sockeye","Sockeye",1952,110701,19920,NA,NA,NA,NA,NA,NA,NA,NA,0,0,0,0,NA,23,93984,16694,0,0,0,0,0,NA,NA,NA,0,NA,NA,NA,NA,NA,NA,1.71510862094101,11
"7487","Stellako-Sockeye","Sockeye",1953,174245,20388,NA,NA,NA,NA,NA,NA,NA,NA,0,0,0,0,NA,30,156192,18023,0,0,0,0,0,NA,NA,NA,0,NA,NA,NA,NA,NA,NA,2.14551586234655,11
"7488","Stellako-Sockeye","Sockeye",1954,1211299,72273,NA,NA,NA,NA,NA,NA,NA,NA,0,0,0,0,NA,3311,1140205,67783,0,0,0,0,0,NA,NA,NA,0,NA,NA,NA,NA,NA,NA,2.81899800102935,11
"7489","Stellako-Sockeye","Sockeye",1955,629796,29937,NA,NA,NA,NA,NA,NA,NA,NA,0,0,0,0,NA,28,602677,27091,0,0,0,0,0,NA,NA,NA,0,NA,NA,NA,NA,NA,NA,3.04630078385386,11
"7490","Stellako-Sockeye","Sockeye",1956,246735,21686,NA,NA,NA,NA,NA,NA,NA,NA,0,0,0,0,NA,92,220400,26243,0,0,0,0,0,NA,NA,NA,0,NA,NA,NA,NA,NA,NA,2.43164799514224,11
"7491","Stellako-Sockeye","Sockeye",1957,151843,18044,NA,NA,NA,NA,NA,NA,NA,NA,0,0,0,0,NA,8,143835,8000,0,0,0,0,0,NA,NA,NA,0,NA,NA,NA,NA,NA,NA,2.13003387275991,11
"7492","Stellako-Sockeye","Sockeye",1958,340460,61581,NA,NA,NA,NA,NA,NA,NA,NA,0,0,0,0,NA,1156,323089,16215,0,0,0,0,0,NA,NA,NA,0,NA,NA,NA,NA,NA,NA,1.70994426298327,11
"7493","Stellako-Sockeye","Sockeye",1959,541420,41872,NA,NA,NA,NA,NA,NA,NA,NA,0,0,0,0,NA,17,514918,26485,0,0,0,0,0,NA,NA,NA,0,NA,NA,NA,NA,NA,NA,2.55957797197349,11
"7494","Stellako-Sockeye","Sockeye",1960,164514,22718,NA,NA,NA,NA,NA,NA,NA,NA,0,0,0,0,NA,19,143340,21155,0,0,0,0,0,NA,NA,NA,0,NA,NA,NA,NA,NA,NA,1.97983811115783,11
"7495","Stellako-Sockeye","Sockeye",1961,147402,18136,NA,NA,NA,NA,NA,NA,NA,NA,0,0,0,0,NA,288,137046,10068,0,0,0,0,0,NA,NA,NA,0,NA,NA,NA,NA,NA,NA,2.09526463497899,11
"7496","Stellako-Sockeye","Sockeye",1962,589505,44532,NA,NA,NA,NA,NA,NA,NA,NA,0,0,0,0,NA,100,572029,17376,0,0,0,0,0,NA,NA,NA,0,NA,NA,NA,NA,NA,NA,2.5830751698392,11
"7497","Stellako-Sockeye","Sockeye",1963,727926,41535,NA,NA,NA,NA,NA,NA,NA,NA,0,0,0,0,NA,977,713487,13462,0,0,0,0,0,NA,NA,NA,0,NA,NA,NA,NA,NA,NA,2.86366294938746,11
"7498","Stellako-Sockeye","Sockeye",1964,177837,16161,NA,NA,NA,NA,NA,NA,NA,NA,0,0,0,0,NA,194,170674,6969,0,0,0,0,0,NA,NA,NA,0,NA,NA,NA,NA,NA,NA,2.39826646805133,11
"7499","Stellako-Sockeye","Sockeye",1965,243651,20479,NA,NA,NA,NA,NA,NA,NA,NA,0,0,0,0,NA,179,231100,12372,0,0,0,0,0,NA,NA,NA,0,NA,NA,NA,NA,NA,NA,2.47633690267481,11
"7500","Stellako-Sockeye","Sockeye",1966,359906,51509,NA,NA,NA,NA,NA,NA,NA,NA,0,0,0,0,NA,833,336316,22757,0,0,0,0,0,NA,NA,NA,0,NA,NA,NA,NA,NA,NA,1.94408633656063,11
"7501","Stellako-Sockeye","Sockeye",1967,550524,32467,NA,NA,NA,NA,NA,NA,NA,NA,0,0,0,0,NA,288,531886,18350,0,0,0,0,0,NA,NA,NA,0,NA,NA,NA,NA,NA,NA,2.83064636307454,11
"7502","Stellako-Sockeye","Sockeye",1968,129822,13680,NA,NA,NA,NA,NA,NA,NA,NA,0,0,0,0,NA,85,125900,3837,0,0,0,0,0,NA,NA,NA,0,NA,NA,NA,NA,NA,NA,2.25022936923894,11
"7503","Stellako-Sockeye","Sockeye",1969,253245,25629,NA,NA,NA,NA,NA,NA,NA,NA,0,0,0,0,NA,131,235729,17385,0,0,0,0,0,NA,NA,NA,0,NA,NA,NA,NA,NA,NA,2.29063287675968,11
"7504","Stellako-Sockeye","Sockeye",1970,234108,26727,NA,NA,NA,NA,NA,NA,NA,NA,0,0,0,0,NA,1170,228808,4130,0,0,0,0,0,NA,NA,NA,0,NA,NA,NA,NA,NA,NA,2.17010825693651,11
"7505","Stellako-Sockeye","Sockeye",1971,509267,20147,NA,NA,NA,NA,NA,NA,NA,NA,0,0,0,0,NA,496,508759,0,0,0,12,0,0,NA,NA,NA,0,NA,NA,NA,NA,NA,NA,3.2299170430411,11
"7506","Stellako-Sockeye","Sockeye",1972,756214,19938,NA,NA,NA,NA,NA,NA,NA,NA,0,0,0,0,NA,204,711226,44784,0,0,0,0,0,NA,NA,NA,0,NA,NA,NA,NA,NA,NA,3.63569694630568,11
"7507","Stellako-Sockeye","Sockeye",1973,85901,15424,NA,NA,NA,NA,NA,NA,NA,NA,0,0,0,0,NA,11,75813,10077,0,0,0,0,0,NA,NA,NA,0,NA,NA,NA,NA,NA,NA,1.7172707324978,11
"7508","Stellako-Sockeye","Sockeye",1974,303122,23718,NA,NA,NA,NA,NA,NA,NA,NA,0,0,0,0,NA,1823,281752,19534,0,0,13,0,0,NA,NA,NA,0,NA,NA,NA,NA,NA,NA,2.54790111119295,11
"7509","Stellako-Sockeye","Sockeye",1975,1904124,68451,NA,NA,NA,NA,NA,NA,NA,NA,0,0,0,0,NA,3852,1832708,64645,0,0,0,2919,0,NA,NA,NA,0,NA,NA,NA,NA,NA,NA,3.32565917844958,11
"7510","Stellako-Sockeye","Sockeye",1976,244357,63865,NA,NA,NA,NA,NA,NA,NA,NA,0,0,0,0,NA,150,216701,27506,0,0,0,0,0,NA,NA,NA,0,NA,NA,NA,NA,NA,NA,1.34185879024306,11
"7511","Stellako-Sockeye","Sockeye",1977,265700,10894,NA,NA,NA,NA,NA,NA,NA,NA,0,0,0,0,NA,74,209138,56488,0,0,0,0,0,NA,NA,NA,0,NA,NA,NA,NA,NA,NA,3.19415567380429,11
"7512","Stellako-Sockeye","Sockeye",1978,437405,32528,NA,NA,NA,NA,NA,NA,NA,NA,0,0,0,0,NA,860,388505,48040,0,0,0,0,0,NA,NA,NA,0,NA,NA,NA,NA,NA,NA,2.59875828247561,11
"7513","Stellako-Sockeye","Sockeye",1979,623924,152583,NA,NA,NA,NA,NA,NA,NA,NA,0,0,0,0,NA,31,478737,145156,0,0,0,0,0,NA,NA,NA,0,NA,NA,NA,NA,NA,NA,1.40831985579449,11
"7514","Stellako-Sockeye","Sockeye",1980,755406,28477,NA,NA,NA,NA,NA,NA,NA,NA,0,0,0,0,NA,207,535944,219255,0,0,0,0,0,NA,NA,NA,0,NA,NA,NA,NA,NA,NA,3.27815860914178,11
"7515","Stellako-Sockeye","Sockeye",1981,285898,12030,NA,NA,NA,NA,NA,NA,NA,NA,0,0,0,0,NA,28,234136,51734,0,0,0,0,0,NA,NA,NA,0,NA,NA,NA,NA,NA,NA,3.16823157386425,11
"7516","Stellako-Sockeye","Sockeye",1982,357773,34888,NA,NA,NA,NA,NA,NA,NA,NA,0,0,0,0,NA,1900,309369,46504,0,0,0,0,0,NA,NA,NA,0,NA,NA,NA,NA,NA,NA,2.32775577653534,11
"7517","Stellako-Sockeye","Sockeye",1983,1257480,61357,NA,NA,NA,NA,NA,NA,NA,NA,0,0,0,0,NA,1129,1097744,158607,0,0,0,0,0,NA,NA,NA,0,NA,NA,NA,NA,NA,NA,3.02015573319727,11
"7518","Stellako-Sockeye","Sockeye",1984,1011189,32672,NA,NA,NA,NA,NA,NA,NA,NA,0,0,0,0,NA,170,744589,266430,0,0,0,0,0,NA,NA,NA,0,NA,NA,NA,NA,NA,NA,3.43236370318661,11
"7519","Stellako-Sockeye","Sockeye",1985,128742,21969,NA,NA,NA,NA,NA,NA,NA,NA,0,0,0,0,NA,87,97659,30996,0,0,0,0,0,NA,NA,NA,0,NA,NA,NA,NA,NA,NA,1.76817803294396,11
"7520","Stellako-Sockeye","Sockeye",1986,561845,44564,NA,NA,NA,NA,NA,NA,NA,NA,0,0,0,0,NA,23,445398,116424,0,0,0,0,0,NA,NA,NA,0,NA,NA,NA,NA,NA,NA,2.53429965294487,11
"7521","Stellako-Sockeye","Sockeye",1987,435676,98179,NA,NA,NA,NA,NA,NA,NA,NA,0,0,0,0,NA,14,353471,82191,0,0,0,0,0,NA,NA,NA,0,NA,NA,NA,NA,NA,NA,1.49010650462876,11
"7522","Stellako-Sockeye","Sockeye",1988,991499,200537,NA,NA,NA,NA,NA,NA,NA,NA,0,0,0,0,NA,158,566227,425114,0,0,0,0,0,NA,NA,NA,0,NA,NA,NA,NA,NA,NA,1.59821917101164,11
"7523","Stellako-Sockeye","Sockeye",1989,222287,15903,NA,NA,NA,NA,NA,NA,NA,NA,0,0,0,0,NA,28,127212,95047,0,0,0,0,0,NA,NA,NA,0,NA,NA,NA,NA,NA,NA,2.63746156905421,11
"7524","Stellako-Sockeye","Sockeye",1990,951836,56537,NA,NA,NA,NA,NA,NA,NA,NA,0,0,0,0,NA,1145,861027,89664,0,0,0,0,0,NA,NA,NA,0,NA,NA,NA,NA,NA,NA,2.82349745996677,11
"7525","Stellako-Sockeye","Sockeye",1991,336569,54349,NA,NA,NA,NA,NA,NA,NA,NA,0,0,0,0,NA,259,299039,37271,0,0,0,0,0,NA,NA,NA,0,NA,NA,NA,NA,NA,NA,1.82337696593652,11
"7526","Stellako-Sockeye","Sockeye",1992,868461,55138,NA,NA,NA,NA,NA,NA,NA,NA,0,0,0,0,NA,275,734393,133793,0,0,0,0,0,NA,NA,NA,0,NA,NA,NA,NA,NA,NA,2.75688354603583,11
"7527","Stellako-Sockeye","Sockeye",1993,309844,42861,NA,NA,NA,NA,NA,NA,NA,NA,0,0,0,0,NA,13,68158,241673,0,0,0,0,0,NA,NA,NA,0,NA,NA,NA,NA,NA,NA,1.97810662346101,11
"7528","Stellako-Sockeye","Sockeye",1994,682889,63584,NA,NA,NA,NA,NA,NA,NA,NA,0,0,0,0,NA,127,593409,88649,0,0,0,704,0,NA,NA,NA,0,NA,NA,NA,NA,NA,NA,2.37397046169224,11
"7529","Stellako-Sockeye","Sockeye",1995,183959,41135,NA,NA,NA,NA,NA,NA,NA,NA,0,0,0,0,NA,75,127344,56540,0,0,0,0,0,NA,NA,NA,0,NA,NA,NA,NA,NA,NA,1.49785356607171,11
"7530","Stellako-Sockeye","Sockeye",1996,811994,167624,NA,NA,NA,NA,NA,NA,NA,NA,0,0,0,0,NA,16,635499,176479,0,0,0,0,0,NA,NA,NA,0,NA,NA,NA,NA,NA,NA,1.57776957508501,11
"7531","Stellako-Sockeye","Sockeye",1997,125173,23241,NA,NA,NA,NA,NA,NA,NA,NA,0,0,0,0,NA,0,68515,56658,0,0,0,0,0,NA,NA,NA,0,NA,NA,NA,NA,NA,NA,1.68377882013917,11
"7532","Stellako-Sockeye","Sockeye",1998,637997,96961,NA,NA,NA,NA,NA,NA,NA,NA,0,0,0,0,NA,73,504421,133503,0,0,0,0,0,NA,NA,NA,0,NA,NA,NA,NA,NA,NA,1.8840247453402,11
"7533","Stellako-Sockeye","Sockeye",1999,174462,66080,NA,NA,NA,NA,NA,NA,NA,NA,0,0,0,0,NA,0,143988,30474,0,0,0,0,0,NA,NA,NA,0,NA,NA,NA,NA,NA,NA,0.97084082367253,11
"7534","Stellako-Sockeye","Sockeye",2000,717671,195386,NA,NA,NA,NA,NA,NA,NA,NA,0,0,0,0,NA,0,647582,70089,0,0,0,0,0,NA,NA,NA,0,NA,NA,NA,NA,NA,NA,1.30103415762431,11
"7535","Stellako-Sockeye","Sockeye",2001,287128,61590,NA,NA,NA,NA,NA,NA,NA,NA,0,0,0,0,NA,0,203410,83718,0,0,0,0,0,NA,NA,NA,0,NA,NA,NA,NA,NA,NA,1.5394285896667,11
"7536","Stellako-Sockeye","Sockeye",2002,248375,177618,NA,NA,NA,NA,NA,NA,NA,NA,0,0,0,0,NA,47,224262,24066,0,0,0,0,0,NA,NA,NA,0,NA,NA,NA,NA,NA,NA,0.335304524098261,11
"7537","Stellako-Sockeye","Sockeye",2003,49132,43829,NA,NA,NA,NA,NA,NA,NA,NA,0,0,0,0,NA,5,34522,14605,0,0,0,0,0,NA,NA,NA,0,NA,NA,NA,NA,NA,NA,0.114214854929632,11
"7538","Stellako-Sockeye","Sockeye",2004,247010,53755,NA,NA,NA,NA,NA,NA,NA,NA,0,332,664,0,NA,153,213103,32647,0,0,0,111,0,NA,NA,NA,0,NA,NA,NA,NA,NA,NA,1.52499213570122,11
"7539","Stellako-Sockeye","Sockeye",2005,11511,102247,NA,NA,NA,NA,NA,NA,NA,NA,0,0,0,0,NA,12,6640,4859,0,0,0,0,0,NA,NA,NA,0,NA,NA,NA,NA,NA,NA,-2.18408835470626,11
"7540","Stellako-Sockeye","Sockeye",2006,471057,79834,NA,NA,NA,NA,NA,NA,NA,NA,0,111,0,0,NA,87,389229,81630,0,0,0,0,0,NA,NA,NA,0,NA,NA,NA,NA,NA,NA,1.77502962692379,11
"7541","Stellako-Sockeye","Sockeye",2007,138261,19626,NA,NA,NA,NA,NA,NA,NA,NA,0,0,0,0,NA,20,113525,24716,0,0,0,0,0,NA,NA,NA,0,NA,NA,NA,NA,NA,NA,1.95228798545655,11
"7542","Stellako-Sockeye","Sockeye",2008,274935,73798,NA,NA,NA,NA,NA,NA,NA,NA,0,0,0,0,NA,454,259917,14564,0,0,0,0,0,NA,NA,NA,0,NA,NA,NA,NA,NA,NA,1.31520307512372,11
"7543","Stellako-Sockeye","Sockeye",2009,202646,15770,NA,NA,NA,NA,NA,NA,NA,NA,0,0,0,0,NA,0,152682,49483,481,0,0,0,0,NA,NA,NA,0,NA,NA,NA,NA,NA,NA,2.55335121343923,11
"7544","Stellako-Sockeye","Sockeye",2010,1642195,109383,NA,NA,NA,NA,NA,NA,NA,NA,0,0,0,0,NA,12308,1500994,128893,0,0,0,0,0,NA,NA,NA,0,NA,NA,NA,NA,NA,NA,2.7089335557138,11
"7545","Stellako-Sockeye","Sockeye",2011,54886,25856,NA,NA,NA,NA,NA,NA,NA,NA,0,0,0,0,NA,0,42804,12082,0,0,0,0,0,NA,NA,NA,0,NA,NA,NA,NA,NA,NA,0.752715624548981,11
"7546","Stellako-Sockeye","Sockeye",2012,49420,50572,NA,NA,NA,NA,NA,NA,NA,NA,0,0,0,0,NA,50,42515,6855,0,0,0,0,0,NA,NA,NA,0,NA,NA,NA,NA,NA,NA,-0.0230428628891872,11
"7547","Stellako-Sockeye","Sockeye",2013,147642,54130,NA,NA,NA,NA,NA,NA,NA,NA,0,0,0,0,NA,188,109354,38100,0,0,0,0,0,NA,NA,NA,0,NA,NA,NA,NA,NA,NA,1.00340186372553,11
"7548","Stellako-Sockeye","Sockeye",2014,392474,240406,NA,NA,NA,NA,NA,NA,NA,NA,0,0,0,0,NA,393,360613,31468,0,NA,0,0,0,NA,NA,NA,0,NA,NA,NA,NA,NA,NA,0.490141132237887,11
"7549","Stellako-Sockeye","Sockeye",2015,73951,47613,NA,NA,NA,NA,NA,NA,NA,NA,0,0,0,0,NA,66,53124,20761,NA,NA,0,0,NA,NA,NA,NA,NA,NA,NA,NA,NA,NA,NA,0.440296878522287,11
"7550","Bowron-Sockeye","Sockeye",1948,80266,12826,NA,NA,NA,NA,NA,NA,NA,NA,0,0,0,NA,NA,0,80266,0,0,0,0,0,0,NA,NA,NA,0,NA,NA,NA,NA,NA,NA,1.83387175835755,12
"7551","Bowron-Sockeye","Sockeye",1949,62791,10744,NA,NA,NA,NA,NA,NA,NA,NA,0,0,0,0,NA,45,62746,0,0,0,0,0,0,NA,NA,NA,0,NA,NA,NA,NA,NA,NA,1.76546429188115,12
"7552","Bowron-Sockeye","Sockeye",1950,75548,7352,NA,NA,NA,NA,NA,NA,NA,NA,0,0,0,0,NA,550,65365,9633,0,0,0,0,0,NA,NA,NA,0,NA,NA,NA,NA,NA,NA,2.32979583078021,12
"7553","Bowron-Sockeye","Sockeye",1951,103821,10254,NA,NA,NA,NA,NA,NA,NA,NA,0,0,0,0,NA,378,103443,0,0,0,0,0,0,NA,NA,NA,0,NA,NA,NA,NA,NA,NA,2.31500038904667,12
"7554","Bowron-Sockeye","Sockeye",1952,43304,8632,NA,NA,NA,NA,NA,NA,NA,NA,0,0,0,0,NA,8,36992,6304,0,0,0,0,0,NA,NA,NA,0,NA,NA,NA,NA,NA,NA,1.61276878153884,12
"7555","Bowron-Sockeye","Sockeye",1953,75579,5741,NA,NA,NA,NA,NA,NA,NA,NA,0,0,0,0,NA,3,70599,4977,0,0,0,0,0,NA,NA,NA,0,NA,NA,NA,NA,NA,NA,2.57754505563482,12
"7556","Bowron-Sockeye","Sockeye",1954,66916,4566,NA,NA,NA,NA,NA,NA,NA,NA,0,0,0,0,NA,652,62971,3293,0,0,0,0,0,NA,NA,NA,0,NA,NA,NA,NA,NA,NA,2.68480055336143,12
"7557","Bowron-Sockeye","Sockeye",1955,96955,4472,NA,NA,NA,NA,NA,NA,NA,NA,0,0,0,0,NA,43,92623,4289,0,0,0,0,0,NA,NA,NA,0,NA,NA,NA,NA,NA,NA,3.07641121748178,12
"7558","Bowron-Sockeye","Sockeye",1956,38484,3639,NA,NA,NA,NA,NA,NA,NA,NA,0,0,0,0,NA,0,27586,10160,0,0,0,738,0,NA,NA,NA,0,NA,NA,NA,NA,NA,NA,2.358533651869,12
"7559","Bowron-Sockeye","Sockeye",1957,41966,6416,NA,NA,NA,NA,NA,NA,NA,NA,0,0,0,0,NA,0,41008,958,0,0,0,0,0,NA,NA,NA,0,NA,NA,NA,NA,NA,NA,1.87806489606829,12
"7560","Bowron-Sockeye","Sockeye",1958,18155,8308,NA,NA,NA,NA,NA,NA,NA,NA,0,0,0,0,NA,43,17945,167,0,0,0,0,0,NA,NA,NA,0,NA,NA,NA,NA,NA,NA,0.781727098852433,12
"7561","Bowron-Sockeye","Sockeye",1959,61865,14614,NA,NA,NA,NA,NA,NA,NA,NA,0,0,0,0,NA,11,56454,5400,0,0,0,0,0,NA,NA,NA,0,NA,NA,NA,NA,NA,NA,1.44297461829691,12
"7562","Bowron-Sockeye","Sockeye",1960,17733,3525,NA,NA,NA,NA,NA,NA,NA,NA,0,0,0,0,NA,4,17278,451,0,0,0,0,0,NA,NA,NA,0,NA,NA,NA,NA,NA,NA,1.61554687424611,12
"7563","Bowron-Sockeye","Sockeye",1961,28148,3680,NA,NA,NA,NA,NA,NA,NA,NA,0,0,0,0,NA,0,26835,1313,0,0,0,0,0,NA,NA,NA,0,NA,NA,NA,NA,NA,NA,2.03456355192346,12
"7564","Bowron-Sockeye","Sockeye",1962,21327,3219,NA,NA,NA,NA,NA,NA,NA,NA,0,0,0,0,NA,6,18822,2499,0,0,0,0,0,NA,NA,NA,0,NA,NA,NA,NA,NA,NA,1.89090312329878,12
"7565","Bowron-Sockeye","Sockeye",1963,214316,11467,NA,NA,NA,NA,NA,NA,NA,NA,0,0,0,0,NA,28,204973,9315,0,0,0,0,0,NA,NA,NA,0,NA,NA,NA,NA,NA,NA,2.92797821632554,12
"7566","Bowron-Sockeye","Sockeye",1964,27507,690,NA,NA,NA,NA,NA,NA,NA,NA,0,0,0,0,NA,0,25416,2091,0,0,0,0,0,NA,NA,NA,0,NA,NA,NA,NA,NA,NA,3.68550419912671,12
"7567","Bowron-Sockeye","Sockeye",1965,17849,1170,NA,NA,NA,NA,NA,NA,NA,NA,0,0,0,0,NA,50,16770,1029,0,0,0,0,0,NA,NA,NA,0,NA,NA,NA,NA,NA,NA,2.72494373543771,12
"7568","Bowron-Sockeye","Sockeye",1966,22249,1151,NA,NA,NA,NA,NA,NA,NA,NA,0,0,0,0,NA,0,21196,1053,0,0,0,0,0,NA,NA,NA,0,NA,NA,NA,NA,NA,NA,2.96166593404228,12
"7569","Bowron-Sockeye","Sockeye",1967,206494,13991,NA,NA,NA,NA,NA,NA,NA,NA,0,0,0,0,NA,124,193857,12513,0,0,0,0,0,NA,NA,NA,0,NA,NA,NA,NA,NA,NA,2.69185709053774,12
"7570","Bowron-Sockeye","Sockeye",1968,44642,1710,NA,NA,NA,NA,NA,NA,NA,NA,0,0,0,0,NA,0,37393,6150,0,0,0,1099,0,NA,NA,NA,0,NA,NA,NA,NA,NA,NA,3.26218174942225,12
"7571","Bowron-Sockeye","Sockeye",1969,17211,1936,NA,NA,NA,NA,NA,NA,NA,NA,0,0,0,0,NA,0,16003,1208,0,0,0,0,0,NA,NA,NA,0,NA,NA,NA,NA,NA,NA,2.18492472543346,12
"7572","Bowron-Sockeye","Sockeye",1970,16197,497,NA,NA,NA,NA,NA,NA,NA,NA,0,0,0,0,NA,371,15826,0,0,0,0,0,0,NA,NA,NA,0,NA,NA,NA,NA,NA,NA,3.48399129278977,12
"7573","Bowron-Sockeye","Sockeye",1971,124507,10761,NA,NA,NA,NA,NA,NA,NA,NA,0,0,0,0,NA,0,124161,346,0,0,0,0,0,NA,NA,NA,0,NA,NA,NA,NA,NA,NA,2.44843345200555,12
"7574","Bowron-Sockeye","Sockeye",1972,16971,1969,NA,NA,NA,NA,NA,NA,NA,NA,0,0,0,0,NA,0,16860,111,0,0,0,0,0,NA,NA,NA,0,NA,NA,NA,NA,NA,NA,2.15398020537214,12
"7575","Bowron-Sockeye","Sockeye",1973,10662,2012,NA,NA,NA,NA,NA,NA,NA,NA,0,0,0,0,NA,0,10538,124,0,0,0,0,0,NA,NA,NA,0,NA,NA,NA,NA,NA,NA,1.66755676616308,12
"7576","Bowron-Sockeye","Sockeye",1974,17431,1046,NA,NA,NA,NA,NA,NA,NA,NA,0,0,0,0,NA,0,15702,1729,0,0,0,0,0,NA,NA,NA,0,NA,NA,NA,NA,NA,NA,2.81327686459,12
"7577","Bowron-Sockeye","Sockeye",1975,122780,14735,NA,NA,NA,NA,NA,NA,NA,NA,0,0,0,0,NA,122,121742,634,0,0,0,282,0,NA,NA,NA,0,NA,NA,NA,NA,NA,NA,2.12016851980969,12
"7578","Bowron-Sockeye","Sockeye",1976,7112,1069,NA,NA,NA,NA,NA,NA,NA,NA,0,0,0,0,NA,0,7112,0,0,0,0,0,0,NA,NA,NA,0,NA,NA,NA,NA,NA,NA,1.8950598661687,12
"7579","Bowron-Sockeye","Sockeye",1977,15396,1214,NA,NA,NA,NA,NA,NA,NA,NA,0,0,0,0,NA,0,5875,9521,0,0,0,0,0,NA,NA,NA,0,NA,NA,NA,NA,NA,NA,2.54018704278419,12
"7580","Bowron-Sockeye","Sockeye",1978,40627,1678,NA,NA,NA,NA,NA,NA,NA,NA,0,0,0,0,NA,0,39903,724,0,0,0,0,0,NA,NA,NA,0,NA,NA,NA,NA,NA,NA,3.18683026216232,12
"7581","Bowron-Sockeye","Sockeye",1979,29984,16178,NA,NA,NA,NA,NA,NA,NA,NA,0,0,0,0,NA,0,15714,14270,0,0,0,0,0,NA,NA,NA,0,NA,NA,NA,NA,NA,NA,0.617011611460251,12
"7582","Bowron-Sockeye","Sockeye",1980,45170,1376,NA,NA,NA,NA,NA,NA,NA,NA,0,0,0,0,NA,0,39381,5789,0,0,0,0,0,NA,NA,NA,0,NA,NA,NA,NA,NA,NA,3.49125241015536,12
"7583","Bowron-Sockeye","Sockeye",1981,16532,562,NA,NA,NA,NA,NA,NA,NA,NA,0,0,0,0,NA,0,14724,1808,0,0,0,0,0,NA,NA,NA,0,NA,NA,NA,NA,NA,NA,3.38155132573793,12
"7584","Bowron-Sockeye","Sockeye",1982,5277,990,NA,NA,NA,NA,NA,NA,NA,NA,0,0,0,0,NA,0,3066,2211,0,0,0,0,0,NA,NA,NA,0,NA,NA,NA,NA,NA,NA,1.67340809027703,12
"7585","Bowron-Sockeye","Sockeye",1983,38556,3484,NA,NA,NA,NA,NA,NA,NA,NA,0,0,0,0,NA,17,36597,1535,0,0,0,407,0,NA,NA,NA,0,NA,NA,NA,NA,NA,NA,2.40393067093147,12
"7586","Bowron-Sockeye","Sockeye",1984,50603,4909,NA,NA,NA,NA,NA,NA,NA,NA,0,0,0,0,NA,12,44712,5879,0,0,0,0,0,NA,NA,NA,0,NA,NA,NA,NA,NA,NA,2.33294060799756,12
"7587","Bowron-Sockeye","Sockeye",1985,19177,3030,NA,NA,NA,NA,NA,NA,NA,NA,0,0,0,0,NA,0,16449,2728,0,0,0,0,0,NA,NA,NA,0,NA,NA,NA,NA,NA,NA,1.8451490247701,12
"7588","Bowron-Sockeye","Sockeye",1986,21198,1396,NA,NA,NA,NA,NA,NA,NA,NA,0,0,0,0,NA,0,20562,636,0,0,0,0,0,NA,NA,NA,0,NA,NA,NA,NA,NA,NA,2.72029583326488,12
"7589","Bowron-Sockeye","Sockeye",1987,22592,5660,NA,NA,NA,NA,NA,NA,NA,NA,0,0,0,0,NA,132,18171,4289,0,0,0,0,0,NA,NA,NA,0,NA,NA,NA,NA,NA,NA,1.38417196909574,12
"7590","Bowron-Sockeye","Sockeye",1988,13050,7405,NA,NA,NA,NA,NA,NA,NA,NA,0,0,0,0,NA,0,11669,1381,0,0,0,0,0,NA,NA,NA,0,NA,NA,NA,NA,NA,NA,0.56663268604894,12
"7591","Bowron-Sockeye","Sockeye",1989,12842,1367,NA,NA,NA,NA,NA,NA,NA,NA,0,0,0,0,NA,0,4945,7897,0,0,0,0,0,NA,NA,NA,0,NA,NA,NA,NA,NA,NA,2.24010249163004,12
"7592","Bowron-Sockeye","Sockeye",1990,31130,5065,NA,NA,NA,NA,NA,NA,NA,NA,0,0,0,0,NA,0,18847,12283,0,0,0,0,0,NA,NA,NA,0,NA,NA,NA,NA,NA,NA,1.81581784675287,12
"7593","Bowron-Sockeye","Sockeye",1991,48807,2460,NA,NA,NA,NA,NA,NA,NA,NA,0,0,0,0,NA,114,47542,1083,0,0,0,68,0,NA,NA,NA,0,NA,NA,NA,NA,NA,NA,2.98771239525087,12
"7594","Bowron-Sockeye","Sockeye",1992,12883,1117,NA,NA,NA,NA,NA,NA,NA,NA,0,0,0,0,NA,14,10556,2313,0,0,0,0,0,NA,NA,NA,0,NA,NA,NA,NA,NA,NA,2.44526209272232,12
"7595","Bowron-Sockeye","Sockeye",1993,20467,592,NA,NA,NA,NA,NA,NA,NA,NA,0,0,0,0,NA,0,16961,3506,0,0,0,0,0,NA,NA,NA,0,NA,NA,NA,NA,NA,NA,3.54306247709544,12
"7596","Bowron-Sockeye","Sockeye",1994,10849,1845,NA,NA,NA,NA,NA,NA,NA,NA,0,0,0,0,NA,0,6743,4106,0,0,0,0,0,NA,NA,NA,0,NA,NA,NA,NA,NA,NA,1.77159363234782,12
"7597","Bowron-Sockeye","Sockeye",1995,27391,13467,NA,NA,NA,NA,NA,NA,NA,NA,0,0,0,0,NA,40,25092,2259,0,0,0,0,0,NA,NA,NA,0,NA,NA,NA,NA,NA,NA,0.709972243815684,12
"7598","Bowron-Sockeye","Sockeye",1996,26776,4055,NA,NA,NA,NA,NA,NA,NA,NA,0,0,0,0,NA,0,20695,6081,0,0,0,0,0,NA,NA,NA,0,NA,NA,NA,NA,NA,NA,1.88755527634165,12
"7599","Bowron-Sockeye","Sockeye",1997,5024,2119,NA,NA,NA,NA,NA,NA,NA,NA,0,0,0,0,NA,0,1335,3689,0,0,0,0,0,NA,NA,NA,0,NA,NA,NA,NA,NA,NA,0.863282149879736,12
"7600","Bowron-Sockeye","Sockeye",1998,17001,2830,NA,NA,NA,NA,NA,NA,NA,NA,0,0,0,0,NA,0,11272,5729,0,0,0,0,0,NA,NA,NA,0,NA,NA,NA,NA,NA,NA,1.79299545420045,12
"7601","Bowron-Sockeye","Sockeye",1999,19734,3295,NA,NA,NA,NA,NA,NA,NA,NA,0,0,0,0,NA,0,19734,0,0,0,0,0,0,NA,NA,NA,0,NA,NA,NA,NA,NA,NA,1.7899368684805,12
"7602","Bowron-Sockeye","Sockeye",2000,25283,6720,NA,NA,NA,NA,NA,NA,NA,NA,0,0,0,0,NA,0,23887,1396,0,0,0,0,0,NA,NA,NA,0,NA,NA,NA,NA,NA,NA,1.32504407858884,12
"7603","Bowron-Sockeye","Sockeye",2001,6825,2752,NA,NA,NA,NA,NA,NA,NA,NA,0,0,0,0,NA,0,4433,2392,0,0,0,0,0,NA,NA,NA,0,NA,NA,NA,NA,NA,NA,0.908264420999926,12
"7604","Bowron-Sockeye","Sockeye",2002,7674,4505,NA,NA,NA,NA,NA,NA,NA,NA,0,0,0,0,NA,0,7279,395,0,0,0,0,0,NA,NA,NA,0,NA,NA,NA,NA,NA,NA,0.532650100764459,12
"7605","Bowron-Sockeye","Sockeye",2003,3822,3038,NA,NA,NA,NA,NA,NA,NA,NA,0,0,30,0,NA,0,3702,90,0,0,0,0,0,NA,NA,NA,0,NA,NA,NA,NA,NA,NA,0.2295744416445,12
"7606","Bowron-Sockeye","Sockeye",2004,6120,458,NA,NA,NA,NA,NA,NA,NA,NA,0,30,0,0,NA,0,3008,3082,0,0,0,0,0,NA,NA,NA,0,NA,NA,NA,NA,NA,NA,2.59244819139219,12
"7607","Bowron-Sockeye","Sockeye",2005,2259,866,NA,NA,NA,NA,NA,NA,NA,NA,0,0,0,0,NA,0,1876,383,0,0,0,0,0,NA,NA,NA,0,NA,NA,NA,NA,NA,NA,0.958792607905568,12
"7608","Bowron-Sockeye","Sockeye",2006,17563,636,NA,NA,NA,NA,NA,NA,NA,NA,0,0,128,0,NA,0,14800,2635,0,0,0,0,0,NA,NA,NA,0,NA,NA,NA,NA,NA,NA,3.31835113208161,12
"7609","Bowron-Sockeye","Sockeye",2007,8365,1075,NA,NA,NA,NA,NA,NA,NA,NA,0,0,0,0,NA,0,8345,20,0,0,0,0,0,NA,NA,NA,0,NA,NA,NA,NA,NA,NA,2.05173567285916,12
"7610","Bowron-Sockeye","Sockeye",2008,782,275,NA,NA,NA,NA,NA,NA,NA,NA,0,0,0,0,NA,0,234,548,0,0,0,0,0,NA,NA,NA,0,NA,NA,NA,NA,NA,NA,1.04508364287874,12
"7611","Bowron-Sockeye","Sockeye",2009,6112,843,NA,NA,NA,NA,NA,NA,NA,NA,0,0,0,0,NA,0,4971,1141,0,0,0,0,0,NA,NA,NA,0,NA,NA,NA,NA,NA,NA,1.9810423728445,12
"7612","Bowron-Sockeye","Sockeye",2010,24776,4095,NA,NA,NA,NA,NA,NA,NA,NA,0,37,0,0,NA,23,21678,3038,0,0,0,0,0,NA,NA,NA,0,NA,NA,NA,NA,NA,NA,1.80010872536587,12
"7613","Bowron-Sockeye","Sockeye",2011,5280,2037,NA,NA,NA,NA,NA,NA,NA,NA,0,0,0,0,NA,0,5187,93,0,0,0,0,0,NA,NA,NA,0,NA,NA,NA,NA,NA,NA,0.952447960473501,12
"7614","Bowron-Sockeye","Sockeye",2012,218,30,NA,NA,NA,NA,NA,NA,NA,NA,0,0,0,0,NA,32,186,0,0,0,0,0,0,NA,NA,NA,0,NA,NA,NA,NA,NA,NA,1.98329768112693,12
"7615","Bowron-Sockeye","Sockeye",2013,505,1924,NA,NA,NA,NA,NA,NA,NA,NA,0,0,0,0,NA,0,367,138,0,0,0,0,0,NA,NA,NA,0,NA,NA,NA,NA,NA,NA,-1.33760320195029,12
"7616","Bowron-Sockeye","Sockeye",2014,19505,6252,NA,NA,NA,NA,NA,NA,NA,NA,0,0,0,0,NA,0,19451,54,0,NA,0,0,0,NA,NA,NA,0,NA,NA,NA,NA,NA,NA,1.13776943039939,12
"7617","Bowron-Sockeye","Sockeye",2015,106,2211,NA,NA,NA,NA,NA,NA,NA,NA,0,0,0,0,NA,0,18,88,NA,NA,0,0,NA,NA,NA,NA,NA,NA,NA,NA,NA,NA,NA,-3.03776108674538,12
"7618","Raft-Sockeye","Sockeye",1948,63337,5524,NA,NA,NA,NA,NA,NA,NA,NA,0,0,0,NA,NA,0,62653,684,0,0,0,0,0,NA,NA,NA,0,NA,NA,NA,NA,NA,NA,2.43936744100634,13
"7619","Raft-Sockeye","Sockeye",1949,39626,2109,NA,NA,NA,NA,NA,NA,NA,NA,0,0,0,0,NA,0,36748,2878,0,0,0,0,0,NA,NA,NA,0,NA,NA,NA,NA,NA,NA,2.93327156697543,13
"7620","Raft-Sockeye","Sockeye",1950,45556,1917,NA,NA,NA,NA,NA,NA,NA,NA,0,0,0,0,NA,17,39549,5990,0,0,0,0,0,NA,NA,NA,0,NA,NA,NA,NA,NA,NA,3.1681808743486,13
"7621","Raft-Sockeye","Sockeye",1951,47653,3364,NA,NA,NA,NA,NA,NA,NA,NA,0,0,0,0,NA,8,34636,13009,0,0,0,0,0,NA,NA,NA,0,NA,NA,NA,NA,NA,NA,2.65081484508427,13
"7622","Raft-Sockeye","Sockeye",1952,51182,5116,NA,NA,NA,NA,NA,NA,NA,NA,0,0,0,0,NA,5,46167,5010,0,0,0,0,0,NA,NA,NA,0,NA,NA,NA,NA,NA,NA,2.30301502401628,13
"7623","Raft-Sockeye","Sockeye",1953,32124,3600,NA,NA,NA,NA,NA,NA,NA,NA,0,0,0,0,NA,0,30285,1839,0,0,0,0,0,NA,NA,NA,0,NA,NA,NA,NA,NA,NA,2.18866956886415,13
"7624","Raft-Sockeye","Sockeye",1954,50488,5352,NA,NA,NA,NA,NA,NA,NA,NA,0,0,0,0,NA,231,38964,11293,0,0,0,0,0,NA,NA,NA,0,NA,NA,NA,NA,NA,NA,2.24426536145601,13
"7625","Raft-Sockeye","Sockeye",1955,60522,2905,NA,NA,NA,NA,NA,NA,NA,NA,0,0,0,0,NA,7,52497,7860,0,0,0,158,0,NA,NA,NA,0,NA,NA,NA,NA,NA,NA,3.03657354499688,13
"7626","Raft-Sockeye","Sockeye",1956,27140,5179,NA,NA,NA,NA,NA,NA,NA,NA,0,0,0,0,NA,0,17335,8029,0,0,0,1776,0,NA,NA,NA,0,NA,NA,NA,NA,NA,NA,1.65639666696497,13
"7627","Raft-Sockeye","Sockeye",1957,21015,3314,NA,NA,NA,NA,NA,NA,NA,NA,0,0,0,0,NA,72,18932,2011,0,0,0,0,0,NA,NA,NA,0,NA,NA,NA,NA,NA,NA,1.84708054945271,13
"7628","Raft-Sockeye","Sockeye",1958,23143,6235,NA,NA,NA,NA,NA,NA,NA,NA,0,0,0,0,NA,23,22591,512,0,0,0,17,0,NA,NA,NA,0,NA,NA,NA,NA,NA,NA,1.31151377986553,13
"7629","Raft-Sockeye","Sockeye",1959,23614,5232,NA,NA,NA,NA,NA,NA,NA,NA,0,0,0,0,NA,0,20417,3167,0,0,0,30,0,NA,NA,NA,0,NA,NA,NA,NA,NA,NA,1.50704614233002,13
"7630","Raft-Sockeye","Sockeye",1960,16948,2252,NA,NA,NA,NA,NA,NA,NA,NA,0,0,0,0,NA,64,14715,2049,0,0,0,120,0,NA,NA,NA,0,NA,NA,NA,NA,NA,NA,2.01833112248687,13
"7631","Raft-Sockeye","Sockeye",1961,24325,3014,NA,NA,NA,NA,NA,NA,NA,NA,0,0,0,0,NA,32,22139,2154,0,0,0,0,0,NA,NA,NA,0,NA,NA,NA,NA,NA,NA,2.08823652786776,13
"7632","Raft-Sockeye","Sockeye",1962,40549,4197,NA,NA,NA,NA,NA,NA,NA,NA,0,0,0,0,NA,0,37568,2981,0,0,0,0,0,NA,NA,NA,0,NA,NA,NA,NA,NA,NA,2.26814113499343,13
"7633","Raft-Sockeye","Sockeye",1963,9817,2693,NA,NA,NA,NA,NA,NA,NA,NA,0,0,0,0,NA,18,9090,265,0,0,0,444,0,NA,NA,NA,0,NA,NA,NA,NA,NA,NA,1.29345976288092,13
"7634","Raft-Sockeye","Sockeye",1964,48724,2666,NA,NA,NA,NA,NA,NA,NA,NA,0,0,0,0,NA,81,40283,8228,0,0,0,132,0,NA,NA,NA,0,NA,NA,NA,NA,NA,NA,2.9055925000812,13
"7635","Raft-Sockeye","Sockeye",1965,20626,2669,NA,NA,NA,NA,NA,NA,NA,NA,0,0,0,0,NA,73,18867,1686,0,0,0,0,0,NA,NA,NA,0,NA,NA,NA,NA,NA,NA,2.04484854547149,13
"7636","Raft-Sockeye","Sockeye",1966,23539,2666,NA,NA,NA,NA,NA,NA,NA,NA,0,0,0,0,NA,320,20483,2736,0,0,0,0,0,NA,NA,NA,0,NA,NA,NA,NA,NA,NA,2.17807939828967,13
"7637","Raft-Sockeye","Sockeye",1967,9658,358,NA,NA,NA,NA,NA,NA,NA,NA,0,0,0,0,NA,37,8226,1395,0,0,0,0,0,NA,NA,NA,0,NA,NA,NA,NA,NA,NA,3.29500888003279,13
"7638","Raft-Sockeye","Sockeye",1968,106397,3455,NA,NA,NA,NA,NA,NA,NA,NA,0,0,0,0,NA,98,100888,5411,0,0,0,0,0,NA,NA,NA,0,NA,NA,NA,NA,NA,NA,3.42735492380169,13
"7639","Raft-Sockeye","Sockeye",1969,14370,2577,NA,NA,NA,NA,NA,NA,NA,NA,0,0,0,0,NA,381,10279,3710,0,0,0,0,0,NA,NA,NA,0,NA,NA,NA,NA,NA,NA,1.71851676842071,13
"7640","Raft-Sockeye","Sockeye",1970,8860,1205,NA,NA,NA,NA,NA,NA,NA,NA,0,0,0,0,NA,37,8300,523,0,0,0,0,0,NA,NA,NA,0,NA,NA,NA,NA,NA,NA,1.99506719767437,13
"7641","Raft-Sockeye","Sockeye",1971,12361,223,NA,NA,NA,NA,NA,NA,NA,NA,0,0,0,0,NA,33,9570,2116,0,0,0,642,0,NA,NA,NA,0,NA,NA,NA,NA,NA,NA,4.0151298624277,13
"7642","Raft-Sockeye","Sockeye",1972,57821,4507,NA,NA,NA,NA,NA,NA,NA,NA,0,0,0,0,NA,87,56973,761,0,0,0,0,0,NA,NA,NA,0,NA,NA,NA,NA,NA,NA,2.55172028778375,13
"7643","Raft-Sockeye","Sockeye",1973,9361,1345,NA,NA,NA,NA,NA,NA,NA,NA,0,0,0,0,NA,22,1616,7723,0,0,0,0,0,NA,NA,NA,0,NA,NA,NA,NA,NA,NA,1.94015810933581,13
"7644","Raft-Sockeye","Sockeye",1974,12223,1479,NA,NA,NA,NA,NA,NA,NA,NA,0,0,0,0,NA,206,11541,476,0,0,0,0,0,NA,NA,NA,0,NA,NA,NA,NA,NA,NA,2.11195323906646,13
"7645","Raft-Sockeye","Sockeye",1975,6716,1391,NA,NA,NA,NA,NA,NA,NA,NA,0,0,0,0,NA,7,5632,797,0,0,0,280,0,NA,NA,NA,0,NA,NA,NA,NA,NA,NA,1.57446982627399,13
"7646","Raft-Sockeye","Sockeye",1976,19926,3976,NA,NA,NA,NA,NA,NA,NA,NA,0,0,0,0,NA,56,18539,1331,0,0,0,0,0,NA,NA,NA,0,NA,NA,NA,NA,NA,NA,1.61174912282834,13
"7647","Raft-Sockeye","Sockeye",1977,6940,198,NA,NA,NA,NA,NA,NA,NA,NA,0,0,0,0,NA,0,2728,3189,0,0,0,0,1023,NA,NA,NA,0,NA,NA,NA,NA,NA,NA,3.55679002280631,13
"7648","Raft-Sockeye","Sockeye",1978,18748,1343,NA,NA,NA,NA,NA,NA,NA,NA,0,0,0,0,NA,253,11888,6562,0,0,0,45,0,NA,NA,NA,0,NA,NA,NA,NA,NA,NA,2.63618116251936,13
"7649","Raft-Sockeye","Sockeye",1979,3039,693,NA,NA,NA,NA,NA,NA,NA,NA,0,0,0,0,NA,0,1183,1856,0,0,0,0,0,NA,NA,NA,0,NA,NA,NA,NA,NA,NA,1.47825379372689,13
"7650","Raft-Sockeye","Sockeye",1980,51723,2056,NA,NA,NA,NA,NA,NA,NA,NA,0,0,0,0,NA,112,47827,3784,0,0,0,0,0,NA,NA,NA,0,NA,NA,NA,NA,NA,NA,3.22514020926891,13
"7651","Raft-Sockeye","Sockeye",1981,8639,312,NA,NA,NA,NA,NA,NA,NA,NA,0,0,0,0,NA,29,7366,1244,0,0,0,0,0,NA,NA,NA,0,NA,NA,NA,NA,NA,NA,3.3210389265494,13
"7652","Raft-Sockeye","Sockeye",1982,3770,1533,NA,NA,NA,NA,NA,NA,NA,NA,0,0,0,0,NA,0,2509,1233,0,0,0,28,0,NA,NA,NA,0,NA,NA,NA,NA,NA,NA,0.899848401570242,13
"7653","Raft-Sockeye","Sockeye",1983,5601,1821,NA,NA,NA,NA,NA,NA,NA,NA,0,0,0,0,NA,38,2855,1196,0,0,0,1512,0,NA,NA,NA,0,NA,NA,NA,NA,NA,NA,1.12355935248222,13
"7654","Raft-Sockeye","Sockeye",1984,47063,6701,NA,NA,NA,NA,NA,NA,NA,NA,0,0,0,0,NA,325,32692,14038,0,0,0,0,8,NA,NA,NA,0,NA,NA,NA,NA,NA,NA,1.94923036068263,13
"7655","Raft-Sockeye","Sockeye",1985,4533,1922,NA,NA,NA,NA,NA,NA,NA,NA,0,0,0,0,NA,7,2830,1591,0,0,0,105,0,NA,NA,NA,0,NA,NA,NA,NA,NA,NA,0.858017661410611,13
"7656","Raft-Sockeye","Sockeye",1986,3013,1080,NA,NA,NA,NA,NA,NA,NA,NA,0,0,0,0,NA,0,2902,111,0,0,0,0,0,NA,NA,NA,0,NA,NA,NA,NA,NA,NA,1.02597521901204,13
"7657","Raft-Sockeye","Sockeye",1987,3820,723,NA,NA,NA,NA,NA,NA,NA,NA,0,0,0,0,NA,0,1399,2421,0,0,0,0,0,NA,NA,NA,0,NA,NA,NA,NA,NA,NA,1.66459647944186,13
"7658","Raft-Sockeye","Sockeye",1988,50485,9207,NA,NA,NA,NA,NA,NA,NA,NA,0,0,0,0,NA,0,41783,8304,0,0,0,88,310,NA,NA,NA,0,NA,NA,NA,NA,NA,NA,1.70171219815058,13
"7659","Raft-Sockeye","Sockeye",1989,11299,925,NA,NA,NA,NA,NA,NA,NA,NA,0,0,0,0,NA,7,7357,3935,0,0,0,0,0,NA,NA,NA,0,NA,NA,NA,NA,NA,NA,2.50267576769682,13
"7660","Raft-Sockeye","Sockeye",1990,2544,412,NA,NA,NA,NA,NA,NA,NA,NA,0,0,0,0,NA,0,1610,934,0,0,0,0,0,NA,NA,NA,0,NA,NA,NA,NA,NA,NA,1.82046957511049,13
"7661","Raft-Sockeye","Sockeye",1991,1461,264,NA,NA,NA,NA,NA,NA,NA,NA,0,0,0,0,NA,0,908,553,0,0,0,0,0,NA,NA,NA,0,NA,NA,NA,NA,NA,NA,1.71092730860438,13
"7662","Raft-Sockeye","Sockeye",1992,67359,4112,NA,NA,NA,NA,NA,NA,NA,NA,0,0,0,0,NA,6,65321,2024,0,0,8,0,0,NA,NA,NA,0,NA,NA,NA,NA,NA,NA,2.79612699606531,13
"7663","Raft-Sockeye","Sockeye",1993,33598,2934,NA,NA,NA,NA,NA,NA,NA,NA,0,0,0,0,NA,24,22386,10727,0,0,0,65,396,NA,NA,NA,0,NA,NA,NA,NA,NA,NA,2.43809986166723,13
"7664","Raft-Sockeye","Sockeye",1994,28472,800,NA,NA,NA,NA,NA,NA,NA,NA,0,0,0,0,NA,0,4738,22745,0,0,0,989,0,NA,NA,NA,0,NA,NA,NA,NA,NA,NA,3.5720646995221,13
"7665","Raft-Sockeye","Sockeye",1995,27270,682,NA,NA,NA,NA,NA,NA,NA,NA,0,0,0,0,NA,41,22745,4484,0,0,0,0,0,NA,NA,NA,0,NA,NA,NA,NA,NA,NA,3.68851281799617,13
"7666","Raft-Sockeye","Sockeye",1996,112592,21381,NA,NA,NA,NA,NA,NA,NA,NA,0,593,0,0,NA,0,89315,22684,0,0,0,0,0,NA,NA,NA,0,NA,NA,NA,NA,NA,NA,1.66126798803635,13
"7667","Raft-Sockeye","Sockeye",1997,51264,2367,NA,NA,NA,NA,NA,NA,NA,NA,0,0,0,0,NA,0,25983,25281,0,0,0,0,0,NA,NA,NA,0,NA,NA,NA,NA,NA,NA,3.07536542091405,13
"7668","Raft-Sockeye","Sockeye",1998,16238,3585,NA,NA,NA,NA,NA,NA,NA,NA,0,0,0,0,NA,8,4905,11325,0,0,0,0,0,NA,NA,NA,0,NA,NA,NA,NA,NA,NA,1.51059570038867,13
"7669","Raft-Sockeye","Sockeye",1999,61149,3499,NA,NA,NA,NA,NA,NA,NA,NA,0,0,0,0,NA,92,26426,34631,0,0,0,0,0,NA,NA,NA,0,NA,NA,NA,NA,NA,NA,2.86083629538415,13
"7670","Raft-Sockeye","Sockeye",2000,115396,27668,NA,NA,NA,NA,NA,NA,NA,NA,0,0,0,0,NA,53,107671,7672,0,0,0,0,0,NA,NA,NA,0,NA,NA,NA,NA,NA,NA,1.42809318068986,13
"7671","Raft-Sockeye","Sockeye",2001,96695,16025,NA,NA,NA,NA,NA,NA,NA,NA,0,630,365,0,NA,0,79275,16425,0,0,0,0,0,NA,NA,NA,0,NA,NA,NA,NA,NA,NA,1.79741169200753,13
"7672","Raft-Sockeye","Sockeye",2002,42833,8402,NA,NA,NA,NA,NA,NA,NA,NA,0,0,0,0,NA,45,21369,21419,0,0,0,0,0,NA,NA,NA,0,NA,NA,NA,NA,NA,NA,1.62883906078853,13
"7673","Raft-Sockeye","Sockeye",2003,8475,4890,NA,NA,NA,NA,NA,NA,NA,NA,0,0,106,0,NA,0,2439,5930,0,0,0,0,0,NA,NA,NA,0,NA,NA,NA,NA,NA,NA,0.549928349779733,13
"7674","Raft-Sockeye","Sockeye",2004,51235,3244,NA,NA,NA,NA,NA,NA,NA,NA,0,1272,1779,0,NA,4,39136,8849,0,0,0,195,0,NA,NA,NA,0,NA,NA,NA,NA,NA,NA,2.75961575599851,13
"7675","Raft-Sockeye","Sockeye",2005,9093,16967,NA,NA,NA,NA,NA,NA,NA,NA,0,198,0,0,NA,0,6441,2454,0,0,0,0,0,NA,NA,NA,0,NA,NA,NA,NA,NA,NA,-0.623765394317027,13
"7676","Raft-Sockeye","Sockeye",2006,17318,3442,NA,NA,NA,NA,NA,NA,NA,NA,0,130,359,0,NA,0,7183,9646,0,0,0,0,0,NA,NA,NA,0,NA,NA,NA,NA,NA,NA,1.61569372523626,13
"7677","Raft-Sockeye","Sockeye",2007,10715,8064,NA,NA,NA,NA,NA,NA,NA,NA,0,0,0,0,NA,0,6253,4462,0,0,0,0,0,NA,NA,NA,0,NA,NA,NA,NA,NA,NA,0.284234917596528,13
"7678","Raft-Sockeye","Sockeye",2008,18578,3562,NA,NA,NA,NA,NA,NA,NA,NA,0,0,0,0,NA,2,14908,3668,0,0,0,0,0,NA,NA,NA,0,NA,NA,NA,NA,NA,NA,1.65165590009786,13
"7679","Raft-Sockeye","Sockeye",2009,35114,6039,NA,NA,NA,NA,NA,NA,NA,NA,0,0,0,0,NA,5,20120,14989,0,0,0,0,0,NA,NA,NA,0,NA,NA,NA,NA,NA,NA,1.76036147602125,13
"7680","Raft-Sockeye","Sockeye",2010,43560,2389,NA,NA,NA,NA,NA,NA,NA,NA,0,0,0,0,NA,26,37692,5842,0,0,0,0,0,NA,NA,NA,0,NA,NA,NA,NA,NA,NA,2.90326442972109,13
"7681","Raft-Sockeye","Sockeye",2011,23289,4430,NA,NA,NA,NA,NA,NA,NA,NA,0,0,0,0,NA,29,17922,5338,0,0,0,0,0,NA,NA,NA,0,NA,NA,NA,NA,NA,NA,1.65958156203461,13
"7682","Raft-Sockeye","Sockeye",2012,21033,1710,NA,NA,NA,NA,NA,NA,NA,NA,0,0,0,0,NA,0,16751,4282,0,0,0,0,0,NA,NA,NA,0,NA,NA,NA,NA,NA,NA,2.50959926237837,13
"7683","Raft-Sockeye","Sockeye",2013,5311,9045,NA,NA,NA,NA,NA,NA,NA,NA,0,0,0,0,NA,4,2785,2522,0,0,0,0,0,NA,NA,NA,0,NA,NA,NA,NA,NA,NA,-0.532431977406996,13
"7684","Raft-Sockeye","Sockeye",2014,12125,9471,NA,NA,NA,NA,NA,NA,NA,NA,0,0,0,0,NA,3,11188,934,0,NA,0,0,0,NA,NA,NA,0,NA,NA,NA,NA,NA,NA,0.247034938579583,13
"7685","Raft-Sockeye","Sockeye",2015,1612,8794,NA,NA,NA,NA,NA,NA,NA,NA,0,0,0,0,NA,0,738,874,NA,NA,0,0,NA,NA,NA,NA,NA,NA,NA,NA,NA,NA,NA,-1.69659402667418,13
"7686","Quesnel-Sockeye","Sockeye",1948,618,48,NA,NA,NA,NA,NA,NA,NA,NA,0,0,0,NA,NA,0,618,0,0,0,0,0,0,NA,NA,NA,0,NA,NA,NA,NA,NA,NA,2.5552874465498,14
"7687","Quesnel-Sockeye","Sockeye",1949,486378,19210,NA,NA,NA,NA,NA,NA,NA,NA,0,514,0,0,NA,22455,463409,0,0,0,0,0,0,NA,NA,NA,0,NA,NA,NA,NA,NA,NA,3.23155512258541,14
"7688","Quesnel-Sockeye","Sockeye",1950,2048,264,NA,NA,NA,NA,NA,NA,NA,NA,0,0,0,0,NA,34,2014,0,0,0,0,0,0,NA,NA,NA,0,NA,NA,NA,NA,NA,NA,2.04866988301308,14
"7689","Quesnel-Sockeye","Sockeye",1951,413,9,NA,NA,NA,NA,NA,NA,NA,NA,0,0,0,0,NA,0,413,0,0,0,0,0,0,NA,NA,NA,0,NA,NA,NA,NA,NA,NA,3.82622301562481,14
"7690","Quesnel-Sockeye","Sockeye",1952,562,51,NA,NA,NA,NA,NA,NA,NA,NA,0,0,0,0,NA,0,562,0,0,0,0,0,0,NA,NA,NA,0,NA,NA,NA,NA,NA,NA,2.39967621716937,14
"7691","Quesnel-Sockeye","Sockeye",1953,610245,47564,NA,NA,NA,NA,NA,NA,NA,NA,0,0,0,0,NA,5902,604123,220,0,0,0,0,0,NA,NA,NA,0,NA,NA,NA,NA,NA,NA,2.5517843433008,14
"7692","Quesnel-Sockeye","Sockeye",1954,10692,146,NA,NA,NA,NA,NA,NA,NA,NA,0,0,0,0,NA,0,10692,0,0,0,0,0,0,NA,NA,NA,0,NA,NA,NA,NA,NA,NA,4.29364445555047,14
"7693","Quesnel-Sockeye","Sockeye",1955,180,30,NA,NA,NA,NA,NA,NA,NA,NA,0,0,0,0,NA,0,180,0,0,0,0,0,0,NA,NA,NA,0,NA,NA,NA,NA,NA,NA,1.79175946922805,14
"7694","Quesnel-Sockeye","Sockeye",1956,1133,39,NA,NA,NA,NA,NA,NA,NA,NA,0,0,0,0,NA,18,1115,0,0,0,0,0,0,NA,NA,NA,0,NA,NA,NA,NA,NA,NA,3.36906261489836,14
"7695","Quesnel-Sockeye","Sockeye",1957,999533,132852,NA,NA,NA,NA,NA,NA,NA,NA,0,1420,0,0,NA,8359,989580,144,0,0,0,30,0,NA,NA,NA,0,NA,NA,NA,NA,NA,NA,2.01805244323835,14
"7696","Quesnel-Sockeye","Sockeye",1958,3412,1269,NA,NA,NA,NA,NA,NA,NA,NA,0,0,0,0,NA,27,3362,23,0,0,0,0,0,NA,NA,NA,0,NA,NA,NA,NA,NA,NA,0.989069440897182,14
"7697","Quesnel-Sockeye","Sockeye",1959,165,29,NA,NA,NA,NA,NA,NA,NA,NA,0,0,0,0,NA,0,165,0,0,0,0,0,0,NA,NA,NA,0,NA,NA,NA,NA,NA,NA,1.73864964391411,14
"7698","Quesnel-Sockeye","Sockeye",1960,1475,123,NA,NA,NA,NA,NA,NA,NA,NA,0,0,0,0,NA,6,1469,0,0,0,0,0,0,NA,NA,NA,0,NA,NA,NA,NA,NA,NA,2.4842289134015,14
"7699","Quesnel-Sockeye","Sockeye",1961,1240890,70000,NA,NA,NA,NA,NA,NA,NA,NA,0,0,0,0,NA,44481,1195807,509,0,0,0,93,0,NA,NA,NA,0,NA,NA,NA,NA,NA,NA,2.87508890103165,14
"7700","Quesnel-Sockeye","Sockeye",1962,7287,566,NA,NA,NA,NA,NA,NA,NA,NA,0,0,0,0,NA,30,7257,0,0,0,0,0,0,NA,NA,NA,0,NA,NA,NA,NA,NA,NA,2.5552531394671,14
"7701","Quesnel-Sockeye","Sockeye",1963,956,40,NA,NA,NA,NA,NA,NA,NA,NA,0,0,0,0,NA,0,956,0,0,0,0,0,0,NA,NA,NA,0,NA,NA,NA,NA,NA,NA,3.17387845893747,14
"7702","Quesnel-Sockeye","Sockeye",1964,2812,159,NA,NA,NA,NA,NA,NA,NA,NA,0,0,0,0,NA,0,2812,0,0,0,0,0,0,NA,NA,NA,0,NA,NA,NA,NA,NA,NA,2.87274705071032,14
"7703","Quesnel-Sockeye","Sockeye",1965,1667172,105393,NA,NA,NA,NA,NA,NA,NA,NA,0,0,0,0,NA,14161,1652107,821,0,0,0,83,0,NA,NA,NA,0,NA,NA,NA,NA,NA,NA,2.76118783655276,14
"7704","Quesnel-Sockeye","Sockeye",1966,7462,1040,NA,NA,NA,NA,NA,NA,NA,NA,0,0,0,0,NA,28,7038,396,0,0,0,0,0,NA,NA,NA,0,NA,NA,NA,NA,NA,NA,1.97060276164568,14
"7705","Quesnel-Sockeye","Sockeye",1967,1761,24,NA,NA,NA,NA,NA,NA,NA,NA,0,0,0,0,NA,11,1750,0,0,0,0,0,0,NA,NA,NA,0,NA,NA,NA,NA,NA,NA,4.29558327814826,14
"7706","Quesnel-Sockeye","Sockeye",1968,428,333,NA,NA,NA,NA,NA,NA,NA,NA,0,0,0,0,NA,0,428,0,0,0,0,0,0,NA,NA,NA,0,NA,NA,NA,NA,NA,NA,0.250980705601353,14
"7707","Quesnel-Sockeye","Sockeye",1969,1640832,76565,NA,NA,NA,NA,NA,NA,NA,NA,0,69,0,0,NA,6413,1626582,7768,0,0,0,0,0,NA,NA,NA,0,NA,NA,NA,NA,NA,NA,3.06481865598244,14
"7708","Quesnel-Sockeye","Sockeye",1970,20339,388,NA,NA,NA,NA,NA,NA,NA,NA,0,0,0,0,NA,0,20339,0,0,0,0,0,0,NA,NA,NA,0,NA,NA,NA,NA,NA,NA,3.95929016456222,14
"7709","Quesnel-Sockeye","Sockeye",1971,747,16,NA,NA,NA,NA,NA,NA,NA,NA,0,0,0,0,NA,0,747,0,0,0,0,0,0,NA,NA,NA,0,NA,NA,NA,NA,NA,NA,3.84347646289304,14
"7710","Quesnel-Sockeye","Sockeye",1972,865,46,NA,NA,NA,NA,NA,NA,NA,NA,0,0,0,0,NA,9,856,0,0,0,0,0,0,NA,NA,NA,0,NA,NA,NA,NA,NA,NA,2.93408811044278,14
"7711","Quesnel-Sockeye","Sockeye",1973,2336434,112414,NA,NA,NA,NA,NA,NA,NA,NA,0,527,0,0,NA,5114,2326864,3929,0,0,0,0,0,NA,NA,NA,0,NA,NA,NA,NA,NA,NA,3.03419262949958,14
"7712","Quesnel-Sockeye","Sockeye",1974,31024,2587,NA,NA,NA,NA,NA,NA,NA,NA,0,0,0,0,NA,21,29304,1570,0,0,0,129,0,NA,NA,NA,0,NA,NA,NA,NA,NA,NA,2.4842621952964,14
"7713","Quesnel-Sockeye","Sockeye",1975,1865,105,NA,NA,NA,NA,NA,NA,NA,NA,0,0,0,0,NA,0,1865,0,0,0,0,0,0,NA,NA,NA,0,NA,NA,NA,NA,NA,NA,2.87705598192039,14
"7714","Quesnel-Sockeye","Sockeye",1976,1233,209,NA,NA,NA,NA,NA,NA,NA,NA,0,0,0,0,NA,0,1233,0,0,0,0,0,0,NA,NA,NA,0,NA,NA,NA,NA,NA,NA,1.77487125119953,14
"7715","Quesnel-Sockeye","Sockeye",1977,3878522,160717,NA,NA,NA,NA,NA,NA,NA,NA,0,0,0,0,NA,8446,3810786,54029,0,0,0,5261,0,NA,NA,NA,0,NA,NA,NA,NA,NA,NA,3.18356437788135,14
"7716","Quesnel-Sockeye","Sockeye",1978,196724,4349,NA,NA,NA,NA,NA,NA,NA,NA,0,0,0,0,NA,142,186073,10473,0,0,0,36,0,NA,NA,NA,0,NA,NA,NA,NA,NA,NA,3.8118557975546,14
"7717","Quesnel-Sockeye","Sockeye",1979,6011,238,NA,NA,NA,NA,NA,NA,NA,NA,0,0,0,0,NA,0,2103,3908,0,0,0,0,0,NA,NA,NA,0,NA,NA,NA,NA,NA,NA,3.22907572936769,14
"7718","Quesnel-Sockeye","Sockeye",1980,2446,98,NA,NA,NA,NA,NA,NA,NA,NA,0,0,0,0,NA,0,2446,0,0,0,0,0,0,NA,NA,NA,0,NA,NA,NA,NA,NA,NA,3.21724183757655,14
"7719","Quesnel-Sockeye","Sockeye",1981,9786652,332290,NA,NA,NA,NA,NA,NA,NA,NA,0,0,0,0,NA,19608,9553856,213188,0,0,0,0,0,NA,NA,NA,0,NA,NA,NA,NA,NA,NA,3.38276661380308,14
"7720","Quesnel-Sockeye","Sockeye",1982,555542,20054,NA,NA,NA,NA,NA,NA,NA,NA,0,0,0,0,NA,0,499074,56312,0,0,0,0,156,NA,NA,NA,0,NA,NA,NA,NA,NA,NA,3.3215155786806,14
"7721","Quesnel-Sockeye","Sockeye",1983,40412,1098,NA,NA,NA,NA,NA,NA,NA,NA,0,0,0,0,NA,33,31515,8864,0,0,0,0,0,NA,NA,NA,0,NA,NA,NA,NA,NA,NA,3.60563642747815,14
"7722","Quesnel-Sockeye","Sockeye",1984,6953,551,NA,NA,NA,NA,NA,NA,NA,NA,0,0,0,0,NA,85,6868,0,0,0,0,0,0,NA,NA,NA,0,NA,NA,NA,NA,NA,NA,2.5351936909461,14
"7723","Quesnel-Sockeye","Sockeye",1985,12545239,692799,NA,NA,NA,NA,NA,NA,NA,NA,0,2870,23700,0,NA,28135,12137664,334171,0,0,0,17706,993,NA,NA,NA,0,NA,NA,NA,NA,NA,NA,2.89635659620478,14
"7724","Quesnel-Sockeye","Sockeye",1986,2532784,94792,NA,NA,NA,NA,NA,NA,NA,NA,0,0,0,0,NA,41,2364628,168115,0,0,0,0,0,NA,NA,NA,0,NA,NA,NA,NA,NA,NA,3.28538935447296,14
"7725","Quesnel-Sockeye","Sockeye",1987,176592,11238,NA,NA,NA,NA,NA,NA,NA,NA,0,0,0,0,NA,11,119437,57144,0,0,0,0,0,NA,NA,NA,0,NA,NA,NA,NA,NA,NA,2.75454109434052,14
"7726","Quesnel-Sockeye","Sockeye",1988,26342,4185,NA,NA,NA,NA,NA,NA,NA,NA,0,0,0,0,NA,0,26342,0,0,0,0,0,0,NA,NA,NA,0,NA,NA,NA,NA,NA,NA,1.83965791963542,14
"7727","Quesnel-Sockeye","Sockeye",1989,10641495,940432,NA,NA,NA,NA,NA,NA,NA,NA,0,2122,0,0,NA,10417,10339444,280053,0,0,51,9408,0,NA,NA,NA,0,NA,NA,NA,NA,NA,NA,2.42617691638404,14
"7728","Quesnel-Sockeye","Sockeye",1990,3283634,259218,NA,NA,NA,NA,NA,NA,NA,NA,0,0,0,0,NA,585,2946813,336236,0,0,0,0,0,NA,NA,NA,0,NA,NA,NA,NA,NA,NA,2.53903660839807,14
"7729","Quesnel-Sockeye","Sockeye",1991,151175,24861,NA,NA,NA,NA,NA,NA,NA,NA,0,0,0,0,NA,26,100196,50671,0,0,0,282,0,NA,NA,NA,0,NA,NA,NA,NA,NA,NA,1.80513779562426,14
"7730","Quesnel-Sockeye","Sockeye",1992,29214,3046,NA,NA,NA,NA,NA,NA,NA,NA,0,0,0,0,NA,1,29213,0,0,0,0,0,0,NA,NA,NA,0,NA,NA,NA,NA,NA,NA,2.26081879195565,14
"7731","Quesnel-Sockeye","Sockeye",1993,6851040,1507350,NA,NA,NA,NA,NA,NA,NA,NA,0,282,0,0,NA,1642,6446036,398551,0,0,0,4529,0,NA,NA,NA,0,NA,NA,NA,NA,NA,NA,1.51404732338649,14
"7732","Quesnel-Sockeye","Sockeye",1994,2477091,356251,NA,NA,NA,NA,NA,NA,NA,NA,0,0,0,0,NA,248,2263471,212902,0,0,0,470,0,NA,NA,NA,0,NA,NA,NA,NA,NA,NA,1.93920462820758,14
"7733","Quesnel-Sockeye","Sockeye",1995,167306,116867,NA,NA,NA,NA,NA,NA,NA,NA,0,0,0,0,NA,0,119078,48228,0,0,0,0,0,NA,NA,NA,0,NA,NA,NA,NA,NA,NA,0.358787934999326,14
"7734","Quesnel-Sockeye","Sockeye",1996,90690,21719,NA,NA,NA,NA,NA,NA,NA,NA,0,0,0,0,NA,0,67906,19609,0,0,0,3175,0,NA,NA,NA,0,NA,NA,NA,NA,NA,NA,1.42925964396929,14
"7735","Quesnel-Sockeye","Sockeye",1997,4692773,904914,NA,NA,NA,NA,NA,NA,NA,NA,0,1589,0,0,NA,79,4358762,318446,0,0,0,13897,0,NA,NA,NA,0,NA,NA,NA,NA,NA,NA,1.64593903315171,14
"7736","Quesnel-Sockeye","Sockeye",1998,4739875,534532,NA,NA,NA,NA,NA,NA,NA,NA,0,0,0,0,NA,56,4467804,272015,0,0,0,0,0,NA,NA,NA,0,NA,NA,NA,NA,NA,NA,2.18237444532387,14
"7737","Quesnel-Sockeye","Sockeye",1999,810586,106908,NA,NA,NA,NA,NA,NA,NA,NA,0,0,0,0,NA,0,581976,228610,0,0,0,0,0,NA,NA,NA,0,NA,NA,NA,NA,NA,NA,2.02578879136139,14
"7738","Quesnel-Sockeye","Sockeye",2000,53810,37163,NA,NA,NA,NA,NA,NA,NA,NA,0,0,0,0,NA,0,38143,15667,0,0,0,0,0,NA,NA,NA,0,NA,NA,NA,NA,NA,NA,0.370145680844481,14
"7739","Quesnel-Sockeye","Sockeye",2001,3701006,1740454,NA,NA,NA,NA,NA,NA,NA,NA,0,4927,0,0,NA,42,3576455,115416,0,0,0,4166,0,NA,NA,NA,0,NA,NA,NA,NA,NA,NA,0.754458675853085,14
"7740","Quesnel-Sockeye","Sockeye",2002,640265,1312599,NA,NA,NA,NA,NA,NA,NA,NA,0,0,0,0,NA,38,603583,36207,0,0,0,437,0,NA,NA,NA,0,NA,NA,NA,NA,NA,NA,-0.717882267039119,14
"7741","Quesnel-Sockeye","Sockeye",2003,143876,148235,NA,NA,NA,NA,NA,NA,NA,NA,0,0,0,0,NA,0,82424,60604,0,0,0,848,0,NA,NA,NA,0,NA,NA,NA,NA,NA,NA,-0.0298470348245628,14
"7742","Quesnel-Sockeye","Sockeye",2004,12695,6629,NA,NA,NA,NA,NA,NA,NA,NA,0,0,164,0,NA,0,6545,5986,0,0,0,0,0,NA,NA,NA,0,NA,NA,NA,NA,NA,NA,0.649754251897387,14
"7743","Quesnel-Sockeye","Sockeye",2005,209440,772179,NA,NA,NA,NA,NA,NA,NA,NA,0,0,0,0,NA,0,198055,8017,511,0,11,2646,200,NA,NA,NA,0,NA,NA,NA,NA,NA,NA,-1.30477908627156,14
"7744","Quesnel-Sockeye","Sockeye",2006,646323,90069,NA,NA,NA,NA,NA,NA,NA,NA,0,234,0,0,NA,56,598192,47841,0,0,0,0,0,NA,NA,NA,0,NA,NA,NA,NA,NA,NA,1.97072333556609,14
"7745","Quesnel-Sockeye","Sockeye",2007,73622,33601,NA,NA,NA,NA,NA,NA,NA,NA,0,0,0,0,NA,21,72938,648,0,0,0,15,0,NA,NA,NA,0,NA,NA,NA,NA,NA,NA,0.784388065681662,14
"7746","Quesnel-Sockeye","Sockeye",2008,7570,2473,NA,NA,NA,NA,NA,NA,NA,NA,0,0,0,0,NA,0,727,6536,0,0,0,307,0,NA,NA,NA,0,NA,NA,NA,NA,NA,NA,1.11876107891008,14
"7747","Quesnel-Sockeye","Sockeye",2009,318507,82781,NA,NA,NA,NA,NA,NA,NA,NA,0,0,137,0,NA,19,296451,21900,0,0,0,0,0,NA,NA,NA,0,NA,NA,NA,NA,NA,NA,1.34744588633245,14
"7748","Quesnel-Sockeye","Sockeye",2010,2531721,131545,NA,NA,NA,NA,NA,NA,NA,NA,0,0,0,0,NA,2958,2497652,30937,0,0,46,128,0,NA,NA,NA,0,NA,NA,NA,NA,NA,NA,2.95730558921716,14
"7749","Quesnel-Sockeye","Sockeye",2011,39948,16936,NA,NA,NA,NA,NA,NA,NA,NA,0,0,0,0,NA,31,35995,3922,0,0,0,0,0,NA,NA,NA,0,NA,NA,NA,NA,NA,NA,0.858137074548324,14
"7750","Quesnel-Sockeye","Sockeye",2012,2644,97,NA,NA,NA,NA,NA,NA,NA,NA,0,0,0,0,NA,1,358,2285,0,0,0,0,0,NA,NA,NA,0,NA,NA,NA,NA,NA,NA,3.30533722246819,14
"7751","Quesnel-Sockeye","Sockeye",2013,150184,93727,NA,NA,NA,NA,NA,NA,NA,NA,0,0,0,0,NA,287,141418,8479,0,0,0,0,0,NA,NA,NA,0,NA,NA,NA,NA,NA,NA,0.471474907604019,14
"7752","Quesnel-Sockeye","Sockeye",2014,2172602,430821,NA,NA,NA,NA,NA,NA,NA,NA,0,0,0,0,NA,1571,2130793,40005,0,NA,0,233,0,NA,NA,NA,0,NA,NA,NA,NA,NA,NA,1.61798811594298,14
"7753","Quesnel-Sockeye","Sockeye",2015,6341,25749,NA,NA,NA,NA,NA,NA,NA,NA,0,0,0,0,NA,0,5164,1133,NA,NA,0,44,NA,NA,NA,NA,NA,NA,NA,NA,NA,NA,NA,-1.4013593066863,14
"7754","Chilko-Sockeye","Sockeye",1948,1947973,364597,NA,NA,NA,NA,NA,NA,NA,NA,0,0,0,NA,NA,32000,1643062,11182,0,0,6131,254316,1282,NA,NA,NA,0,NA,NA,NA,NA,NA,NA,1.67575198972139,15
"7755","Chilko-Sockeye","Sockeye",1949,623138,33029,NA,NA,NA,NA,NA,NA,NA,NA,0,0,0,0,NA,3732,560635,10368,0,0,621,46358,1424,NA,NA,NA,0,NA,NA,NA,NA,NA,NA,2.93738203964897,15
"7756","Chilko-Sockeye","Sockeye",1950,205875,6555,NA,NA,NA,NA,NA,NA,NA,NA,0,0,0,0,NA,1489,183278,4705,0,0,954,15449,0,NA,NA,NA,0,NA,NA,NA,NA,NA,NA,3.44704107128214,15
"7757","Chilko-Sockeye","Sockeye",1951,752327,57563,NA,NA,NA,NA,NA,NA,NA,NA,0,0,0,0,NA,3925,644911,20763,0,0,5004,74115,3609,NA,NA,NA,0,NA,NA,NA,NA,NA,NA,2.57029106967123,15
"7758","Chilko-Sockeye","Sockeye",1952,1858476,233628,NA,NA,NA,NA,NA,NA,NA,NA,0,0,0,0,NA,18732,1763929,35975,0,0,114,38833,893,NA,NA,NA,0,NA,NA,NA,NA,NA,NA,2.07378196922912,15
"7759","Chilko-Sockeye","Sockeye",1953,619456,94471,NA,NA,NA,NA,NA,NA,NA,NA,0,0,0,0,NA,1172,514554,14004,0,0,2583,86362,781,NA,NA,NA,0,NA,NA,NA,NA,NA,NA,1.88054876443059,15
"7760","Chilko-Sockeye","Sockeye",1954,712749,21247,NA,NA,NA,NA,NA,NA,NA,NA,0,0,0,0,NA,12234,632132,4415,0,0,2844,58891,2233,NA,NA,NA,0,NA,NA,NA,NA,NA,NA,3.51291361584181,15
"7761","Chilko-Sockeye","Sockeye",1955,1513275,75834,NA,NA,NA,NA,NA,NA,NA,NA,0,0,0,0,NA,32418,1407963,31011,0,0,1373,40510,0,NA,NA,NA,0,NA,NA,NA,NA,NA,NA,2.99348471447581,15
"7762","Chilko-Sockeye","Sockeye",1956,2435670,368607,NA,NA,NA,NA,NA,NA,NA,NA,0,0,0,0,NA,13905,2379854,16684,0,0,75,25152,0,NA,NA,NA,0,NA,NA,NA,NA,NA,NA,1.88824611584157,15
"7763","Chilko-Sockeye","Sockeye",1957,138228,83128,NA,NA,NA,NA,NA,NA,NA,NA,0,0,0,0,NA,76,117362,3149,0,0,63,17578,0,NA,NA,NA,0,NA,NA,NA,NA,NA,NA,0.508522907182024,15
"7764","Chilko-Sockeye","Sockeye",1958,433371,70433,NA,NA,NA,NA,NA,NA,NA,NA,0,0,0,0,NA,4055,278320,13613,0,0,1711,130581,5091,NA,NA,NA,0,NA,NA,NA,NA,NA,NA,1.81693227074581,15
"7765","Chilko-Sockeye","Sockeye",1959,2212583,272891,NA,NA,NA,NA,NA,NA,NA,NA,0,0,0,0,NA,23792,2080497,18659,0,0,1272,88363,0,NA,NA,NA,0,NA,NA,NA,NA,NA,NA,2.0928434422455,15
"7766","Chilko-Sockeye","Sockeye",1960,1053335,244864,NA,NA,NA,NA,NA,NA,NA,NA,0,0,0,0,NA,5472,958877,5980,0,0,1045,81961,0,NA,NA,NA,0,NA,NA,NA,NA,NA,NA,1.45901364581234,15
"7767","Chilko-Sockeye","Sockeye",1961,69453,15038,NA,NA,NA,NA,NA,NA,NA,NA,0,0,0,0,NA,256,52713,11583,0,0,409,4492,0,NA,NA,NA,0,NA,NA,NA,NA,NA,NA,1.53006993385585,15
"7768","Chilko-Sockeye","Sockeye",1962,985562,42125,NA,NA,NA,NA,NA,NA,NA,NA,0,0,0,0,NA,10657,960609,13582,0,0,0,696,18,NA,NA,NA,0,NA,NA,NA,NA,NA,NA,3.15257064816865,15
"7769","Chilko-Sockeye","Sockeye",1963,1206303,57207,NA,NA,NA,NA,NA,NA,NA,NA,0,0,0,0,NA,37579,1112861,4045,0,0,3971,47006,841,NA,NA,NA,0,NA,NA,NA,NA,NA,NA,3.04863932099119,15
"7770","Chilko-Sockeye","Sockeye",1964,2040082,131590,NA,NA,NA,NA,NA,NA,NA,NA,0,0,0,0,NA,7252,1818921,55810,0,0,1343,156756,0,NA,NA,NA,0,NA,NA,NA,NA,NA,NA,2.7410542539468,15
"7771","Chilko-Sockeye","Sockeye",1965,158944,20813,NA,NA,NA,NA,NA,NA,NA,NA,0,0,0,0,NA,1787,138555,2360,0,0,1782,14460,0,NA,NA,NA,0,NA,NA,NA,NA,NA,NA,2.03297414744883,15
"7772","Chilko-Sockeye","Sockeye",1966,889200,107541,NA,NA,NA,NA,NA,NA,NA,NA,0,0,0,0,NA,26456,744469,27636,0,0,1479,89160,0,NA,NA,NA,0,NA,NA,NA,NA,NA,NA,2.11245001188621,15
"7773","Chilko-Sockeye","Sockeye",1967,2004710,90006,NA,NA,NA,NA,NA,NA,NA,NA,0,0,0,0,NA,28734,1933329,23351,0,0,5300,13996,0,NA,NA,NA,0,NA,NA,NA,NA,NA,NA,3.10337835610073,15
"7774","Chilko-Sockeye","Sockeye",1968,2476069,181912,NA,NA,NA,NA,NA,NA,NA,NA,0,0,0,0,NA,46952,2349375,21925,0,0,1108,55581,1128,NA,NA,NA,0,NA,NA,NA,NA,NA,NA,2.61090444728298,15
"7775","Chilko-Sockeye","Sockeye",1969,402359,25519,NA,NA,NA,NA,NA,NA,NA,NA,0,0,0,0,NA,4126,369954,15839,0,0,294,12146,0,NA,NA,NA,0,NA,NA,NA,NA,NA,NA,2.75792145217067,15
"7776","Chilko-Sockeye","Sockeye",1970,694456,50923,NA,NA,NA,NA,NA,NA,NA,NA,0,0,0,0,NA,16775,630046,1084,0,0,5423,41128,0,NA,NA,NA,0,NA,NA,NA,NA,NA,NA,2.61281411735547,15
"7777","Chilko-Sockeye","Sockeye",1971,852842,97365,NA,NA,NA,NA,NA,NA,NA,NA,0,0,0,0,NA,58786,740253,0,0,0,13222,40581,0,NA,NA,NA,0,NA,NA,NA,NA,NA,NA,2.17010749857628,15
"7778","Chilko-Sockeye","Sockeye",1972,2109574,332353,NA,NA,NA,NA,NA,NA,NA,NA,0,0,0,0,NA,42709,1947465,34424,0,0,1309,83501,166,NA,NA,NA,0,NA,NA,NA,NA,NA,NA,1.84804365327642,15
"7779","Chilko-Sockeye","Sockeye",1973,248297,30231,NA,NA,NA,NA,NA,NA,NA,NA,0,0,0,0,NA,8835,200775,6807,0,0,2893,27243,1744,NA,NA,NA,0,NA,NA,NA,NA,NA,NA,2.10575772231608,15
"7780","Chilko-Sockeye","Sockeye",1974,712467,71127,NA,NA,NA,NA,NA,NA,NA,NA,0,0,0,0,NA,26487,641497,4312,0,0,3815,36356,0,NA,NA,NA,0,NA,NA,NA,NA,NA,NA,2.30426658372166,15
"7781","Chilko-Sockeye","Sockeye",1975,1513636,133782,NA,NA,NA,NA,NA,NA,NA,NA,0,0,0,0,NA,22821,1389008,7375,0,0,20230,73812,390,NA,NA,NA,0,NA,NA,NA,NA,NA,NA,2.42605837287366,15
"7782","Chilko-Sockeye","Sockeye",1976,1699113,228326,NA,NA,NA,NA,NA,NA,NA,NA,0,0,0,0,NA,8457,1650944,25168,0,0,334,14210,0,NA,NA,NA,0,NA,NA,NA,NA,NA,NA,2.00708719688182,15
"7783","Chilko-Sockeye","Sockeye",1977,199200,20385,NA,NA,NA,NA,NA,NA,NA,NA,0,0,0,0,NA,3346,190527,2743,0,0,0,2584,0,NA,NA,NA,0,NA,NA,NA,NA,NA,NA,2.27951000887928,15
"7784","Chilko-Sockeye","Sockeye",1978,1265579,85570,NA,NA,NA,NA,NA,NA,NA,NA,0,0,0,0,NA,8616,1169034,77743,0,0,397,9789,0,NA,NA,NA,0,NA,NA,NA,NA,NA,NA,2.69395024952541,15
"7785","Chilko-Sockeye","Sockeye",1979,1721513,147920,NA,NA,NA,NA,NA,NA,NA,NA,0,0,0,0,NA,9358,1615466,72206,0,0,1371,15308,7804,NA,NA,NA,0,NA,NA,NA,NA,NA,NA,2.45428724722507,15
"7786","Chilko-Sockeye","Sockeye",1980,4441927,293234,NA,NA,NA,NA,NA,NA,NA,NA,0,0,0,0,NA,12504,3920494,473961,0,0,414,32179,2375,NA,NA,NA,0,NA,NA,NA,NA,NA,NA,2.71787264519035,15
"7787","Chilko-Sockeye","Sockeye",1981,208706,20164,NA,NA,NA,NA,NA,NA,NA,NA,0,0,0,0,NA,1722,180656,4547,0,0,2919,18862,0,NA,NA,NA,0,NA,NA,NA,NA,NA,NA,2.33702772685057,15
"7788","Chilko-Sockeye","Sockeye",1982,1599217,142515,NA,NA,NA,NA,NA,NA,NA,NA,0,0,0,0,NA,52424,1355953,131741,0,0,182,57505,1412,NA,NA,NA,0,NA,NA,NA,NA,NA,NA,2.41782215611802,15
"7789","Chilko-Sockeye","Sockeye",1983,2119741,213715,NA,NA,NA,NA,NA,NA,NA,NA,0,0,0,0,NA,45476,1717330,36418,0,0,5243,310875,4399,NA,NA,NA,0,NA,NA,NA,NA,NA,NA,2.29440583867189,15
"7790","Chilko-Sockeye","Sockeye",1984,676358,283152,NA,NA,NA,NA,NA,NA,NA,NA,0,0,0,0,NA,11108,500714,2890,0,0,1951,153893,5802,NA,NA,NA,0,NA,NA,NA,NA,NA,NA,0.870738665731882,15
"7791","Chilko-Sockeye","Sockeye",1985,572968,34979,NA,NA,NA,NA,NA,NA,NA,NA,0,0,0,0,NA,970,366037,184400,0,0,1563,18862,1136,NA,NA,NA,0,NA,NA,NA,NA,NA,NA,2.79608198731555,15
"7792","Chilko-Sockeye","Sockeye",1986,4800439,165504,NA,NA,NA,NA,NA,NA,NA,NA,0,0,0,0,NA,47835,4413216,279555,0,0,335,54465,5033,NA,NA,NA,0,NA,NA,NA,NA,NA,NA,3.36746728733792,15
"7793","Chilko-Sockeye","Sockeye",1987,4420836,268111,NA,NA,NA,NA,NA,NA,NA,NA,0,0,0,0,NA,11552,4032356,316979,0,0,863,56111,2975,NA,NA,NA,0,NA,NA,NA,NA,NA,NA,2.80268302359163,15
"7794","Chilko-Sockeye","Sockeye",1988,3296360,206206,NA,NA,NA,NA,NA,NA,NA,NA,0,0,0,0,NA,2697,2979547,157913,0,0,797,155406,0,NA,NA,NA,0,NA,NA,NA,NA,NA,NA,2.77169843924324,15
"7795","Chilko-Sockeye","Sockeye",1989,3117371,42811,NA,NA,NA,NA,NA,NA,NA,NA,0,0,0,0,NA,11841,3015024,86942,0,0,0,3564,0,NA,NA,NA,0,NA,NA,NA,NA,NA,NA,4.2879502184754,15
"7796","Chilko-Sockeye","Sockeye",1990,2628585,497991,NA,NA,NA,NA,NA,NA,NA,NA,0,0,0,0,NA,13262,2412516,178745,0,0,4715,19347,0,NA,NA,NA,0,NA,NA,NA,NA,NA,NA,1.66361895299972,15
"7797","Chilko-Sockeye","Sockeye",1991,1382549,597537,NA,NA,NA,NA,NA,NA,NA,NA,0,0,0,0,NA,4495,1126703,128342,0,0,537,122472,0,NA,NA,NA,0,NA,NA,NA,NA,NA,NA,0.838867969231771,15
"7798","Chilko-Sockeye","Sockeye",1992,1866349,319959,NA,NA,NA,NA,NA,NA,NA,NA,0,0,0,0,NA,3754,1773513,78754,0,0,614,9714,0,NA,NA,NA,0,NA,NA,NA,NA,NA,NA,1.76354653241662,15
"7799","Chilko-Sockeye","Sockeye",1993,3963871,322298,NA,NA,NA,NA,NA,NA,NA,NA,0,0,0,0,NA,18173,3380892,548667,0,0,208,15931,0,NA,NA,NA,0,NA,NA,NA,NA,NA,NA,2.50949976863093,15
"7800","Chilko-Sockeye","Sockeye",1994,1419987,253976,NA,NA,NA,NA,NA,NA,NA,NA,0,0,0,0,NA,10606,1331935,72717,0,0,184,4545,0,NA,NA,NA,0,NA,NA,NA,NA,NA,NA,1.72116322125855,15
"7801","Chilko-Sockeye","Sockeye",1995,1274336,298027,NA,NA,NA,NA,NA,NA,NA,NA,0,0,0,0,NA,2778,1045307,179013,0,0,36,44788,2414,NA,NA,NA,0,NA,NA,NA,NA,NA,NA,1.4529964511956,15
"7802","Chilko-Sockeye","Sockeye",1996,1363890,504469,NA,NA,NA,NA,NA,NA,NA,NA,0,0,0,0,NA,359,1175834,159331,0,0,0,26555,1811,NA,NA,NA,0,NA,NA,NA,NA,NA,NA,0.994589799061605,15
"7803","Chilko-Sockeye","Sockeye",1997,885013,509298,NA,NA,NA,NA,NA,NA,NA,NA,0,0,0,0,NA,222,663879,204615,0,0,0,16297,0,NA,NA,NA,0,NA,NA,NA,NA,NA,NA,0.552569027241302,15
"7804","Chilko-Sockeye","Sockeye",1998,536366,467624,NA,NA,NA,NA,NA,NA,NA,NA,0,0,0,0,NA,1084,423716,73801,0,0,0,34730,3035,NA,NA,NA,0,NA,NA,NA,NA,NA,NA,0.137152209665019,15
"7805","Chilko-Sockeye","Sockeye",1999,1570589,432565,NA,NA,NA,NA,NA,NA,NA,NA,0,0,0,0,NA,2228,1449980,109275,0,0,0,9106,0,NA,NA,NA,0,NA,NA,NA,NA,NA,NA,1.28947338312638,15
"7806","Chilko-Sockeye","Sockeye",2000,501890,395559,NA,NA,NA,NA,NA,NA,NA,NA,0,0,0,0,NA,3918,424960,27152,0,0,59,42236,3565,NA,NA,NA,0,NA,NA,NA,NA,NA,NA,0.238081017837578,15
"7807","Chilko-Sockeye","Sockeye",2001,1158636,331244,NA,NA,NA,NA,NA,NA,NA,NA,0,0,0,0,NA,176,1001606,89122,0,0,0,67732,0,NA,NA,NA,0,NA,NA,NA,NA,NA,NA,1.25214346623439,15
"7808","Chilko-Sockeye","Sockeye",2002,1239287,215050,NA,NA,NA,NA,NA,NA,NA,NA,0,0,0,0,NA,4514,1119367,106118,0,0,0,8734,554,NA,NA,NA,0,NA,NA,NA,NA,NA,NA,1.75142093399344,15
"7809","Chilko-Sockeye","Sockeye",2003,386062,334896,NA,NA,NA,NA,NA,NA,NA,NA,0,0,0,0,NA,557,321849,29357,0,0,0,30465,3834,NA,NA,NA,0,NA,NA,NA,NA,NA,NA,0.142177942463204,15
"7810","Chilko-Sockeye","Sockeye",2004,426764,49193,NA,NA,NA,NA,NA,NA,NA,NA,0,0,0,0,NA,854,388845,33231,0,0,0,3834,0,NA,NA,NA,0,NA,NA,NA,NA,NA,NA,2.16047983027575,15
"7811","Chilko-Sockeye","Sockeye",2005,363559,285065,NA,NA,NA,NA,NA,NA,NA,NA,0,0,0,0,NA,720,262014,37748,0,0,164,62913,0,NA,NA,NA,0,NA,NA,NA,NA,NA,NA,0.243224370229125,15
"7812","Chilko-Sockeye","Sockeye",2006,5066618,261918,NA,NA,NA,NA,NA,NA,NA,NA,0,0,0,0,NA,4235,4429045,339299,0,0,660,293379,0,NA,NA,NA,0,NA,NA,NA,NA,NA,NA,2.96239733518266,15
"7813","Chilko-Sockeye","Sockeye",2007,1133079,156518,NA,NA,NA,NA,NA,NA,NA,NA,0,0,0,0,NA,2369,1056164,16286,0,0,781,57479,0,NA,NA,NA,0,NA,NA,NA,NA,NA,NA,1.97952296564653,15
"7814","Chilko-Sockeye","Sockeye",2008,538455,68731,NA,NA,NA,NA,NA,NA,NA,NA,0,0,0,0,NA,1830,477074,45259,0,0,0,14292,0,NA,NA,NA,0,NA,NA,NA,NA,NA,NA,2.0585035929302,15
"7815","Chilko-Sockeye","Sockeye",2009,1839231,127367,NA,NA,NA,NA,NA,NA,NA,NA,0,0,0,0,NA,1081,1643617,187156,0,0,689,5199,1489,NA,NA,NA,0,NA,NA,NA,NA,NA,NA,2.67003014556408,15
"7816","Chilko-Sockeye","Sockeye",2010,2917407,1181540,NA,NA,NA,NA,NA,NA,NA,NA,0,0,0,0,NA,36812,2666978,78928,597,0,1552,132540,0,NA,NA,NA,0,NA,NA,NA,NA,NA,NA,0.903876535723345,15
"7817","Chilko-Sockeye","Sockeye",2011,877007,457653,NA,NA,NA,NA,NA,NA,NA,NA,0,0,0,0,NA,2174,786305,85377,0,0,166,2985,0,NA,NA,NA,0,NA,NA,NA,NA,NA,NA,0.650403719059218,15
"7818","Chilko-Sockeye","Sockeye",2012,224737,90759,NA,NA,NA,NA,NA,NA,NA,NA,0,0,0,0,NA,1941,197621,25175,0,0,0,0,0,NA,NA,NA,0,NA,NA,NA,NA,NA,NA,0.906723187850788,15
"7819","Chilko-Sockeye","Sockeye",2013,487594,624483,NA,NA,NA,NA,NA,NA,NA,NA,0,0,0,0,NA,769,435384,51441,0,0,0,0,0,NA,NA,NA,0,NA,NA,NA,NA,NA,NA,-0.247441015054455,15
"7820","Chilko-Sockeye","Sockeye",2014,1643852,669181,NA,NA,NA,NA,NA,NA,NA,NA,0,0,0,0,NA,2639,1554832,84803,0,NA,0,1422,156,NA,NA,NA,0,NA,NA,NA,NA,NA,NA,0.898742970633169,15
"7821","Chilko-Sockeye","Sockeye",2015,216621,429012,NA,NA,NA,NA,NA,NA,NA,NA,0,0,0,0,NA,1480,164947,48961,NA,NA,104,1129,NA,NA,NA,NA,NA,NA,NA,NA,NA,NA,NA,-0.683335607788931,15
"7822","Seymour-Sockeye","Sockeye",1948,29658,1280,NA,NA,NA,NA,NA,NA,NA,NA,0,0,0,NA,NA,0,29658,0,0,0,0,0,0,NA,NA,NA,0,NA,NA,NA,NA,NA,NA,3.14287182562135,16
"7823","Seymour-Sockeye","Sockeye",1949,34705,3476,NA,NA,NA,NA,NA,NA,NA,NA,0,0,0,0,NA,733,25617,0,0,0,0,8355,0,NA,NA,NA,0,NA,NA,NA,NA,NA,NA,2.3010015613884,16
"7824","Seymour-Sockeye","Sockeye",1950,162026,4697,NA,NA,NA,NA,NA,NA,NA,NA,0,0,0,0,NA,909,161081,0,0,0,36,0,0,NA,NA,NA,0,NA,NA,NA,NA,NA,NA,3.54083280913693,16
"7825","Seymour-Sockeye","Sockeye",1951,68943,11504,NA,NA,NA,NA,NA,NA,NA,NA,0,0,0,0,NA,125,67964,731,0,0,0,123,0,NA,NA,NA,0,NA,NA,NA,NA,NA,NA,1.79058527526419,16
"7826","Seymour-Sockeye","Sockeye",1952,11249,2780,NA,NA,NA,NA,NA,NA,NA,NA,0,0,0,0,NA,93,11156,0,0,0,0,0,0,NA,NA,NA,0,NA,NA,NA,NA,NA,NA,1.39782830810814,16
"7827","Seymour-Sockeye","Sockeye",1953,45268,2907,NA,NA,NA,NA,NA,NA,NA,NA,0,0,0,0,NA,150,44870,0,0,0,248,0,0,NA,NA,NA,0,NA,NA,NA,NA,NA,NA,2.74547875952696,16
"7828","Seymour-Sockeye","Sockeye",1954,461522,12463,NA,NA,NA,NA,NA,NA,NA,NA,0,0,0,0,NA,23882,428958,3444,0,0,0,5238,0,NA,NA,NA,0,NA,NA,NA,NA,NA,NA,3.61176546860168,16
"7829","Seymour-Sockeye","Sockeye",1955,310002,5178,NA,NA,NA,NA,NA,NA,NA,NA,0,0,0,0,NA,372,308775,550,0,0,0,305,0,NA,NA,NA,0,NA,NA,NA,NA,NA,NA,4.09215986774194,16
"7830","Seymour-Sockeye","Sockeye",1956,12763,1102,NA,NA,NA,NA,NA,NA,NA,NA,0,0,0,0,NA,26,10971,1766,0,0,0,0,0,NA,NA,NA,0,NA,NA,NA,NA,NA,NA,2.44942364926983,16
"7831","Seymour-Sockeye","Sockeye",1957,24583,7106,NA,NA,NA,NA,NA,NA,NA,NA,0,0,0,0,NA,262,11959,0,0,0,448,11914,0,NA,NA,NA,0,NA,NA,NA,NA,NA,NA,1.24111564953902,16
"7832","Seymour-Sockeye","Sockeye",1958,195518,44285,NA,NA,NA,NA,NA,NA,NA,NA,0,0,0,0,NA,6184,188824,510,0,0,0,0,0,NA,NA,NA,0,NA,NA,NA,NA,NA,NA,1.4850064275368,16
"7833","Seymour-Sockeye","Sockeye",1959,175980,25473,NA,NA,NA,NA,NA,NA,NA,NA,0,0,0,0,NA,409,175192,368,0,0,11,0,0,NA,NA,NA,0,NA,NA,NA,NA,NA,NA,1.93275128453208,16
"7834","Seymour-Sockeye","Sockeye",1960,8837,1862,NA,NA,NA,NA,NA,NA,NA,NA,0,0,0,0,NA,51,8697,0,0,0,0,89,0,NA,NA,NA,0,NA,NA,NA,NA,NA,NA,1.55729627368099,16
"7835","Seymour-Sockeye","Sockeye",1961,32923,1957,NA,NA,NA,NA,NA,NA,NA,NA,0,0,0,0,NA,55,25649,0,0,0,138,7081,0,NA,NA,NA,0,NA,NA,NA,NA,NA,NA,2.82275881325499,16
"7836","Seymour-Sockeye","Sockeye",1962,176546,27411,NA,NA,NA,NA,NA,NA,NA,NA,0,0,0,0,NA,2939,169778,572,0,0,0,3257,0,NA,NA,NA,0,NA,NA,NA,NA,NA,NA,1.86263707296189,16
"7837","Seymour-Sockeye","Sockeye",1963,114086,26742,NA,NA,NA,NA,NA,NA,NA,NA,0,0,0,0,NA,147,112265,1674,0,0,0,0,0,NA,NA,NA,0,NA,NA,NA,NA,NA,NA,1.45071718676087,16
"7838","Seymour-Sockeye","Sockeye",1964,18498,1321,NA,NA,NA,NA,NA,NA,NA,NA,0,0,0,0,NA,0,17994,504,0,0,0,0,0,NA,NA,NA,0,NA,NA,NA,NA,NA,NA,2.63927359259188,16
"7839","Seymour-Sockeye","Sockeye",1965,34890,2550,NA,NA,NA,NA,NA,NA,NA,NA,0,0,0,0,NA,183,34707,0,0,0,0,0,0,NA,NA,NA,0,NA,NA,NA,NA,NA,NA,2.61610689602835,16
"7840","Seymour-Sockeye","Sockeye",1966,141828,12943,NA,NA,NA,NA,NA,NA,NA,NA,0,0,0,0,NA,658,139745,1425,0,0,0,0,0,NA,NA,NA,0,NA,NA,NA,NA,NA,NA,2.3940599543578,16
"7841","Seymour-Sockeye","Sockeye",1967,220851,7264,NA,NA,NA,NA,NA,NA,NA,NA,0,0,0,0,NA,66,216733,2954,0,0,0,1098,0,NA,NA,NA,0,NA,NA,NA,NA,NA,NA,3.41455762469345,16
"7842","Seymour-Sockeye","Sockeye",1968,22108,2064,NA,NA,NA,NA,NA,NA,NA,NA,0,0,0,0,NA,0,21963,145,0,0,0,0,0,NA,NA,NA,0,NA,NA,NA,NA,NA,NA,2.3712936863517,16
"7843","Seymour-Sockeye","Sockeye",1969,14875,3276,NA,NA,NA,NA,NA,NA,NA,NA,0,0,0,0,NA,258,14617,0,0,0,0,0,0,NA,NA,NA,0,NA,NA,NA,NA,NA,NA,1.51305878544087,16
"7844","Seymour-Sockeye","Sockeye",1970,226369,3603,NA,NA,NA,NA,NA,NA,NA,NA,0,0,0,0,NA,470,223705,0,0,0,0,2194,0,NA,NA,NA,0,NA,NA,NA,NA,NA,NA,4.14039957939283,16
"7845","Seymour-Sockeye","Sockeye",1971,135310,9463,NA,NA,NA,NA,NA,NA,NA,NA,0,0,0,0,NA,1341,132035,1934,0,0,0,0,0,NA,NA,NA,0,NA,NA,NA,NA,NA,NA,2.66017898474946,16
"7846","Seymour-Sockeye","Sockeye",1972,56785,1418,NA,NA,NA,NA,NA,NA,NA,NA,0,0,0,0,NA,320,56465,0,0,0,0,0,0,NA,NA,NA,0,NA,NA,NA,NA,NA,NA,3.69002477823367,16
"7847","Seymour-Sockeye","Sockeye",1973,24800,1150,NA,NA,NA,NA,NA,NA,NA,NA,0,0,0,0,NA,419,24381,0,0,0,0,0,0,NA,NA,NA,0,NA,NA,NA,NA,NA,NA,3.07108171079578,16
"7848","Seymour-Sockeye","Sockeye",1974,248730,25096,NA,NA,NA,NA,NA,NA,NA,NA,0,0,0,0,NA,1353,247377,0,0,0,0,0,0,NA,NA,NA,0,NA,NA,NA,NA,NA,NA,2.29365949990786,16
"7849","Seymour-Sockeye","Sockeye",1975,180684,15756,NA,NA,NA,NA,NA,NA,NA,NA,0,0,0,0,NA,1665,175012,4007,0,0,0,0,0,NA,NA,NA,0,NA,NA,NA,NA,NA,NA,2.43952840402025,16
"7850","Seymour-Sockeye","Sockeye",1976,18422,4898,NA,NA,NA,NA,NA,NA,NA,NA,0,0,0,0,NA,38,18193,191,0,0,0,0,0,NA,NA,NA,0,NA,NA,NA,NA,NA,NA,1.32471864403607,16
"7851","Seymour-Sockeye","Sockeye",1977,70046,2883,NA,NA,NA,NA,NA,NA,NA,NA,0,0,0,0,NA,135,53835,1444,0,0,0,14632,0,NA,NA,NA,0,NA,NA,NA,NA,NA,NA,3.19032075042642,16
"7852","Seymour-Sockeye","Sockeye",1978,261925,30757,NA,NA,NA,NA,NA,NA,NA,NA,0,0,0,0,NA,730,256211,4984,0,0,0,0,0,NA,NA,NA,0,NA,NA,NA,NA,NA,NA,2.14194059261665,16
"7853","Seymour-Sockeye","Sockeye",1979,135614,24866,NA,NA,NA,NA,NA,NA,NA,NA,0,0,0,0,NA,85,92992,42223,0,0,0,314,0,NA,NA,NA,0,NA,NA,NA,NA,NA,NA,1.69631120648393,16
"7854","Seymour-Sockeye","Sockeye",1980,52848,4616,NA,NA,NA,NA,NA,NA,NA,NA,0,0,0,0,NA,10,45127,7711,0,0,0,0,0,NA,NA,NA,0,NA,NA,NA,NA,NA,NA,2.43789133944264,16
"7855","Seymour-Sockeye","Sockeye",1981,30875,5354,NA,NA,NA,NA,NA,NA,NA,NA,0,0,0,0,NA,0,26268,0,0,0,0,4607,0,NA,NA,NA,0,NA,NA,NA,NA,NA,NA,1.75210284984998,16
"7856","Seymour-Sockeye","Sockeye",1982,508455,27219,NA,NA,NA,NA,NA,NA,NA,NA,0,0,0,0,NA,2737,492244,13474,0,0,0,0,0,NA,NA,NA,0,NA,NA,NA,NA,NA,NA,2.92746145714183,16
"7857","Seymour-Sockeye","Sockeye",1983,272460,14014,NA,NA,NA,NA,NA,NA,NA,NA,0,0,0,0,NA,3003,261161,7562,0,0,0,734,0,NA,NA,NA,0,NA,NA,NA,NA,NA,NA,2.96743498438957,16
"7858","Seymour-Sockeye","Sockeye",1984,36017,9148,NA,NA,NA,NA,NA,NA,NA,NA,0,0,0,0,NA,174,35743,100,0,0,0,0,0,NA,NA,NA,0,NA,NA,NA,NA,NA,NA,1.37045577305597,16
"7859","Seymour-Sockeye","Sockeye",1985,43576,2684,NA,NA,NA,NA,NA,NA,NA,NA,0,0,0,0,NA,332,32018,11226,0,0,0,0,0,NA,NA,NA,0,NA,NA,NA,NA,NA,NA,2.78719832097194,16
"7860","Seymour-Sockeye","Sockeye",1986,824169,57017,NA,NA,NA,NA,NA,NA,NA,NA,0,0,0,0,NA,1132,811714,11322,0,0,1,0,0,NA,NA,NA,0,NA,NA,NA,NA,NA,NA,2.67102613698512,16
"7861","Seymour-Sockeye","Sockeye",1987,442220,41080,NA,NA,NA,NA,NA,NA,NA,NA,0,0,0,0,NA,314,416101,25805,0,0,0,0,0,NA,NA,NA,0,NA,NA,NA,NA,NA,NA,2.37628611074365,16
"7862","Seymour-Sockeye","Sockeye",1988,10843,7989,NA,NA,NA,NA,NA,NA,NA,NA,0,0,0,0,NA,0,9027,1816,0,0,0,0,0,NA,NA,NA,0,NA,NA,NA,NA,NA,NA,0.30545411499014,16
"7863","Seymour-Sockeye","Sockeye",1989,18877,2864,NA,NA,NA,NA,NA,NA,NA,NA,0,0,0,0,NA,68,18809,0,0,0,0,0,0,NA,NA,NA,0,NA,NA,NA,NA,NA,NA,1.8857250006882,16
"7864","Seymour-Sockeye","Sockeye",1990,278827,108234,NA,NA,NA,NA,NA,NA,NA,NA,0,0,0,0,NA,136,272278,6413,0,0,0,0,0,NA,NA,NA,0,NA,NA,NA,NA,NA,NA,0.946295967859227,16
"7865","Seymour-Sockeye","Sockeye",1991,95565,60797,NA,NA,NA,NA,NA,NA,NA,NA,0,0,0,0,NA,0,84310,11139,0,0,0,116,0,NA,NA,NA,0,NA,NA,NA,NA,NA,NA,0.452266198587065,16
"7866","Seymour-Sockeye","Sockeye",1992,17906,3586,NA,NA,NA,NA,NA,NA,NA,NA,0,0,0,0,NA,0,15128,2778,0,0,0,0,0,NA,NA,NA,0,NA,NA,NA,NA,NA,NA,1.60809847702902,16
"7867","Seymour-Sockeye","Sockeye",1993,8716,4950,NA,NA,NA,NA,NA,NA,NA,NA,0,0,0,0,NA,0,6251,2465,0,0,0,0,0,NA,NA,NA,0,NA,NA,NA,NA,NA,NA,0.565772840501775,16
"7868","Seymour-Sockeye","Sockeye",1994,172547,19152,NA,NA,NA,NA,NA,NA,NA,NA,0,0,0,0,NA,0,169885,2662,0,0,0,0,0,NA,NA,NA,0,NA,NA,NA,NA,NA,NA,2.1982625143124,16
"7869","Seymour-Sockeye","Sockeye",1995,66040,23901,NA,NA,NA,NA,NA,NA,NA,NA,0,0,0,0,NA,17,64323,1700,0,0,0,0,0,NA,NA,NA,0,NA,NA,NA,NA,NA,NA,1.01634031998559,16
"7870","Seymour-Sockeye","Sockeye",1996,39470,9590,NA,NA,NA,NA,NA,NA,NA,NA,0,0,0,0,NA,0,32991,6479,0,0,0,0,0,NA,NA,NA,0,NA,NA,NA,NA,NA,NA,1.41482000077941,16
"7871","Seymour-Sockeye","Sockeye",1997,1944,836,NA,NA,NA,NA,NA,NA,NA,NA,0,0,0,0,NA,0,1944,0,0,0,0,0,0,NA,NA,NA,0,NA,NA,NA,NA,NA,NA,0.843874371935683,16
"7872","Seymour-Sockeye","Sockeye",1998,214404,14548,NA,NA,NA,NA,NA,NA,NA,NA,0,0,0,0,NA,182,210538,3684,0,0,0,0,0,NA,NA,NA,0,NA,NA,NA,NA,NA,NA,2.69040855861429,16
"7873","Seymour-Sockeye","Sockeye",1999,133931,10072,NA,NA,NA,NA,NA,NA,NA,NA,0,0,0,0,NA,32,105903,27996,0,0,0,0,0,NA,NA,NA,0,NA,NA,NA,NA,NA,NA,2.58756544521613,16
"7874","Seymour-Sockeye","Sockeye",2000,59563,11860,NA,NA,NA,NA,NA,NA,NA,NA,0,0,0,0,NA,0,58537,1026,0,0,0,0,0,NA,NA,NA,0,NA,NA,NA,NA,NA,NA,1.61386318235315,16
"7875","Seymour-Sockeye","Sockeye",2001,19042,3743,NA,NA,NA,NA,NA,NA,NA,NA,0,0,0,0,NA,0,14842,4200,0,0,0,0,0,NA,NA,NA,0,NA,NA,NA,NA,NA,NA,1.62675963694121,16
"7876","Seymour-Sockeye","Sockeye",2002,507957,55465,NA,NA,NA,NA,NA,NA,NA,NA,0,79,0,0,NA,851,497726,9077,0,0,0,224,0,NA,NA,NA,0,NA,NA,NA,NA,NA,NA,2.21464460713592,16
"7877","Seymour-Sockeye","Sockeye",2003,12366,18483,NA,NA,NA,NA,NA,NA,NA,NA,0,0,0,0,NA,0,11206,870,0,0,0,290,0,NA,NA,NA,0,NA,NA,NA,NA,NA,NA,-0.401900619564166,16
"7878","Seymour-Sockeye","Sockeye",2004,6918,762,NA,NA,NA,NA,NA,NA,NA,NA,0,0,0,0,NA,0,6671,247,0,0,0,0,0,NA,NA,NA,0,NA,NA,NA,NA,NA,NA,2.20593543381047,16
"7879","Seymour-Sockeye","Sockeye",2005,7820,2326,NA,NA,NA,NA,NA,NA,NA,NA,0,0,0,0,NA,0,7820,0,0,0,0,0,0,NA,NA,NA,0,NA,NA,NA,NA,NA,NA,1.21253450046075,16
"7880","Seymour-Sockeye","Sockeye",2006,1086668,57783,NA,NA,NA,NA,NA,NA,NA,NA,0,211,0,0,NA,551,1063631,22106,0,0,0,169,0,NA,NA,NA,0,NA,NA,NA,NA,NA,NA,2.93417679791556,16
"7881","Seymour-Sockeye","Sockeye",2007,18273,5905,NA,NA,NA,NA,NA,NA,NA,NA,0,0,0,0,NA,0,18056,217,0,0,0,0,0,NA,NA,NA,0,NA,NA,NA,NA,NA,NA,1.12962511087313,16
"7882","Seymour-Sockeye","Sockeye",2008,2355,311,NA,NA,NA,NA,NA,NA,NA,NA,0,0,0,0,NA,0,2173,182,0,0,0,0,0,NA,NA,NA,0,NA,NA,NA,NA,NA,NA,2.02450309427128,16
"7883","Seymour-Sockeye","Sockeye",2009,46977,3093,NA,NA,NA,NA,NA,NA,NA,NA,0,0,0,0,NA,2,43538,3429,0,0,8,0,0,NA,NA,NA,0,NA,NA,NA,NA,NA,NA,2.72051662652848,16
"7884","Seymour-Sockeye","Sockeye",2010,274195,287496,NA,NA,NA,NA,NA,NA,NA,NA,0,0,0,0,NA,827,268598,4283,0,0,0,487,0,NA,NA,NA,0,NA,NA,NA,NA,NA,NA,-0.0473694150002447,16
"7885","Seymour-Sockeye","Sockeye",2011,16977,7994,NA,NA,NA,NA,NA,NA,NA,NA,0,0,0,0,NA,11,16741,225,0,0,0,0,0,NA,NA,NA,0,NA,NA,NA,NA,NA,NA,0.753168226539365,16
"7886","Seymour-Sockeye","Sockeye",2012,819,264,NA,NA,NA,NA,NA,NA,NA,NA,0,0,0,0,NA,0,676,143,0,0,0,0,0,NA,NA,NA,0,NA,NA,NA,NA,NA,NA,1.13213498070675,16
"7887","Seymour-Sockeye","Sockeye",2013,7838,13883,NA,NA,NA,NA,NA,NA,NA,NA,0,0,0,0,NA,0,4528,3310,0,0,0,0,0,NA,NA,NA,0,NA,NA,NA,NA,NA,NA,-0.571681370275226,16
"7888","Seymour-Sockeye","Sockeye",2014,386637,57414,NA,NA,NA,NA,NA,NA,NA,NA,0,0,0,0,NA,787,384044,1806,0,NA,0,0,0,NA,NA,NA,0,NA,NA,NA,NA,NA,NA,1.90719809232574,16
"7889","Seymour-Sockeye","Sockeye",2015,858,3960,NA,NA,NA,NA,NA,NA,NA,NA,0,0,0,0,NA,0,858,0,NA,NA,0,0,NA,NA,NA,NA,NA,NA,NA,NA,NA,NA,NA,-1.52939520476056,16
"7890","Late Shuswap-Sockeye","Sockeye",1948,28330,8502,NA,NA,NA,NA,NA,NA,NA,NA,0,0,0,NA,NA,0,22876,5454,0,0,0,0,0,NA,NA,NA,0,NA,NA,NA,NA,NA,NA,1.20361988390583,17
"7891","Late Shuswap-Sockeye","Sockeye",1949,40793,2011,NA,NA,NA,NA,NA,NA,NA,NA,0,0,0,0,NA,5415,21384,0,0,0,0,13994,0,NA,NA,NA,0,NA,NA,NA,NA,NA,NA,3.00987838727257,17
"7892","Late Shuswap-Sockeye","Sockeye",1950,9944058,583072,NA,NA,NA,NA,NA,NA,NA,NA,0,2618,0,0,NA,594356,9303676,12645,0,0,613,30150,0,NA,NA,NA,0,NA,NA,NA,NA,NA,NA,2.83641978796898,17
"7893","Late Shuswap-Sockeye","Sockeye",1951,529582,82094,NA,NA,NA,NA,NA,NA,NA,NA,0,0,0,0,NA,7290,519779,2251,0,0,0,262,0,NA,NA,NA,0,NA,NA,NA,NA,NA,NA,1.86422308394979,17
"7894","Late Shuswap-Sockeye","Sockeye",1952,17932,4211,NA,NA,NA,NA,NA,NA,NA,NA,0,0,0,0,NA,1481,14320,2131,0,0,0,0,0,NA,NA,NA,0,NA,NA,NA,NA,NA,NA,1.4488866771134,17
"7895","Late Shuswap-Sockeye","Sockeye",1953,31027,1623,NA,NA,NA,NA,NA,NA,NA,NA,0,0,0,0,NA,1456,29571,0,0,0,0,0,0,NA,NA,NA,0,NA,NA,NA,NA,NA,NA,2.95058150462231,17
"7896","Late Shuswap-Sockeye","Sockeye",1954,15869336,1067640,NA,NA,NA,NA,NA,NA,NA,NA,0,0,0,0,NA,714720,15095741,12060,0,0,3536,43279,0,NA,NA,NA,0,NA,NA,NA,NA,NA,NA,2.69893808865087,17
"7897","Late Shuswap-Sockeye","Sockeye",1955,865520,44634,NA,NA,NA,NA,NA,NA,NA,NA,0,0,0,0,NA,11116,853267,609,0,0,0,528,0,NA,NA,NA,0,NA,NA,NA,NA,NA,NA,2.96483458194206,17
"7898","Late Shuswap-Sockeye","Sockeye",1956,7974,2103,NA,NA,NA,NA,NA,NA,NA,NA,0,0,0,0,NA,555,6961,458,0,0,0,0,0,NA,NA,NA,0,NA,NA,NA,NA,NA,NA,1.3328213522386,17
"7899","Late Shuswap-Sockeye","Sockeye",1957,3163,1651,NA,NA,NA,NA,NA,NA,NA,NA,0,0,0,0,NA,16,2206,0,0,0,0,941,0,NA,NA,NA,0,NA,NA,NA,NA,NA,NA,0.650139779385521,17
"7900","Late Shuswap-Sockeye","Sockeye",1958,2213808,1128898,NA,NA,NA,NA,NA,NA,NA,NA,0,871,0,0,NA,123575,2076776,4097,0,0,646,7843,0,NA,NA,NA,0,NA,NA,NA,NA,NA,NA,0.673472174011076,17
"7901","Late Shuswap-Sockeye","Sockeye",1959,382302,89270,NA,NA,NA,NA,NA,NA,NA,NA,0,0,0,0,NA,7679,374501,106,0,0,0,16,0,NA,NA,NA,0,NA,NA,NA,NA,NA,NA,1.454545386991,17
"7902","Late Shuswap-Sockeye","Sockeye",1960,2549,1322,NA,NA,NA,NA,NA,NA,NA,NA,0,0,0,0,NA,201,2333,0,0,0,0,15,0,NA,NA,NA,0,NA,NA,NA,NA,NA,NA,0.656555383964484,17
"7903","Late Shuswap-Sockeye","Sockeye",1961,8147,854,NA,NA,NA,NA,NA,NA,NA,NA,0,0,0,0,NA,204,6996,0,0,0,0,947,0,NA,NA,NA,0,NA,NA,NA,NA,NA,NA,2.25547384652207,17
"7904","Late Shuswap-Sockeye","Sockeye",1962,2925312,652104,NA,NA,NA,NA,NA,NA,NA,NA,0,307,0,0,NA,90241,2740250,10891,0,0,0,83623,0,NA,NA,NA,0,NA,NA,NA,NA,NA,NA,1.50095236223527,17
"7905","Late Shuswap-Sockeye","Sockeye",1963,3131346,80246,NA,NA,NA,NA,NA,NA,NA,NA,0,0,0,0,NA,78928,3047429,3663,0,0,0,1326,0,NA,NA,NA,0,NA,NA,NA,NA,NA,NA,3.66412130651474,17
"7906","Late Shuswap-Sockeye","Sockeye",1964,19626,345,NA,NA,NA,NA,NA,NA,NA,NA,0,0,0,0,NA,2346,17103,177,0,0,0,0,0,NA,NA,NA,0,NA,NA,NA,NA,NA,NA,4.04106607973508,17
"7907","Late Shuswap-Sockeye","Sockeye",1965,24808,1332,NA,NA,NA,NA,NA,NA,NA,NA,0,0,0,0,NA,496,24312,0,0,0,0,0,0,NA,NA,NA,0,NA,NA,NA,NA,NA,NA,2.92448460967995,17
"7908","Late Shuswap-Sockeye","Sockeye",1966,4051932,661765,NA,NA,NA,NA,NA,NA,NA,NA,0,4854,0,0,NA,96198,3914887,22138,0,0,1478,12377,0,NA,NA,NA,0,NA,NA,NA,NA,NA,NA,1.81203857537093,17
"7909","Late Shuswap-Sockeye","Sockeye",1967,3184223,402434,NA,NA,NA,NA,NA,NA,NA,NA,0,0,0,0,NA,65955,3108302,8076,0,0,0,1890,0,NA,NA,NA,0,NA,NA,NA,NA,NA,NA,2.06843247394225,17
"7910","Late Shuswap-Sockeye","Sockeye",1968,21961,2713,NA,NA,NA,NA,NA,NA,NA,NA,0,0,0,0,NA,222,20709,74,0,0,0,956,0,NA,NA,NA,0,NA,NA,NA,NA,NA,NA,2.09121311926836,17
"7911","Late Shuswap-Sockeye","Sockeye",1969,29860,3166,NA,NA,NA,NA,NA,NA,NA,NA,0,0,0,0,NA,1625,27967,0,0,0,268,0,0,NA,NA,NA,0,NA,NA,NA,NA,NA,NA,2.24405083065222,17
"7912","Late Shuswap-Sockeye","Sockeye",1970,5580907,787577,NA,NA,NA,NA,NA,NA,NA,NA,0,74,0,0,NA,173639,5373956,2667,0,0,2188,28383,0,NA,NA,NA,0,NA,NA,NA,NA,NA,NA,1.95814544327162,17
"7913","Late Shuswap-Sockeye","Sockeye",1971,702125,159119,NA,NA,NA,NA,NA,NA,NA,NA,0,0,0,0,NA,21467,680311,128,0,0,0,219,0,NA,NA,NA,0,NA,NA,NA,NA,NA,NA,1.48445910089174,17
"7914","Late Shuswap-Sockeye","Sockeye",1972,44505,2155,NA,NA,NA,NA,NA,NA,NA,NA,0,0,0,0,NA,4098,38342,2065,0,0,0,0,0,NA,NA,NA,0,NA,NA,NA,NA,NA,NA,3.02781081885518,17
"7915","Late Shuswap-Sockeye","Sockeye",1973,67868,2467,NA,NA,NA,NA,NA,NA,NA,NA,0,0,0,0,NA,3817,64051,0,0,0,0,0,0,NA,NA,NA,0,NA,NA,NA,NA,NA,NA,3.31456180463347,17
"7916","Late Shuswap-Sockeye","Sockeye",1974,7050422,619143,NA,NA,NA,NA,NA,NA,NA,NA,0,0,0,0,NA,145210,6888446,9750,0,0,54,6962,0,NA,NA,NA,0,NA,NA,NA,NA,NA,NA,2.43250648839622,17
"7917","Late Shuswap-Sockeye","Sockeye",1975,1026264,85540,NA,NA,NA,NA,NA,NA,NA,NA,0,0,0,0,NA,3181,1022005,1078,0,0,0,0,0,NA,NA,NA,0,NA,NA,NA,NA,NA,NA,2.48469619977495,17
"7918","Late Shuswap-Sockeye","Sockeye",1976,14170,3072,NA,NA,NA,NA,NA,NA,NA,NA,0,0,0,0,NA,578,13049,0,0,0,0,543,0,NA,NA,NA,0,NA,NA,NA,NA,NA,NA,1.52879823841716,17
"7919","Late Shuswap-Sockeye","Sockeye",1977,93645,6027,NA,NA,NA,NA,NA,NA,NA,NA,0,0,0,0,NA,620,93025,0,0,0,0,0,0,NA,NA,NA,0,NA,NA,NA,NA,NA,NA,2.74326166268091,17
"7920","Late Shuswap-Sockeye","Sockeye",1978,9657379,1014791,NA,NA,NA,NA,NA,NA,NA,NA,0,0,0,0,NA,119355,9358872,115757,0,0,137,62987,271,NA,NA,NA,0,NA,NA,NA,NA,NA,NA,2.25303960639631,17
"7921","Late Shuswap-Sockeye","Sockeye",1979,1499666,162068,NA,NA,NA,NA,NA,NA,NA,NA,0,0,0,0,NA,7343,1475536,15681,0,0,0,1106,0,NA,NA,NA,0,NA,NA,NA,NA,NA,NA,2.22498169538261,17
"7922","Late Shuswap-Sockeye","Sockeye",1980,23307,1817,NA,NA,NA,NA,NA,NA,NA,NA,0,0,0,0,NA,1513,21350,444,0,0,0,0,0,NA,NA,NA,0,NA,NA,NA,NA,NA,NA,2.55156695522236,17
"7923","Late Shuswap-Sockeye","Sockeye",1981,9470,5950,NA,NA,NA,NA,NA,NA,NA,NA,0,0,0,0,NA,4,9466,0,0,0,0,0,0,NA,NA,NA,0,NA,NA,NA,NA,NA,NA,0.464737687640448,17
"7924","Late Shuswap-Sockeye","Sockeye",1982,9464899,1568612,NA,NA,NA,NA,NA,NA,NA,NA,0,0,0,0,NA,79877,9206624,105481,0,0,30,72834,53,NA,NA,NA,0,NA,NA,NA,NA,NA,NA,1.79739896181054,17
"7925","Late Shuswap-Sockeye","Sockeye",1983,1980917,100257,NA,NA,NA,NA,NA,NA,NA,NA,0,0,0,0,NA,17088,1947570,16259,0,0,0,0,0,NA,NA,NA,0,NA,NA,NA,NA,NA,NA,2.9835782586041,17
"7926","Late Shuswap-Sockeye","Sockeye",1984,33174,2403,NA,NA,NA,NA,NA,NA,NA,NA,0,0,0,0,NA,103,32672,399,0,0,0,0,0,NA,NA,NA,0,NA,NA,NA,NA,NA,NA,2.62504847982952,17
"7927","Late Shuswap-Sockeye","Sockeye",1985,14934,813,NA,NA,NA,NA,NA,NA,NA,NA,0,0,0,0,NA,61,4319,0,0,0,0,9343,1211,NA,NA,NA,0,NA,NA,NA,NA,NA,NA,2.91066466204784,17
"7928","Late Shuswap-Sockeye","Sockeye",1986,10945795,1068368,NA,NA,NA,NA,NA,NA,NA,NA,0,0,0,0,NA,67599,10620066,194400,0,0,75,51912,11743,NA,NA,NA,0,NA,NA,NA,NA,NA,NA,2.32682311376774,17
"7929","Late Shuswap-Sockeye","Sockeye",1987,3903932,310451,NA,NA,NA,NA,NA,NA,NA,NA,0,0,0,0,NA,8518,3840210,55204,0,0,0,0,0,NA,NA,NA,0,NA,NA,NA,NA,NA,NA,2.53171345041217,17
"7930","Late Shuswap-Sockeye","Sockeye",1988,8220,3556,NA,NA,NA,NA,NA,NA,NA,NA,0,0,0,0,NA,1,6611,1608,0,0,0,0,0,NA,NA,NA,0,NA,NA,NA,NA,NA,NA,0.83793389141643,17
"7931","Late Shuswap-Sockeye","Sockeye",1989,13135,382,NA,NA,NA,NA,NA,NA,NA,NA,0,0,0,0,NA,277,12858,0,0,0,0,0,0,NA,NA,NA,0,NA,NA,NA,NA,NA,NA,3.53761509351307,17
"7932","Late Shuswap-Sockeye","Sockeye",1990,7770370,1744387,NA,NA,NA,NA,NA,NA,NA,NA,0,2206,0,0,NA,19675,7602634,125559,0,0,3,20134,159,NA,NA,NA,0,NA,NA,NA,NA,NA,NA,1.49391457775389,17
"7933","Late Shuswap-Sockeye","Sockeye",1991,866189,615852,NA,NA,NA,NA,NA,NA,NA,NA,0,0,0,0,NA,770,845854,19352,0,0,0,213,0,NA,NA,NA,0,NA,NA,NA,NA,NA,NA,0.341096454627933,17
"7934","Late Shuswap-Sockeye","Sockeye",1992,19909,6640,NA,NA,NA,NA,NA,NA,NA,NA,0,0,0,0,NA,0,11466,8443,0,0,0,0,0,NA,NA,NA,0,NA,NA,NA,NA,NA,NA,1.09805992730932,17
"7935","Late Shuswap-Sockeye","Sockeye",1993,15366,753,NA,NA,NA,NA,NA,NA,NA,NA,0,0,0,0,NA,23,15343,0,0,0,0,0,0,NA,NA,NA,0,NA,NA,NA,NA,NA,NA,3.01584732762769,17
"7936","Late Shuswap-Sockeye","Sockeye",1994,2610200,664678,NA,NA,NA,NA,NA,NA,NA,NA,0,0,0,0,NA,634,2589723,17569,0,0,31,2243,0,NA,NA,NA,0,NA,NA,NA,NA,NA,NA,1.36787941287166,17
"7937","Late Shuswap-Sockeye","Sockeye",1995,771591,210742,NA,NA,NA,NA,NA,NA,NA,NA,0,0,0,0,NA,475,750905,20211,0,0,0,0,0,NA,NA,NA,0,NA,NA,NA,NA,NA,NA,1.29781998039527,17
"7938","Late Shuswap-Sockeye","Sockeye",1996,61532,5493,NA,NA,NA,NA,NA,NA,NA,NA,0,0,0,0,NA,0,31740,29362,0,0,0,430,0,NA,NA,NA,0,NA,NA,NA,NA,NA,NA,2.41608281033302,17
"7939","Late Shuswap-Sockeye","Sockeye",1997,34711,597,NA,NA,NA,NA,NA,NA,NA,NA,0,0,282,0,NA,0,33707,722,0,0,0,0,0,NA,NA,NA,0,NA,NA,NA,NA,NA,NA,4.0628948051894,17
"7940","Late Shuswap-Sockeye","Sockeye",1998,7248023,680552,NA,NA,NA,NA,NA,NA,NA,NA,0,64859,0,0,NA,20892,7141837,20407,0,0,0,28,0,NA,NA,NA,0,NA,NA,NA,NA,NA,NA,2.3655797874337,17
"7941","Late Shuswap-Sockeye","Sockeye",1999,698913,138275,NA,NA,NA,NA,NA,NA,NA,NA,0,0,0,0,NA,111,677510,21292,0,0,0,0,0,NA,NA,NA,0,NA,NA,NA,NA,NA,NA,1.62028181508753,17
"7942","Late Shuswap-Sockeye","Sockeye",2000,1388,164,NA,NA,NA,NA,NA,NA,NA,NA,0,0,0,0,NA,0,1388,0,0,0,0,0,0,NA,NA,NA,0,NA,NA,NA,NA,NA,NA,2.13575271324255,17
"7943","Late Shuswap-Sockeye","Sockeye",2001,8890,2138,NA,NA,NA,NA,NA,NA,NA,NA,0,0,1104,0,NA,88,6455,1243,0,0,0,0,0,NA,NA,NA,0,NA,NA,NA,NA,NA,NA,1.42505623692296,17
"7944","Late Shuswap-Sockeye","Sockeye",2002,7509787,2844548,NA,NA,NA,NA,NA,NA,NA,NA,0,25496,0,0,NA,42234,7387191,53848,0,0,0,1018,0,NA,NA,NA,0,NA,NA,NA,NA,NA,NA,0.970802923453468,17
"7945","Late Shuswap-Sockeye","Sockeye",2003,138420,189695,NA,NA,NA,NA,NA,NA,NA,NA,0,5984,0,0,NA,12,120226,12198,0,0,0,0,0,NA,NA,NA,0,NA,NA,NA,NA,NA,NA,-0.315124977773457,17
"7946","Late Shuswap-Sockeye","Sockeye",2004,1935,2234,NA,NA,NA,NA,NA,NA,NA,NA,0,0,0,0,NA,0,0,1935,0,0,0,0,0,NA,NA,NA,0,NA,NA,NA,NA,NA,NA,-0.143686374165264,17
"7947","Late Shuswap-Sockeye","Sockeye",2005,33870,11793,NA,NA,NA,NA,NA,NA,NA,NA,0,0,1119,0,NA,0,32714,0,0,0,37,0,0,NA,NA,NA,0,NA,NA,NA,NA,NA,NA,1.05502353172185,17
"7948","Late Shuswap-Sockeye","Sockeye",2006,17571901,1170692,NA,NA,NA,NA,NA,NA,NA,NA,0,29047,0,0,NA,45470,17333012,163973,0,0,0,399,0,NA,NA,NA,0,NA,NA,NA,NA,NA,NA,2.70870606517281,17
"7949","Late Shuswap-Sockeye","Sockeye",2007,214511,32296,NA,NA,NA,NA,NA,NA,NA,NA,0,0,0,0,NA,58,214296,94,63,0,0,0,0,NA,NA,NA,0,NA,NA,NA,NA,NA,NA,1.89341763555383,17
"7950","Late Shuswap-Sockeye","Sockeye",2008,9300,83,NA,NA,NA,NA,NA,NA,NA,NA,0,0,0,0,NA,0,0,9300,0,0,0,0,0,NA,NA,NA,0,NA,NA,NA,NA,NA,NA,4.71892907134475,17
"7951","Late Shuswap-Sockeye","Sockeye",2009,385521,20208,NA,NA,NA,NA,NA,NA,NA,NA,0,0,1259,0,NA,0,384008,0,0,0,211,0,43,NA,NA,NA,0,NA,NA,NA,NA,NA,NA,2.94851710061973,17
"7952","Late Shuswap-Sockeye","Sockeye",2010,8223221,3073220,NA,NA,NA,NA,NA,NA,NA,NA,0,14837,0,0,NA,41206,8155534,10631,0,0,20,993,0,NA,NA,NA,0,NA,NA,NA,NA,NA,NA,0.984236109598984,17
"7953","Late Shuswap-Sockeye","Sockeye",2011,20033,46028,NA,NA,NA,NA,NA,NA,NA,NA,0,0,0,0,NA,89,19139,805,0,0,0,0,0,NA,NA,NA,0,NA,NA,NA,NA,NA,NA,-0.831868993161697,17
"7954","Late Shuswap-Sockeye","Sockeye",2013,28041,87946,NA,NA,NA,NA,NA,NA,NA,NA,0,72,0,0,NA,0,27943,0,0,0,26,0,0,NA,NA,NA,0,NA,NA,NA,NA,NA,NA,-1.14305526489416,17
"7955","Late Shuswap-Sockeye","Sockeye",2014,4310691,1053404,NA,NA,NA,NA,NA,NA,NA,NA,0,0,0,0,NA,9157,4289386,12115,0,NA,0,33,0,NA,NA,NA,0,NA,NA,NA,NA,NA,NA,1.40907139080303,17
"7956","Late Shuswap-Sockeye","Sockeye",2015,1689,3178,NA,NA,NA,NA,NA,NA,NA,NA,0,0,0,0,NA,0,1626,63,NA,NA,0,0,NA,NA,NA,NA,NA,NA,NA,NA,NA,NA,NA,-0.632115430288861,17
"7957","Birkenhead-Sockeye","Sockeye",1948,208791,54755,NA,NA,NA,NA,NA,NA,NA,NA,0,0,0,NA,NA,0,179637,12353,0,0,2095,13100,1606,NA,NA,NA,0,NA,NA,NA,NA,NA,NA,1.33846506290351,18
"7958","Birkenhead-Sockeye","Sockeye",1949,308662,43328,NA,NA,NA,NA,NA,NA,NA,NA,0,0,0,0,NA,44548,228462,8696,0,0,10840,14278,1838,NA,NA,NA,0,NA,NA,NA,NA,NA,NA,1.96344774978347,18
"7959","Birkenhead-Sockeye","Sockeye",1950,242740,41370,NA,NA,NA,NA,NA,NA,NA,NA,0,0,0,0,NA,13166,183919,30830,0,0,3756,9493,1576,NA,NA,NA,0,NA,NA,NA,NA,NA,NA,1.7694349312049,18
"7960","Birkenhead-Sockeye","Sockeye",1951,216719,13589,NA,NA,NA,NA,NA,NA,NA,NA,0,0,0,0,NA,31161,107397,66404,0,0,1374,8861,1522,NA,NA,NA,0,NA,NA,NA,NA,NA,NA,2.76934094157903,18
"7961","Birkenhead-Sockeye","Sockeye",1952,244678,24744,NA,NA,NA,NA,NA,NA,NA,NA,0,0,0,0,NA,14902,180787,33154,0,0,3107,11993,735,NA,NA,NA,0,NA,NA,NA,NA,NA,NA,2.29136002501671,18
"7962","Birkenhead-Sockeye","Sockeye",1953,156143,16287,NA,NA,NA,NA,NA,NA,NA,NA,0,0,0,0,NA,8205,102206,16671,0,0,3835,24273,953,NA,NA,NA,0,NA,NA,NA,NA,NA,NA,2.26040501044247,18
"7963","Birkenhead-Sockeye","Sockeye",1954,175704,8635,NA,NA,NA,NA,NA,NA,NA,NA,0,0,0,0,NA,12671,128222,17949,0,0,5306,10328,1228,NA,NA,NA,0,NA,NA,NA,NA,NA,NA,3.01297704941381,18
"7964","Birkenhead-Sockeye","Sockeye",1955,280383,8185,NA,NA,NA,NA,NA,NA,NA,NA,0,0,0,0,NA,35100,221160,7193,0,0,3522,7790,5618,NA,NA,NA,0,NA,NA,NA,NA,NA,NA,3.53385331482465,18
"7965","Birkenhead-Sockeye","Sockeye",1956,279109,27156,NA,NA,NA,NA,NA,NA,NA,NA,0,0,0,0,NA,20500,209127,42071,0,0,1874,3840,1697,NA,NA,NA,0,NA,NA,NA,NA,NA,NA,2.3300043700896,18
"7966","Birkenhead-Sockeye","Sockeye",1957,76363,7068,NA,NA,NA,NA,NA,NA,NA,NA,0,0,0,0,NA,3587,37495,5340,0,0,5586,21961,2394,NA,NA,NA,0,NA,NA,NA,NA,NA,NA,2.37992073121348,18
"7967","Birkenhead-Sockeye","Sockeye",1958,129262,5510,NA,NA,NA,NA,NA,NA,NA,NA,0,0,0,0,NA,21115,74626,11443,0,0,3512,17844,722,NA,NA,NA,0,NA,NA,NA,NA,NA,NA,3.15527672924093,18
"7968","Birkenhead-Sockeye","Sockeye",1959,268022,11388,NA,NA,NA,NA,NA,NA,NA,NA,0,0,0,0,NA,26205,188393,36763,0,0,8984,7505,172,NA,NA,NA,0,NA,NA,NA,NA,NA,NA,3.15850889727814,18
"7969","Birkenhead-Sockeye","Sockeye",1960,172100,19198,NA,NA,NA,NA,NA,NA,NA,NA,0,0,0,0,NA,28566,119526,10607,0,0,3085,6980,3336,NA,NA,NA,0,NA,NA,NA,NA,NA,NA,2.19326959627615,18
"7970","Birkenhead-Sockeye","Sockeye",1961,129815,10550,NA,NA,NA,NA,NA,NA,NA,NA,0,0,0,0,NA,21891,67104,17364,0,0,3102,19054,1300,NA,NA,NA,0,NA,NA,NA,NA,NA,NA,2.50998450007479,18
"7971","Birkenhead-Sockeye","Sockeye",1962,102491,14311,NA,NA,NA,NA,NA,NA,NA,NA,0,0,0,0,NA,21342,66117,8304,0,0,2725,3995,8,NA,NA,NA,0,NA,NA,NA,NA,NA,NA,1.9687465175166,18
"7972","Birkenhead-Sockeye","Sockeye",1963,456078,20769,NA,NA,NA,NA,NA,NA,NA,NA,0,0,0,0,NA,95525,281641,48565,0,0,3924,26112,311,NA,NA,NA,0,NA,NA,NA,NA,NA,NA,3.08920235715413,18
"7973","Birkenhead-Sockeye","Sockeye",1964,365895,27978,NA,NA,NA,NA,NA,NA,NA,NA,0,0,0,0,NA,39236,225898,85137,0,0,869,14542,213,NA,NA,NA,0,NA,NA,NA,NA,NA,NA,2.57092791994178,18
"7974","Birkenhead-Sockeye","Sockeye",1965,165171,9769,NA,NA,NA,NA,NA,NA,NA,NA,0,0,0,0,NA,30602,109033,14770,0,0,2068,7215,1483,NA,NA,NA,0,NA,NA,NA,NA,NA,NA,2.82776719421209,18
"7975","Birkenhead-Sockeye","Sockeye",1966,316855,13462,NA,NA,NA,NA,NA,NA,NA,NA,0,0,0,0,NA,56603,155016,61319,0,0,6824,36465,628,NA,NA,NA,0,NA,NA,NA,NA,NA,NA,3.1585733543942,18
"7976","Birkenhead-Sockeye","Sockeye",1967,492408,17580,NA,NA,NA,NA,NA,NA,NA,NA,0,0,0,0,NA,54257,365358,45896,0,0,6953,19124,820,NA,NA,NA,0,NA,NA,NA,NA,NA,NA,3.33254574887498,18
"7977","Birkenhead-Sockeye","Sockeye",1968,285207,31042,NA,NA,NA,NA,NA,NA,NA,NA,0,0,0,0,NA,21213,218223,35366,0,0,1957,8346,102,NA,NA,NA,0,NA,NA,NA,NA,NA,NA,2.21787410618947,18
"7978","Birkenhead-Sockeye","Sockeye",1969,791869,14324,NA,NA,NA,NA,NA,NA,NA,NA,0,0,0,0,NA,73972,451184,239195,0,0,2190,25067,261,NA,NA,NA,0,NA,NA,NA,NA,NA,NA,4.01245952195708,18
"7979","Birkenhead-Sockeye","Sockeye",1970,738909,19252,NA,NA,NA,NA,NA,NA,NA,NA,0,0,0,0,NA,119108,531214,30799,0,0,22383,32549,2856,NA,NA,NA,0,NA,NA,NA,NA,NA,NA,3.64755982254753,18
"7980","Birkenhead-Sockeye","Sockeye",1971,369096,16143,NA,NA,NA,NA,NA,NA,NA,NA,0,0,0,0,NA,62316,245897,46347,0,0,1952,12033,551,NA,NA,NA,0,NA,NA,NA,NA,NA,NA,3.12957025363034,18
"7981","Birkenhead-Sockeye","Sockeye",1972,519340,26202,NA,NA,NA,NA,NA,NA,NA,NA,0,0,0,0,NA,42841,424942,46655,0,0,1431,3256,215,NA,NA,NA,0,NA,NA,NA,NA,NA,NA,2.98672303091919,18
"7982","Birkenhead-Sockeye","Sockeye",1973,216524,28374,NA,NA,NA,NA,NA,NA,NA,NA,0,0,0,0,NA,44117,140353,24973,0,0,3011,4070,0,NA,NA,NA,0,NA,NA,NA,NA,NA,NA,2.03222816291231,18
"7983","Birkenhead-Sockeye","Sockeye",1974,727181,85495,NA,NA,NA,NA,NA,NA,NA,NA,0,0,0,0,NA,54695,424633,207538,0,0,3384,32659,4272,NA,NA,NA,0,NA,NA,NA,NA,NA,NA,2.14071752020862,18
"7984","Birkenhead-Sockeye","Sockeye",1975,120593,19653,NA,NA,NA,NA,NA,NA,NA,NA,0,0,0,0,NA,9335,80976,18616,0,0,1030,10152,484,NA,NA,NA,0,NA,NA,NA,NA,NA,NA,1.81419124107292,18
"7985","Birkenhead-Sockeye","Sockeye",1976,619577,50023,NA,NA,NA,NA,NA,NA,NA,NA,0,0,0,0,NA,29279,479356,84392,0,0,977,22209,3364,NA,NA,NA,0,NA,NA,NA,NA,NA,NA,2.5165540874701,18
"7986","Birkenhead-Sockeye","Sockeye",1977,431633,12799,NA,NA,NA,NA,NA,NA,NA,NA,0,0,0,0,NA,15580,287020,98126,0,0,3551,21384,5972,NA,NA,NA,0,NA,NA,NA,NA,NA,NA,3.51820864727233,18
"7987","Birkenhead-Sockeye","Sockeye",1978,666214,48158,NA,NA,NA,NA,NA,NA,NA,NA,0,0,0,0,NA,42233,493542,117215,0,0,292,11450,1482,NA,NA,NA,0,NA,NA,NA,NA,NA,NA,2.62712366835003,18
"7988","Birkenhead-Sockeye","Sockeye",1979,415951,35168,NA,NA,NA,NA,NA,NA,NA,NA,0,0,0,0,NA,13881,273583,121177,0,0,895,5205,1210,NA,NA,NA,0,NA,NA,NA,NA,NA,NA,2.47043088664091,18
"7989","Birkenhead-Sockeye","Sockeye",1980,163172,32786,NA,NA,NA,NA,NA,NA,NA,NA,0,0,0,0,NA,10131,115564,36212,0,0,0,1265,0,NA,NA,NA,0,NA,NA,NA,NA,NA,NA,1.60480326417871,18
"7990","Birkenhead-Sockeye","Sockeye",1981,266159,27175,NA,NA,NA,NA,NA,NA,NA,NA,0,0,0,0,NA,4550,105179,156430,0,0,0,0,0,NA,NA,NA,0,NA,NA,NA,NA,NA,NA,2.28179644155733,18
"7991","Birkenhead-Sockeye","Sockeye",1982,1816442,72353,NA,NA,NA,NA,NA,NA,NA,NA,0,0,0,0,NA,48333,1471487,281339,0,0,1815,12955,513,NA,NA,NA,0,NA,NA,NA,NA,NA,NA,3.22307800429863,18
"7992","Birkenhead-Sockeye","Sockeye",1983,808110,21069,NA,NA,NA,NA,NA,NA,NA,NA,0,0,0,0,NA,15268,625519,149561,0,0,795,15531,1436,NA,NA,NA,0,NA,NA,NA,NA,NA,NA,3.64689542202394,18
"7993","Birkenhead-Sockeye","Sockeye",1984,470361,23226,NA,NA,NA,NA,NA,NA,NA,NA,0,0,0,0,NA,5918,347631,86729,0,0,120,27258,2705,NA,NA,NA,0,NA,NA,NA,NA,NA,NA,3.00822814416051,18
"7994","Birkenhead-Sockeye","Sockeye",1985,245842,5757,NA,NA,NA,NA,NA,NA,NA,NA,0,0,0,0,NA,12226,123208,93098,0,0,851,15248,1211,NA,NA,NA,0,NA,NA,NA,NA,NA,NA,3.75427254746806,18
"7995","Birkenhead-Sockeye","Sockeye",1986,1211967,197841,NA,NA,NA,NA,NA,NA,NA,NA,0,0,0,0,NA,24019,869228,315301,0,0,559,2860,0,NA,NA,NA,0,NA,NA,NA,NA,NA,NA,1.81253626074585,18
"7996","Birkenhead-Sockeye","Sockeye",1987,999898,89492,NA,NA,NA,NA,NA,NA,NA,NA,0,0,0,0,NA,5671,698300,279598,0,0,1185,3799,11345,NA,NA,NA,0,NA,NA,NA,NA,NA,NA,2.41350403796895,18
"7997","Birkenhead-Sockeye","Sockeye",1988,927715,75537,NA,NA,NA,NA,NA,NA,NA,NA,0,0,0,0,NA,29507,200724,664723,0,0,1501,27396,3864,NA,NA,NA,0,NA,NA,NA,NA,NA,NA,2.50810197111176,18
"7998","Birkenhead-Sockeye","Sockeye",1989,1147929,15690,NA,NA,NA,NA,NA,NA,NA,NA,0,0,0,0,NA,36435,935181,173958,0,0,1181,1174,0,NA,NA,NA,0,NA,NA,NA,NA,NA,NA,4.29269116153209,18
"7999","Birkenhead-Sockeye","Sockeye",1990,238613,97108,NA,NA,NA,NA,NA,NA,NA,NA,0,0,0,0,NA,10179,200407,24968,0,0,0,3059,0,NA,NA,NA,0,NA,NA,NA,NA,NA,NA,0.899019231479604,18
"8000","Birkenhead-Sockeye","Sockeye",1991,122385,152077,NA,NA,NA,NA,NA,NA,NA,NA,0,0,0,0,NA,244,55270,61746,0,0,186,3222,1717,NA,NA,NA,0,NA,NA,NA,NA,NA,NA,-0.217215157976973,18
"8001","Birkenhead-Sockeye","Sockeye",1992,99182,93445,NA,NA,NA,NA,NA,NA,NA,NA,0,0,0,0,NA,3522,47661,46563,0,0,125,435,876,NA,NA,NA,0,NA,NA,NA,NA,NA,NA,0.0595835182913224,18
"8002","Birkenhead-Sockeye","Sockeye",1993,575880,151089,NA,NA,NA,NA,NA,NA,NA,NA,0,0,0,0,NA,8716,180208,380162,0,0,0,4380,2414,NA,NA,NA,0,NA,NA,NA,NA,NA,NA,1.33803023850002,18
"8003","Birkenhead-Sockeye","Sockeye",1994,67413,22315,NA,NA,NA,NA,NA,NA,NA,NA,0,0,0,0,NA,1028,21899,40686,0,0,7,3793,0,NA,NA,NA,0,NA,NA,NA,NA,NA,NA,1.10557877957667,18
"8004","Birkenhead-Sockeye","Sockeye",1995,170525,18407,NA,NA,NA,NA,NA,NA,NA,NA,0,0,0,0,NA,486,141021,28997,0,0,21,0,0,NA,NA,NA,0,NA,NA,NA,NA,NA,NA,2.2261508864902,18
"8005","Birkenhead-Sockeye","Sockeye",1996,78931,27824,NA,NA,NA,NA,NA,NA,NA,NA,0,0,0,0,NA,723,34094,41519,0,0,0,2595,0,NA,NA,NA,0,NA,NA,NA,NA,NA,NA,1.04267509548207,18
"8006","Birkenhead-Sockeye","Sockeye",1997,30582,23274,NA,NA,NA,NA,NA,NA,NA,NA,0,0,0,0,NA,0,18165,10200,0,0,0,2217,0,NA,NA,NA,0,NA,NA,NA,NA,NA,NA,0.273074742900075,18
"8007","Birkenhead-Sockeye","Sockeye",1998,619321,173098,NA,NA,NA,NA,NA,NA,NA,NA,0,0,0,0,NA,277,213323,403021,0,0,0,1752,948,NA,NA,NA,0,NA,NA,NA,NA,NA,NA,1.2747658085211,18
"8008","Birkenhead-Sockeye","Sockeye",1999,83528,26220,NA,NA,NA,NA,NA,NA,NA,NA,0,0,0,0,NA,0,47311,36027,0,0,0,190,0,NA,NA,NA,0,NA,NA,NA,NA,NA,NA,1.15865942665226,18
"8009","Birkenhead-Sockeye","Sockeye",2000,101965,8333,NA,NA,NA,NA,NA,NA,NA,NA,0,0,0,0,NA,652,63710,37603,0,0,0,0,0,NA,NA,NA,0,NA,NA,NA,NA,NA,NA,2.50440608174424,18
"8010","Birkenhead-Sockeye","Sockeye",2001,191674,28361,NA,NA,NA,NA,NA,NA,NA,NA,0,0,0,0,NA,56,110415,81203,0,0,0,0,0,NA,NA,NA,0,NA,NA,NA,NA,NA,NA,1.91078105029371,18
"8011","Birkenhead-Sockeye","Sockeye",2002,634125,107481,NA,NA,NA,NA,NA,NA,NA,NA,0,342,0,0,NA,898,502582,129934,0,0,0,0,369,NA,NA,NA,0,NA,NA,NA,NA,NA,NA,1.77493200812628,18
"8012","Birkenhead-Sockeye","Sockeye",2003,13338,152657,NA,NA,NA,NA,NA,NA,NA,NA,0,0,0,0,NA,80,6064,7010,0,0,0,184,0,NA,NA,NA,0,NA,NA,NA,NA,NA,NA,-2.43757647045395,18
"8013","Birkenhead-Sockeye","Sockeye",2004,76400,17516,NA,NA,NA,NA,NA,NA,NA,NA,0,0,0,0,NA,47,46487,29866,0,0,0,0,0,NA,NA,NA,0,NA,NA,NA,NA,NA,NA,1.47286794723332,18
"8014","Birkenhead-Sockeye","Sockeye",2005,86063,27117,NA,NA,NA,NA,NA,NA,NA,NA,0,0,0,0,NA,361,33023,51290,0,0,0,684,705,NA,NA,NA,0,NA,NA,NA,NA,NA,NA,1.15491874871891,18
"8015","Birkenhead-Sockeye","Sockeye",2006,441874,137365,NA,NA,NA,NA,NA,NA,NA,NA,0,0,0,0,NA,179,257819,178240,0,0,0,5636,0,NA,NA,NA,0,NA,NA,NA,NA,NA,NA,1.1683831569392,18
"8016","Birkenhead-Sockeye","Sockeye",2007,247094,54290,NA,NA,NA,NA,NA,NA,NA,NA,0,0,0,0,NA,180,188807,54481,265,0,60,1977,1324,NA,NA,NA,0,NA,NA,NA,NA,NA,NA,1.51542878311506,18
"8017","Birkenhead-Sockeye","Sockeye",2008,72774,6788,NA,NA,NA,NA,NA,NA,NA,NA,0,0,0,0,NA,1015,46573,23300,0,0,14,1589,283,NA,NA,NA,0,NA,NA,NA,NA,NA,NA,2.37220240118282,18
"8018","Birkenhead-Sockeye","Sockeye",2009,141215,34475,NA,NA,NA,NA,NA,NA,NA,NA,0,0,0,0,NA,207,68048,72094,0,0,18,848,0,NA,NA,NA,0,NA,NA,NA,NA,NA,NA,1.41004912803214,18
"8019","Birkenhead-Sockeye","Sockeye",2010,34882,67762,NA,NA,NA,NA,NA,NA,NA,NA,0,0,0,0,NA,18,28555,5636,0,0,0,528,145,NA,NA,NA,0,NA,NA,NA,NA,NA,NA,-0.664030629000342,18
"8020","Birkenhead-Sockeye","Sockeye",2011,91160,92420,NA,NA,NA,NA,NA,NA,NA,NA,0,0,0,0,NA,211,55477,34018,0,0,0,1454,0,NA,NA,NA,0,NA,NA,NA,NA,NA,NA,-0.0137272010646368,18
"8021","Birkenhead-Sockeye","Sockeye",2012,23404,2549,NA,NA,NA,NA,NA,NA,NA,NA,0,0,0,0,NA,76,15555,7773,0,0,0,0,0,NA,NA,NA,0,NA,NA,NA,NA,NA,NA,2.21720582253201,18
"8022","Birkenhead-Sockeye","Sockeye",2013,41724,46795,NA,NA,NA,NA,NA,NA,NA,NA,0,0,0,0,NA,37,14138,27454,0,0,0,95,0,NA,NA,NA,0,NA,NA,NA,NA,NA,NA,-0.114699856795495,18
"8023","Birkenhead-Sockeye","Sockeye",2014,11624,19612,NA,NA,NA,NA,NA,NA,NA,NA,0,0,0,0,NA,7,8343,3214,60,NA,0,0,0,NA,NA,NA,0,NA,NA,NA,NA,NA,NA,-0.523069697521005,18
"8024","Birkenhead-Sockeye","Sockeye",2015,1650,26687,NA,NA,NA,NA,NA,NA,NA,NA,0,0,0,0,NA,11,1050,324,NA,NA,0,265,NA,NA,NA,NA,NA,NA,NA,NA,NA,NA,NA,-2.78340126753785,18
"8025","Cultus-Sockeye","Sockeye",1948,40903,13086,NA,NA,NA,NA,NA,NA,NA,NA,0,0,0,NA,NA,0,37820,1256,0,0,0,1827,0,NA,NA,NA,0,NA,NA,NA,NA,NA,NA,1.13966045354451,19
"8026","Cultus-Sockeye","Sockeye",1949,39167,9301,NA,NA,NA,NA,NA,NA,NA,NA,0,0,0,0,NA,1662,37489,0,0,0,16,0,0,NA,NA,NA,0,NA,NA,NA,NA,NA,NA,1.43771263425786,19
"8027","Cultus-Sockeye","Sockeye",1950,108361,30595,NA,NA,NA,NA,NA,NA,NA,NA,0,0,0,0,NA,3623,101664,0,0,0,0,3074,0,NA,NA,NA,0,NA,NA,NA,NA,NA,NA,1.26463164875741,19
"8028","Cultus-Sockeye","Sockeye",1951,174068,13143,NA,NA,NA,NA,NA,NA,NA,NA,0,0,0,0,NA,3498,166043,4527,0,0,0,0,0,NA,NA,NA,0,NA,NA,NA,NA,NA,NA,2.58355672996813,19
"8029","Cultus-Sockeye","Sockeye",1952,44424,18910,NA,NA,NA,NA,NA,NA,NA,NA,0,0,0,0,NA,159,32999,11266,0,0,0,0,0,NA,NA,NA,0,NA,NA,NA,NA,NA,NA,0.85408898126894,19
"8030","Cultus-Sockeye","Sockeye",1953,63669,13000,NA,NA,NA,NA,NA,NA,NA,NA,0,0,0,0,NA,497,62317,855,0,0,0,0,0,NA,NA,NA,0,NA,NA,NA,NA,NA,NA,1.58874843046008,19
"8031","Cultus-Sockeye","Sockeye",1954,71295,24150,NA,NA,NA,NA,NA,NA,NA,NA,0,0,0,0,NA,1631,61631,1933,0,0,44,6056,0,NA,NA,NA,0,NA,NA,NA,NA,NA,NA,1.0825418186355,19
"8032","Cultus-Sockeye","Sockeye",1955,281084,26000,NA,NA,NA,NA,NA,NA,NA,NA,0,0,0,0,NA,1610,274490,1184,0,0,204,3596,0,NA,NA,NA,0,NA,NA,NA,NA,NA,NA,2.38055701902522,19
"8033","Cultus-Sockeye","Sockeye",1956,37505,14133,NA,NA,NA,NA,NA,NA,NA,NA,0,0,0,0,NA,1273,35165,1067,0,0,0,0,0,NA,NA,NA,0,NA,NA,NA,NA,NA,NA,0.975961769035586,19
"8034","Cultus-Sockeye","Sockeye",1957,28083,20647,NA,NA,NA,NA,NA,NA,NA,NA,0,0,0,0,NA,95,26724,1264,0,0,0,0,0,NA,NA,NA,0,NA,NA,NA,NA,NA,NA,0.307594380654975,19
"8035","Cultus-Sockeye","Sockeye",1958,51030,14097,NA,NA,NA,NA,NA,NA,NA,NA,0,0,0,0,NA,3547,46269,1097,0,0,0,117,0,NA,NA,NA,0,NA,NA,NA,NA,NA,NA,1.28645168628709,19
"8036","Cultus-Sockeye","Sockeye",1959,53023,48461,NA,NA,NA,NA,NA,NA,NA,NA,0,0,0,0,NA,114,50631,1449,0,0,94,735,0,NA,NA,NA,0,NA,NA,NA,NA,NA,NA,0.0899664309306807,19
"8037","Cultus-Sockeye","Sockeye",1960,23939,17689,NA,NA,NA,NA,NA,NA,NA,NA,0,0,0,0,NA,483,22606,414,0,0,0,436,0,NA,NA,NA,0,NA,NA,NA,NA,NA,NA,0.302565950701618,19
"8038","Cultus-Sockeye","Sockeye",1961,6148,15428,NA,NA,NA,NA,NA,NA,NA,NA,0,0,0,0,NA,194,5954,0,0,0,0,0,0,NA,NA,NA,0,NA,NA,NA,NA,NA,NA,-0.920057214669632,19
"8039","Cultus-Sockeye","Sockeye",1962,36742,27070,NA,NA,NA,NA,NA,NA,NA,NA,0,0,0,0,NA,524,35483,0,0,0,201,534,0,NA,NA,NA,0,NA,NA,NA,NA,NA,NA,0.305494411260535,19
"8040","Cultus-Sockeye","Sockeye",1963,138448,20571,NA,NA,NA,NA,NA,NA,NA,NA,0,0,0,0,NA,3825,131466,3157,0,0,0,0,0,NA,NA,NA,0,NA,NA,NA,NA,NA,NA,1.90661248689405,19
"8041","Cultus-Sockeye","Sockeye",1964,71400,11143,NA,NA,NA,NA,NA,NA,NA,NA,0,0,0,0,NA,1357,67696,1550,0,0,0,797,0,NA,NA,NA,0,NA,NA,NA,NA,NA,NA,1.85748637128062,19
"8042","Cultus-Sockeye","Sockeye",1965,21020,2532,NA,NA,NA,NA,NA,NA,NA,NA,0,0,0,0,NA,1380,19606,0,0,0,34,0,0,NA,NA,NA,0,NA,NA,NA,NA,NA,NA,2.11646486116688,19
"8043","Cultus-Sockeye","Sockeye",1966,45065,17464,NA,NA,NA,NA,NA,NA,NA,NA,0,0,0,0,NA,4551,40079,435,0,0,0,0,0,NA,NA,NA,0,NA,NA,NA,NA,NA,NA,0.94796427276073,19
"8044","Cultus-Sockeye","Sockeye",1967,110974,33492,NA,NA,NA,NA,NA,NA,NA,NA,0,0,0,0,NA,7716,96671,6114,0,0,0,473,0,NA,NA,NA,0,NA,NA,NA,NA,NA,NA,1.19798933529879,19
"8045","Cultus-Sockeye","Sockeye",1968,42454,25736,NA,NA,NA,NA,NA,NA,NA,NA,0,0,0,0,NA,36,42418,0,0,0,0,0,0,NA,NA,NA,0,NA,NA,NA,NA,NA,NA,0.500530346885527,19
"8046","Cultus-Sockeye","Sockeye",1969,6477,6739,NA,NA,NA,NA,NA,NA,NA,NA,0,0,0,0,NA,1446,5031,0,0,0,0,0,0,NA,NA,NA,0,NA,NA,NA,NA,NA,NA,-0.0396541057633,19
"8047","Cultus-Sockeye","Sockeye",1970,46132,15149,NA,NA,NA,NA,NA,NA,NA,NA,0,0,0,0,NA,910,44797,150,0,0,56,219,0,NA,NA,NA,0,NA,NA,NA,NA,NA,NA,1.11357232918751,19
"8048","Cultus-Sockeye","Sockeye",1971,51271,9145,NA,NA,NA,NA,NA,NA,NA,NA,0,0,0,0,NA,2673,47715,313,0,0,58,512,0,NA,NA,NA,0,NA,NA,NA,NA,NA,NA,1.72391800834615,19
"8049","Cultus-Sockeye","Sockeye",1972,30363,10660,NA,NA,NA,NA,NA,NA,NA,NA,0,0,0,0,NA,337,30020,3,0,0,3,0,0,NA,NA,NA,0,NA,NA,NA,NA,NA,NA,1.04672634313718,19
"8050","Cultus-Sockeye","Sockeye",1973,713,858,NA,NA,NA,NA,NA,NA,NA,NA,0,0,0,0,NA,44,480,189,0,0,0,0,0,NA,NA,NA,0,NA,NA,NA,NA,NA,NA,-0.185122679073666,19
"8051","Cultus-Sockeye","Sockeye",1974,30293,9814,NA,NA,NA,NA,NA,NA,NA,NA,0,0,0,0,NA,636,27251,2406,0,0,0,0,0,NA,NA,NA,0,NA,NA,NA,NA,NA,NA,1.12710672505535,19
"8052","Cultus-Sockeye","Sockeye",1975,129249,11478,NA,NA,NA,NA,NA,NA,NA,NA,0,0,0,0,NA,6742,122240,267,0,0,0,0,0,NA,NA,NA,0,NA,NA,NA,NA,NA,NA,2.42130861672853,19
"8053","Cultus-Sockeye","Sockeye",1976,6123,4450,NA,NA,NA,NA,NA,NA,NA,NA,0,0,0,0,NA,14,6109,0,0,0,0,0,0,NA,NA,NA,0,NA,NA,NA,NA,NA,NA,0.319148076317669,19
"8054","Cultus-Sockeye","Sockeye",1977,1571,353,NA,NA,NA,NA,NA,NA,NA,NA,0,0,0,0,NA,114,1457,0,0,0,0,0,0,NA,NA,NA,0,NA,NA,NA,NA,NA,NA,1.49299958132232,19
"8055","Cultus-Sockeye","Sockeye",1978,75245,7265,NA,NA,NA,NA,NA,NA,NA,NA,0,0,0,0,NA,4837,69111,0,0,0,18,1279,0,NA,NA,NA,0,NA,NA,NA,NA,NA,NA,2.33768115921644,19
"8056","Cultus-Sockeye","Sockeye",1979,110516,32045,NA,NA,NA,NA,NA,NA,NA,NA,0,0,0,0,NA,1662,106617,1627,0,0,0,610,0,NA,NA,NA,0,NA,NA,NA,NA,NA,NA,1.23801914189972,19
"8057","Cultus-Sockeye","Sockeye",1980,4825,1687,NA,NA,NA,NA,NA,NA,NA,NA,0,0,0,0,NA,186,4639,0,0,0,0,0,0,NA,NA,NA,0,NA,NA,NA,NA,NA,NA,1.05085893122712,19
"8058","Cultus-Sockeye","Sockeye",1981,1544,1159,NA,NA,NA,NA,NA,NA,NA,NA,0,0,0,0,NA,579,965,0,0,0,0,0,0,NA,NA,NA,0,NA,NA,NA,NA,NA,NA,0.28681888724497,19
"8059","Cultus-Sockeye","Sockeye",1982,18839,17222,NA,NA,NA,NA,NA,NA,NA,NA,0,0,0,0,NA,883,12419,5529,0,0,8,0,0,NA,NA,NA,0,NA,NA,NA,NA,NA,NA,0.0897415529092638,19
"8060","Cultus-Sockeye","Sockeye",1983,96326,19952,NA,NA,NA,NA,NA,NA,NA,NA,0,0,0,0,NA,423,95192,711,0,0,0,0,0,NA,NA,NA,0,NA,NA,NA,NA,NA,NA,1.57440888304155,19
"8061","Cultus-Sockeye","Sockeye",1984,9406,1147,NA,NA,NA,NA,NA,NA,NA,NA,0,0,0,0,NA,215,9074,32,0,0,0,85,0,NA,NA,NA,0,NA,NA,NA,NA,NA,NA,2.10419794537562,19
"8062","Cultus-Sockeye","Sockeye",1985,2431,571,NA,NA,NA,NA,NA,NA,NA,NA,0,0,0,0,NA,329,1980,122,0,0,0,0,0,NA,NA,NA,0,NA,NA,NA,NA,NA,NA,1.44866876466011,19
"8063","Cultus-Sockeye","Sockeye",1986,10488,3533,NA,NA,NA,NA,NA,NA,NA,NA,0,0,0,0,NA,210,10278,0,0,0,0,0,0,NA,NA,NA,0,NA,NA,NA,NA,NA,NA,1.08808437808439,19
"8064","Cultus-Sockeye","Sockeye",1987,65855,32336,NA,NA,NA,NA,NA,NA,NA,NA,0,0,0,0,NA,19,64919,917,0,0,0,0,0,NA,NA,NA,0,NA,NA,NA,NA,NA,NA,0.711274194789745,19
"8065","Cultus-Sockeye","Sockeye",1988,7825,964,NA,NA,NA,NA,NA,NA,NA,NA,0,0,0,0,NA,99,6584,1142,0,0,0,0,0,NA,NA,NA,0,NA,NA,NA,NA,NA,NA,2.09398772079781,19
"8066","Cultus-Sockeye","Sockeye",1989,10745,568,NA,NA,NA,NA,NA,NA,NA,NA,0,0,0,0,NA,4,9729,1012,0,0,0,0,0,NA,NA,NA,0,NA,NA,NA,NA,NA,NA,2.94007439035546,19
"8067","Cultus-Sockeye","Sockeye",1990,25123,1870,NA,NA,NA,NA,NA,NA,NA,NA,0,0,0,0,NA,236,22231,2336,0,0,0,320,0,NA,NA,NA,0,NA,NA,NA,NA,NA,NA,2.59784533035429,19
"8068","Cultus-Sockeye","Sockeye",1991,17399,20191,NA,NA,NA,NA,NA,NA,NA,NA,0,0,0,0,NA,23,16737,618,0,0,0,21,0,NA,NA,NA,0,NA,NA,NA,NA,NA,NA,-0.148824227263658,19
"8069","Cultus-Sockeye","Sockeye",1992,1884,1205,NA,NA,NA,NA,NA,NA,NA,NA,0,0,0,0,NA,71,1813,0,0,0,0,0,0,NA,NA,NA,0,NA,NA,NA,NA,NA,NA,0.446917609211553,19
"8070","Cultus-Sockeye","Sockeye",1993,945,1131,NA,NA,NA,NA,NA,NA,NA,NA,0,0,0,0,NA,11,934,0,0,0,0,0,0,NA,NA,NA,0,NA,NA,NA,NA,NA,NA,-0.179672548622378,19
"8071","Cultus-Sockeye","Sockeye",1994,2448,4422,NA,NA,NA,NA,NA,NA,NA,NA,0,0,0,0,NA,7,2299,142,0,0,0,0,0,NA,NA,NA,0,NA,NA,NA,NA,NA,NA,-0.591320717785175,19
"8072","Cultus-Sockeye","Sockeye",1995,14793,10349,NA,NA,NA,NA,NA,NA,NA,NA,0,0,0,0,NA,240,14024,512,0,0,0,17,0,NA,NA,NA,0,NA,NA,NA,NA,NA,NA,0.357264199224063,19
"8073","Cultus-Sockeye","Sockeye",1996,1515,2030,NA,NA,NA,NA,NA,NA,NA,NA,0,0,0,0,NA,12,1503,0,0,0,0,0,0,NA,NA,NA,0,NA,NA,NA,NA,NA,NA,-0.292620354092363,19
"8074","Cultus-Sockeye","Sockeye",1997,717,91,NA,NA,NA,NA,NA,NA,NA,NA,0,0,0,0,NA,0,699,18,0,0,0,0,0,NA,NA,NA,0,NA,NA,NA,NA,NA,NA,2.06421633408277,19
"8075","Cultus-Sockeye","Sockeye",1998,6185,2166,NA,NA,NA,NA,NA,NA,NA,NA,0,0,0,0,NA,160,5947,78,0,0,0,0,0,NA,NA,NA,0,NA,NA,NA,NA,NA,NA,1.04924485726565,19
"8076","Cultus-Sockeye","Sockeye",1999,2852,12403,NA,NA,NA,NA,NA,NA,NA,NA,0,0,0,0,NA,9,2807,36,0,0,0,0,0,NA,NA,NA,0,NA,NA,NA,NA,NA,NA,-1.46991787628114,19
"8077","Cultus-Sockeye","Sockeye",2000,81,1227,NA,NA,NA,NA,NA,NA,NA,NA,0,0,0,0,NA,1,72,8,0,0,0,0,0,NA,NA,NA,0,NA,NA,NA,NA,NA,NA,-2.71787829003847,19
"8078","Cultus-Sockeye","Sockeye",2001,225,675,NA,NA,NA,NA,NA,NA,NA,NA,0,13,0,0,NA,0,212,0,0,0,0,0,0,NA,NA,NA,0,NA,NA,NA,NA,NA,NA,-1.09861228866811,19
"8079","Cultus-Sockeye","Sockeye",2002,5292,4882,NA,NA,NA,NA,NA,NA,NA,NA,0,0,0,0,NA,182,5003,107,0,0,0,0,0,NA,NA,NA,0,NA,NA,NA,NA,NA,NA,0.0806412742819408,19
"8080","Cultus-Sockeye","Sockeye",2003,735,1939,NA,NA,NA,NA,NA,NA,NA,NA,0,0,0,0,NA,12,716,0,0,0,0,7,0,NA,NA,NA,0,NA,NA,NA,NA,NA,NA,-0.970057156029815,19
"8081","Cultus-Sockeye","Sockeye",2004,1318,52,NA,NA,NA,NA,NA,NA,NA,NA,0,0,0,0,NA,111,1172,35,0,0,0,0,0,NA,NA,NA,0,NA,NA,NA,NA,NA,NA,3.23262699648103,19
"8082","Cultus-Sockeye","Sockeye",2005,926,226,NA,NA,NA,NA,NA,NA,NA,NA,0,0,0,0,NA,20,906,0,0,0,0,0,0,NA,NA,NA,0,NA,NA,NA,NA,NA,NA,1.41033923537389,19
"8083","Cultus-Sockeye","Sockeye",2006,21000,3521,NA,NA,NA,NA,NA,NA,NA,NA,0,0,0,0,NA,834,19919,247,0,0,0,0,0,NA,NA,NA,0,NA,NA,NA,NA,NA,NA,1.78577739755051,19
"8084","Cultus-Sockeye","Sockeye",2007,13143,649,NA,NA,NA,NA,NA,NA,NA,NA,0,0,0,0,NA,643,12280,220,0,0,0,0,0,NA,NA,NA,0,NA,NA,NA,NA,NA,NA,3.00821185977792,19
"8085","Cultus-Sockeye","Sockeye",2008,2208,360,NA,NA,NA,NA,NA,NA,NA,NA,0,0,0,0,NA,272,1873,63,0,0,0,0,0,NA,NA,NA,0,NA,NA,NA,NA,NA,NA,1.81373837594683,19
"8086","Cultus-Sockeye","Sockeye",2009,2742,1441,NA,NA,NA,NA,NA,NA,NA,NA,0,0,0,0,NA,73,2524,145,0,0,0,0,0,NA,NA,NA,0,NA,NA,NA,NA,NA,NA,0.643350264122738,19
"8087","Cultus-Sockeye","Sockeye",2010,20016,10297,NA,NA,NA,NA,NA,NA,NA,NA,0,0,0,0,NA,1248,18630,138,0,0,0,0,0,NA,NA,NA,0,NA,NA,NA,NA,NA,NA,0.664679363049941,19
"8088","Cultus-Sockeye","Sockeye",2011,1663,7211,NA,NA,NA,NA,NA,NA,NA,NA,0,0,7,0,NA,33,1594,29,0,0,0,0,0,NA,NA,NA,0,NA,NA,NA,NA,NA,NA,-1.46698443772383,19
"8089","Cultus-Sockeye","Sockeye",2012,4102,892,NA,NA,NA,NA,NA,NA,NA,NA,0,0,0,0,NA,115,3856,131,0,0,0,0,0,NA,NA,NA,0,NA,NA,NA,NA,NA,NA,1.52576380605232,19
"8090","Cultus-Sockeye","Sockeye",2013,956,3312,NA,NA,NA,NA,NA,NA,NA,NA,0,0,0,0,NA,222,709,25,0,0,0,0,0,NA,NA,NA,0,NA,NA,NA,NA,NA,NA,-1.24254960245375,19
"8091","Cultus-Sockeye","Sockeye",2014,1449,4411,NA,NA,NA,NA,NA,NA,NA,NA,0,0,0,0,NA,8,1411,30,0,NA,0,0,0,NA,NA,NA,0,NA,NA,NA,NA,NA,NA,-1.11322775778426,19
"8092","Cultus-Sockeye","Sockeye",2015,54,1220,NA,NA,NA,NA,NA,NA,NA,NA,0,0,0,0,NA,0,51,3,NA,NA,0,0,NA,NA,NA,NA,NA,NA,NA,NA,NA,NA,NA,-3.11762209116303,19
"8093","Portage-Sockeye","Sockeye",1951,244,15,NA,NA,NA,NA,NA,NA,NA,NA,0,0,0,0,NA,18,226,0,0,0,0,0,0,NA,NA,NA,0,NA,NA,NA,NA,NA,NA,2.78911802419099,20
"8094","Portage-Sockeye","Sockeye",1953,394,24,NA,NA,NA,NA,NA,NA,NA,NA,0,0,0,0,NA,0,394,0,0,0,0,0,0,NA,NA,NA,0,NA,NA,NA,NA,NA,NA,2.79829707894999,20
"8095","Portage-Sockeye","Sockeye",1954,38700,1729,NA,NA,NA,NA,NA,NA,NA,NA,0,0,0,0,NA,1898,35946,0,0,0,0,856,0,NA,NA,NA,0,NA,NA,NA,NA,NA,NA,3.10829639333458,20
"8096","Portage-Sockeye","Sockeye",1955,4392,20,NA,NA,NA,NA,NA,NA,NA,NA,0,0,0,0,NA,16,4376,0,0,0,0,0,0,NA,NA,NA,0,NA,NA,NA,NA,NA,NA,5.39180770963538,20
"8097","Portage-Sockeye","Sockeye",1957,47,20,NA,NA,NA,NA,NA,NA,NA,NA,0,0,0,0,NA,0,47,0,0,0,0,0,0,NA,NA,NA,0,NA,NA,NA,NA,NA,NA,0.854415328156068,20
"8098","Portage-Sockeye","Sockeye",1958,25645,2749,NA,NA,NA,NA,NA,NA,NA,NA,0,0,0,0,NA,895,24738,12,0,0,0,0,0,NA,NA,NA,0,NA,NA,NA,NA,NA,NA,2.23311141165812,20
"8099","Portage-Sockeye","Sockeye",1959,5565,286,NA,NA,NA,NA,NA,NA,NA,NA,0,0,0,0,NA,134,5431,0,0,0,0,0,0,NA,NA,NA,0,NA,NA,NA,NA,NA,NA,2.96826045288979,20
"8100","Portage-Sockeye","Sockeye",1961,2723,12,NA,NA,NA,NA,NA,NA,NA,NA,0,0,0,0,NA,2,2721,0,0,0,0,0,0,NA,NA,NA,0,NA,NA,NA,NA,NA,NA,5.42458284288576,20
"8101","Portage-Sockeye","Sockeye",1962,72180,6326,NA,NA,NA,NA,NA,NA,NA,NA,0,0,0,0,NA,1878,70118,184,0,0,0,0,0,NA,NA,NA,0,NA,NA,NA,NA,NA,NA,2.43449487433119,20
"8102","Portage-Sockeye","Sockeye",1963,58437,1116,NA,NA,NA,NA,NA,NA,NA,NA,0,0,0,0,NA,2207,56214,16,0,0,0,0,0,NA,NA,NA,0,NA,NA,NA,NA,NA,NA,3.95819838690345,20
"8103","Portage-Sockeye","Sockeye",1964,624,5,NA,NA,NA,NA,NA,NA,NA,NA,0,0,0,0,NA,42,571,0,0,0,0,11,0,NA,NA,NA,0,NA,NA,NA,NA,NA,NA,4.82671245593533,20
"8104","Portage-Sockeye","Sockeye",1965,3463,589,NA,NA,NA,NA,NA,NA,NA,NA,0,0,0,0,NA,155,3308,0,0,0,0,0,0,NA,NA,NA,0,NA,NA,NA,NA,NA,NA,1.77146436075084,20
"8105","Portage-Sockeye","Sockeye",1966,31339,15201,NA,NA,NA,NA,NA,NA,NA,NA,0,0,0,0,NA,332,30704,303,0,0,0,0,0,NA,NA,NA,0,NA,NA,NA,NA,NA,NA,0.723502113152259,20
"8106","Portage-Sockeye","Sockeye",1967,4286,1983,NA,NA,NA,NA,NA,NA,NA,NA,0,0,0,0,NA,167,4005,114,0,0,0,0,0,NA,NA,NA,0,NA,NA,NA,NA,NA,NA,0.770743047513726,20
"8107","Portage-Sockeye","Sockeye",1968,1046,50,NA,NA,NA,NA,NA,NA,NA,NA,0,0,0,0,NA,0,1046,0,0,0,0,0,0,NA,NA,NA,0,NA,NA,NA,NA,NA,NA,3.04070563919672,20
"8108","Portage-Sockeye","Sockeye",1969,34582,491,NA,NA,NA,NA,NA,NA,NA,NA,0,0,0,0,NA,3839,30743,0,0,0,0,0,0,NA,NA,NA,0,NA,NA,NA,NA,NA,NA,4.25464446667021,20
"8109","Portage-Sockeye","Sockeye",1970,58068,2139,NA,NA,NA,NA,NA,NA,NA,NA,0,0,0,0,NA,1317,56751,0,0,0,0,0,0,NA,NA,NA,0,NA,NA,NA,NA,NA,NA,3.30127630749891,20
"8110","Portage-Sockeye","Sockeye",1971,18043,155,NA,NA,NA,NA,NA,NA,NA,NA,0,0,0,0,NA,2050,15812,0,0,0,0,181,0,NA,NA,NA,0,NA,NA,NA,NA,NA,NA,4.75708795998905,20
"8111","Portage-Sockeye","Sockeye",1972,15283,98,NA,NA,NA,NA,NA,NA,NA,NA,0,0,0,0,NA,2127,13156,0,0,0,0,0,0,NA,NA,NA,0,NA,NA,NA,NA,NA,NA,5.04952889985726,20
"8112","Portage-Sockeye","Sockeye",1973,91287,1688,NA,NA,NA,NA,NA,NA,NA,NA,0,0,0,0,NA,10591,80696,0,0,0,0,0,0,NA,NA,NA,0,NA,NA,NA,NA,NA,NA,3.99046399355631,20
"8113","Portage-Sockeye","Sockeye",1974,42611,4843,NA,NA,NA,NA,NA,NA,NA,NA,0,0,0,0,NA,1645,40703,263,0,0,0,0,0,NA,NA,NA,0,NA,NA,NA,NA,NA,NA,2.17457807248467,20
"8114","Portage-Sockeye","Sockeye",1975,15753,1631,NA,NA,NA,NA,NA,NA,NA,NA,0,0,0,0,NA,810,14691,235,0,0,17,0,0,NA,NA,NA,0,NA,NA,NA,NA,NA,NA,2.26783749968496,20
"8115","Portage-Sockeye","Sockeye",1976,7590,753,NA,NA,NA,NA,NA,NA,NA,NA,0,0,0,0,NA,118,7097,0,0,0,0,375,0,NA,NA,NA,0,NA,NA,NA,NA,NA,NA,2.31052164258978,20
"8116","Portage-Sockeye","Sockeye",1977,39989,3923,NA,NA,NA,NA,NA,NA,NA,NA,0,0,0,0,NA,768,38060,1161,0,0,0,0,0,NA,NA,NA,0,NA,NA,NA,NA,NA,NA,2.32174774906709,20
"8117","Portage-Sockeye","Sockeye",1978,111753,3963,NA,NA,NA,NA,NA,NA,NA,NA,0,0,0,0,NA,1315,99561,4769,0,0,16,6042,50,NA,NA,NA,0,NA,NA,NA,NA,NA,NA,3.33928976456263,20
"8118","Portage-Sockeye","Sockeye",1979,52692,2023,NA,NA,NA,NA,NA,NA,NA,NA,0,0,0,0,NA,233,51559,597,0,0,0,303,0,NA,NA,NA,0,NA,NA,NA,NA,NA,NA,3.25988208318197,20
"8119","Portage-Sockeye","Sockeye",1980,12225,996,NA,NA,NA,NA,NA,NA,NA,NA,0,0,0,0,NA,675,11292,184,0,0,74,0,0,NA,NA,NA,0,NA,NA,NA,NA,NA,NA,2.50749105675847,20
"8120","Portage-Sockeye","Sockeye",1981,20069,2951,NA,NA,NA,NA,NA,NA,NA,NA,0,0,0,0,NA,154,15829,676,0,0,0,3410,0,NA,NA,NA,0,NA,NA,NA,NA,NA,NA,1.91703223999574,20
"8121","Portage-Sockeye","Sockeye",1982,210984,11734,NA,NA,NA,NA,NA,NA,NA,NA,0,0,0,0,NA,1276,198075,11246,0,0,0,387,0,NA,NA,NA,0,NA,NA,NA,NA,NA,NA,2.88929169071332,20
"8122","Portage-Sockeye","Sockeye",1983,37358,4909,NA,NA,NA,NA,NA,NA,NA,NA,0,0,0,0,NA,432,36858,0,0,0,0,68,0,NA,NA,NA,0,NA,NA,NA,NA,NA,NA,2.0294768236612,20
"8123","Portage-Sockeye","Sockeye",1984,50565,941,NA,NA,NA,NA,NA,NA,NA,NA,0,0,0,0,NA,517,24388,25188,0,0,0,472,0,NA,NA,NA,0,NA,NA,NA,NA,NA,NA,3.98407177675089,20
"8124","Portage-Sockeye","Sockeye",1985,25840,960,NA,NA,NA,NA,NA,NA,NA,NA,0,0,0,0,NA,1174,23668,329,0,0,0,669,0,NA,NA,NA,0,NA,NA,NA,NA,NA,NA,3.29274567343466,20
"8125","Portage-Sockeye","Sockeye",1986,71594,6213,NA,NA,NA,NA,NA,NA,NA,NA,0,0,0,0,NA,255,67751,3588,0,0,0,0,0,NA,NA,NA,0,NA,NA,NA,NA,NA,NA,2.44436740049104,20
"8126","Portage-Sockeye","Sockeye",1987,63044,3766,NA,NA,NA,NA,NA,NA,NA,NA,0,0,0,0,NA,292,60858,1015,0,0,373,506,0,NA,NA,NA,0,NA,NA,NA,NA,NA,NA,2.81781946507833,20
"8127","Portage-Sockeye","Sockeye",1988,21096,784,NA,NA,NA,NA,NA,NA,NA,NA,0,0,0,0,NA,394,15654,5040,0,0,8,0,0,NA,NA,NA,0,NA,NA,NA,NA,NA,NA,3.29242970768271,20
"8128","Portage-Sockeye","Sockeye",1989,199353,5067,NA,NA,NA,NA,NA,NA,NA,NA,0,0,0,0,NA,178,185837,9777,0,0,0,3561,0,NA,NA,NA,0,NA,NA,NA,NA,NA,NA,3.67232819612931,20
"8129","Portage-Sockeye","Sockeye",1990,50970,8415,NA,NA,NA,NA,NA,NA,NA,NA,0,0,0,0,NA,0,50136,834,0,0,0,0,0,NA,NA,NA,0,NA,NA,NA,NA,NA,NA,1.80122139670918,20
"8130","Portage-Sockeye","Sockeye",1991,15891,7292,NA,NA,NA,NA,NA,NA,NA,NA,0,0,0,0,NA,0,15705,124,0,0,0,62,0,NA,NA,NA,0,NA,NA,NA,NA,NA,NA,0.778975054414083,20
"8131","Portage-Sockeye","Sockeye",1992,17136,1378,NA,NA,NA,NA,NA,NA,NA,NA,0,0,0,0,NA,1049,13925,2162,0,0,0,0,0,NA,NA,NA,0,NA,NA,NA,NA,NA,NA,2.52054834111393,20
"8132","Portage-Sockeye","Sockeye",1993,174902,9829,NA,NA,NA,NA,NA,NA,NA,NA,0,0,0,0,NA,7,169441,4361,0,0,0,1093,0,NA,NA,NA,0,NA,NA,NA,NA,NA,NA,2.87888861748046,20
"8133","Portage-Sockeye","Sockeye",1994,127670,3890,NA,NA,NA,NA,NA,NA,NA,NA,0,0,0,0,NA,23,124712,2935,0,0,0,0,0,NA,NA,NA,0,NA,NA,NA,NA,NA,NA,3.4910396522019,20
"8134","Portage-Sockeye","Sockeye",1995,40496,4319,NA,NA,NA,NA,NA,NA,NA,NA,0,0,0,0,NA,43,37059,918,0,0,0,2294,182,NA,NA,NA,0,NA,NA,NA,NA,NA,NA,2.2381793098242,20
"8135","Portage-Sockeye","Sockeye",1996,86511,1759,NA,NA,NA,NA,NA,NA,NA,NA,0,0,0,0,NA,234,83370,1817,0,0,0,1090,0,NA,NA,NA,0,NA,NA,NA,NA,NA,NA,3.89552610772735,20
"8136","Portage-Sockeye","Sockeye",1997,41499,5056,NA,NA,NA,NA,NA,NA,NA,NA,0,0,0,0,NA,0,40148,1033,0,0,0,318,0,NA,NA,NA,0,NA,NA,NA,NA,NA,NA,2.10509367371623,20
"8137","Portage-Sockeye","Sockeye",1998,18053,11873,NA,NA,NA,NA,NA,NA,NA,NA,0,0,0,0,NA,9,17568,110,0,0,0,366,0,NA,NA,NA,0,NA,NA,NA,NA,NA,NA,0.419044961270866,20
"8138","Portage-Sockeye","Sockeye",1999,9078,2079,NA,NA,NA,NA,NA,NA,NA,NA,0,0,0,0,NA,12,8262,689,0,0,0,115,0,NA,NA,NA,0,NA,NA,NA,NA,NA,NA,1.4739668951584,20
"8139","Portage-Sockeye","Sockeye",2000,12829,671,NA,NA,NA,NA,NA,NA,NA,NA,0,0,0,0,NA,86,12743,0,0,0,0,0,0,NA,NA,NA,0,NA,NA,NA,NA,NA,NA,2.95069437527766,20
"8140","Portage-Sockeye","Sockeye",2001,18610,1851,NA,NA,NA,NA,NA,NA,NA,NA,0,0,0,0,NA,25,18585,0,0,0,0,0,0,NA,NA,NA,0,NA,NA,NA,NA,NA,NA,2.3079730370628,20
"8141","Portage-Sockeye","Sockeye",2002,48191,8001,NA,NA,NA,NA,NA,NA,NA,NA,0,0,0,0,NA,8,48183,0,0,0,0,0,0,NA,NA,NA,0,NA,NA,NA,NA,NA,NA,1.79560574776214,20
"8142","Portage-Sockeye","Sockeye",2003,5210,3179,NA,NA,NA,NA,NA,NA,NA,NA,0,0,0,0,NA,0,4835,0,0,0,0,375,0,NA,NA,NA,0,NA,NA,NA,NA,NA,NA,0.49401317383661,20
"8143","Portage-Sockeye","Sockeye",2004,5688,778,NA,NA,NA,NA,NA,NA,NA,NA,0,0,0,0,NA,0,5627,61,0,0,0,0,0,NA,NA,NA,0,NA,NA,NA,NA,NA,NA,1.98938744730469,20
"8144","Portage-Sockeye","Sockeye",2005,2533,8261,NA,NA,NA,NA,NA,NA,NA,NA,0,0,0,0,NA,0,2520,0,0,0,13,0,0,NA,NA,NA,0,NA,NA,NA,NA,NA,NA,-1.18214127456083,20
"8145","Portage-Sockeye","Sockeye",2006,172658,10971,NA,NA,NA,NA,NA,NA,NA,NA,0,307,0,0,NA,50,171032,1269,0,0,0,0,0,NA,NA,NA,0,NA,NA,NA,NA,NA,NA,2.75605733144611,20
"8146","Portage-Sockeye","Sockeye",2007,2834,849,NA,NA,NA,NA,NA,NA,NA,NA,0,0,0,0,NA,0,2740,94,0,0,0,0,0,NA,NA,NA,0,NA,NA,NA,NA,NA,NA,1.20538523393928,20
"8147","Portage-Sockeye","Sockeye",2008,458,63,NA,NA,NA,NA,NA,NA,NA,NA,0,0,0,0,NA,0,94,208,0,0,0,156,0,NA,NA,NA,0,NA,NA,NA,NA,NA,NA,1.98373445772265,20
"8148","Portage-Sockeye","Sockeye",2009,12139,792,NA,NA,NA,NA,NA,NA,NA,NA,0,0,0,0,NA,0,12139,0,0,0,0,0,0,NA,NA,NA,0,NA,NA,NA,NA,NA,NA,2.72961729708338,20
"8149","Portage-Sockeye","Sockeye",2010,83977,26699,NA,NA,NA,NA,NA,NA,NA,NA,0,0,0,0,NA,182,83764,28,0,0,0,3,0,NA,NA,NA,0,NA,NA,NA,NA,NA,NA,1.14591684030554,20
"8150","Portage-Sockeye","Sockeye",2011,51,330,NA,NA,NA,NA,NA,NA,NA,NA,0,0,0,0,NA,0,51,0,0,0,0,0,0,NA,NA,NA,0,NA,NA,NA,NA,NA,NA,-1.8672670217362,20
"8151","Portage-Sockeye","Sockeye",2012,219,13,NA,NA,NA,NA,NA,NA,NA,NA,0,0,0,0,NA,0,219,0,0,0,0,0,0,NA,NA,NA,0,NA,NA,NA,NA,NA,NA,2.82412237235496,20
"8152","Portage-Sockeye","Sockeye",2013,2394,4181,NA,NA,NA,NA,NA,NA,NA,NA,0,0,0,0,NA,0,1821,573,0,0,0,0,0,NA,NA,NA,0,NA,NA,NA,NA,NA,NA,-0.557584845238647,20
"8153","Portage-Sockeye","Sockeye",2014,93857,12447,NA,NA,NA,NA,NA,NA,NA,NA,0,0,0,0,NA,67,92721,1069,0,NA,0,0,0,NA,NA,NA,0,NA,NA,NA,NA,NA,NA,2.02029271733928,20
"8154","Portage-Sockeye","Sockeye",2015,48,17,NA,NA,NA,NA,NA,NA,NA,NA,0,0,0,0,NA,0,9,39,NA,NA,0,0,NA,NA,NA,NA,NA,NA,NA,NA,NA,NA,NA,1.03798766685167,20
"8155","Weaver-Sockeye","Sockeye",1966,76161,9860,NA,NA,NA,NA,NA,NA,NA,NA,0,0,0,0,NA,660,73515,1939,0,0,47,0,0,NA,NA,NA,0,NA,NA,NA,NA,NA,NA,2.04436335203447,21
"8156","Weaver-Sockeye","Sockeye",1967,88405,10618,NA,NA,NA,NA,NA,NA,NA,NA,0,0,0,0,NA,1764,77288,8421,0,0,0,932,0,NA,NA,NA,0,NA,NA,NA,NA,NA,NA,2.11937785496857,21
"8157","Weaver-Sockeye","Sockeye",1968,155396,2202,NA,NA,NA,NA,NA,NA,NA,NA,0,0,0,0,NA,2976,141825,10577,0,0,18,0,0,NA,NA,NA,0,NA,NA,NA,NA,NA,NA,4.25661065927604,21
"8158","Weaver-Sockeye","Sockeye",1969,412913,30604,NA,NA,NA,NA,NA,NA,NA,NA,0,0,0,0,NA,3031,371636,38246,0,0,0,0,0,NA,NA,NA,0,NA,NA,NA,NA,NA,NA,2.60210619764778,21
"8159","Weaver-Sockeye","Sockeye",1970,384039,5003,NA,NA,NA,NA,NA,NA,NA,NA,0,0,0,0,NA,7393,371993,4653,0,0,0,0,0,NA,NA,NA,0,NA,NA,NA,NA,NA,NA,4.34070637742454,21
"8160","Weaver-Sockeye","Sockeye",1971,155284,2656,NA,NA,NA,NA,NA,NA,NA,NA,0,0,0,0,NA,10694,139598,2345,0,0,0,2647,0,NA,NA,NA,0,NA,NA,NA,NA,NA,NA,4.06843446683235,21
"8161","Weaver-Sockeye","Sockeye",1972,350142,15026,NA,NA,NA,NA,NA,NA,NA,NA,0,0,0,0,NA,7439,331589,11114,0,0,0,0,0,NA,NA,NA,0,NA,NA,NA,NA,NA,NA,3.14855675254242,21
"8162","Weaver-Sockeye","Sockeye",1973,274667,24885,NA,NA,NA,NA,NA,NA,NA,NA,0,0,0,0,NA,4227,257812,11669,0,0,0,959,0,NA,NA,NA,0,NA,NA,NA,NA,NA,NA,2.40129424252234,21
"8163","Weaver-Sockeye","Sockeye",1974,284880,28099,NA,NA,NA,NA,NA,NA,NA,NA,0,0,0,0,NA,5905,252878,26097,0,0,0,0,0,NA,NA,NA,0,NA,NA,NA,NA,NA,NA,2.31633405045167,21
"8164","Weaver-Sockeye","Sockeye",1975,169860,16033,NA,NA,NA,NA,NA,NA,NA,NA,0,0,0,0,NA,2922,165459,1479,0,0,0,0,0,NA,NA,NA,0,NA,NA,NA,NA,NA,NA,2.36032547014516,21
"8165","Weaver-Sockeye","Sockeye",1976,304434,28243,NA,NA,NA,NA,NA,NA,NA,NA,0,0,0,0,NA,9408,271322,23704,0,0,0,0,0,NA,NA,NA,0,NA,NA,NA,NA,NA,NA,2.37760867561066,21
"8166","Weaver-Sockeye","Sockeye",1977,235763,28510,NA,NA,NA,NA,NA,NA,NA,NA,0,0,0,0,NA,2995,217049,15719,0,0,0,0,0,NA,NA,NA,0,NA,NA,NA,NA,NA,NA,2.11257216022879,21
"8167","Weaver-Sockeye","Sockeye",1978,1366185,42315,NA,NA,NA,NA,NA,NA,NA,NA,0,0,0,0,NA,10226,1184905,170418,0,0,0,636,0,NA,NA,NA,0,NA,NA,NA,NA,NA,NA,3.4746358297566,21
"8168","Weaver-Sockeye","Sockeye",1979,141028,25702,NA,NA,NA,NA,NA,NA,NA,NA,0,0,0,0,NA,1244,128249,11535,0,0,0,0,0,NA,NA,NA,0,NA,NA,NA,NA,NA,NA,1.70238964233879,21
"8169","Weaver-Sockeye","Sockeye",1980,364714,43286,NA,NA,NA,NA,NA,NA,NA,NA,0,0,0,0,NA,3167,331805,29742,0,0,0,0,0,NA,NA,NA,0,NA,NA,NA,NA,NA,NA,2.13128422770144,21
"8170","Weaver-Sockeye","Sockeye",1981,270292,22627,NA,NA,NA,NA,NA,NA,NA,NA,0,0,0,0,NA,2908,206879,60505,0,0,0,0,0,NA,NA,NA,0,NA,NA,NA,NA,NA,NA,2.48035897263086,21
"8171","Weaver-Sockeye","Sockeye",1982,1505995,115030,NA,NA,NA,NA,NA,NA,NA,NA,0,0,0,0,NA,9112,1275213,221670,0,0,0,0,0,NA,NA,NA,0,NA,NA,NA,NA,NA,NA,2.57201612439329,21
"8172","Weaver-Sockeye","Sockeye",1983,239991,27380,NA,NA,NA,NA,NA,NA,NA,NA,0,0,0,0,NA,2374,219473,18144,0,0,0,0,0,NA,NA,NA,0,NA,NA,NA,NA,NA,NA,2.17078860277855,21
"8173","Weaver-Sockeye","Sockeye",1984,635778,30434,NA,NA,NA,NA,NA,NA,NA,NA,0,0,0,0,NA,7491,575398,51913,0,0,4,972,0,NA,NA,NA,0,NA,NA,NA,NA,NA,NA,3.03928904130399,21
"8174","Weaver-Sockeye","Sockeye",1985,69300,22773,NA,NA,NA,NA,NA,NA,NA,NA,0,0,0,0,NA,1101,48781,19418,0,0,0,0,0,NA,NA,NA,0,NA,NA,NA,NA,NA,NA,1.11286928249312,21
"8175","Weaver-Sockeye","Sockeye",1986,42717,41837,NA,NA,NA,NA,NA,NA,NA,NA,0,0,0,0,NA,45,39242,3417,0,0,13,0,0,NA,NA,NA,0,NA,NA,NA,NA,NA,NA,0.0208158520018323,21
"8176","Weaver-Sockeye","Sockeye",1987,220718,30105,NA,NA,NA,NA,NA,NA,NA,NA,0,0,0,0,NA,798,192151,27769,0,0,0,0,0,NA,NA,NA,0,NA,NA,NA,NA,NA,NA,1.99219459769749,21
"8177","Weaver-Sockeye","Sockeye",1988,513778,27428,NA,NA,NA,NA,NA,NA,NA,NA,0,0,0,0,NA,3179,334751,175848,0,0,0,0,0,NA,NA,NA,0,NA,NA,NA,NA,NA,NA,2.93022687611973,21
"8178","Weaver-Sockeye","Sockeye",1989,765938,10365,NA,NA,NA,NA,NA,NA,NA,NA,0,405,7553,0,NA,2243,684087,70074,0,0,0,1576,0,NA,NA,NA,0,NA,NA,NA,NA,NA,NA,4.30266648062925,21
"8179","Weaver-Sockeye","Sockeye",1990,634660,8530,NA,NA,NA,NA,NA,NA,NA,NA,0,0,0,0,NA,5895,600890,27875,0,0,0,0,0,NA,NA,NA,0,NA,NA,NA,NA,NA,NA,4.30950006092276,21
"8180","Weaver-Sockeye","Sockeye",1991,65545,18489,NA,NA,NA,NA,NA,NA,NA,NA,0,0,190,0,NA,70,48888,16397,0,0,0,0,0,NA,NA,NA,0,NA,NA,NA,NA,NA,NA,1.26556096900156,21
"8181","Weaver-Sockeye","Sockeye",1992,753217,28480,NA,NA,NA,NA,NA,NA,NA,NA,0,0,0,0,NA,684,624100,128433,0,0,0,0,0,NA,NA,NA,0,NA,NA,NA,NA,NA,NA,3.27515128035095,21
"8182","Weaver-Sockeye","Sockeye",1993,501325,34018,NA,NA,NA,NA,NA,NA,NA,NA,0,0,0,0,NA,449,381020,119185,0,0,0,0,671,NA,NA,NA,0,NA,NA,NA,NA,NA,NA,2.6903647970712,21
"8183","Weaver-Sockeye","Sockeye",1994,715932,30208,NA,NA,NA,NA,NA,NA,NA,NA,0,0,0,0,NA,57,646785,69090,0,0,0,0,0,NA,NA,NA,0,NA,NA,NA,NA,NA,NA,3.16547840042038,21
"8184","Weaver-Sockeye","Sockeye",1995,266443,10904,NA,NA,NA,NA,NA,NA,NA,NA,0,0,0,0,NA,114,170376,95953,0,0,0,0,0,NA,NA,NA,0,NA,NA,NA,NA,NA,NA,3.19603064265799,21
"8185","Weaver-Sockeye","Sockeye",1996,383413,26848,NA,NA,NA,NA,NA,NA,NA,NA,0,0,0,0,NA,227,350965,32221,0,0,0,0,0,NA,NA,NA,0,NA,NA,NA,NA,NA,NA,2.6589214068985,21
"8186","Weaver-Sockeye","Sockeye",1997,215997,10724,NA,NA,NA,NA,NA,NA,NA,NA,0,0,0,0,NA,10,192696,23291,0,0,0,0,0,NA,NA,NA,0,NA,NA,NA,NA,NA,NA,3.00278029832511,21
"8187","Weaver-Sockeye","Sockeye",1998,566885,29811,NA,NA,NA,NA,NA,NA,NA,NA,0,0,0,0,NA,176,500753,65956,0,0,0,0,0,NA,NA,NA,0,NA,NA,NA,NA,NA,NA,2.94527900836979,21
"8188","Weaver-Sockeye","Sockeye",1999,246929,13106,NA,NA,NA,NA,NA,NA,NA,NA,0,0,0,0,NA,18,182595,64316,0,0,0,0,0,NA,NA,NA,0,NA,NA,NA,NA,NA,NA,2.93603070529646,21
"8189","Weaver-Sockeye","Sockeye",2000,114132,2732,NA,NA,NA,NA,NA,NA,NA,NA,0,0,0,0,NA,389,104221,9522,0,0,0,0,0,NA,NA,NA,0,NA,NA,NA,NA,NA,NA,3.73232173157971,21
"8190","Weaver-Sockeye","Sockeye",2001,196083,8035,NA,NA,NA,NA,NA,NA,NA,NA,0,0,0,0,NA,50,145865,50168,0,0,0,0,0,NA,NA,NA,0,NA,NA,NA,NA,NA,NA,3.19473103979094,21
"8191","Weaver-Sockeye","Sockeye",2002,242830,36269,NA,NA,NA,NA,NA,NA,NA,NA,0,0,0,0,NA,321,227687,14822,0,0,0,0,0,NA,NA,NA,0,NA,NA,NA,NA,NA,NA,1.90139822811756,21
"8192","Weaver-Sockeye","Sockeye",2003,188799,24683,NA,NA,NA,NA,NA,NA,NA,NA,0,0,0,0,NA,23,127468,61308,0,0,0,0,0,NA,NA,NA,0,NA,NA,NA,NA,NA,NA,2.03456820952162,21
"8193","Weaver-Sockeye","Sockeye",2004,121252,13968,NA,NA,NA,NA,NA,NA,NA,NA,0,7199,2991,0,NA,92,55327,55643,0,0,0,0,0,NA,NA,NA,0,NA,NA,NA,NA,NA,NA,2.16110202542967,21
"8194","Weaver-Sockeye","Sockeye",2005,65175,23597,NA,NA,NA,NA,NA,NA,NA,NA,0,0,0,0,NA,57,60582,4536,0,0,0,0,0,NA,NA,NA,0,NA,NA,NA,NA,NA,NA,1.01595637451233,21
"8195","Weaver-Sockeye","Sockeye",2006,251353,13618,NA,NA,NA,NA,NA,NA,NA,NA,0,1317,0,0,NA,417,228119,21500,0,0,0,0,0,NA,NA,NA,0,NA,NA,NA,NA,NA,NA,2.91546587855462,21
"8196","Weaver-Sockeye","Sockeye",2007,330548,15825,NA,NA,NA,NA,NA,NA,NA,NA,0,0,935,0,NA,1366,314083,14164,0,0,0,0,0,NA,NA,NA,0,NA,NA,NA,NA,NA,NA,3.03916091520919,21
"8197","Weaver-Sockeye","Sockeye",2008,63221,617,NA,NA,NA,NA,NA,NA,NA,NA,0,0,0,0,NA,0,16273,46948,0,0,0,0,0,NA,NA,NA,0,NA,NA,NA,NA,NA,NA,4.6295227795183,21
"8198","Weaver-Sockeye","Sockeye",2009,230091,12871,NA,NA,NA,NA,NA,NA,NA,NA,8,0,0,0,NA,6,204609,25468,0,0,0,0,0,NA,NA,NA,0,NA,NA,NA,NA,NA,NA,2.88349816418019,21
"8199","Weaver-Sockeye","Sockeye",2010,125448,25328,NA,NA,NA,NA,NA,NA,NA,NA,0,0,392,0,NA,540,113627,10889,0,0,0,0,0,NA,NA,NA,0,NA,NA,NA,NA,NA,NA,1.59998082694007,21
"8200","Weaver-Sockeye","Sockeye",2011,553,24535,NA,NA,NA,NA,NA,NA,NA,NA,0,0,0,0,NA,0,532,21,0,0,0,0,0,NA,NA,NA,0,NA,NA,NA,NA,NA,NA,-3.79249794700167,21
"8201","Weaver-Sockeye","Sockeye",2012,1688,397,NA,NA,NA,NA,NA,NA,NA,NA,0,0,14,0,NA,18,1020,636,0,0,0,0,0,NA,NA,NA,0,NA,NA,NA,NA,NA,NA,1.44736339446871,21
"8202","Weaver-Sockeye","Sockeye",2013,93098,15535,NA,NA,NA,NA,NA,NA,NA,NA,0,7,0,0,NA,26,62623,30421,21,0,0,0,0,NA,NA,NA,0,NA,NA,NA,NA,NA,NA,1.79055715893014,21
"8203","Weaver-Sockeye","Sockeye",2014,21723,10446,NA,NA,NA,NA,NA,NA,NA,NA,0,0,0,0,NA,102,20584,1037,0,NA,0,0,0,NA,NA,NA,0,NA,NA,NA,NA,NA,NA,0.732152477060686,21
"8204","Weaver-Sockeye","Sockeye",2015,2730,1133,NA,NA,NA,NA,NA,NA,NA,NA,0,0,23,0,NA,0,2571,136,NA,NA,0,0,NA,NA,NA,NA,NA,NA,NA,NA,NA,NA,NA,0.879432627150999,21
"8205","North Barriere-Sockeye","Sockeye",1958,27,3,NA,NA,NA,NA,NA,NA,NA,NA,0,0,0,0,NA,0,0,25,0,0,0,2,0,NA,NA,NA,0,NA,NA,NA,NA,NA,NA,2.19722457733622,22
"8206","North Barriere-Sockeye","Sockeye",1959,1114,14,NA,NA,NA,NA,NA,NA,NA,NA,0,0,0,0,NA,0,1025,89,0,0,0,0,0,NA,NA,NA,0,NA,NA,NA,NA,NA,NA,4.37665509087197,22
"8207","North Barriere-Sockeye","Sockeye",1963,6534,248,NA,NA,NA,NA,NA,NA,NA,NA,0,0,0,0,NA,0,6502,32,0,0,0,0,0,NA,NA,NA,0,NA,NA,NA,NA,NA,NA,3.27134584599603,22
"8208","North Barriere-Sockeye","Sockeye",1964,3637,67,NA,NA,NA,NA,NA,NA,NA,NA,0,0,0,0,NA,14,3623,0,0,0,0,0,0,NA,NA,NA,0,NA,NA,NA,NA,NA,NA,3.99422182559602,22
"8209","North Barriere-Sockeye","Sockeye",1967,15201,294,NA,NA,NA,NA,NA,NA,NA,NA,0,0,0,0,NA,0,15201,0,0,0,0,0,0,NA,NA,NA,0,NA,NA,NA,NA,NA,NA,3.94553672680534,22
"8210","North Barriere-Sockeye","Sockeye",1968,15037,577,NA,NA,NA,NA,NA,NA,NA,NA,0,0,0,0,NA,14,14846,169,0,0,0,8,0,NA,NA,NA,0,NA,NA,NA,NA,NA,NA,3.26042684301422,22
"8211","North Barriere-Sockeye","Sockeye",1969,881,22,NA,NA,NA,NA,NA,NA,NA,NA,0,0,0,0,NA,0,881,0,0,0,0,0,0,NA,NA,NA,0,NA,NA,NA,NA,NA,NA,3.69001517257786,22
"8212","North Barriere-Sockeye","Sockeye",1970,740,5,NA,NA,NA,NA,NA,NA,NA,NA,0,0,0,0,NA,0,740,0,0,0,0,0,0,NA,NA,NA,0,NA,NA,NA,NA,NA,NA,4.99721227376411,22
"8213","North Barriere-Sockeye","Sockeye",1971,16707,306,NA,NA,NA,NA,NA,NA,NA,NA,0,0,0,0,NA,263,15407,819,0,0,40,178,0,NA,NA,NA,0,NA,NA,NA,NA,NA,NA,3.9999979703054,22
"8214","North Barriere-Sockeye","Sockeye",1972,29007,1030,NA,NA,NA,NA,NA,NA,NA,NA,0,0,0,0,NA,156,28193,205,0,0,0,453,0,NA,NA,NA,0,NA,NA,NA,NA,NA,NA,3.33797837792798,22
"8215","North Barriere-Sockeye","Sockeye",1973,1106,83,NA,NA,NA,NA,NA,NA,NA,NA,0,0,0,0,NA,0,1106,0,0,0,0,0,0,NA,NA,NA,0,NA,NA,NA,NA,NA,NA,2.58966457428568,22
"8216","North Barriere-Sockeye","Sockeye",1974,586,70,NA,NA,NA,NA,NA,NA,NA,NA,0,0,0,0,NA,0,536,0,0,0,0,50,0,NA,NA,NA,0,NA,NA,NA,NA,NA,NA,2.12482454752765,22
"8217","North Barriere-Sockeye","Sockeye",1975,62451,2181,NA,NA,NA,NA,NA,NA,NA,NA,0,0,0,0,NA,569,58841,2143,0,0,0,898,0,NA,NA,NA,0,NA,NA,NA,NA,NA,NA,3.35459876203414,22
"8218","North Barriere-Sockeye","Sockeye",1976,22761,2373,NA,NA,NA,NA,NA,NA,NA,NA,0,0,0,0,NA,64,20252,1106,0,0,0,1339,0,NA,NA,NA,0,NA,NA,NA,NA,NA,NA,2.26089356757042,22
"8219","North Barriere-Sockeye","Sockeye",1977,10484,174,NA,NA,NA,NA,NA,NA,NA,NA,0,0,0,0,NA,0,7426,1704,0,0,0,1354,0,NA,NA,NA,0,NA,NA,NA,NA,NA,NA,4.09855026522877,22
"8220","North Barriere-Sockeye","Sockeye",1978,3600,46,NA,NA,NA,NA,NA,NA,NA,NA,0,0,0,0,NA,160,2230,0,0,0,0,0,1210,NA,NA,NA,0,NA,NA,NA,NA,NA,NA,4.36004772795511,22
"8221","North Barriere-Sockeye","Sockeye",1979,18564,8046,NA,NA,NA,NA,NA,NA,NA,NA,0,0,0,0,NA,8,9084,5145,0,0,0,4149,178,NA,NA,NA,0,NA,NA,NA,NA,NA,NA,0.836049147851333,22
"8222","North Barriere-Sockeye","Sockeye",1980,36205,4413,NA,NA,NA,NA,NA,NA,NA,NA,0,0,0,0,NA,60,34268,1702,0,0,0,175,0,NA,NA,NA,0,NA,NA,NA,NA,NA,NA,2.10464250055337,22
"8223","North Barriere-Sockeye","Sockeye",1981,3947,1067,NA,NA,NA,NA,NA,NA,NA,NA,0,0,0,0,NA,0,2742,1205,0,0,0,0,0,NA,NA,NA,0,NA,NA,NA,NA,NA,NA,1.30810482436109,22
"8224","North Barriere-Sockeye","Sockeye",1982,11140,656,NA,NA,NA,NA,NA,NA,NA,NA,0,0,0,0,NA,61,9104,1724,0,0,0,251,0,NA,NA,NA,0,NA,NA,NA,NA,NA,NA,2.83213672453719,22
"8225","North Barriere-Sockeye","Sockeye",1983,39122,2596,NA,NA,NA,NA,NA,NA,NA,NA,0,0,0,0,NA,124,35855,2395,0,0,0,748,0,NA,NA,NA,0,NA,NA,NA,NA,NA,NA,2.71271316976232,22
"8226","North Barriere-Sockeye","Sockeye",1984,49644,6291,NA,NA,NA,NA,NA,NA,NA,NA,0,0,0,0,NA,361,42781,4283,0,0,0,2017,202,NA,NA,NA,0,NA,NA,NA,NA,NA,NA,2.06575749667938,22
"8227","North Barriere-Sockeye","Sockeye",1985,34171,696,NA,NA,NA,NA,NA,NA,NA,NA,0,0,0,0,NA,5,23647,8179,0,0,0,1988,352,NA,NA,NA,0,NA,NA,NA,NA,NA,NA,3.89378294978421,22
"8228","North Barriere-Sockeye","Sockeye",1986,35411,3323,NA,NA,NA,NA,NA,NA,NA,NA,0,0,0,0,NA,115,33093,1113,0,0,0,1090,0,NA,NA,NA,0,NA,NA,NA,NA,NA,NA,2.36615451696259,22
"8229","North Barriere-Sockeye","Sockeye",1987,78650,9212,NA,NA,NA,NA,NA,NA,NA,NA,0,0,0,0,NA,36,65946,10502,0,0,0,2166,0,NA,NA,NA,0,NA,NA,NA,NA,NA,NA,2.14450064754585,22
"8230","North Barriere-Sockeye","Sockeye",1988,50650,13209,NA,NA,NA,NA,NA,NA,NA,NA,0,0,0,0,NA,0,43984,4663,0,0,0,2003,0,NA,NA,NA,0,NA,NA,NA,NA,NA,NA,1.34404081525297,22
"8231","North Barriere-Sockeye","Sockeye",1989,19804,2813,NA,NA,NA,NA,NA,NA,NA,NA,0,0,0,0,NA,104,13765,5689,0,0,0,246,0,NA,NA,NA,0,NA,NA,NA,NA,NA,NA,1.95163240799146,22
"8232","North Barriere-Sockeye","Sockeye",1990,22995,6702,NA,NA,NA,NA,NA,NA,NA,NA,0,0,0,0,NA,0,14471,7886,0,0,0,446,192,NA,NA,NA,0,NA,NA,NA,NA,NA,NA,1.23287081167677,22
"8233","North Barriere-Sockeye","Sockeye",1991,14854,11945,NA,NA,NA,NA,NA,NA,NA,NA,0,0,0,0,NA,0,10613,771,0,0,6,3464,0,NA,NA,NA,0,NA,NA,NA,NA,NA,NA,0.217956408469332,22
"8234","North Barriere-Sockeye","Sockeye",1992,50629,6103,NA,NA,NA,NA,NA,NA,NA,NA,0,0,0,0,NA,9,42702,7561,0,0,0,357,0,NA,NA,NA,0,NA,NA,NA,NA,NA,NA,2.11574408108871,22
"8235","North Barriere-Sockeye","Sockeye",1993,43315,5030,NA,NA,NA,NA,NA,NA,NA,NA,0,0,0,0,NA,52,28621,13201,0,0,0,782,659,NA,NA,NA,0,NA,NA,NA,NA,NA,NA,2.15307901123046,22
"8236","North Barriere-Sockeye","Sockeye",1994,14061,3515,NA,NA,NA,NA,NA,NA,NA,NA,0,0,0,0,NA,0,4865,8122,0,0,0,878,196,NA,NA,NA,0,NA,NA,NA,NA,NA,NA,1.38636548234605,22
"8237","North Barriere-Sockeye","Sockeye",1995,37010,5988,NA,NA,NA,NA,NA,NA,NA,NA,0,0,0,0,NA,0,31391,5357,0,0,0,262,0,NA,NA,NA,0,NA,NA,NA,NA,NA,NA,1.82143067984068,22
"8238","North Barriere-Sockeye","Sockeye",1996,13827,15409,NA,NA,NA,NA,NA,NA,NA,NA,0,0,0,0,NA,0,9409,3534,0,0,0,884,0,NA,NA,NA,0,NA,NA,NA,NA,NA,NA,-0.108328551893235,22
"8239","North Barriere-Sockeye","Sockeye",1997,6261,4379,NA,NA,NA,NA,NA,NA,NA,NA,0,0,0,0,NA,17,3670,2475,0,0,0,99,0,NA,NA,NA,0,NA,NA,NA,NA,NA,NA,0.357519528943912,22
"8240","North Barriere-Sockeye","Sockeye",1998,13140,4972,NA,NA,NA,NA,NA,NA,NA,NA,0,0,0,0,NA,25,9255,3860,0,0,0,0,0,NA,NA,NA,0,NA,NA,NA,NA,NA,NA,0.971838839408,22
"8241","North Barriere-Sockeye","Sockeye",1999,43525,3341,NA,NA,NA,NA,NA,NA,NA,NA,0,0,0,0,NA,0,30308,12588,0,0,0,629,0,NA,NA,NA,0,NA,NA,NA,NA,NA,NA,2.56706532227963,22
"8242","North Barriere-Sockeye","Sockeye",2000,60597,4796,NA,NA,NA,NA,NA,NA,NA,NA,0,0,0,0,NA,239,56019,3934,0,0,0,405,0,NA,NA,NA,0,NA,NA,NA,NA,NA,NA,2.5364631497341,22
"8243","North Barriere-Sockeye","Sockeye",2001,11861,3343,NA,NA,NA,NA,NA,NA,NA,NA,0,0,0,0,NA,0,9545,2316,0,0,0,0,0,NA,NA,NA,0,NA,NA,NA,NA,NA,NA,1.26638709960918,22
"8244","North Barriere-Sockeye","Sockeye",2002,76212,4936,NA,NA,NA,NA,NA,NA,NA,NA,0,0,0,0,NA,46,66869,9039,0,0,0,258,0,NA,NA,NA,0,NA,NA,NA,NA,NA,NA,2.73696364400575,22
"8245","North Barriere-Sockeye","Sockeye",2003,13693,5317,NA,NA,NA,NA,NA,NA,NA,NA,0,0,0,0,NA,0,10416,2932,0,0,0,345,0,NA,NA,NA,0,NA,NA,NA,NA,NA,NA,0.945975518827895,22
"8246","North Barriere-Sockeye","Sockeye",2004,7679,1594,NA,NA,NA,NA,NA,NA,NA,NA,0,0,0,0,NA,6,6985,672,0,0,0,16,0,NA,NA,NA,0,NA,NA,NA,NA,NA,NA,1.57224274998038,22
"8247","North Barriere-Sockeye","Sockeye",2005,2786,2817,NA,NA,NA,NA,NA,NA,NA,NA,0,0,0,0,NA,0,906,627,0,0,0,1253,0,NA,NA,NA,0,NA,NA,NA,NA,NA,NA,-0.0110656135366216,22
"8248","North Barriere-Sockeye","Sockeye",2006,31121,8278,NA,NA,NA,NA,NA,NA,NA,NA,0,0,0,0,NA,0,18953,11741,0,0,0,427,0,NA,NA,NA,0,NA,NA,NA,NA,NA,NA,1.32428143914347,22
"8249","North Barriere-Sockeye","Sockeye",2007,6202,6900,NA,NA,NA,NA,NA,NA,NA,NA,0,0,0,0,NA,0,4839,379,0,0,0,759,225,NA,NA,NA,0,NA,NA,NA,NA,NA,NA,-0.106649590924956,22
"8250","North Barriere-Sockeye","Sockeye",2008,8581,210,NA,NA,NA,NA,NA,NA,NA,NA,0,0,0,0,NA,0,7874,707,0,0,0,0,0,NA,NA,NA,0,NA,NA,NA,NA,NA,NA,3.71019820508965,22
"8251","North Barriere-Sockeye","Sockeye",2009,8371,715,NA,NA,NA,NA,NA,NA,NA,NA,0,0,0,0,NA,0,6744,1599,0,0,0,0,28,NA,NA,NA,0,NA,NA,NA,NA,NA,NA,2.46024608796605,22
"8252","North Barriere-Sockeye","Sockeye",2010,23940,5564,NA,NA,NA,NA,NA,NA,NA,NA,0,0,0,0,NA,42,22187,1656,0,0,0,55,0,NA,NA,NA,0,NA,NA,NA,NA,NA,NA,1.45923342606863,22
"8253","North Barriere-Sockeye","Sockeye",2011,1737,4498,NA,NA,NA,NA,NA,NA,NA,NA,0,0,0,0,NA,16,1324,214,0,0,0,164,19,NA,NA,NA,0,NA,NA,NA,NA,NA,NA,-0.951473366278156,22
"8254","North Barriere-Sockeye","Sockeye",2012,2457,747,NA,NA,NA,NA,NA,NA,NA,NA,0,0,0,0,NA,0,2087,370,0,0,0,0,0,NA,NA,NA,0,NA,NA,NA,NA,NA,NA,1.19063118738836,22
"8255","North Barriere-Sockeye","Sockeye",2013,809,1951,NA,NA,NA,NA,NA,NA,NA,NA,0,0,0,0,NA,0,448,361,0,0,0,0,0,NA,NA,NA,0,NA,NA,NA,NA,NA,NA,-0.88029842356462,22
"8256","North Barriere-Sockeye","Sockeye",2014,6800,6828,NA,NA,NA,NA,NA,NA,NA,NA,0,0,0,0,NA,11,6249,540,0,NA,0,0,0,NA,NA,NA,0,NA,NA,NA,NA,NA,NA,-0.00410919275013313,22
"8257","North Barriere-Sockeye","Sockeye",2015,579,946,NA,NA,NA,NA,NA,NA,NA,NA,0,0,0,0,NA,0,136,347,NA,NA,0,96,NA,NA,NA,NA,NA,NA,NA,NA,NA,NA,NA,-0.490940091478883,22
"8258","Scotch-Sockeye","Sockeye",1948,51,5,NA,NA,NA,NA,NA,NA,NA,NA,0,0,0,NA,NA,0,51,0,0,0,0,0,0,NA,NA,NA,0,NA,NA,NA,NA,NA,NA,2.32238772029023,23
"8259","Scotch-Sockeye","Sockeye",1949,6519,1003,NA,NA,NA,NA,NA,NA,NA,NA,0,0,0,0,NA,496,6023,0,0,0,0,0,0,NA,NA,NA,0,NA,NA,NA,NA,NA,NA,1.8717254809626,23
"8260","Scotch-Sockeye","Sockeye",1952,35,10,NA,NA,NA,NA,NA,NA,NA,NA,0,0,0,0,NA,0,35,0,0,0,0,0,0,NA,NA,NA,0,NA,NA,NA,NA,NA,NA,1.25276296849537,23
"8261","Scotch-Sockeye","Sockeye",1953,9499,780,NA,NA,NA,NA,NA,NA,NA,NA,0,0,0,0,NA,294,9205,0,0,0,0,0,0,NA,NA,NA,0,NA,NA,NA,NA,NA,NA,2.49964788920655,23
"8262","Scotch-Sockeye","Sockeye",1956,952,8,NA,NA,NA,NA,NA,NA,NA,NA,0,0,0,0,NA,0,0,759,0,0,0,193,0,NA,NA,NA,0,NA,NA,NA,NA,NA,NA,4.77912349311153,23
"8263","Scotch-Sockeye","Sockeye",1957,1220,1213,NA,NA,NA,NA,NA,NA,NA,NA,0,0,0,0,NA,24,1196,0,0,0,0,0,0,NA,NA,NA,0,NA,NA,NA,NA,NA,NA,0.0057542287832521,23
"8264","Scotch-Sockeye","Sockeye",1961,8185,295,NA,NA,NA,NA,NA,NA,NA,NA,0,0,0,0,NA,0,8073,0,0,0,0,112,0,NA,NA,NA,0,NA,NA,NA,NA,NA,NA,3.32308313346542,23
"8266","Scotch-Sockeye","Sockeye",1965,16637,777,NA,NA,NA,NA,NA,NA,NA,NA,0,0,0,0,NA,200,16437,0,0,0,0,0,0,NA,NA,NA,0,NA,NA,NA,NA,NA,NA,3.0639440592921,23
"8267","Scotch-Sockeye","Sockeye",1966,2956,236,NA,NA,NA,NA,NA,NA,NA,NA,0,0,0,0,NA,0,2956,0,0,0,0,0,0,NA,NA,NA,0,NA,NA,NA,NA,NA,NA,2.52776047704248,23
"8268","Scotch-Sockeye","Sockeye",1969,34003,1317,NA,NA,NA,NA,NA,NA,NA,NA,0,0,0,0,NA,120,33883,0,0,0,0,0,0,NA,NA,NA,0,NA,NA,NA,NA,NA,NA,3.25109233325663,23
"8269","Scotch-Sockeye","Sockeye",1970,2236,142,NA,NA,NA,NA,NA,NA,NA,NA,0,0,0,0,NA,0,2236,0,0,0,0,0,0,NA,NA,NA,0,NA,NA,NA,NA,NA,NA,2.75661677667373,23
"8270","Scotch-Sockeye","Sockeye",1973,57906,2966,NA,NA,NA,NA,NA,NA,NA,NA,0,0,0,0,NA,0,57852,54,0,0,0,0,0,NA,NA,NA,0,NA,NA,NA,NA,NA,NA,2.97160676243731,23
"8271","Scotch-Sockeye","Sockeye",1974,7918,275,NA,NA,NA,NA,NA,NA,NA,NA,0,0,0,0,NA,0,7918,0,0,0,0,0,0,NA,NA,NA,0,NA,NA,NA,NA,NA,NA,3.3601228299995,23
"8272","Scotch-Sockeye","Sockeye",1976,279,20,NA,NA,NA,NA,NA,NA,NA,NA,0,0,0,0,NA,0,279,0,0,0,0,0,0,NA,NA,NA,0,NA,NA,NA,NA,NA,NA,2.63547950826737,23
"8273","Scotch-Sockeye","Sockeye",1977,77703,6702,NA,NA,NA,NA,NA,NA,NA,NA,0,0,0,0,NA,163,76206,1334,0,0,0,0,0,NA,NA,NA,0,NA,NA,NA,NA,NA,NA,2.45048787735174,23
"8274","Scotch-Sockeye","Sockeye",1978,19328,1091,NA,NA,NA,NA,NA,NA,NA,NA,0,0,0,0,NA,0,19287,41,0,0,0,0,0,NA,NA,NA,0,NA,NA,NA,NA,NA,NA,2.87446011490147,23
"8275","Scotch-Sockeye","Sockeye",1980,1532,62,NA,NA,NA,NA,NA,NA,NA,NA,0,0,0,0,NA,0,1532,0,0,0,0,0,0,NA,NA,NA,0,NA,NA,NA,NA,NA,NA,3.20719496525545,23
"8276","Scotch-Sockeye","Sockeye",1981,25367,6887,NA,NA,NA,NA,NA,NA,NA,NA,0,0,0,0,NA,71,25296,0,0,0,0,0,0,NA,NA,NA,0,NA,NA,NA,NA,NA,NA,1.3038135401551,23
"8277","Scotch-Sockeye","Sockeye",1982,109597,2544,NA,NA,NA,NA,NA,NA,NA,NA,0,0,0,0,NA,192,103900,5475,0,0,0,30,0,NA,NA,NA,0,NA,NA,NA,NA,NA,NA,3.76307235639864,23
"8278","Scotch-Sockeye","Sockeye",1983,2632,133,NA,NA,NA,NA,NA,NA,NA,NA,0,0,0,0,NA,0,2382,250,0,0,0,0,0,NA,NA,NA,0,NA,NA,NA,NA,NA,NA,2.98515016422345,23
"8279","Scotch-Sockeye","Sockeye",1984,2625,265,NA,NA,NA,NA,NA,NA,NA,NA,0,0,0,0,NA,12,2613,0,0,0,0,0,0,NA,NA,NA,0,NA,NA,NA,NA,NA,NA,2.2931063490395,23
"8280","Scotch-Sockeye","Sockeye",1985,44012,1436,NA,NA,NA,NA,NA,NA,NA,NA,0,0,0,0,NA,1471,42541,0,0,0,0,0,0,NA,NA,NA,0,NA,NA,NA,NA,NA,NA,3.42260085338163,23
"8281","Scotch-Sockeye","Sockeye",1986,257059,11299,NA,NA,NA,NA,NA,NA,NA,NA,0,0,0,0,NA,0,250911,6148,0,0,0,0,0,NA,NA,NA,0,NA,NA,NA,NA,NA,NA,3.12459140430493,23
"8282","Scotch-Sockeye","Sockeye",1987,30444,1148,NA,NA,NA,NA,NA,NA,NA,NA,0,0,0,0,NA,49,20633,9762,0,0,0,0,0,NA,NA,NA,0,NA,NA,NA,NA,NA,NA,3.27786763250777,23
"8283","Scotch-Sockeye","Sockeye",1988,3320,723,NA,NA,NA,NA,NA,NA,NA,NA,0,0,0,0,NA,0,3320,0,0,0,0,0,0,NA,NA,NA,0,NA,NA,NA,NA,NA,NA,1.52431083975177,23
"8284","Scotch-Sockeye","Sockeye",1989,16728,3928,NA,NA,NA,NA,NA,NA,NA,NA,0,0,0,0,NA,578,16150,0,0,0,0,0,0,NA,NA,NA,0,NA,NA,NA,NA,NA,NA,1.44895357163411,23
"8285","Scotch-Sockeye","Sockeye",1990,316280,34411,NA,NA,NA,NA,NA,NA,NA,NA,0,0,0,0,NA,265,311154,4738,0,0,0,123,0,NA,NA,NA,0,NA,NA,NA,NA,NA,NA,2.21825161649623,23
"8286","Scotch-Sockeye","Sockeye",1991,25716,4539,NA,NA,NA,NA,NA,NA,NA,NA,0,0,0,0,NA,10,22037,3644,0,0,0,25,0,NA,NA,NA,0,NA,NA,NA,NA,NA,NA,1.73440664280511,23
"8287","Scotch-Sockeye","Sockeye",1992,2454,1385,NA,NA,NA,NA,NA,NA,NA,NA,0,0,0,0,NA,1,2104,349,0,0,0,0,0,NA,NA,NA,0,NA,NA,NA,NA,NA,NA,0.572019206649418,23
"8288","Scotch-Sockeye","Sockeye",1993,11886,3259,NA,NA,NA,NA,NA,NA,NA,NA,0,0,0,0,NA,59,11827,0,0,0,0,0,0,NA,NA,NA,0,NA,NA,NA,NA,NA,NA,1.29394083708904,23
"8289","Scotch-Sockeye","Sockeye",1994,184451,26711,NA,NA,NA,NA,NA,NA,NA,NA,0,0,0,0,NA,196,181988,2267,0,0,0,0,0,NA,NA,NA,0,NA,NA,NA,NA,NA,NA,1.93230837996903,23
"8290","Scotch-Sockeye","Sockeye",1995,14176,7810,NA,NA,NA,NA,NA,NA,NA,NA,0,0,0,0,NA,11,12240,1925,0,0,0,0,0,NA,NA,NA,0,NA,NA,NA,NA,NA,NA,0.596145430011131,23
"8291","Scotch-Sockeye","Sockeye",1996,4148,2205,NA,NA,NA,NA,NA,NA,NA,NA,0,0,0,0,NA,0,3404,744,0,0,0,0,0,NA,NA,NA,0,NA,NA,NA,NA,NA,NA,0.631898781468472,23
"8292","Scotch-Sockeye","Sockeye",1997,2253,1415,NA,NA,NA,NA,NA,NA,NA,NA,0,0,0,0,NA,4,2249,0,0,0,0,0,0,NA,NA,NA,0,NA,NA,NA,NA,NA,NA,0.465133130354906,23
"8293","Scotch-Sockeye","Sockeye",1998,193690,17001,NA,NA,NA,NA,NA,NA,NA,NA,0,0,0,0,NA,148,191273,2269,0,0,0,0,0,NA,NA,NA,0,NA,NA,NA,NA,NA,NA,2.43298677699856,23
"8294","Scotch-Sockeye","Sockeye",1999,26423,2034,NA,NA,NA,NA,NA,NA,NA,NA,0,0,0,0,NA,0,15722,10701,0,0,0,0,0,NA,NA,NA,0,NA,NA,NA,NA,NA,NA,2.56423054536211,23
"8295","Scotch-Sockeye","Sockeye",2000,41212,1732,NA,NA,NA,NA,NA,NA,NA,NA,0,0,0,0,NA,2,40512,698,0,0,0,0,0,NA,NA,NA,0,NA,NA,NA,NA,NA,NA,3.16945266594258,23
"8296","Scotch-Sockeye","Sockeye",2001,17024,1336,NA,NA,NA,NA,NA,NA,NA,NA,0,0,0,0,NA,0,17024,0,0,0,0,0,0,NA,NA,NA,0,NA,NA,NA,NA,NA,NA,2.54494403804478,23
"8297","Scotch-Sockeye","Sockeye",2002,693222,50375,NA,NA,NA,NA,NA,NA,NA,NA,0,1161,0,0,NA,1008,675243,15810,0,0,0,0,0,NA,NA,NA,0,NA,NA,NA,NA,NA,NA,2.62185527394348,23
"8298","Scotch-Sockeye","Sockeye",2003,1681,2477,NA,NA,NA,NA,NA,NA,NA,NA,0,0,0,0,NA,0,1305,376,0,0,0,0,0,NA,NA,NA,0,NA,NA,NA,NA,NA,NA,-0.387659296080744,23
"8299","Scotch-Sockeye","Sockeye",2004,3914,432,NA,NA,NA,NA,NA,NA,NA,NA,0,0,0,0,NA,2,3764,148,0,0,0,0,0,NA,NA,NA,0,NA,NA,NA,NA,NA,NA,2.20388955971191,23
"8300","Scotch-Sockeye","Sockeye",2005,5761,2686,NA,NA,NA,NA,NA,NA,NA,NA,0,0,0,0,NA,0,5761,0,0,0,0,0,0,NA,NA,NA,0,NA,NA,NA,NA,NA,NA,0.7630579726492,23
"8301","Scotch-Sockeye","Sockeye",2006,1029951,72735,NA,NA,NA,NA,NA,NA,NA,NA,0,394,0,0,NA,1098,1006260,22199,0,0,0,0,0,NA,NA,NA,0,NA,NA,NA,NA,NA,NA,2.6504438080511,23
"8302","Scotch-Sockeye","Sockeye",2007,49676,4758,NA,NA,NA,NA,NA,NA,NA,NA,0,0,0,0,NA,0,48656,1020,0,0,0,0,0,NA,NA,NA,0,NA,NA,NA,NA,NA,NA,2.34569450720502,23
"8303","Scotch-Sockeye","Sockeye",2008,5429,139,NA,NA,NA,NA,NA,NA,NA,NA,0,0,0,0,NA,0,4810,619,0,0,0,0,0,NA,NA,NA,0,NA,NA,NA,NA,NA,NA,3.66503630077476,23
"8304","Scotch-Sockeye","Sockeye",2009,47745,2665,NA,NA,NA,NA,NA,NA,NA,NA,0,0,206,0,NA,2,45359,2170,0,0,8,0,0,NA,NA,NA,0,NA,NA,NA,NA,NA,NA,2.88567029178436,23
"8305","Scotch-Sockeye","Sockeye",2010,391169,273905,NA,NA,NA,NA,NA,NA,NA,NA,0,0,0,0,NA,833,384092,6122,0,0,0,122,0,NA,NA,NA,0,NA,NA,NA,NA,NA,NA,0.356358360727012,23
"8306","Scotch-Sockeye","Sockeye",2011,8380,12451,NA,NA,NA,NA,NA,NA,NA,NA,0,0,0,0,NA,34,8020,326,0,0,0,0,0,NA,NA,NA,0,NA,NA,NA,NA,NA,NA,-0.395953026476284,23
"8307","Scotch-Sockeye","Sockeye",2012,2098,644,NA,NA,NA,NA,NA,NA,NA,NA,0,0,0,0,NA,0,1989,109,0,0,0,0,0,NA,NA,NA,0,NA,NA,NA,NA,NA,NA,1.18104106285189,23
"8308","Scotch-Sockeye","Sockeye",2013,7134,10957,NA,NA,NA,NA,NA,NA,NA,NA,0,0,0,0,NA,29,7105,0,0,0,0,0,0,NA,NA,NA,0,NA,NA,NA,NA,NA,NA,-0.429106434486556,23
"8309","Scotch-Sockeye","Sockeye",2014,227387,68761,NA,NA,NA,NA,NA,NA,NA,NA,0,0,0,0,NA,799,224384,2204,0,NA,0,0,0,NA,NA,NA,0,NA,NA,NA,NA,NA,NA,1.19601668794831,23
"8310","Scotch-Sockeye","Sockeye",2015,1745,3535,NA,NA,NA,NA,NA,NA,NA,NA,0,0,0,0,NA,0,1677,68,NA,NA,0,0,NA,NA,NA,NA,NA,NA,NA,NA,NA,NA,NA,-0.705958743694146,23
"8311","Gates-Sockeye","Sockeye",1952,38000,4147,NA,NA,NA,NA,NA,NA,NA,NA,0,0,0,0,NA,0,37343,657,0,0,0,0,0,NA,NA,NA,0,NA,NA,NA,NA,NA,NA,2.21520097846214,24
"8312","Gates-Sockeye","Sockeye",1953,7885,29,NA,NA,NA,NA,NA,NA,NA,NA,0,0,0,0,NA,74,7811,0,0,0,0,0,0,NA,NA,NA,0,NA,NA,NA,NA,NA,NA,5.60542166941066,24
"8313","Gates-Sockeye","Sockeye",1954,698,18,NA,NA,NA,NA,NA,NA,NA,NA,0,0,0,0,NA,0,418,0,0,0,0,280,0,NA,NA,NA,0,NA,NA,NA,NA,NA,NA,3.65784734486621,24
"8314","Gates-Sockeye","Sockeye",1955,2505,31,NA,NA,NA,NA,NA,NA,NA,NA,0,0,0,0,NA,33,2149,323,0,0,0,0,0,NA,NA,NA,0,NA,NA,NA,NA,NA,NA,4.39205680903382,24
"8315","Gates-Sockeye","Sockeye",1956,15990,4147,NA,NA,NA,NA,NA,NA,NA,NA,0,0,0,0,NA,552,14244,571,0,0,0,623,0,NA,NA,NA,0,NA,NA,NA,NA,NA,NA,1.34957834558162,24
"8316","Gates-Sockeye","Sockeye",1957,1163,429,NA,NA,NA,NA,NA,NA,NA,NA,0,0,0,0,NA,82,1051,30,0,0,0,0,0,NA,NA,NA,0,NA,NA,NA,NA,NA,NA,0.997301233590647,24
"8317","Gates-Sockeye","Sockeye",1958,539,31,NA,NA,NA,NA,NA,NA,NA,NA,0,0,0,0,NA,13,398,128,0,0,0,0,0,NA,NA,NA,0,NA,NA,NA,NA,NA,NA,2.85572836642385,24
"8318","Gates-Sockeye","Sockeye",1959,10527,370,NA,NA,NA,NA,NA,NA,NA,NA,0,0,0,0,NA,1212,8846,0,0,0,0,469,0,NA,NA,NA,0,NA,NA,NA,NA,NA,NA,3.34819565861305,24
"8319","Gates-Sockeye","Sockeye",1960,84232,2772,NA,NA,NA,NA,NA,NA,NA,NA,0,0,0,0,NA,1219,82760,183,0,0,0,70,0,NA,NA,NA,0,NA,NA,NA,NA,NA,NA,3.4140058152268,24
"8320","Gates-Sockeye","Sockeye",1961,14594,120,NA,NA,NA,NA,NA,NA,NA,NA,0,0,0,0,NA,1038,13460,71,0,0,0,25,0,NA,NA,NA,0,NA,NA,NA,NA,NA,NA,4.80087402154352,24
"8321","Gates-Sockeye","Sockeye",1962,453,68,NA,NA,NA,NA,NA,NA,NA,NA,0,0,0,0,NA,141,312,0,0,0,0,0,0,NA,NA,NA,0,NA,NA,NA,NA,NA,NA,1.89638442030693,24
"8322","Gates-Sockeye","Sockeye",1963,8328,1068,NA,NA,NA,NA,NA,NA,NA,NA,0,0,0,0,NA,879,6769,680,0,0,0,0,0,NA,NA,NA,0,NA,NA,NA,NA,NA,NA,2.05383559077466,24
"8323","Gates-Sockeye","Sockeye",1964,104990,8206,NA,NA,NA,NA,NA,NA,NA,NA,0,0,0,0,NA,4850,99530,610,0,0,0,0,0,NA,NA,NA,0,NA,NA,NA,NA,NA,NA,2.54899951350686,24
"8324","Gates-Sockeye","Sockeye",1965,2495,941,NA,NA,NA,NA,NA,NA,NA,NA,0,0,0,0,NA,279,2198,18,0,0,0,0,0,NA,NA,NA,0,NA,NA,NA,NA,NA,NA,0.975100868600239,24
"8325","Gates-Sockeye","Sockeye",1966,918,30,NA,NA,NA,NA,NA,NA,NA,NA,0,0,0,0,NA,608,310,0,0,0,0,0,0,NA,NA,NA,0,NA,NA,NA,NA,NA,NA,3.42100000895834,24
"8326","Gates-Sockeye","Sockeye",1967,6924,351,NA,NA,NA,NA,NA,NA,NA,NA,0,0,0,0,NA,1585,5076,263,0,0,0,0,0,NA,NA,NA,0,NA,NA,NA,NA,NA,NA,2.98196269283023,24
"8327","Gates-Sockeye","Sockeye",1968,82665,3834,NA,NA,NA,NA,NA,NA,NA,NA,0,0,0,0,NA,3891,78371,403,0,0,0,0,0,NA,NA,NA,0,NA,NA,NA,NA,NA,NA,3.07088765137986,24
"8328","Gates-Sockeye","Sockeye",1969,4766,360,NA,NA,NA,NA,NA,NA,NA,NA,0,0,0,0,NA,1042,3556,168,0,0,0,0,0,NA,NA,NA,0,NA,NA,NA,NA,NA,NA,2.58315862620853,24
"8329","Gates-Sockeye","Sockeye",1970,412,14,NA,NA,NA,NA,NA,NA,NA,NA,0,0,0,0,NA,258,154,0,0,0,0,0,0,NA,NA,NA,0,NA,NA,NA,NA,NA,NA,3.38196601973427,24
"8330","Gates-Sockeye","Sockeye",1971,12647,115,NA,NA,NA,NA,NA,NA,NA,NA,0,0,0,0,NA,4926,7721,0,0,0,0,0,0,NA,NA,NA,0,NA,NA,NA,NA,NA,NA,4.70024318351673,24
"8331","Gates-Sockeye","Sockeye",1972,132613,3128,NA,NA,NA,NA,NA,NA,NA,NA,0,0,0,0,NA,4180,128111,322,0,0,0,0,0,NA,NA,NA,0,NA,NA,NA,NA,NA,NA,3.74704128947885,24
"8332","Gates-Sockeye","Sockeye",1973,14685,351,NA,NA,NA,NA,NA,NA,NA,NA,0,0,0,0,NA,1344,9447,3794,0,0,0,100,0,NA,NA,NA,0,NA,NA,NA,NA,NA,NA,3.73379562016685,24
"8333","Gates-Sockeye","Sockeye",1974,2972,37,NA,NA,NA,NA,NA,NA,NA,NA,0,0,0,0,NA,1559,1413,0,0,0,0,0,0,NA,NA,NA,0,NA,NA,NA,NA,NA,NA,4.38607249319343,24
"8334","Gates-Sockeye","Sockeye",1975,19756,1246,NA,NA,NA,NA,NA,NA,NA,NA,0,0,0,0,NA,3841,15888,0,0,0,27,0,0,NA,NA,NA,0,NA,NA,NA,NA,NA,NA,2.76351882231312,24
"8335","Gates-Sockeye","Sockeye",1976,73230,8820,NA,NA,NA,NA,NA,NA,NA,NA,0,0,0,0,NA,3009,67835,2350,0,0,0,36,0,NA,NA,NA,0,NA,NA,NA,NA,NA,NA,2.11658330305428,24
"8336","Gates-Sockeye","Sockeye",1977,21324,1174,NA,NA,NA,NA,NA,NA,NA,NA,0,0,0,0,NA,690,17045,2975,0,0,27,587,0,NA,NA,NA,0,NA,NA,NA,NA,NA,NA,2.89941647755461,24
"8337","Gates-Sockeye","Sockeye",1978,1647,129,NA,NA,NA,NA,NA,NA,NA,NA,0,0,0,0,NA,589,860,198,0,0,0,0,0,NA,NA,NA,0,NA,NA,NA,NA,NA,NA,2.54689832581597,24
"8338","Gates-Sockeye","Sockeye",1979,18266,1649,NA,NA,NA,NA,NA,NA,NA,NA,0,0,0,0,NA,1866,15902,0,0,0,12,486,0,NA,NA,NA,0,NA,NA,NA,NA,NA,NA,2.40487236469203,24
"8339","Gates-Sockeye","Sockeye",1980,79631,11032,NA,NA,NA,NA,NA,NA,NA,NA,0,0,0,0,NA,1496,76467,1381,0,0,15,272,0,NA,NA,NA,0,NA,NA,NA,NA,NA,NA,1.97660332378063,24
"8340","Gates-Sockeye","Sockeye",1981,18129,1907,NA,NA,NA,NA,NA,NA,NA,NA,0,0,0,0,NA,412,14267,3085,0,0,143,222,0,NA,NA,NA,0,NA,NA,NA,NA,NA,NA,2.25198153942925,24
"8341","Gates-Sockeye","Sockeye",1982,9701,439,NA,NA,NA,NA,NA,NA,NA,NA,0,0,0,0,NA,3361,5472,868,0,0,0,0,0,NA,NA,NA,0,NA,NA,NA,NA,NA,NA,3.09548483888611,24
"8342","Gates-Sockeye","Sockeye",1983,28098,3055,NA,NA,NA,NA,NA,NA,NA,NA,0,0,0,0,NA,1542,26208,348,0,0,0,0,0,NA,NA,NA,0,NA,NA,NA,NA,NA,NA,2.2189188068059,24
"8343","Gates-Sockeye","Sockeye",1984,137919,9148,NA,NA,NA,NA,NA,NA,NA,NA,0,0,0,0,NA,1730,115017,21116,0,0,56,0,0,NA,NA,NA,0,NA,NA,NA,NA,NA,NA,2.71313128014852,24
"8344","Gates-Sockeye","Sockeye",1985,131962,2032,NA,NA,NA,NA,NA,NA,NA,NA,0,0,0,0,NA,6340,114856,10766,0,0,0,0,0,NA,NA,NA,0,NA,NA,NA,NA,NA,NA,4.1734934726372,24
"8345","Gates-Sockeye","Sockeye",1986,27349,1880,NA,NA,NA,NA,NA,NA,NA,NA,0,0,0,0,NA,6349,20390,610,0,0,0,0,0,NA,NA,NA,0,NA,NA,NA,NA,NA,NA,2.67740818828639,24
"8346","Gates-Sockeye","Sockeye",1987,27833,4105,NA,NA,NA,NA,NA,NA,NA,NA,0,0,0,0,NA,1683,22546,3604,0,0,0,0,0,NA,NA,NA,0,NA,NA,NA,NA,NA,NA,1.91401662416469,24
"8347","Gates-Sockeye","Sockeye",1988,319543,17841,NA,NA,NA,NA,NA,NA,NA,NA,0,0,0,0,NA,9599,305722,4031,0,0,0,191,0,NA,NA,NA,0,NA,NA,NA,NA,NA,NA,2.88539267065875,24
"8348","Gates-Sockeye","Sockeye",1989,53094,9795,NA,NA,NA,NA,NA,NA,NA,NA,0,0,0,0,NA,5779,38792,8523,0,0,0,0,0,NA,NA,NA,0,NA,NA,NA,NA,NA,NA,1.69019187611676,24
"8349","Gates-Sockeye","Sockeye",1990,15949,3304,NA,NA,NA,NA,NA,NA,NA,NA,0,0,0,0,NA,826,13177,1607,0,0,339,0,0,NA,NA,NA,0,NA,NA,NA,NA,NA,NA,1.57426227568189,24
"8350","Gates-Sockeye","Sockeye",1991,21685,4618,NA,NA,NA,NA,NA,NA,NA,NA,0,0,0,0,NA,1242,18884,1559,0,0,0,0,0,NA,NA,NA,0,NA,NA,NA,NA,NA,NA,1.54665906635503,24
"8351","Gates-Sockeye","Sockeye",1992,195433,9224,NA,NA,NA,NA,NA,NA,NA,NA,0,0,0,0,NA,11639,175651,8143,0,0,0,0,0,NA,NA,NA,0,NA,NA,NA,NA,NA,NA,3.05340882672239,24
"8352","Gates-Sockeye","Sockeye",1993,67524,8780,NA,NA,NA,NA,NA,NA,NA,NA,0,0,0,0,NA,557,54410,12557,0,0,0,0,0,NA,NA,NA,0,NA,NA,NA,NA,NA,NA,2.04000668259212,24
"8353","Gates-Sockeye","Sockeye",1994,34364,1706,NA,NA,NA,NA,NA,NA,NA,NA,0,0,0,0,NA,815,21039,12510,0,0,0,0,0,NA,NA,NA,0,NA,NA,NA,NA,NA,NA,3.00285805570632,24
"8354","Gates-Sockeye","Sockeye",1995,23459,4533,NA,NA,NA,NA,NA,NA,NA,NA,0,0,0,0,NA,1970,20949,540,0,0,0,0,0,NA,NA,NA,0,NA,NA,NA,NA,NA,NA,1.64387024461216,24
"8355","Gates-Sockeye","Sockeye",1996,198058,14139,NA,NA,NA,NA,NA,NA,NA,NA,0,0,0,0,NA,413,189011,8576,0,0,0,58,0,NA,NA,NA,0,NA,NA,NA,NA,NA,NA,2.63962298048235,24
"8356","Gates-Sockeye","Sockeye",1997,13409,1877,NA,NA,NA,NA,NA,NA,NA,NA,0,0,0,0,NA,742,11493,1174,0,0,0,0,0,NA,NA,NA,0,NA,NA,NA,NA,NA,NA,1.96625136569313,24
"8357","Gates-Sockeye","Sockeye",1998,4812,2442,NA,NA,NA,NA,NA,NA,NA,NA,0,0,0,0,NA,408,3841,563,0,0,0,0,0,NA,NA,NA,0,NA,NA,NA,NA,NA,NA,0.678295422423919,24
"8358","Gates-Sockeye","Sockeye",1999,42642,1765,NA,NA,NA,NA,NA,NA,NA,NA,0,0,0,0,NA,2508,37729,2405,0,0,0,0,0,NA,NA,NA,0,NA,NA,NA,NA,NA,NA,3.18468899268755,24
"8359","Gates-Sockeye","Sockeye",2000,92002,16571,NA,NA,NA,NA,NA,NA,NA,NA,0,0,0,0,NA,624,87114,4264,0,0,0,0,0,NA,NA,NA,0,NA,NA,NA,NA,NA,NA,1.71415613629553,24
"8360","Gates-Sockeye","Sockeye",2001,50246,4007,NA,NA,NA,NA,NA,NA,NA,NA,0,0,0,0,NA,315,43190,6741,0,0,0,0,0,NA,NA,NA,0,NA,NA,NA,NA,NA,NA,2.52888811012672,24
"8361","Gates-Sockeye","Sockeye",2002,13001,1144,NA,NA,NA,NA,NA,NA,NA,NA,0,0,0,0,NA,1262,11045,694,0,0,0,0,0,NA,NA,NA,0,NA,NA,NA,NA,NA,NA,2.43049538462243,24
"8362","Gates-Sockeye","Sockeye",2003,4761,5036,NA,NA,NA,NA,NA,NA,NA,NA,0,0,0,0,NA,213,3861,687,0,0,0,0,0,NA,NA,NA,0,NA,NA,NA,NA,NA,NA,-0.056154385969719,24
"8363","Gates-Sockeye","Sockeye",2004,49334,5483,NA,NA,NA,NA,NA,NA,NA,NA,0,17,0,0,NA,343,40513,8461,0,0,0,0,0,NA,NA,NA,0,NA,NA,NA,NA,NA,NA,2.1969611020963,24
"8364","Gates-Sockeye","Sockeye",2005,15090,8851,NA,NA,NA,NA,NA,NA,NA,NA,0,0,0,0,NA,180,14038,872,0,0,0,0,0,NA,NA,NA,0,NA,NA,NA,NA,NA,NA,0.533501825793018,24
"8365","Gates-Sockeye","Sockeye",2006,39852,1456,NA,NA,NA,NA,NA,NA,NA,NA,0,0,0,0,NA,978,24856,13639,0,0,0,379,0,NA,NA,NA,0,NA,NA,NA,NA,NA,NA,3.30947964240812,24
"8366","Gates-Sockeye","Sockeye",2007,114557,1079,NA,NA,NA,NA,NA,NA,NA,NA,0,0,0,0,NA,6665,106460,1193,0,0,0,239,0,NA,NA,NA,0,NA,NA,NA,NA,NA,NA,4.66503782944261,24
"8367","Gates-Sockeye","Sockeye",2008,78888,1752,NA,NA,NA,NA,NA,NA,NA,NA,0,0,0,0,NA,1573,66801,10514,0,0,0,0,0,NA,NA,NA,0,NA,NA,NA,NA,NA,NA,3.80727113251583,24
"8368","Gates-Sockeye","Sockeye",2009,120126,5274,NA,NA,NA,NA,NA,NA,NA,NA,0,0,0,0,NA,2695,101428,16003,0,0,0,0,0,NA,NA,NA,0,NA,NA,NA,NA,NA,NA,3.12575210398652,24
"8369","Gates-Sockeye","Sockeye",2010,39812,5903,NA,NA,NA,NA,NA,NA,NA,NA,0,0,0,0,NA,2387,33061,4140,0,0,0,224,0,NA,NA,NA,0,NA,NA,NA,NA,NA,NA,1.90870767812526,24
"8370","Gates-Sockeye","Sockeye",2011,35695,26445,NA,NA,NA,NA,NA,NA,NA,NA,0,0,0,0,NA,1178,33788,547,0,0,0,182,0,NA,NA,NA,0,NA,NA,NA,NA,NA,NA,0.299943518436481,24
"8371","Gates-Sockeye","Sockeye",2012,24723,6899,NA,NA,NA,NA,NA,NA,NA,NA,0,0,0,0,NA,2043,21156,1524,0,0,0,0,0,NA,NA,NA,0,NA,NA,NA,NA,NA,NA,1.27635751088538,24
"8372","Gates-Sockeye","Sockeye",2013,13347,23053,NA,NA,NA,NA,NA,NA,NA,NA,0,0,0,0,NA,198,8551,4598,0,0,0,0,0,NA,NA,NA,0,NA,NA,NA,NA,NA,NA,-0.546504272325444,24
"8373","Gates-Sockeye","Sockeye",2014,9793,8495,NA,NA,NA,NA,NA,NA,NA,NA,11,0,0,0,NA,103,8593,1086,0,NA,0,0,0,NA,NA,NA,0,NA,NA,NA,NA,NA,NA,0.142190089614762,24
"8374","Gates-Sockeye","Sockeye",2015,15073,9686,NA,NA,NA,NA,NA,NA,NA,NA,0,0,0,0,NA,1722,12479,850,NA,NA,22,0,NA,NA,NA,NA,NA,NA,NA,NA,NA,NA,NA,0.442223519847355,24
"8375","Nadina-Sockeye","Sockeye",1973,73354,10726,NA,NA,NA,NA,NA,NA,NA,NA,0,0,0,0,NA,146,67467,5741,0,0,0,0,0,NA,NA,NA,0,NA,NA,NA,NA,NA,NA,1.92262633560205,25
"8376","Nadina-Sockeye","Sockeye",1974,20212,2072,NA,NA,NA,NA,NA,NA,NA,NA,0,0,0,0,NA,195,20017,0,0,0,0,0,0,NA,NA,NA,0,NA,NA,NA,NA,NA,NA,2.27776216303243,25
"8377","Nadina-Sockeye","Sockeye",1975,158876,8655,NA,NA,NA,NA,NA,NA,NA,NA,0,0,0,0,NA,340,152807,5729,0,0,0,0,0,NA,NA,NA,0,NA,NA,NA,NA,NA,NA,2.90998683511813,25
"8378","Nadina-Sockeye","Sockeye",1976,7274,898,NA,NA,NA,NA,NA,NA,NA,NA,0,0,0,0,NA,27,7247,0,0,0,0,0,0,NA,NA,NA,0,NA,NA,NA,NA,NA,NA,2.09189155724473,25
"8379","Nadina-Sockeye","Sockeye",1977,132049,10085,NA,NA,NA,NA,NA,NA,NA,NA,0,0,0,0,NA,172,125303,6574,0,0,0,0,0,NA,NA,NA,0,NA,NA,NA,NA,NA,NA,2.57212389441923,25
"8380","Nadina-Sockeye","Sockeye",1978,31247,1527,NA,NA,NA,NA,NA,NA,NA,NA,0,0,0,0,NA,83,28397,2767,0,0,0,0,0,NA,NA,NA,0,NA,NA,NA,NA,NA,NA,3.01861834533762,25
"8381","Nadina-Sockeye","Sockeye",1979,101373,21272,NA,NA,NA,NA,NA,NA,NA,NA,0,0,0,0,NA,5,83912,17456,0,0,0,0,0,NA,NA,NA,0,NA,NA,NA,NA,NA,NA,1.56141512957028,25
"8382","Nadina-Sockeye","Sockeye",1980,21372,1603,NA,NA,NA,NA,NA,NA,NA,NA,0,0,0,0,NA,4,16037,5331,0,0,0,0,0,NA,NA,NA,0,NA,NA,NA,NA,NA,NA,2.59020478046811,25
"8383","Nadina-Sockeye","Sockeye",1981,76800,11363,NA,NA,NA,NA,NA,NA,NA,NA,0,0,0,0,NA,5,73214,3530,0,0,0,51,0,NA,NA,NA,0,NA,NA,NA,NA,NA,NA,1.91084217721775,25
"8384","Nadina-Sockeye","Sockeye",1982,6775,1423,NA,NA,NA,NA,NA,NA,NA,NA,0,0,0,0,NA,0,5364,1411,0,0,0,0,0,NA,NA,NA,0,NA,NA,NA,NA,NA,NA,1.56047204765805,25
"8385","Nadina-Sockeye","Sockeye",1983,149731,15945,NA,NA,NA,NA,NA,NA,NA,NA,0,0,0,0,NA,32,138480,11219,0,0,0,0,0,NA,NA,NA,0,NA,NA,NA,NA,NA,NA,2.23969505035361,25
"8386","Nadina-Sockeye","Sockeye",1984,24917,3847,NA,NA,NA,NA,NA,NA,NA,NA,0,0,0,0,NA,0,20594,4323,0,0,0,0,0,NA,NA,NA,0,NA,NA,NA,NA,NA,NA,1.86825667766947,25
"8387","Nadina-Sockeye","Sockeye",1985,46853,7731,NA,NA,NA,NA,NA,NA,NA,NA,0,0,0,0,NA,0,41411,5442,0,0,0,0,0,NA,NA,NA,0,NA,NA,NA,NA,NA,NA,1.80177682044754,25
"8388","Nadina-Sockeye","Sockeye",1986,20838,2051,NA,NA,NA,NA,NA,NA,NA,NA,0,0,0,0,NA,0,16080,4758,0,0,0,0,0,NA,NA,NA,0,NA,NA,NA,NA,NA,NA,2.31845076389975,25
"8389","Nadina-Sockeye","Sockeye",1987,191036,15643,NA,NA,NA,NA,NA,NA,NA,NA,0,0,0,0,NA,16,170901,20119,0,0,0,0,0,NA,NA,NA,0,NA,NA,NA,NA,NA,NA,2.50243835938195,25
"8390","Nadina-Sockeye","Sockeye",1988,57739,4514,NA,NA,NA,NA,NA,NA,NA,NA,0,0,0,0,NA,0,48538,9201,0,0,0,0,0,NA,NA,NA,0,NA,NA,NA,NA,NA,NA,2.54874917667319,25
"8391","Nadina-Sockeye","Sockeye",1989,20016,2707,NA,NA,NA,NA,NA,NA,NA,NA,0,0,0,0,NA,0,15466,3412,0,0,0,1138,0,NA,NA,NA,0,NA,NA,NA,NA,NA,NA,2.00069094309239,25
"8392","Nadina-Sockeye","Sockeye",1990,15734,3405,NA,NA,NA,NA,NA,NA,NA,NA,0,0,0,0,NA,0,14995,739,0,0,0,0,0,NA,NA,NA,0,NA,NA,NA,NA,NA,NA,1.53057903630558,25
"8393","Nadina-Sockeye","Sockeye",1991,56339,33387,NA,NA,NA,NA,NA,NA,NA,NA,0,0,0,0,NA,112,47222,9005,0,0,0,0,0,NA,NA,NA,0,NA,NA,NA,NA,NA,NA,0.523220410252535,25
"8394","Nadina-Sockeye","Sockeye",1992,104713,2355,NA,NA,NA,NA,NA,NA,NA,NA,0,0,0,0,NA,9,54950,49754,0,0,0,0,0,NA,NA,NA,0,NA,NA,NA,NA,NA,NA,3.79468254697926,25
"8395","Nadina-Sockeye","Sockeye",1993,56702,4797,NA,NA,NA,NA,NA,NA,NA,NA,0,0,0,0,NA,0,51434,5268,0,0,0,0,0,NA,NA,NA,0,NA,NA,NA,NA,NA,NA,2.4698187609603,25
"8396","Nadina-Sockeye","Sockeye",1994,18358,1077,NA,NA,NA,NA,NA,NA,NA,NA,0,0,0,0,NA,0,9887,8471,0,0,0,0,0,NA,NA,NA,0,NA,NA,NA,NA,NA,NA,2.83588604862265,25
"8397","Nadina-Sockeye","Sockeye",1995,65517,8452,NA,NA,NA,NA,NA,NA,NA,NA,0,0,0,0,NA,25,65492,0,0,0,0,0,0,NA,NA,NA,0,NA,NA,NA,NA,NA,NA,2.04790655119693,25
"8398","Nadina-Sockeye","Sockeye",1996,546597,18036,NA,NA,NA,NA,NA,NA,NA,NA,0,0,0,0,NA,4,451557,95036,0,0,0,0,0,NA,NA,NA,0,NA,NA,NA,NA,NA,NA,3.41134202444586,25
"8399","Nadina-Sockeye","Sockeye",1997,3186,2624,NA,NA,NA,NA,NA,NA,NA,NA,0,0,0,0,NA,0,2444,742,0,0,0,0,0,NA,NA,NA,0,NA,NA,NA,NA,NA,NA,0.194066340406014,25
"8400","Nadina-Sockeye","Sockeye",1998,4879,1983,NA,NA,NA,NA,NA,NA,NA,NA,0,0,0,0,NA,9,3913,957,0,0,0,0,0,NA,NA,NA,0,NA,NA,NA,NA,NA,NA,0.900329431296041,25
"8401","Nadina-Sockeye","Sockeye",1999,11388,5026,NA,NA,NA,NA,NA,NA,NA,NA,0,0,0,0,NA,0,11388,0,0,0,0,0,0,NA,NA,NA,0,NA,NA,NA,NA,NA,NA,0.817935730294391,25
"8402","Nadina-Sockeye","Sockeye",2000,259537,67127,NA,NA,NA,NA,NA,NA,NA,NA,0,0,0,0,NA,0,233547,25990,0,0,0,0,0,NA,NA,NA,0,NA,NA,NA,NA,NA,NA,1.35231292678691,25
"8403","Nadina-Sockeye","Sockeye",2001,96134,17886,NA,NA,NA,NA,NA,NA,NA,NA,0,0,0,0,NA,0,48020,48105,9,0,0,0,0,NA,NA,NA,0,NA,NA,NA,NA,NA,NA,1.68172476760741,25
"8404","Nadina-Sockeye","Sockeye",2002,6180,1031,NA,NA,NA,NA,NA,NA,NA,NA,0,0,0,0,NA,0,5758,422,0,0,0,0,0,NA,NA,NA,0,NA,NA,NA,NA,NA,NA,1.79078906643478,25
"8405","Nadina-Sockeye","Sockeye",2003,3705,1677,NA,NA,NA,NA,NA,NA,NA,NA,0,0,0,0,NA,0,3370,335,0,0,0,0,0,NA,NA,NA,0,NA,NA,NA,NA,NA,NA,0.792676775906978,25
"8406","Nadina-Sockeye","Sockeye",2004,219464,13773,NA,NA,NA,NA,NA,NA,NA,NA,0,0,0,0,NA,32,200535,18897,0,0,0,0,0,NA,NA,NA,0,NA,NA,NA,NA,NA,NA,2.76847805601745,25
"8407","Nadina-Sockeye","Sockeye",2005,16218,12141,NA,NA,NA,NA,NA,NA,NA,NA,0,0,0,0,NA,0,11563,4655,0,0,0,0,0,NA,NA,NA,0,NA,NA,NA,NA,NA,NA,0.289533581960527,25
"8408","Nadina-Sockeye","Sockeye",2006,64917,4487,NA,NA,NA,NA,NA,NA,NA,NA,0,0,0,0,NA,2,43344,21571,0,0,0,0,0,NA,NA,NA,0,NA,NA,NA,NA,NA,NA,2.67192520386391,25
"8409","Nadina-Sockeye","Sockeye",2007,11526,1006,NA,NA,NA,NA,NA,NA,NA,NA,0,0,0,0,NA,0,10326,1162,38,0,0,0,0,NA,NA,NA,0,NA,NA,NA,NA,NA,NA,2.43862328133693,25
"8410","Nadina-Sockeye","Sockeye",2008,91177,10236,NA,NA,NA,NA,NA,NA,NA,NA,0,0,0,0,NA,4,85994,5141,0,0,0,38,0,NA,NA,NA,0,NA,NA,NA,NA,NA,NA,2.18689175399429,25
"8411","Nadina-Sockeye","Sockeye",2009,22658,3718,NA,NA,NA,NA,NA,NA,NA,NA,0,0,0,0,NA,0,17162,5496,0,0,0,0,0,NA,NA,NA,0,NA,NA,NA,NA,NA,NA,1.80732710115204,25
"8412","Nadina-Sockeye","Sockeye",2010,221312,11892,NA,NA,NA,NA,NA,NA,NA,NA,0,38,0,0,NA,273,143207,77794,0,0,0,0,0,NA,NA,NA,0,NA,NA,NA,NA,NA,NA,2.92370756548492,25
"8413","Nadina-Sockeye","Sockeye",2011,10162,1195,NA,NA,NA,NA,NA,NA,NA,NA,0,0,0,0,NA,0,9067,1095,0,0,0,0,0,NA,NA,NA,0,NA,NA,NA,NA,NA,NA,2.14050908778807,25
"8414","Nadina-Sockeye","Sockeye",2012,46375,16766,NA,NA,NA,NA,NA,NA,NA,NA,0,0,0,0,NA,23,42701,3651,0,0,0,0,0,NA,NA,NA,0,NA,NA,NA,NA,NA,NA,1.01740749471193,25
"8415","Nadina-Sockeye","Sockeye",2013,10327,7129,NA,NA,NA,NA,NA,NA,NA,NA,0,0,0,0,NA,0,3524,6803,0,0,0,0,0,NA,NA,NA,0,NA,NA,NA,NA,NA,NA,0.370590852553776,25
"8416","Nadina-Sockeye","Sockeye",2014,487912,30742,NA,NA,NA,NA,NA,NA,NA,NA,0,0,0,0,NA,374,406903,80635,0,NA,0,0,0,NA,NA,NA,0,NA,NA,NA,NA,NA,NA,2.76450526392053,25
"8417","Nadina-Sockeye","Sockeye",2015,4234,9411,NA,NA,NA,NA,NA,NA,NA,NA,0,0,0,0,NA,0,1946,2288,NA,NA,0,0,NA,NA,NA,NA,NA,NA,NA,NA,NA,NA,NA,-0.798732045163977,25
"8418","Pitt-Sockeye","Sockeye",1948,122720,20340,NA,NA,NA,NA,NA,NA,NA,NA,0,0,0,NA,NA,0,26803,95917,0,0,0,0,0,NA,NA,NA,0,NA,NA,NA,NA,NA,NA,1.79731594699853,26
"8419","Pitt-Sockeye","Sockeye",1949,20778,4449,NA,NA,NA,NA,NA,NA,NA,NA,0,0,0,0,NA,0,6085,13251,0,0,0,1442,0,NA,NA,NA,0,NA,NA,NA,NA,NA,NA,1.54121538282444,26
"8420","Pitt-Sockeye","Sockeye",1950,146337,13313,NA,NA,NA,NA,NA,NA,NA,NA,0,0,0,0,NA,62,91231,55044,0,0,0,0,0,NA,NA,NA,0,NA,NA,NA,NA,NA,NA,2.39717117959097,26
"8421","Pitt-Sockeye","Sockeye",1951,120302,17922,NA,NA,NA,NA,NA,NA,NA,NA,0,0,0,0,NA,0,41761,78541,0,0,0,0,0,NA,NA,NA,0,NA,NA,NA,NA,NA,NA,1.90397623948432,26
"8422","Pitt-Sockeye","Sockeye",1952,72178,21904,NA,NA,NA,NA,NA,NA,NA,NA,0,0,0,0,NA,0,39952,31890,0,0,0,0,336,NA,NA,NA,0,NA,NA,NA,NA,NA,NA,1.19246602177815,26
"8423","Pitt-Sockeye","Sockeye",1953,25807,9303,NA,NA,NA,NA,NA,NA,NA,NA,0,0,0,0,NA,0,12688,12372,0,0,0,747,0,NA,NA,NA,0,NA,NA,NA,NA,NA,NA,1.02030884417058,26
"8424","Pitt-Sockeye","Sockeye",1954,51094,8332,NA,NA,NA,NA,NA,NA,NA,NA,0,0,0,0,NA,42,37926,13126,0,0,0,0,0,NA,NA,NA,0,NA,NA,NA,NA,NA,NA,1.81356355008729,26
"8425","Pitt-Sockeye","Sockeye",1955,166937,11221,NA,NA,NA,NA,NA,NA,NA,NA,0,0,0,0,NA,5,78394,85616,0,0,0,976,1946,NA,NA,NA,0,NA,NA,NA,NA,NA,NA,2.69982947305006,26
"8426","Pitt-Sockeye","Sockeye",1956,70323,11107,NA,NA,NA,NA,NA,NA,NA,NA,0,0,0,0,NA,15,28169,38686,0,0,0,1900,1553,NA,NA,NA,0,NA,NA,NA,NA,NA,NA,1.84552337439798,26
"8427","Pitt-Sockeye","Sockeye",1957,29207,5130,NA,NA,NA,NA,NA,NA,NA,NA,0,0,0,0,NA,0,3474,24544,0,0,0,1189,0,NA,NA,NA,0,NA,NA,NA,NA,NA,NA,1.73930274738926,26
"8428","Pitt-Sockeye","Sockeye",1958,16535,6658,NA,NA,NA,NA,NA,NA,NA,NA,0,0,0,0,NA,12,12978,3157,0,0,0,0,388,NA,NA,NA,0,NA,NA,NA,NA,NA,NA,0.909660207280923,26
"8429","Pitt-Sockeye","Sockeye",1959,62493,6096,NA,NA,NA,NA,NA,NA,NA,NA,0,0,0,0,NA,10,21800,39932,0,0,0,234,517,NA,NA,NA,0,NA,NA,NA,NA,NA,NA,2.32742173208554,26
"8430","Pitt-Sockeye","Sockeye",1960,33314,12532,NA,NA,NA,NA,NA,NA,NA,NA,0,0,0,0,NA,0,5842,27406,0,0,0,29,37,NA,NA,NA,0,NA,NA,NA,NA,NA,NA,0.977692355964971,26
"8431","Pitt-Sockeye","Sockeye",1961,103035,6542,NA,NA,NA,NA,NA,NA,NA,NA,0,0,0,0,NA,74,26282,74479,0,0,0,1531,669,NA,NA,NA,0,NA,NA,NA,NA,NA,NA,2.75682580721776,26
"8432","Pitt-Sockeye","Sockeye",1962,57275,8479,NA,NA,NA,NA,NA,NA,NA,NA,0,0,0,0,NA,46,24085,32679,0,0,0,465,0,NA,NA,NA,0,NA,NA,NA,NA,NA,NA,1.91027171001769,26
"8433","Pitt-Sockeye","Sockeye",1963,142935,5798,NA,NA,NA,NA,NA,NA,NA,NA,0,0,0,0,NA,68,88616,54052,0,0,0,199,0,NA,NA,NA,0,NA,NA,NA,NA,NA,NA,3.2048769509688,26
"8434","Pitt-Sockeye","Sockeye",1964,192094,6320,NA,NA,NA,NA,NA,NA,NA,NA,0,0,0,0,NA,68,48016,142584,0,0,0,1250,176,NA,NA,NA,0,NA,NA,NA,NA,NA,NA,3.41426562739553,26
"8435","Pitt-Sockeye","Sockeye",1965,38984,3387,NA,NA,NA,NA,NA,NA,NA,NA,0,0,0,0,NA,0,14943,24041,0,0,0,0,0,NA,NA,NA,0,NA,NA,NA,NA,NA,NA,2.44320673170557,26
"8436","Pitt-Sockeye","Sockeye",1966,77701,10735,NA,NA,NA,NA,NA,NA,NA,NA,0,0,0,0,NA,65,24568,51336,0,0,0,1732,0,NA,NA,NA,0,NA,NA,NA,NA,NA,NA,1.97935869597291,26
"8437","Pitt-Sockeye","Sockeye",1967,67780,5241,NA,NA,NA,NA,NA,NA,NA,NA,0,0,0,0,NA,29,24122,42747,0,0,0,882,0,NA,NA,NA,0,NA,NA,NA,NA,NA,NA,2.55975484635888,26
"8438","Pitt-Sockeye","Sockeye",1968,105588,8194,NA,NA,NA,NA,NA,NA,NA,NA,0,0,0,0,NA,45,38212,67282,0,0,0,0,49,NA,NA,NA,0,NA,NA,NA,NA,NA,NA,2.55614254932674,26
"8439","Pitt-Sockeye","Sockeye",1969,61083,11739,NA,NA,NA,NA,NA,NA,NA,NA,0,0,0,0,NA,0,9262,51821,0,0,0,0,0,NA,NA,NA,0,NA,NA,NA,NA,NA,NA,1.64931696316146,26
"8440","Pitt-Sockeye","Sockeye",1970,55398,3123,NA,NA,NA,NA,NA,NA,NA,NA,0,0,0,0,NA,81,21806,32749,0,0,0,645,117,NA,NA,NA,0,NA,NA,NA,NA,NA,NA,2.8757494137176,26
"8441","Pitt-Sockeye","Sockeye",1971,221710,6696,NA,NA,NA,NA,NA,NA,NA,NA,0,0,0,0,NA,462,91337,123848,0,0,0,1827,4236,NA,NA,NA,0,NA,NA,NA,NA,NA,NA,3.49985988841694,26
"8442","Pitt-Sockeye","Sockeye",1972,123179,6575,NA,NA,NA,NA,NA,NA,NA,NA,0,0,0,0,NA,31,78300,44584,0,0,0,0,264,NA,NA,NA,0,NA,NA,NA,NA,NA,NA,2.93036400396111,26
"8443","Pitt-Sockeye","Sockeye",1973,29176,4713,NA,NA,NA,NA,NA,NA,NA,NA,0,0,0,0,NA,11,11903,17262,0,0,0,0,0,NA,NA,NA,0,NA,NA,NA,NA,NA,NA,1.82302180556479,26
"8444","Pitt-Sockeye","Sockeye",1974,135945,8859,NA,NA,NA,NA,NA,NA,NA,NA,0,0,0,0,NA,178,53388,78361,0,0,0,3311,707,NA,NA,NA,0,NA,NA,NA,NA,NA,NA,2.73081650074496,26
"8445","Pitt-Sockeye","Sockeye",1975,85230,21376,NA,NA,NA,NA,NA,NA,NA,NA,0,0,0,0,NA,81,64180,20578,0,0,0,391,0,NA,NA,NA,0,NA,NA,NA,NA,NA,NA,1.38308468717997,26
"8446","Pitt-Sockeye","Sockeye",1976,105588,19475,NA,NA,NA,NA,NA,NA,NA,NA,0,0,0,0,NA,41,13812,91485,0,0,0,0,250,NA,NA,NA,0,NA,NA,NA,NA,NA,NA,1.69041313669461,26
"8447","Pitt-Sockeye","Sockeye",1977,34586,7798,NA,NA,NA,NA,NA,NA,NA,NA,0,0,0,0,NA,57,15331,18676,0,0,0,522,0,NA,NA,NA,0,NA,NA,NA,NA,NA,NA,1.48958168534333,26
"8448","Pitt-Sockeye","Sockeye",1978,34978,14116,NA,NA,NA,NA,NA,NA,NA,NA,0,0,0,0,NA,0,10736,24013,0,0,0,105,124,NA,NA,NA,0,NA,NA,NA,NA,NA,NA,0.907410386613976,26
"8449","Pitt-Sockeye","Sockeye",1979,38819,20384,NA,NA,NA,NA,NA,NA,NA,NA,0,0,0,0,NA,22,3770,34444,0,0,0,0,583,NA,NA,NA,0,NA,NA,NA,NA,NA,NA,0.644159538101751,26
"8450","Pitt-Sockeye","Sockeye",1980,16913,9191,NA,NA,NA,NA,NA,NA,NA,NA,0,0,0,0,NA,8,10736,6169,0,0,0,0,0,NA,NA,NA,0,NA,NA,NA,NA,NA,NA,0.609857812615933,26
"8451","Pitt-Sockeye","Sockeye",1981,40270,13301,NA,NA,NA,NA,NA,NA,NA,NA,0,0,0,0,NA,0,2416,31641,382,0,0,215,5616,NA,NA,NA,0,NA,NA,NA,NA,NA,NA,1.1077675544922,26
"8452","Pitt-Sockeye","Sockeye",1982,18265,5090,NA,NA,NA,NA,NA,NA,NA,NA,0,0,0,0,NA,37,4318,13910,0,0,0,0,0,NA,NA,NA,0,NA,NA,NA,NA,NA,NA,1.27770882968481,26
"8453","Pitt-Sockeye","Sockeye",1983,62053,10093,NA,NA,NA,NA,NA,NA,NA,NA,0,0,0,0,NA,22,11730,50301,0,0,0,0,0,NA,NA,NA,0,NA,NA,NA,NA,NA,NA,1.81614674433153,26
"8454","Pitt-Sockeye","Sockeye",1984,75994,8759,NA,NA,NA,NA,NA,NA,NA,NA,0,0,0,0,NA,107,18612,56977,0,0,0,0,298,NA,NA,NA,0,NA,NA,NA,NA,NA,NA,2.16057264662045,26
"8455","Pitt-Sockeye","Sockeye",1985,23208,2113,NA,NA,NA,NA,NA,NA,NA,NA,0,0,0,0,NA,26,6180,17002,0,0,0,0,0,NA,NA,NA,0,NA,NA,NA,NA,NA,NA,2.39638830818518,26
"8456","Pitt-Sockeye","Sockeye",1986,40001,12305,NA,NA,NA,NA,NA,NA,NA,NA,0,0,0,0,NA,0,6413,33585,0,0,3,0,0,NA,NA,NA,0,NA,NA,NA,NA,NA,NA,1.17889876995842,26
"8457","Pitt-Sockeye","Sockeye",1987,22485,5533,NA,NA,NA,NA,NA,NA,NA,NA,0,0,0,0,NA,3,7374,14591,387,0,0,0,130,NA,NA,NA,0,NA,NA,NA,NA,NA,NA,1.4021182563067,26
"8458","Pitt-Sockeye","Sockeye",1988,62489,19026,NA,NA,NA,NA,NA,NA,NA,NA,0,0,0,0,NA,0,2587,58490,1189,0,0,223,0,NA,NA,NA,0,NA,NA,NA,NA,NA,NA,1.18918407646827,26
"8459","Pitt-Sockeye","Sockeye",1989,16691,9051,NA,NA,NA,NA,NA,NA,NA,NA,0,0,0,0,NA,7,4944,11658,82,0,0,0,0,NA,NA,NA,0,NA,NA,NA,NA,NA,NA,0.611994403151247,26
"8460","Pitt-Sockeye","Sockeye",1990,9117,6037,NA,NA,NA,NA,NA,NA,NA,NA,0,0,0,0,NA,18,1561,7538,0,0,0,0,0,NA,NA,NA,0,NA,NA,NA,NA,NA,NA,0.412233602788477,26
"8461","Pitt-Sockeye","Sockeye",1991,33888,10867,NA,NA,NA,NA,NA,NA,NA,NA,0,0,0,0,NA,1,1710,32177,0,0,0,0,0,NA,NA,NA,0,NA,NA,NA,NA,NA,NA,1.13733029533828,26
"8462","Pitt-Sockeye","Sockeye",1992,100553,4411,NA,NA,NA,NA,NA,NA,NA,NA,0,0,0,0,NA,0,29707,70846,0,0,0,0,0,NA,NA,NA,0,NA,NA,NA,NA,NA,NA,3.12658353055331,26
"8463","Pitt-Sockeye","Sockeye",1993,103267,11430,NA,NA,NA,NA,NA,NA,NA,NA,0,174,0,0,NA,11,16103,86635,0,0,0,0,344,NA,NA,NA,0,NA,NA,NA,NA,NA,NA,2.20107638939169,26
"8464","Pitt-Sockeye","Sockeye",1994,35089,4363,NA,NA,NA,NA,NA,NA,NA,NA,0,0,0,0,NA,81,4617,30016,0,0,0,0,375,NA,NA,NA,0,NA,NA,NA,NA,NA,NA,2.08472779689995,26
"8465","Pitt-Sockeye","Sockeye",1995,52971,3185,NA,NA,NA,NA,NA,NA,NA,NA,0,0,0,0,NA,0,8821,44150,0,0,0,0,0,NA,NA,NA,0,NA,NA,NA,NA,NA,NA,2.81129230496464,26
"8466","Pitt-Sockeye","Sockeye",1996,151964,21678,NA,NA,NA,NA,NA,NA,NA,NA,0,0,0,0,NA,18,21331,129612,1003,0,0,0,0,NA,NA,NA,0,NA,NA,NA,NA,NA,NA,1.94734572929593,26
"8467","Pitt-Sockeye","Sockeye",1997,96262,17239,NA,NA,NA,NA,NA,NA,NA,NA,0,0,0,0,NA,11,12324,83927,0,0,0,0,0,NA,NA,NA,0,NA,NA,NA,NA,NA,NA,1.7198993818084,26
"8468","Pitt-Sockeye","Sockeye",1998,133321,49869,NA,NA,NA,NA,NA,NA,NA,NA,0,0,1003,0,NA,19,33437,98506,0,0,0,356,0,NA,NA,NA,0,NA,NA,NA,NA,NA,NA,0.983360186940052,26
"8469","Pitt-Sockeye","Sockeye",1999,142825,19391,NA,NA,NA,NA,NA,NA,NA,NA,0,0,0,0,NA,0,24538,118076,211,0,0,0,0,NA,NA,NA,0,NA,NA,NA,NA,NA,NA,1.99681106371005,26
"8470","Pitt-Sockeye","Sockeye",2000,111288,18581,NA,NA,NA,NA,NA,NA,NA,NA,0,0,0,0,NA,15,41913,69360,0,0,0,0,0,NA,NA,NA,0,NA,NA,NA,NA,NA,NA,1.78998188250665,26
"8471","Pitt-Sockeye","Sockeye",2001,54820,74627,NA,NA,NA,NA,NA,NA,NA,NA,0,0,0,0,NA,0,7379,47231,0,0,0,210,0,NA,NA,NA,0,NA,NA,NA,NA,NA,NA,-0.308447281149012,26
"8472","Pitt-Sockeye","Sockeye",2002,69160,39138,NA,NA,NA,NA,NA,NA,NA,NA,0,0,0,0,NA,15,24980,44165,0,0,0,0,0,NA,NA,NA,0,NA,NA,NA,NA,NA,NA,0.569328798773076,26
"8473","Pitt-Sockeye","Sockeye",2003,13968,39970,NA,NA,NA,NA,NA,NA,NA,NA,0,0,0,0,NA,0,373,13413,91,0,0,0,91,NA,NA,NA,0,NA,NA,NA,NA,NA,NA,-1.05136017362599,26
"8474","Pitt-Sockeye","Sockeye",2004,40053,33786,NA,NA,NA,NA,NA,NA,NA,NA,0,0,130,0,NA,9,9201,30713,0,0,0,0,0,NA,NA,NA,0,NA,NA,NA,NA,NA,NA,0.170157061575531,26
"8475","Pitt-Sockeye","Sockeye",2005,8549,33806,NA,NA,NA,NA,NA,NA,NA,NA,0,65,0,0,NA,0,1726,6610,148,0,0,0,0,NA,NA,NA,0,NA,NA,NA,NA,NA,NA,-1.37482398448389,26
"8476","Pitt-Sockeye","Sockeye",2006,67300,21301,NA,NA,NA,NA,NA,NA,NA,NA,0,0,254,0,NA,8,12711,54327,0,0,0,0,0,NA,NA,NA,0,NA,NA,NA,NA,NA,NA,1.15040621668053,26
"8477","Pitt-Sockeye","Sockeye",2007,81664,19935,NA,NA,NA,NA,NA,NA,NA,NA,0,0,0,0,NA,0,11429,69777,229,0,0,0,229,NA,NA,NA,0,NA,NA,NA,NA,NA,NA,1.41013628744895,26
"8478","Pitt-Sockeye","Sockeye",2008,80204,6348,NA,NA,NA,NA,NA,NA,NA,NA,0,0,0,0,NA,9,14412,65539,244,0,0,0,0,NA,NA,NA,0,NA,NA,NA,NA,NA,NA,2.53643358627629,26
"8479","Pitt-Sockeye","Sockeye",2009,59307,18838,NA,NA,NA,NA,NA,NA,NA,NA,0,0,1604,0,NA,0,9166,48293,0,0,0,244,0,NA,NA,NA,0,NA,NA,NA,NA,NA,NA,1.14685123648128,26
"8480","Pitt-Sockeye","Sockeye",2010,48152,8783,NA,NA,NA,NA,NA,NA,NA,NA,0,458,488,0,NA,38,18781,28122,0,0,0,265,0,NA,NA,NA,0,NA,NA,NA,NA,NA,NA,1.70154463931049,26
"8481","Pitt-Sockeye","Sockeye",2011,98380,30439,NA,NA,NA,NA,NA,NA,NA,NA,0,0,0,0,NA,13,26531,70107,549,0,0,219,961,NA,NA,NA,0,NA,NA,NA,NA,NA,NA,1.1731128504245,26
"8482","Pitt-Sockeye","Sockeye",2012,56218,41415,NA,NA,NA,NA,NA,NA,NA,NA,0,0,0,0,NA,0,8544,46966,706,0,0,0,0,NA,NA,NA,2,NA,NA,NA,NA,NA,NA,0.305593856266732,26
"8483","Pitt-Sockeye","Sockeye",2013,26343,30166,NA,NA,NA,NA,NA,NA,NA,NA,0,0,0,0,NA,0,824,25443,67,0,0,9,0,NA,NA,NA,0,NA,NA,NA,NA,NA,NA,-0.135512877300092,26
"8484","Pitt-Sockeye","Sockeye",2014,6009,14427,NA,NA,NA,NA,NA,NA,NA,NA,0,0,0,0,NA,0,1664,4303,42,NA,0,0,0,NA,NA,NA,0,NA,NA,NA,NA,NA,NA,-0.875843105611844,26
"8485","Pitt-Sockeye","Sockeye",2015,6367,18985,NA,NA,NA,NA,NA,NA,NA,NA,0,0,66,0,NA,0,925,5376,NA,NA,0,0,NA,NA,NA,NA,NA,NA,NA,NA,NA,NA,NA,-1.09252079264888,26
"8486","Harrison-Sockeye","Sockeye",1948,43283,14577,NA,NA,NA,NA,NA,NA,NA,NA,0,0,43283,NA,NA,0,0,0,0,0,0,0,0,NA,NA,NA,0,NA,NA,NA,NA,NA,NA,1.08831500412543,27
"8487","Harrison-Sockeye","Sockeye",1949,37073,4372,NA,NA,NA,NA,NA,NA,NA,NA,0,11423,25650,0,NA,0,0,0,0,0,0,0,0,NA,NA,NA,0,NA,NA,NA,NA,NA,NA,2.13766837154796,27
"8488","Harrison-Sockeye","Sockeye",1950,78099,18216,NA,NA,NA,NA,NA,NA,NA,NA,0,48269,29830,0,NA,0,0,0,0,0,0,0,0,NA,NA,NA,0,NA,NA,NA,NA,NA,NA,1.45567692390492,27
"8489","Harrison-Sockeye","Sockeye",1951,122022,13181,NA,NA,NA,NA,NA,NA,NA,NA,903,103041,18078,0,NA,0,0,0,0,0,0,0,0,NA,NA,NA,0,NA,NA,NA,NA,NA,NA,2.22542495761466,27
"8490","Harrison-Sockeye","Sockeye",1952,23054,17215,NA,NA,NA,NA,NA,NA,NA,NA,0,18421,4633,0,NA,0,0,0,0,0,0,0,0,NA,NA,NA,0,NA,NA,NA,NA,NA,NA,0.292058193388334,27
"8491","Harrison-Sockeye","Sockeye",1953,9784,7641,NA,NA,NA,NA,NA,NA,NA,NA,0,2232,7552,0,NA,0,0,0,0,0,0,0,0,NA,NA,NA,0,NA,NA,NA,NA,NA,NA,0.247219913719442,27
"8492","Harrison-Sockeye","Sockeye",1954,14797,16869,NA,NA,NA,NA,NA,NA,NA,NA,0,6146,8651,0,NA,0,0,0,0,0,0,0,0,NA,NA,NA,0,NA,NA,NA,NA,NA,NA,-0.131053160457777,27
"8493","Harrison-Sockeye","Sockeye",1955,141038,3405,NA,NA,NA,NA,NA,NA,NA,NA,87,60115,80836,0,NA,0,0,0,0,0,0,0,0,NA,NA,NA,0,NA,NA,NA,NA,NA,NA,3.72378441801323,27
"8494","Harrison-Sockeye","Sockeye",1956,96972,1266,NA,NA,NA,NA,NA,NA,NA,NA,0,87258,9600,0,NA,0,0,114,0,0,0,0,0,NA,NA,NA,0,NA,NA,NA,NA,NA,NA,4.33855995331733,27
"8495","Harrison-Sockeye","Sockeye",1957,60554,1820,NA,NA,NA,NA,NA,NA,NA,NA,43,25371,34739,0,NA,0,401,0,0,0,0,0,0,NA,NA,NA,0,NA,NA,NA,NA,NA,NA,3.50469902783498,27
"8496","Harrison-Sockeye","Sockeye",1958,59892,6404,NA,NA,NA,NA,NA,NA,NA,NA,107,55305,4480,0,NA,0,0,0,0,0,0,0,0,NA,NA,NA,0,NA,NA,NA,NA,NA,NA,2.235620145141,27
"8497","Harrison-Sockeye","Sockeye",1959,41545,17657,NA,NA,NA,NA,NA,NA,NA,NA,14,10452,31079,0,NA,0,0,0,0,0,0,0,0,NA,NA,NA,0,NA,NA,NA,NA,NA,NA,0.855644871796284,27
"8498","Harrison-Sockeye","Sockeye",1960,29451,7076,NA,NA,NA,NA,NA,NA,NA,NA,0,26094,3357,0,NA,0,0,0,0,0,0,0,0,NA,NA,NA,0,NA,NA,NA,NA,NA,NA,1.42601908908096,27
"8499","Harrison-Sockeye","Sockeye",1961,13225,21725,NA,NA,NA,NA,NA,NA,NA,NA,41,1634,11550,0,NA,0,0,0,0,0,0,0,0,NA,NA,NA,0,NA,NA,NA,NA,NA,NA,-0.496354693407093,27
"8500","Harrison-Sockeye","Sockeye",1962,50812,4155,NA,NA,NA,NA,NA,NA,NA,NA,0,31134,19678,0,NA,0,0,0,0,0,0,0,0,NA,NA,NA,0,NA,NA,NA,NA,NA,NA,2.5038201188538,27
"8501","Harrison-Sockeye","Sockeye",1963,87825,9803,NA,NA,NA,NA,NA,NA,NA,NA,0,50277,37548,0,NA,0,0,0,0,0,0,0,0,NA,NA,NA,0,NA,NA,NA,NA,NA,NA,2.1926577368723,27
"8502","Harrison-Sockeye","Sockeye",1964,51204,1101,NA,NA,NA,NA,NA,NA,NA,NA,47,43883,7247,0,NA,0,0,27,0,0,0,0,0,NA,NA,NA,0,NA,NA,NA,NA,NA,NA,3.83959879625332,27
"8503","Harrison-Sockeye","Sockeye",1965,20432,7779,NA,NA,NA,NA,NA,NA,NA,NA,65,8237,12043,0,NA,0,87,0,0,0,0,0,0,NA,NA,NA,0,NA,NA,NA,NA,NA,NA,0.965674504065547,27
"8504","Harrison-Sockeye","Sockeye",1966,55444,9295,NA,NA,NA,NA,NA,NA,NA,NA,19,42848,12577,0,NA,0,0,0,0,0,0,0,0,NA,NA,NA,0,NA,NA,NA,NA,NA,NA,1.7858968811777,27
"8505","Harrison-Sockeye","Sockeye",1967,50935,12672,NA,NA,NA,NA,NA,NA,NA,NA,145,21814,28976,0,NA,0,0,0,0,0,0,0,0,NA,NA,NA,0,NA,NA,NA,NA,NA,NA,1.39115547496996,27
"8506","Harrison-Sockeye","Sockeye",1968,17838,2854,NA,NA,NA,NA,NA,NA,NA,NA,126,13492,4193,0,NA,0,27,0,0,0,0,0,0,NA,NA,NA,0,NA,NA,NA,NA,NA,NA,1.83260949418937,27
"8507","Harrison-Sockeye","Sockeye",1969,7302,7559,NA,NA,NA,NA,NA,NA,NA,NA,0,2150,5152,0,NA,0,0,0,0,0,0,0,0,NA,NA,NA,0,NA,NA,NA,NA,NA,NA,-0.0345906230765945,27
"8508","Harrison-Sockeye","Sockeye",1970,39763,6471,NA,NA,NA,NA,NA,NA,NA,NA,98,18810,20855,0,NA,0,0,0,0,0,0,0,0,NA,NA,NA,0,NA,NA,NA,NA,NA,NA,1.81560617558313,27
"8509","Harrison-Sockeye","Sockeye",1971,84459,1970,NA,NA,NA,NA,NA,NA,NA,NA,0,61283,23176,0,NA,0,0,0,0,0,0,0,0,NA,NA,NA,0,NA,NA,NA,NA,NA,NA,3.75823266676158,27
"8510","Harrison-Sockeye","Sockeye",1972,1963,794,NA,NA,NA,NA,NA,NA,NA,NA,0,1153,810,0,NA,0,0,0,0,0,0,0,0,NA,NA,NA,0,NA,NA,NA,NA,NA,NA,0.905145733029325,27
"8511","Harrison-Sockeye","Sockeye",1973,37681,1571,NA,NA,NA,NA,NA,NA,NA,NA,0,32256,5425,0,NA,0,0,0,0,0,0,0,0,NA,NA,NA,0,NA,NA,NA,NA,NA,NA,3.17744362936065,27
"8512","Harrison-Sockeye","Sockeye",1974,40338,8709,NA,NA,NA,NA,NA,NA,NA,NA,0,6133,34205,0,NA,0,0,0,0,0,0,0,0,NA,NA,NA,0,NA,NA,NA,NA,NA,NA,1.53293697900435,27
"8513","Harrison-Sockeye","Sockeye",1975,128650,3381,NA,NA,NA,NA,NA,NA,NA,NA,0,22979,105641,0,NA,30,0,0,0,0,0,0,0,NA,NA,NA,0,NA,NA,NA,NA,NA,NA,3.638924015002,27
"8514","Harrison-Sockeye","Sockeye",1976,44728,2933,NA,NA,NA,NA,NA,NA,NA,NA,0,43410,1184,0,NA,134,0,0,0,0,0,0,0,NA,NA,NA,0,NA,NA,NA,NA,NA,NA,2.72457391372903,27
"8515","Harrison-Sockeye","Sockeye",1977,24058,1374,NA,NA,NA,NA,NA,NA,NA,NA,0,16076,7982,0,NA,0,0,0,0,0,0,0,0,NA,NA,NA,0,NA,NA,NA,NA,NA,NA,2.86274138777172,27
"8516","Harrison-Sockeye","Sockeye",1978,41193,10488,NA,NA,NA,NA,NA,NA,NA,NA,0,7016,34177,0,NA,0,0,0,0,0,0,0,0,NA,NA,NA,0,NA,NA,NA,NA,NA,NA,1.36803659254633,27
"8517","Harrison-Sockeye","Sockeye",1979,10895,20234,NA,NA,NA,NA,NA,NA,NA,NA,0,470,10425,0,NA,0,0,0,0,0,0,0,0,NA,NA,NA,0,NA,NA,NA,NA,NA,NA,-0.619060389387115,27
"8518","Harrison-Sockeye","Sockeye",1980,14393,2262,NA,NA,NA,NA,NA,NA,NA,NA,0,13416,977,0,NA,0,0,0,0,0,0,0,0,NA,NA,NA,0,NA,NA,NA,NA,NA,NA,1.8504925995866,27
"8519","Harrison-Sockeye","Sockeye",1981,17869,1788,NA,NA,NA,NA,NA,NA,NA,NA,0,12466,5403,0,NA,0,0,0,0,0,0,0,0,NA,NA,NA,0,NA,NA,NA,NA,NA,NA,2.3019696911452,27
"8520","Harrison-Sockeye","Sockeye",1982,28956,4686,NA,NA,NA,NA,NA,NA,NA,NA,0,4275,24681,0,NA,0,0,0,0,0,0,0,0,NA,NA,NA,0,NA,NA,NA,NA,NA,NA,1.82119809634529,27
"8521","Harrison-Sockeye","Sockeye",1983,17919,2132,NA,NA,NA,NA,NA,NA,NA,NA,0,7855,9995,0,NA,69,0,0,0,0,0,0,0,NA,NA,NA,0,NA,NA,NA,NA,NA,NA,2.12880109611468,27
"8522","Harrison-Sockeye","Sockeye",1984,5265,689,NA,NA,NA,NA,NA,NA,NA,NA,69,3558,1569,0,NA,69,0,0,0,0,0,0,0,NA,NA,NA,0,NA,NA,NA,NA,NA,NA,2.03359515355442,27
"8523","Harrison-Sockeye","Sockeye",1985,14476,1825,NA,NA,NA,NA,NA,NA,NA,NA,69,3694,10713,0,NA,0,0,0,0,0,0,0,0,NA,NA,NA,0,NA,NA,NA,NA,NA,NA,2.07091211866704,27
"8524","Harrison-Sockeye","Sockeye",1986,9610,4145,NA,NA,NA,NA,NA,NA,NA,NA,0,5680,3927,0,NA,0,0,0,0,0,3,0,0,NA,NA,NA,0,NA,NA,NA,NA,NA,NA,0.840901434394943,27
"8525","Harrison-Sockeye","Sockeye",1987,46184,2686,NA,NA,NA,NA,NA,NA,NA,NA,0,3300,41748,0,NA,182,954,0,0,0,0,0,0,NA,NA,NA,0,NA,NA,NA,NA,NA,NA,2.84458031965759,27
"8526","Harrison-Sockeye","Sockeye",1988,4013,947,NA,NA,NA,NA,NA,NA,NA,NA,185,2005,1786,0,NA,0,37,0,0,0,0,0,0,NA,NA,NA,0,NA,NA,NA,NA,NA,NA,1.44399527708084,27
"8527","Harrison-Sockeye","Sockeye",1989,13564,1997,NA,NA,NA,NA,NA,NA,NA,NA,0,489,12934,0,NA,0,141,0,0,0,0,0,0,NA,NA,NA,0,NA,NA,NA,NA,NA,NA,1.91577316982971,27
"8528","Harrison-Sockeye","Sockeye",1990,129502,1888,NA,NA,NA,NA,NA,NA,NA,NA,0,61732,64156,0,NA,24,3590,0,0,0,0,0,0,NA,NA,NA,0,NA,NA,NA,NA,NA,NA,4.22817825731247,27
"8529","Harrison-Sockeye","Sockeye",1991,38111,7958,NA,NA,NA,NA,NA,NA,NA,NA,0,4426,33685,0,NA,0,0,0,0,0,0,0,0,NA,NA,NA,0,NA,NA,NA,NA,NA,NA,1.56632524236884,27
"8530","Harrison-Sockeye","Sockeye",1992,3736,172,NA,NA,NA,NA,NA,NA,NA,NA,0,517,3219,0,NA,0,0,0,0,0,0,0,0,NA,NA,NA,0,NA,NA,NA,NA,NA,NA,3.07827632253528,27
"8531","Harrison-Sockeye","Sockeye",1993,19096,2271,NA,NA,NA,NA,NA,NA,NA,NA,0,14645,4451,0,NA,0,0,0,0,0,0,0,0,NA,NA,NA,0,NA,NA,NA,NA,NA,NA,2.12925862591311,27
"8532","Harrison-Sockeye","Sockeye",1994,20682,6087,NA,NA,NA,NA,NA,NA,NA,NA,0,286,20396,0,NA,0,0,0,0,0,0,0,0,NA,NA,NA,0,NA,NA,NA,NA,NA,NA,1.223108407251,27
"8533","Harrison-Sockeye","Sockeye",1995,49813,6758,NA,NA,NA,NA,NA,NA,NA,NA,0,1537,48276,0,NA,0,0,0,0,0,0,0,0,NA,NA,NA,0,NA,NA,NA,NA,NA,NA,1.99754900584911,27
"8534","Harrison-Sockeye","Sockeye",1996,7560,8255,NA,NA,NA,NA,NA,NA,NA,NA,0,3058,4502,0,NA,0,0,0,0,0,0,0,0,NA,NA,NA,0,NA,NA,NA,NA,NA,NA,-0.0879478871806497,27
"8535","Harrison-Sockeye","Sockeye",1997,82240,1084,NA,NA,NA,NA,NA,NA,NA,NA,0,10357,71883,0,NA,0,0,0,0,0,0,0,0,NA,NA,NA,0,NA,NA,NA,NA,NA,NA,4.3289838986894,27
"8536","Harrison-Sockeye","Sockeye",1998,64475,3012,NA,NA,NA,NA,NA,NA,NA,NA,0,18160,46050,0,NA,0,265,0,0,0,0,0,0,NA,NA,NA,0,NA,NA,NA,NA,NA,NA,3.06367324182976,27
"8537","Harrison-Sockeye","Sockeye",1999,91504,5592,NA,NA,NA,NA,NA,NA,NA,NA,0,16673,74656,0,NA,175,0,0,0,0,0,0,0,NA,NA,NA,0,NA,NA,NA,NA,NA,NA,2.79504568224145,27
"8538","Harrison-Sockeye","Sockeye",2000,12173,1745,NA,NA,NA,NA,NA,NA,NA,NA,0,7950,3873,0,NA,350,0,0,0,0,0,0,0,NA,NA,NA,0,NA,NA,NA,NA,NA,NA,1.94246582877307,27
"8539","Harrison-Sockeye","Sockeye",2001,386967,8335,NA,NA,NA,NA,NA,NA,NA,NA,0,53960,333007,0,NA,0,0,0,0,0,0,0,0,NA,NA,NA,0,NA,NA,NA,NA,NA,NA,3.83787590187339,27
"8540","Harrison-Sockeye","Sockeye",2002,276837,24384,NA,NA,NA,NA,NA,NA,NA,NA,0,88078,188564,0,NA,195,0,0,0,0,0,0,0,NA,NA,NA,0,NA,NA,NA,NA,NA,NA,2.4295017058264,27
"8541","Harrison-Sockeye","Sockeye",2003,105777,6043,NA,NA,NA,NA,NA,NA,NA,NA,0,20138,83148,0,NA,761,807,923,0,0,0,0,0,NA,NA,NA,0,NA,NA,NA,NA,NA,NA,2.86243252710752,27
"8542","Harrison-Sockeye","Sockeye",2004,142678,986,NA,NA,NA,NA,NA,NA,NA,NA,0,107366,34850,0,NA,0,462,0,0,0,0,0,0,NA,NA,NA,0,NA,NA,NA,NA,NA,NA,4.97468926739039,27
"8543","Harrison-Sockeye","Sockeye",2005,15936,211547,NA,NA,NA,NA,NA,NA,NA,NA,0,5770,10133,0,NA,33,0,0,0,0,0,0,0,NA,NA,NA,0,NA,NA,NA,NA,NA,NA,-2.58586649517861,27
"8544","Harrison-Sockeye","Sockeye",2006,1388439,90944,NA,NA,NA,NA,NA,NA,NA,NA,0,390123,998153,0,NA,163,0,0,0,0,0,0,0,NA,NA,NA,0,NA,NA,NA,NA,NA,NA,2.72569144100612,27
"8545","Harrison-Sockeye","Sockeye",2007,1638948,57444,NA,NA,NA,NA,NA,NA,NA,NA,0,304890,1334058,0,NA,0,0,0,0,0,0,0,0,NA,NA,NA,0,NA,NA,NA,NA,NA,NA,3.35099929137956,27
"8546","Harrison-Sockeye","Sockeye",2008,176883,4409,NA,NA,NA,NA,NA,NA,NA,NA,0,58003,118880,0,NA,0,0,0,0,0,0,0,0,NA,NA,NA,0,NA,NA,NA,NA,NA,NA,3.69184059068085,27
"8547","Harrison-Sockeye","Sockeye",2009,174867,100603,NA,NA,NA,NA,NA,NA,NA,NA,21,25217,149629,0,NA,0,0,0,0,0,0,0,0,NA,NA,NA,0,NA,NA,NA,NA,NA,NA,0.552843606682547,27
"8548","Harrison-Sockeye","Sockeye",2010,1240341,399661,NA,NA,NA,NA,NA,NA,NA,NA,98,229787,1008896,1560,NA,0,0,0,0,0,0,0,0,NA,NA,NA,0,NA,NA,NA,NA,NA,NA,1.13252493301669,27
"8549","Harrison-Sockeye","Sockeye",2011,218684,387080,NA,NA,NA,NA,NA,NA,NA,NA,30,47200,170604,850,NA,0,0,0,0,0,0,0,0,NA,NA,NA,0,NA,NA,NA,NA,NA,NA,-0.571003624585645,27
"8550","Harrison-Sockeye","Sockeye",2012,105561,32895,NA,NA,NA,NA,NA,NA,NA,NA,26,14564,90971,0,NA,0,0,0,0,0,0,0,0,NA,NA,NA,0,NA,NA,NA,NA,NA,NA,1.16596831433763,27
"8551","Harrison-Sockeye","Sockeye",2013,76329,78023,NA,NA,NA,NA,NA,NA,NA,NA,31,9636,66556,106,NA,0,0,0,0,0,0,0,0,NA,NA,NA,0,NA,NA,NA,NA,NA,NA,-0.0219507103025379,27
"8552","Harrison-Sockeye","Sockeye",2014,39619,238373,NA,NA,NA,NA,NA,NA,NA,NA,0,1530,38068,21,NA,0,0,0,0,NA,0,0,0,NA,NA,NA,0,NA,NA,NA,NA,NA,NA,-1.79452787256982,27
"8553","Harrison-Sockeye","Sockeye",2015,5221,58297,NA,NA,NA,NA,NA,NA,NA,NA,0,2161,3039,0,NA,0,21,0,NA,NA,0,0,NA,NA,NA,NA,NA,NA,NA,NA,NA,NA,NA,-2.41286167962804,27
"8554","Babine-Early-Wild-Sockeye","Sockeye",1960,74525.515,42485,NA,NA,22337.551,36562.86,15625.104,0,0,NA,NA,NA,NA,NA,NA,NA,NA,NA,NA,NA,NA,NA,NA,NA,NA,NA,NA,NA,NA,NA,NA,NA,NA,0.561990477517494,28
"8555","Babine-Early-Wild-Sockeye","Sockeye",1961,67885.806,133007,NA,NA,5281.302,32384.704,30219.8,0,0,NA,NA,NA,NA,NA,NA,NA,NA,NA,NA,NA,NA,NA,NA,NA,NA,NA,NA,NA,NA,NA,NA,NA,NA,-0.672574788413398,28
"8556","Babine-Early-Wild-Sockeye","Sockeye",1962,165296.168,21587,NA,NA,3558.192,33901.4,127836.576,0,0,NA,NA,NA,NA,NA,NA,NA,NA,NA,NA,NA,NA,NA,NA,NA,NA,NA,NA,NA,NA,NA,NA,NA,NA,2.03564754081237,28
"8557","Babine-Early-Wild-Sockeye","Sockeye",1963,264644.449,77002,NA,NA,12578.8,132336,119729.649,0,0,NA,NA,NA,NA,NA,NA,NA,NA,NA,NA,NA,NA,NA,NA,NA,NA,NA,NA,NA,NA,NA,NA,NA,NA,1.23455582766921,28
"8558","Babine-Early-Wild-Sockeye","Sockeye",1964,83444.22,68409,NA,NA,4499.424,18730.27,60214.526,0,0,NA,NA,NA,NA,NA,NA,NA,NA,NA,NA,NA,NA,NA,NA,NA,NA,NA,NA,NA,NA,NA,NA,NA,NA,0.198673989757171,28
"8559","Babine-Early-Wild-Sockeye","Sockeye",1965,139048.0311323,29888,NA,NA,5619.081,87967.031,45461.9191323,0,0,NA,NA,NA,NA,NA,NA,NA,NA,NA,NA,NA,NA,NA,NA,NA,NA,NA,NA,NA,NA,NA,NA,NA,NA,1.53736235911079,28
"8560","Babine-Early-Wild-Sockeye","Sockeye",1966,139910.76324249,31977,NA,NA,20183.64,92671.62331817,27055.49992432,0,0,NA,NA,NA,NA,NA,NA,NA,NA,NA,NA,NA,NA,NA,NA,NA,NA,NA,NA,NA,NA,NA,NA,NA,NA,1.47598791959422,28
"8561","Babine-Early-Wild-Sockeye","Sockeye",1967,127886.551869095,95242,NA,NA,16596.45754953,40276.956395648,71013.137923917,0,0,NA,NA,NA,NA,NA,NA,NA,NA,NA,NA,NA,NA,NA,NA,NA,NA,NA,NA,NA,NA,NA,NA,NA,NA,0.294722536410673,28
"8562","Babine-Early-Wild-Sockeye","Sockeye",1968,172465.020609902,62457,NA,NA,1939.543680032,24220.190402973,146305.286526897,0,0,NA,NA,NA,NA,NA,NA,NA,NA,NA,NA,NA,NA,NA,NA,NA,NA,NA,NA,NA,NA,NA,NA,NA,NA,1.01571611687418,28
"8563","Babine-Early-Wild-Sockeye","Sockeye",1969,351956.776493476,89905,NA,NA,14809.67167311,159532.97086005,177614.133960316,0,0,NA,NA,NA,NA,NA,NA,NA,NA,NA,NA,NA,NA,NA,NA,NA,NA,NA,NA,NA,NA,NA,NA,NA,NA,1.36475481672206,28
"8564","Babine-Early-Wild-Sockeye","Sockeye",1970,141688.495155956,82164,NA,NA,28784.742613053,90718.216927379,22185.535615524,0,0,NA,NA,NA,NA,NA,NA,NA,NA,NA,NA,NA,NA,NA,NA,NA,NA,NA,NA,NA,NA,NA,NA,NA,NA,0.544913701913552,28
"8565","Babine-Early-Wild-Sockeye","Sockeye",1971,111843.566113756,34049,NA,NA,27978.649112305,68655.337578441,15209.57942301,0,0,NA,NA,NA,NA,NA,NA,NA,NA,NA,NA,NA,NA,NA,NA,NA,NA,NA,NA,NA,NA,NA,NA,NA,NA,1.18930050024114,28
"8566","Babine-Early-Wild-Sockeye","Sockeye",1972,79173.512418012,52692,NA,NA,8366.126806035,9016.98908124,61790.396530737,0,0,NA,NA,NA,NA,NA,NA,NA,NA,NA,NA,NA,NA,NA,NA,NA,NA,NA,NA,NA,NA,NA,NA,NA,NA,0.407178162349034,28
"8567","Babine-Early-Wild-Sockeye","Sockeye",1973,102300.405019215,140253,NA,NA,4228.43149575,54041.305560582,44030.667962883,0,0,NA,NA,NA,NA,NA,NA,NA,NA,NA,NA,NA,NA,NA,NA,NA,NA,NA,NA,NA,NA,NA,NA,NA,NA,-0.315534302466512,28
"8568","Babine-Early-Wild-Sockeye","Sockeye",1974,25292.661723476,109851,NA,NA,2281.297908681,13431.635614803,9579.728199992,0,0,NA,NA,NA,NA,NA,NA,NA,NA,NA,NA,NA,NA,NA,NA,NA,NA,NA,NA,NA,NA,NA,NA,NA,NA,-1.46861059890669,28
"8569","Babine-Early-Wild-Sockeye","Sockeye",1975,139209.078369632,60353,NA,NA,15106.696422314,76363.269293338,47739.11265398,0,0,NA,NA,NA,NA,NA,NA,NA,NA,NA,NA,NA,NA,NA,NA,NA,NA,NA,NA,NA,NA,NA,NA,NA,NA,0.835766307613457,28
"8570","Babine-Early-Wild-Sockeye","Sockeye",1976,26268.507714632,13336,NA,NA,2766.00250667,12577.83955219,10924.665655772,0,0,NA,NA,NA,NA,NA,NA,NA,NA,NA,NA,NA,NA,NA,NA,NA,NA,NA,NA,NA,NA,NA,NA,NA,NA,0.677903650949574,28
"8571","Babine-Early-Wild-Sockeye","Sockeye",1977,293905.470113321,54679,NA,NA,10193.04779383,84408.180079206,199304.242240285,0,0,NA,NA,NA,NA,NA,NA,NA,NA,NA,NA,NA,NA,NA,NA,NA,NA,NA,NA,NA,NA,NA,NA,NA,NA,1.68177846194382,28
"8572","Babine-Early-Wild-Sockeye","Sockeye",1978,71962.147423387,32032,NA,NA,4121.154265022,40778.048529785,27062.94462858,0,0,NA,NA,NA,NA,NA,NA,NA,NA,NA,NA,NA,NA,NA,NA,NA,NA,NA,NA,NA,NA,NA,NA,NA,NA,0.809404847407916,28
"8573","Babine-Early-Wild-Sockeye","Sockeye",1979,36633.282055808,42455,NA,NA,3972.70922993,15936.6481281,16723.924697778,0,0,NA,NA,NA,NA,NA,NA,NA,NA,NA,NA,NA,NA,NA,NA,NA,NA,NA,NA,NA,NA,NA,NA,NA,NA,-0.147487518461304,28
"8574","Babine-Early-Wild-Sockeye","Sockeye",1980,133627.204059662,31679,NA,NA,7715.40724332,30887.102809032,95024.69400731,0,0,NA,NA,NA,NA,NA,NA,NA,NA,NA,NA,NA,NA,NA,NA,NA,NA,NA,NA,NA,NA,NA,NA,NA,NA,1.43939986278376,28
"8575","Babine-Early-Wild-Sockeye","Sockeye",1981,86474.779842908,46466,NA,NA,2602.97249319,49432.54581326,34439.261536458,0,0,NA,NA,NA,NA,NA,NA,NA,NA,NA,NA,NA,NA,NA,NA,NA,NA,NA,NA,NA,NA,NA,NA,NA,NA,0.621131946562391,28
"8576","Babine-Early-Wild-Sockeye","Sockeye",1982,46970.735495715,93630,NA,NA,1832.76017943,18887.048973576,26250.926342709,0,0,NA,NA,NA,NA,NA,NA,NA,NA,NA,NA,NA,NA,NA,NA,NA,NA,NA,NA,NA,NA,NA,NA,NA,NA,-0.689826086194488,28
"8577","Babine-Early-Wild-Sockeye","Sockeye",1983,51689.15645897,26965,NA,NA,2635.689489966,20253.350263329,28800.116705675,0,0,NA,NA,NA,NA,NA,NA,NA,NA,NA,NA,NA,NA,NA,NA,NA,NA,NA,NA,NA,NA,NA,NA,NA,NA,0.650708291054992,28
"8578","Babine-Early-Wild-Sockeye","Sockeye",1984,106018.889804243,26503,NA,NA,12782.723393962,70614.335519325,22621.830890956,0,0,NA,NA,NA,NA,NA,NA,NA,NA,NA,NA,NA,NA,NA,NA,NA,NA,NA,NA,NA,NA,NA,NA,NA,NA,1.38635934980387,28
"8579","Babine-Early-Wild-Sockeye","Sockeye",1985,43053.747410408,75649,NA,NA,2010.547775,12163.282984116,28879.916651292,0,0,NA,NA,NA,NA,NA,NA,NA,NA,NA,NA,NA,NA,NA,NA,NA,NA,NA,NA,NA,NA,NA,NA,NA,NA,-0.563654946430234,28
"8580","Babine-Early-Wild-Sockeye","Sockeye",1986,104388.332404545,26865,NA,NA,1690.886124928,14541.814243957,88155.63203566,0,0,NA,NA,NA,NA,NA,NA,NA,NA,NA,NA,NA,NA,NA,NA,NA,NA,NA,NA,NA,NA,NA,NA,NA,NA,1.35729358644514,28
"8581","Babine-Early-Wild-Sockeye","Sockeye",1987,100327.897968835,38206,NA,NA,1537.269104751,32316.68173153,66473.947132554,0,0,NA,NA,NA,NA,NA,NA,NA,NA,NA,NA,NA,NA,NA,NA,NA,NA,NA,NA,NA,NA,NA,NA,NA,NA,0.965451230203803,28
"8582","Babine-Early-Wild-Sockeye","Sockeye",1988,96952.588119151,42435,NA,NA,14522.68623281,56639.433053541,25790.4688328,0,0,NA,NA,NA,NA,NA,NA,NA,NA,NA,NA,NA,NA,NA,NA,NA,NA,NA,NA,NA,NA,NA,NA,NA,NA,0.826248583311953,28
"8583","Babine-Early-Wild-Sockeye","Sockeye",1989,58784.458896207,18412,NA,NA,9057.619813905,14258.37940632,35468.459675982,0,0,NA,NA,NA,NA,NA,NA,NA,NA,NA,NA,NA,NA,NA,NA,NA,NA,NA,NA,NA,NA,NA,NA,NA,NA,1.16087488952872,28
"8584","Babine-Early-Wild-Sockeye","Sockeye",1990,101990.043800163,21328,NA,NA,831.15176088,12420.247102803,88738.64493648,0,0,NA,NA,NA,NA,NA,NA,NA,NA,NA,NA,NA,NA,NA,NA,NA,NA,NA,NA,NA,NA,NA,NA,NA,NA,1.56485443528145,28
"8585","Babine-Early-Wild-Sockeye","Sockeye",1991,174661.768229805,58719,NA,NA,6090.293221215,96062.76200352,72508.71300507,0,0,NA,NA,NA,NA,NA,NA,NA,NA,NA,NA,NA,NA,NA,NA,NA,NA,NA,NA,NA,NA,NA,NA,NA,NA,1.09008799658533,28
"8586","Babine-Early-Wild-Sockeye","Sockeye",1992,347177.05741974,52358,NA,NA,19438.59306,98061.54674724,229676.9176125,0,0,NA,NA,NA,NA,NA,NA,NA,NA,NA,NA,NA,NA,NA,NA,NA,NA,NA,NA,NA,NA,NA,NA,NA,NA,1.89173015852754,28
"8587","Babine-Early-Wild-Sockeye","Sockeye",1993,142778.654297866,16646,NA,NA,1059.74024769,72498.72446992,69220.189580256,0,0,NA,NA,NA,NA,NA,NA,NA,NA,NA,NA,NA,NA,NA,NA,NA,NA,NA,NA,NA,NA,NA,NA,NA,NA,2.14912561170156,28
"8588","Babine-Early-Wild-Sockeye","Sockeye",1994,13435.109118528,25124,NA,NA,564.35791758,4869.70277706,8001.048423888,0,0,NA,NA,NA,NA,NA,NA,NA,NA,NA,NA,NA,NA,NA,NA,NA,NA,NA,NA,NA,NA,NA,NA,NA,NA,-0.625952200598005,28
"8589","Babine-Early-Wild-Sockeye","Sockeye",1995,91831.810238681,79679,NA,NA,3874.107642684,66248.680546125,21709.022049872,0,0,NA,NA,NA,NA,NA,NA,NA,NA,NA,NA,NA,NA,NA,NA,NA,NA,NA,NA,NA,NA,NA,NA,NA,NA,0.141952691367823,28
"8590","Babine-Early-Wild-Sockeye","Sockeye",1996,620729.529435912,60909,NA,NA,15057.271029987,179405.445318842,426266.813087083,0,0,NA,NA,NA,NA,NA,NA,NA,NA,NA,NA,NA,NA,NA,NA,NA,NA,NA,NA,NA,NA,NA,NA,NA,NA,2.32151449964916,28
"8591","Babine-Early-Wild-Sockeye","Sockeye",1997,64701.509487039,92245,NA,NA,748.532631286,36247.807857053,27705.1689987,0,0,NA,NA,NA,NA,NA,NA,NA,NA,NA,NA,NA,NA,NA,NA,NA,NA,NA,NA,NA,NA,NA,NA,NA,NA,-0.35466354911801,28
"8592","Babine-Early-Wild-Sockeye","Sockeye",1998,97535.062414198,43130,NA,NA,8258.379055864,30288.505965726,58988.177392608,0,0,NA,NA,NA,NA,NA,NA,NA,NA,NA,NA,NA,NA,NA,NA,NA,NA,NA,NA,NA,NA,NA,NA,NA,NA,0.815993117202846,28
"8593","Babine-Early-Wild-Sockeye","Sockeye",1999,33960.491567082,63692,NA,NA,824.325035574,19218.997174584,13917.169356924,0,0,NA,NA,NA,NA,NA,NA,NA,NA,NA,NA,NA,NA,NA,NA,NA,NA,NA,NA,NA,NA,NA,NA,NA,NA,-0.628861129771164,28
"8594","Babine-Early-Wild-Sockeye","Sockeye",2000,67699.860530063,84558,NA,NA,5144.825432808,47716.009107915,14839.02598934,0,0,NA,NA,NA,NA,NA,NA,NA,NA,NA,NA,NA,NA,NA,NA,NA,NA,NA,NA,NA,NA,NA,NA,NA,NA,-0.22235356963856,28
"8595","Babine-Early-Wild-Sockeye","Sockeye",2001,38980.361484805,232802,NA,NA,733.821535161,18784.502073484,19462.03787616,0,0,NA,NA,NA,NA,NA,NA,NA,NA,NA,NA,NA,NA,NA,NA,NA,NA,NA,NA,NA,NA,NA,NA,NA,NA,-1.78713033925241,28
"8596","Babine-Early-Wild-Sockeye","Sockeye",2002,144205.865591464,29324,NA,NA,4894.471937176,56050.668991788,83260.7246625,0,0,NA,NA,NA,NA,NA,NA,NA,NA,NA,NA,NA,NA,NA,NA,NA,NA,NA,NA,NA,NA,NA,NA,NA,NA,1.59283560744076,28
"8597","Babine-Early-Wild-Sockeye","Sockeye",2003,17681.218529504,55028,NA,NA,781.293132052,5451.59507475,11448.330322702,0,0,NA,NA,NA,NA,NA,NA,NA,NA,NA,NA,NA,NA,NA,NA,NA,NA,NA,NA,NA,NA,NA,NA,NA,NA,-1.13533917041218,28
"8598","Babine-Early-Wild-Sockeye","Sockeye",2004,65662.836513084,39546,NA,NA,2037.68026275,42593.71605203,21031.440198304,0,0,NA,NA,NA,NA,NA,NA,NA,NA,NA,NA,NA,NA,NA,NA,NA,NA,NA,NA,NA,NA,NA,NA,NA,NA,0.507068559858224,28
"8599","Babine-Early-Wild-Sockeye","Sockeye",2005,17736.223766936,25141,NA,NA,531.953625268,6239.54668264,10964.723459028,0,0,NA,NA,NA,NA,NA,NA,NA,NA,NA,NA,NA,NA,NA,NA,NA,NA,NA,NA,NA,NA,NA,NA,NA,NA,-0.348890890844983,28
"8600","Babine-Early-Wild-Sockeye","Sockeye",2006,70895.848928096,40874,NA,NA,753.013119056,15076.4947782,55066.34103084,0,0,NA,NA,NA,NA,NA,NA,NA,NA,NA,NA,NA,NA,NA,NA,NA,NA,NA,NA,NA,NA,NA,NA,NA,NA,0.550717719473913,28
"8601","Babine-Early-Wild-Sockeye","Sockeye",2007,133253.23771058,52862,NA,NA,3340.781762772,48236.40719848,81676.048749328,0,0,NA,NA,NA,NA,NA,NA,NA,NA,NA,NA,NA,NA,NA,NA,NA,NA,NA,NA,NA,NA,NA,NA,NA,NA,0.924566616513324,28
"8602","Babine-Early-Wild-Sockeye","Sockeye",2008,19765.925891004,28667,NA,NA,1777.25177068,14760.73172498,3227.942395344,0,0,NA,NA,NA,NA,NA,NA,NA,NA,NA,NA,NA,NA,NA,NA,NA,NA,NA,NA,NA,NA,NA,NA,NA,NA,-0.371787094794614,28
"8603","Babine-Early-Wild-Sockeye","Sockeye",2009,7686.977013332,20503,NA,NA,234.219525692,3157.769737476,4294.987750164,0,0,NA,NA,NA,NA,NA,NA,NA,NA,NA,NA,NA,NA,NA,NA,NA,NA,NA,NA,NA,NA,NA,NA,NA,NA,-0.981043616868554,28
"8604","Babine-Early-Wild-Sockeye","Sockeye",2010,64942.069811118,20455,NA,NA,4732.287878298,23765.59890588,36444.18302694,0,0,NA,NA,NA,NA,NA,NA,NA,NA,NA,NA,NA,NA,NA,NA,NA,NA,NA,NA,NA,NA,NA,NA,NA,NA,1.15526828745431,28
"8605","Babine-Early-Wild-Sockeye","Sockeye",2011,93944.891179812,64622,NA,NA,1447.413343956,32634.4360329,59863.041802956,0,0,NA,NA,NA,NA,NA,NA,NA,NA,NA,NA,NA,NA,NA,NA,NA,NA,NA,NA,NA,NA,NA,NA,NA,NA,0.374153436217857,28
"8606","Babine-Early-Wild-Sockeye","Sockeye",2012,45137.631985458,60983,NA,NA,731.38094016,15411.054739818,28995.19630548,0,0,NA,NA,NA,NA,NA,NA,NA,NA,NA,NA,NA,NA,NA,NA,NA,NA,NA,NA,NA,NA,NA,NA,NA,NA,-0.300878826133054,28
"8607","Babine-Early-Wild-Sockeye","Sockeye",2013,5153.336256338,8760,NA,NA,247.903457226,1135.829240056,725.27639904,0,3044.327160016,NA,NA,NA,NA,NA,NA,NA,NA,NA,NA,NA,NA,NA,NA,NA,NA,NA,NA,NA,NA,NA,NA,NA,NA,-0.530551583250697,28
"8608","Babine-Early-Wild-Sockeye","Sockeye",2014,26403.940753337,20322,NA,NA,1472.974454464,13778.76849144,7493.7971158,3044.327160016,614.073531617,NA,NA,NA,NA,NA,NA,NA,NA,NA,NA,NA,NA,NA,NA,NA,NA,NA,NA,NA,NA,NA,NA,NA,NA,0.261809226908514,28
"8609","Babine-Early-Wild-Sockeye","Sockeye",2015,11338.949803173,52239,NA,NA,105.95510952,1686.1043461,8137.720696016,614.073531617,795.09611992,NA,NA,NA,NA,NA,NA,NA,NA,NA,NA,NA,NA,NA,NA,NA,NA,NA,NA,NA,NA,NA,NA,NA,NA,-1.52758565830379,28
"8610","Babine-Late-Wild-Sockeye","Sockeye",1960,524066.837,112920,NA,NA,62246.006,268110.81,193710.021,0,0,NA,NA,NA,NA,NA,NA,NA,NA,NA,NA,NA,NA,NA,NA,NA,NA,NA,NA,NA,NA,NA,NA,NA,NA,1.53493962432847,29
"8611","Babine-Late-Wild-Sockeye","Sockeye",1961,767581.785,467457,NA,NA,38727.117,401484.796,327369.872,0,0,NA,NA,NA,NA,NA,NA,NA,NA,NA,NA,NA,NA,NA,NA,NA,NA,NA,NA,NA,NA,NA,NA,NA,NA,0.495937668155973,29
"8612","Babine-Late-Wild-Sockeye","Sockeye",1962,1052781.917,354597,NA,NA,44112.183,367252.496,641417.238,0,0,NA,NA,NA,NA,NA,NA,NA,NA,NA,NA,NA,NA,NA,NA,NA,NA,NA,NA,NA,NA,NA,NA,NA,NA,1.08820945095429,29
"8613","Babine-Late-Wild-Sockeye","Sockeye",1963,1510843.408,193636,NA,NA,136265.632,663993,710584.776,0,0,NA,NA,NA,NA,NA,NA,NA,NA,NA,NA,NA,NA,NA,NA,NA,NA,NA,NA,NA,NA,NA,NA,NA,NA,2.05444321425421,29
"8614","Babine-Late-Wild-Sockeye","Sockeye",1964,417757.542,396889,NA,NA,22575.762,111162.48,284019.3,0,0,NA,NA,NA,NA,NA,NA,NA,NA,NA,NA,NA,NA,NA,NA,NA,NA,NA,NA,NA,NA,NA,NA,NA,NA,0.05124457655716,29
"8615","Babine-Late-Wild-Sockeye","Sockeye",1965,671734.3577256,313242,NA,NA,33348.744,414922.05,223463.5637256,0,0,NA,NA,NA,NA,NA,NA,NA,NA,NA,NA,NA,NA,NA,NA,NA,NA,NA,NA,NA,NA,NA,NA,NA,NA,0.762886906624584,29
"8616","Babine-Late-Wild-Sockeye","Sockeye",1966,996075.93621068,243131,NA,NA,95202,455518.19188824,445355.74432244,0,0,NA,NA,NA,NA,NA,NA,NA,NA,NA,NA,NA,NA,NA,NA,NA,NA,NA,NA,NA,NA,NA,NA,NA,NA,1.41022310312233,29
"8617","Babine-Late-Wild-Sockeye","Sockeye",1967,1287701.17137581,296655,NA,NA,81578.24438616,662991.774123616,543131.152866036,0,0,NA,NA,NA,NA,NA,NA,NA,NA,NA,NA,NA,NA,NA,NA,NA,NA,NA,NA,NA,NA,NA,NA,NA,NA,1.46804402250237,29
"8618","Babine-Late-Wild-Sockeye","Sockeye",1968,566784.351539686,267415,NA,NA,31926.481553944,185243.749548084,349614.120437658,0,0,NA,NA,NA,NA,NA,NA,NA,NA,NA,NA,NA,NA,NA,NA,NA,NA,NA,NA,NA,NA,NA,NA,NA,NA,0.751177140170282,29
"8619","Babine-Late-Wild-Sockeye","Sockeye",1969,1232899.16015317,345342,NA,NA,113269.09758588,381223.2668557,738406.795711588,0,0,NA,NA,NA,NA,NA,NA,NA,NA,NA,NA,NA,NA,NA,NA,NA,NA,NA,NA,NA,NA,NA,NA,NA,NA,1.27258848531654,29
"8620","Babine-Late-Wild-Sockeye","Sockeye",1970,496416.203065047,327830,NA,NA,68784.612706642,377148.745881797,50482.844476608,0,0,NA,NA,NA,NA,NA,NA,NA,NA,NA,NA,NA,NA,NA,NA,NA,NA,NA,NA,NA,NA,NA,NA,NA,NA,0.414919512602952,29
"8621","Babine-Late-Wild-Sockeye","Sockeye",1971,517898.248355103,436876,NA,NA,116317.458406615,156224.162874672,245356.627073816,0,0,NA,NA,NA,NA,NA,NA,NA,NA,NA,NA,NA,NA,NA,NA,NA,NA,NA,NA,NA,NA,NA,NA,NA,NA,0.170129389247617,29
"8622","Babine-Late-Wild-Sockeye","Sockeye",1972,464331.092747217,309504,NA,NA,19036.99264872,145459.513757984,299834.586340513,0,0,NA,NA,NA,NA,NA,NA,NA,NA,NA,NA,NA,NA,NA,NA,NA,NA,NA,NA,NA,NA,NA,NA,NA,NA,0.405626843604958,29
"8623","Babine-Late-Wild-Sockeye","Sockeye",1973,438499.705612855,236140,NA,NA,68211.8591682,262232.537866918,108055.308577737,0,0,NA,NA,NA,NA,NA,NA,NA,NA,NA,NA,NA,NA,NA,NA,NA,NA,NA,NA,NA,NA,NA,NA,NA,NA,0.618934290982661,29
"8624","Babine-Late-Wild-Sockeye","Sockeye",1974,149086.463507978,291444,NA,NA,11069.875792569,32962.469074617,105054.118640792,0,0,NA,NA,NA,NA,NA,NA,NA,NA,NA,NA,NA,NA,NA,NA,NA,NA,NA,NA,NA,NA,NA,NA,NA,NA,-0.670321447917068,29
"8625","Babine-Late-Wild-Sockeye","Sockeye",1975,1276425.32368239,118485,NA,NA,37073.222347646,837422.083869538,401930.01746521,0,0,NA,NA,NA,NA,NA,NA,NA,NA,NA,NA,NA,NA,NA,NA,NA,NA,NA,NA,NA,NA,NA,NA,NA,NA,2.37703236384945,29
"8626","Babine-Late-Wild-Sockeye","Sockeye",1976,171432.680539061,163137,NA,NA,30332.79748967,105896.632548005,35203.250501386,0,0,NA,NA,NA,NA,NA,NA,NA,NA,NA,NA,NA,NA,NA,NA,NA,NA,NA,NA,NA,NA,NA,NA,NA,NA,0.0496003176549884,29
"8627","Babine-Late-Wild-Sockeye","Sockeye",1977,764584.640338947,199711,NA,NA,85818.349986785,271993.889911353,406772.400440809,0,0,NA,NA,NA,NA,NA,NA,NA,NA,NA,NA,NA,NA,NA,NA,NA,NA,NA,NA,NA,NA,NA,NA,NA,NA,1.34246141103973,29
"8628","Babine-Late-Wild-Sockeye","Sockeye",1978,238360.64469033,57402,NA,NA,13279.859587261,83226.450673109,141854.33442996,0,0,NA,NA,NA,NA,NA,NA,NA,NA,NA,NA,NA,NA,NA,NA,NA,NA,NA,NA,NA,NA,NA,NA,NA,NA,1.4237056946428,29
"8629","Babine-Late-Wild-Sockeye","Sockeye",1979,266419.628776153,357449,NA,NA,8108.148886082,83534.2437522,174777.236137871,0,0,NA,NA,NA,NA,NA,NA,NA,NA,NA,NA,NA,NA,NA,NA,NA,NA,NA,NA,NA,NA,NA,NA,NA,NA,-0.293920077070834,29
"8630","Babine-Late-Wild-Sockeye","Sockeye",1980,1342215.91630571,197031,NA,NA,40441.42181784,322792.798868924,978981.695618943,0,0,NA,NA,NA,NA,NA,NA,NA,NA,NA,NA,NA,NA,NA,NA,NA,NA,NA,NA,NA,NA,NA,NA,NA,NA,1.91871611926071,29
"8631","Babine-Late-Wild-Sockeye","Sockeye",1981,812387.482768152,113332,NA,NA,27202.964993205,509273.489639478,275911.028135469,0,0,NA,NA,NA,NA,NA,NA,NA,NA,NA,NA,NA,NA,NA,NA,NA,NA,NA,NA,NA,NA,NA,NA,NA,NA,1.96965585770037,29
"8632","Babine-Late-Wild-Sockeye","Sockeye",1982,374095.635905361,159595,NA,NA,18881.814741579,151314.077836068,203899.743327714,0,0,NA,NA,NA,NA,NA,NA,NA,NA,NA,NA,NA,NA,NA,NA,NA,NA,NA,NA,NA,NA,NA,NA,NA,NA,0.851872119498789,29
"8633","Babine-Late-Wild-Sockeye","Sockeye",1983,369108.948897307,103027,NA,NA,21115.894028463,157314.559734234,190678.49513461,0,0,NA,NA,NA,NA,NA,NA,NA,NA,NA,NA,NA,NA,NA,NA,NA,NA,NA,NA,NA,NA,NA,NA,NA,NA,1.2761007651254,29
"8634","Babine-Late-Wild-Sockeye","Sockeye",1984,774292.270468935,204447,NA,NA,99287.696938052,467520.16213539,207484.411395493,0,0,NA,NA,NA,NA,NA,NA,NA,NA,NA,NA,NA,NA,NA,NA,NA,NA,NA,NA,NA,NA,NA,NA,NA,NA,1.33164063954915,29
"8635","Babine-Late-Wild-Sockeye","Sockeye",1985,521973.254814631,623637,NA,NA,13311.34273,111560.006913723,397101.905170908,0,0,NA,NA,NA,NA,NA,NA,NA,NA,NA,NA,NA,NA,NA,NA,NA,NA,NA,NA,NA,NA,NA,NA,NA,NA,-0.177952117746469,29
"8636","Babine-Late-Wild-Sockeye","Sockeye",1986,1147831.17260543,167437,NA,NA,15508.581690784,199951.482223493,932371.108691152,0,0,NA,NA,NA,NA,NA,NA,NA,NA,NA,NA,NA,NA,NA,NA,NA,NA,NA,NA,NA,NA,NA,NA,NA,NA,1.92502234276292,29
"8637","Babine-Late-Wild-Sockeye","Sockeye",1987,1414301.23339612,237400,NA,NA,21137.612605599,341794.842592216,1051368.7781983,0,0,NA,NA,NA,NA,NA,NA,NA,NA,NA,NA,NA,NA,NA,NA,NA,NA,NA,NA,NA,NA,NA,NA,NA,NA,1.78464437793996,29
"8638","Babine-Late-Wild-Sockeye","Sockeye",1988,2134039.57667906,241974,NA,NA,153598.048716632,895823.61355195,1084617.91441048,0,0,NA,NA,NA,NA,NA,NA,NA,NA,NA,NA,NA,NA,NA,NA,NA,NA,NA,NA,NA,NA,NA,NA,NA,NA,2.1769416950942,29
"8639","Babine-Late-Wild-Sockeye","Sockeye",1989,1016464.45472321,132563,NA,NA,143257.60824975,599636.006418312,273570.840055152,0,0,NA,NA,NA,NA,NA,NA,NA,NA,NA,NA,NA,NA,NA,NA,NA,NA,NA,NA,NA,NA,NA,NA,NA,NA,2.03702766003361,29
"8640","Babine-Late-Wild-Sockeye","Sockeye",1990,230693.258789462,198864,NA,NA,34954.079171208,95798.280067608,99940.899550646,0,0,NA,NA,NA,NA,NA,NA,NA,NA,NA,NA,NA,NA,NA,NA,NA,NA,NA,NA,NA,NA,NA,NA,NA,NA,0.148467770071085,29
"8641","Babine-Late-Wild-Sockeye","Sockeye",1991,357915.963886546,432582,NA,NA,46974.87987724,108189.603918604,202751.480090702,0,0,NA,NA,NA,NA,NA,NA,NA,NA,NA,NA,NA,NA,NA,NA,NA,NA,NA,NA,NA,NA,NA,NA,NA,NA,-0.18947368267832,29
"8642","Babine-Late-Wild-Sockeye","Sockeye",1992,654966.485279214,582914,NA,NA,21892.49653075,274203.235983464,358870.752765,0,0,NA,NA,NA,NA,NA,NA,NA,NA,NA,NA,NA,NA,NA,NA,NA,NA,NA,NA,NA,NA,NA,NA,NA,NA,0.116544404208594,29
"8643","Babine-Late-Wild-Sockeye","Sockeye",1993,312853.131754874,595377,NA,NA,2963.283925834,113279.436590656,196610.411238384,0,0,NA,NA,NA,NA,NA,NA,NA,NA,NA,NA,NA,NA,NA,NA,NA,NA,NA,NA,NA,NA,NA,NA,NA,NA,-0.643460965544547,29
"8644","Babine-Late-Wild-Sockeye","Sockeye",1994,35174.361506122,132299,NA,NA,881.810644344,13831.71978309,20460.831078688,0,0,NA,NA,NA,NA,NA,NA,NA,NA,NA,NA,NA,NA,NA,NA,NA,NA,NA,NA,NA,NA,NA,NA,NA,NA,-1.32474706160027,29
"8645","Babine-Late-Wild-Sockeye","Sockeye",1995,230946.315959264,69506,NA,NA,11003.868978526,169415.68029925,50526.766681488,0,0,NA,NA,NA,NA,NA,NA,NA,NA,NA,NA,NA,NA,NA,NA,NA,NA,NA,NA,NA,NA,NA,NA,NA,NA,1.20077220528865,29
"8646","Babine-Late-Wild-Sockeye","Sockeye",1996,1923429.05308709,143305,NA,NA,38505.488622062,417558.057483618,1467365.50698141,0,0,NA,NA,NA,NA,NA,NA,NA,NA,NA,NA,NA,NA,NA,NA,NA,NA,NA,NA,NA,NA,NA,NA,NA,NA,2.59688961117121,29
"8647","Babine-Late-Wild-Sockeye","Sockeye",1997,257036.265856136,129975,NA,NA,1742.175834894,124778.146738492,130515.94328275,0,0,NA,NA,NA,NA,NA,NA,NA,NA,NA,NA,NA,NA,NA,NA,NA,NA,NA,NA,NA,NA,NA,NA,NA,NA,0.681875062950724,29
"8648","Babine-Late-Wild-Sockeye","Sockeye",1998,289938.279135499,97880,NA,NA,28428.346280096,142685.753944595,118824.178910808,0,0,NA,NA,NA,NA,NA,NA,NA,NA,NA,NA,NA,NA,NA,NA,NA,NA,NA,NA,NA,NA,NA,NA,NA,NA,1.08592583118716,29
"8649","Babine-Late-Wild-Sockeye","Sockeye",1999,149033.402056001,155040,NA,NA,3883.302772655,38714.224776934,106435.874506412,0,0,NA,NA,NA,NA,NA,NA,NA,NA,NA,NA,NA,NA,NA,NA,NA,NA,NA,NA,NA,NA,NA,NA,NA,NA,-0.039512692447939,29
"8650","Babine-Late-Wild-Sockeye","Sockeye",2000,474662.377315913,185020,NA,NA,10363.596312258,364922.997421895,99375.78358176,0,0,NA,NA,NA,NA,NA,NA,NA,NA,NA,NA,NA,NA,NA,NA,NA,NA,NA,NA,NA,NA,NA,NA,NA,NA,0.942139839366255,29
"8651","Babine-Late-Wild-Sockeye","Sockeye",2001,198411.810340269,617401,NA,NA,5612.128071693,125798.324909376,67001.3573592,0,0,NA,NA,NA,NA,NA,NA,NA,NA,NA,NA,NA,NA,NA,NA,NA,NA,NA,NA,NA,NA,NA,NA,NA,NA,-1.13517401075845,29
"8652","Babine-Late-Wild-Sockeye","Sockeye",2002,487578.659349124,130726,NA,NA,32777.891508864,192963.90887931,261836.85896095,0,0,NA,NA,NA,NA,NA,NA,NA,NA,NA,NA,NA,NA,NA,NA,NA,NA,NA,NA,NA,NA,NA,NA,NA,NA,1.31634810024187,29
"8653","Babine-Late-Wild-Sockeye","Sockeye",2003,68312.271421495,99284,NA,NA,2689.73376149,17144.080074797,48478.457585208,0,0,NA,NA,NA,NA,NA,NA,NA,NA,NA,NA,NA,NA,NA,NA,NA,NA,NA,NA,NA,NA,NA,NA,NA,NA,-0.373895010313643,29
"8654","Babine-Late-Wild-Sockeye","Sockeye",2004,290722.701709929,249231,NA,NA,6408.060964253,180364.96142412,103949.679321556,0,0,NA,NA,NA,NA,NA,NA,NA,NA,NA,NA,NA,NA,NA,NA,NA,NA,NA,NA,NA,NA,NA,NA,NA,NA,0.153989720522785,29
"8655","Babine-Late-Wild-Sockeye","Sockeye",2005,74494.331766912,163178,NA,NA,2252.580990672,30839.48938621,41402.26139003,0,0,NA,NA,NA,NA,NA,NA,NA,NA,NA,NA,NA,NA,NA,NA,NA,NA,NA,NA,NA,NA,NA,NA,NA,NA,-0.784118590696179,29
"8656","Babine-Late-Wild-Sockeye","Sockeye",2006,213859.92933316,137660,NA,NA,3721.831292234,56928.1094945,153209.988546426,0,0,NA,NA,NA,NA,NA,NA,NA,NA,NA,NA,NA,NA,NA,NA,NA,NA,NA,NA,NA,NA,NA,NA,NA,NA,0.440534387923187,29
"8657","Babine-Late-Wild-Sockeye","Sockeye",2007,305953.716307338,100762,NA,NA,12614.62911547,134207.199099372,159131.888092496,0,0,NA,NA,NA,NA,NA,NA,NA,NA,NA,NA,NA,NA,NA,NA,NA,NA,NA,NA,NA,NA,NA,NA,NA,NA,1.11067253618086,29
"8658","Babine-Late-Wild-Sockeye","Sockeye",2008,48490.62946231,93158,NA,NA,4944.812354202,28758.77500186,14787.042106248,0,0,NA,NA,NA,NA,NA,NA,NA,NA,NA,NA,NA,NA,NA,NA,NA,NA,NA,NA,NA,NA,NA,NA,NA,NA,-0.652926404030411,29
"8659","Babine-Late-Wild-Sockeye","Sockeye",2009,49446.88106902,93791,NA,NA,456.336905644,14465.584682442,34524.959480934,0,0,NA,NA,NA,NA,NA,NA,NA,NA,NA,NA,NA,NA,NA,NA,NA,NA,NA,NA,NA,NA,NA,NA,NA,NA,-0.640169918918109,29
"8660","Babine-Late-Wild-Sockeye","Sockeye",2010,326102.735715951,74126,NA,NA,21678.373262241,191038.10930178,113386.25315193,0,0,NA,NA,NA,NA,NA,NA,NA,NA,NA,NA,NA,NA,NA,NA,NA,NA,NA,NA,NA,NA,NA,NA,NA,NA,1.48144612400142,29
"8661","Babine-Late-Wild-Sockeye","Sockeye",2011,374393.845679722,152998,NA,NA,11634.931217286,101533.25217255,261225.662289886,0,0,NA,NA,NA,NA,NA,NA,NA,NA,NA,NA,NA,NA,NA,NA,NA,NA,NA,NA,NA,NA,NA,NA,NA,NA,0.894883457235507,29
"8662","Babine-Late-Wild-Sockeye","Sockeye",2012,172273.405924163,112218,NA,NA,2275.49467552,67249.555982233,102748.35526641,0,0,NA,NA,NA,NA,NA,NA,NA,NA,NA,NA,NA,NA,NA,NA,NA,NA,NA,NA,NA,NA,NA,NA,NA,NA,0.428639376082953,29
"8663","Babine-Late-Wild-Sockeye","Sockeye",2013,30116.703388105,39602,NA,NA,1081.781727881,4024.962792102,13484.084641536,0,11525.874226586,NA,NA,NA,NA,NA,NA,NA,NA,NA,NA,NA,NA,NA,NA,NA,NA,NA,NA,NA,NA,NA,NA,NA,NA,-0.27379967436002,29
"8664","Babine-Late-Wild-Sockeye","Sockeye",2014,395761.634101978,133779,NA,NA,5219.681941488,256170.035093696,121744.33380924,11525.874226586,1101.709030968,NA,NA,NA,NA,NA,NA,NA,NA,NA,NA,NA,NA,NA,NA,NA,NA,NA,NA,NA,NA,NA,NA,NA,NA,1.08462291123008,29
"8665","Babine-Late-Wild-Sockeye","Sockeye",2015,62378.917407502,140168,NA,NA,1969.880264768,27392.47502658,30809.548482586,1101.709030968,1105.3046026,NA,NA,NA,NA,NA,NA,NA,NA,NA,NA,NA,NA,NA,NA,NA,NA,NA,NA,NA,NA,NA,NA,NA,NA,-0.809614346956912,29
"8666","Babine-Mid-Wild-Sockeye","Sockeye",1960,45281.88,12298,NA,NA,17247.33,21698.82,6335.73,0,0,NA,NA,NA,NA,NA,NA,NA,NA,NA,NA,NA,NA,NA,NA,NA,NA,NA,NA,NA,NA,NA,NA,NA,NA,1.30347030493637,30
"8667","Babine-Mid-Wild-Sockeye","Sockeye",1961,33425.636,33657,NA,NA,3134.274,13131.48,17159.882,0,0,NA,NA,NA,NA,NA,NA,NA,NA,NA,NA,NA,NA,NA,NA,NA,NA,NA,NA,NA,NA,NA,NA,NA,NA,-0.00689790775005755,30
"8668","Babine-Mid-Wild-Sockeye","Sockeye",1962,61681.562,16828,NA,NA,1442.79,19250.426,40988.346,0,0,NA,NA,NA,NA,NA,NA,NA,NA,NA,NA,NA,NA,NA,NA,NA,NA,NA,NA,NA,NA,NA,NA,NA,NA,1.29894088746036,30
"8669","Babine-Mid-Wild-Sockeye","Sockeye",1963,174898.464,56280,NA,NA,7142.692,42431,125324.772,0,0,NA,NA,NA,NA,NA,NA,NA,NA,NA,NA,NA,NA,NA,NA,NA,NA,NA,NA,NA,NA,NA,NA,NA,NA,1.13386636757857,30
"8670","Babine-Mid-Wild-Sockeye","Sockeye",1964,45332.428,35960,NA,NA,1442.654,19605.56,24284.214,0,0,NA,NA,NA,NA,NA,NA,NA,NA,NA,NA,NA,NA,NA,NA,NA,NA,NA,NA,NA,NA,NA,NA,NA,NA,0.231615416676873,30
"8671","Babine-Mid-Wild-Sockeye","Sockeye",1965,45937.13232384,11094,NA,NA,5881.668,35476.659,4578.80532384,0,0,NA,NA,NA,NA,NA,NA,NA,NA,NA,NA,NA,NA,NA,NA,NA,NA,NA,NA,NA,NA,NA,NA,NA,NA,1.42086935147321,30
"8672","Babine-Mid-Wild-Sockeye","Sockeye",1966,25047.518188256,15196,NA,NA,8139.96,9333.642976736,7573.91521152,0,0,NA,NA,NA,NA,NA,NA,NA,NA,NA,NA,NA,NA,NA,NA,NA,NA,NA,NA,NA,NA,NA,NA,NA,NA,0.499742512976192,30
"8673","Babine-Mid-Wild-Sockeye","Sockeye",1967,28810.624551329,24201,NA,NA,1671.551699424,11275.129033728,15863.943818177,0,0,NA,NA,NA,NA,NA,NA,NA,NA,NA,NA,NA,NA,NA,NA,NA,NA,NA,NA,NA,NA,NA,NA,NA,NA,0.174350272521373,30
"8674","Babine-Mid-Wild-Sockeye","Sockeye",1968,45993.297002568,55410,NA,NA,542.955754752,5410.657112913,40039.684134903,0,0,NA,NA,NA,NA,NA,NA,NA,NA,NA,NA,NA,NA,NA,NA,NA,NA,NA,NA,NA,NA,NA,NA,NA,NA,-0.186264414343444,30
"8675","Babine-Mid-Wild-Sockeye","Sockeye",1969,123957.3744475,32575,NA,NA,3308.39906891,43659.73310995,76989.24226864,0,0,NA,NA,NA,NA,NA,NA,NA,NA,NA,NA,NA,NA,NA,NA,NA,NA,NA,NA,NA,NA,NA,NA,NA,NA,1.33639262904138,30
"8676","Babine-Mid-Wild-Sockeye","Sockeye",1970,58601.657629131,7423,NA,NA,7877.582755147,39323.03485916,11401.040014824,0,0,NA,NA,NA,NA,NA,NA,NA,NA,NA,NA,NA,NA,NA,NA,NA,NA,NA,NA,NA,NA,NA,NA,NA,NA,2.06617969523402,30
"8677","Babine-Mid-Wild-Sockeye","Sockeye",1971,57952.113277994,8381,NA,NA,12127.7228722,35281.647670266,10542.742735528,0,0,NA,NA,NA,NA,NA,NA,NA,NA,NA,NA,NA,NA,NA,NA,NA,NA,NA,NA,NA,NA,NA,NA,NA,NA,1.93364979726886,30
"8678","Babine-Mid-Wild-Sockeye","Sockeye",1972,30902.059810678,10277,NA,NA,4299.31231491,6250.258043872,20352.489451896,0,0,NA,NA,NA,NA,NA,NA,NA,NA,NA,NA,NA,NA,NA,NA,NA,NA,NA,NA,NA,NA,NA,NA,NA,NA,1.10091445357879,30
"8679","Babine-Mid-Wild-Sockeye","Sockeye",1973,27069.731813085,32179,NA,NA,2930.9992206,17800.097800656,6338.634791829,0,0,NA,NA,NA,NA,NA,NA,NA,NA,NA,NA,NA,NA,NA,NA,NA,NA,NA,NA,NA,NA,NA,NA,NA,NA,-0.172897869465736,30
"8680","Babine-Mid-Wild-Sockeye","Sockeye",1974,8311.221292549,38189,NA,NA,751.412747448,1933.612110789,5626.196434312,0,0,NA,NA,NA,NA,NA,NA,NA,NA,NA,NA,NA,NA,NA,NA,NA,NA,NA,NA,NA,NA,NA,NA,NA,NA,-1.52494095134823,30
"8681","Babine-Mid-Wild-Sockeye","Sockeye",1975,66655.626299206,28686,NA,NA,2174.753097382,44848.323923318,19632.549278506,0,0,NA,NA,NA,NA,NA,NA,NA,NA,NA,NA,NA,NA,NA,NA,NA,NA,NA,NA,NA,NA,NA,NA,NA,NA,0.843130259781889,30
"8682","Babine-Mid-Wild-Sockeye","Sockeye",1976,8743.552319023,8022,NA,NA,1624.47964237,5172.594149693,1946.47852696,0,0,NA,NA,NA,NA,NA,NA,NA,NA,NA,NA,NA,NA,NA,NA,NA,NA,NA,NA,NA,NA,NA,NA,NA,NA,0.0861287835678079,30
"8683","Babine-Mid-Wild-Sockeye","Sockeye",1977,30813.457066302,15573,NA,NA,4191.856571801,15039.24378108,11582.356713421,0,0,NA,NA,NA,NA,NA,NA,NA,NA,NA,NA,NA,NA,NA,NA,NA,NA,NA,NA,NA,NA,NA,NA,NA,NA,0.682412866782643,30
"8684","Babine-Mid-Wild-Sockeye","Sockeye",1978,13419.614254053,3931,NA,NA,734.27769196,2369.773462121,10315.563099972,0,0,NA,NA,NA,NA,NA,NA,NA,NA,NA,NA,NA,NA,NA,NA,NA,NA,NA,NA,NA,NA,NA,NA,NA,NA,1.22782354058138,30
"8685","Babine-Mid-Wild-Sockeye","Sockeye",1979,12226.114166977,21765,NA,NA,230.869824458,6074.56068154,5920.683660979,0,0,NA,NA,NA,NA,NA,NA,NA,NA,NA,NA,NA,NA,NA,NA,NA,NA,NA,NA,NA,NA,NA,NA,NA,NA,-0.57672900539315,30
"8686","Babine-Mid-Wild-Sockeye","Sockeye",1980,38325.258708924,11166,NA,NA,2940.876218488,10934.799590476,24449.58289996,0,0,NA,NA,NA,NA,NA,NA,NA,NA,NA,NA,NA,NA,NA,NA,NA,NA,NA,NA,NA,NA,NA,NA,NA,NA,1.23323572824285,30
"8687","Babine-Mid-Wild-Sockeye","Sockeye",1981,19269.474007828,7178,NA,NA,921.516748545,12718.85313016,5629.104129123,0,0,NA,NA,NA,NA,NA,NA,NA,NA,NA,NA,NA,NA,NA,NA,NA,NA,NA,NA,NA,NA,NA,NA,NA,NA,0.98750139341903,30
"8688","Babine-Mid-Wild-Sockeye","Sockeye",1982,15759.821831328,4827,NA,NA,471.56396988,3087.091900956,12201.165960492,0,0,NA,NA,NA,NA,NA,NA,NA,NA,NA,NA,NA,NA,NA,NA,NA,NA,NA,NA,NA,NA,NA,NA,NA,NA,1.18323862256869,30
"8689","Babine-Mid-Wild-Sockeye","Sockeye",1983,27280.318237617,8904,NA,NA,430.803969921,9413.553053052,17435.961214644,0,0,NA,NA,NA,NA,NA,NA,NA,NA,NA,NA,NA,NA,NA,NA,NA,NA,NA,NA,NA,NA,NA,NA,NA,NA,1.11966488453577,30
"8690","Babine-Mid-Wild-Sockeye","Sockeye",1984,59269.966259748,8065,NA,NA,5941.280986456,42750.827293356,10577.857979936,0,0,NA,NA,NA,NA,NA,NA,NA,NA,NA,NA,NA,NA,NA,NA,NA,NA,NA,NA,NA,NA,NA,NA,NA,NA,1.99456899495884,30
"8691","Babine-Mid-Wild-Sockeye","Sockeye",1985,18979.166643732,17229,NA,NA,1217.211492,5687.491900896,12074.463250836,0,0,NA,NA,NA,NA,NA,NA,NA,NA,NA,NA,NA,NA,NA,NA,NA,NA,NA,NA,NA,NA,NA,NA,NA,NA,0.0967478745933854,30
"8692","Babine-Mid-Wild-Sockeye","Sockeye",1986,52409.435003179,3874,NA,NA,790.650119168,6079.816774031,45538.96810998,0,0,NA,NA,NA,NA,NA,NA,NA,NA,NA,NA,NA,NA,NA,NA,NA,NA,NA,NA,NA,NA,NA,NA,NA,NA,2.6047990674464,30
"8693","Babine-Mid-Wild-Sockeye","Sockeye",1987,29977.567928739,15786,NA,NA,642.719975133,16693.97978109,12640.868172516,0,0,NA,NA,NA,NA,NA,NA,NA,NA,NA,NA,NA,NA,NA,NA,NA,NA,NA,NA,NA,NA,NA,NA,NA,NA,0.641325894973466,30
"8694","Babine-Mid-Wild-Sockeye","Sockeye",1988,55350.346342054,23459,NA,NA,7502.05210893,10770.709992114,37077.58424101,0,0,NA,NA,NA,NA,NA,NA,NA,NA,NA,NA,NA,NA,NA,NA,NA,NA,NA,NA,NA,NA,NA,NA,NA,NA,0.858428699873208,30
"8695","Babine-Mid-Wild-Sockeye","Sockeye",1989,35007.032446911,7701,NA,NA,1722.42183537,20498.513113719,12786.097497822,0,0,NA,NA,NA,NA,NA,NA,NA,NA,NA,NA,NA,NA,NA,NA,NA,NA,NA,NA,NA,NA,NA,NA,NA,NA,1.51419877780376,30
"8696","Babine-Mid-Wild-Sockeye","Sockeye",1990,14150.788590262,7395,NA,NA,1194.902645271,4477.400255163,8478.485689828,0,0,NA,NA,NA,NA,NA,NA,NA,NA,NA,NA,NA,NA,NA,NA,NA,NA,NA,NA,NA,NA,NA,NA,NA,NA,0.648966257134148,30
"8697","Babine-Mid-Wild-Sockeye","Sockeye",1991,22130.303125716,24980,NA,NA,2195.502247015,9178.264481672,10756.536397029,0,0,NA,NA,NA,NA,NA,NA,NA,NA,NA,NA,NA,NA,NA,NA,NA,NA,NA,NA,NA,NA,NA,NA,NA,NA,-0.121127653226431,30
"8698","Babine-Mid-Wild-Sockeye","Sockeye",1992,108865.507894178,8426,NA,NA,1857.2498285,14547.253054428,92461.00501125,0,0,NA,NA,NA,NA,NA,NA,NA,NA,NA,NA,NA,NA,NA,NA,NA,NA,NA,NA,NA,NA,NA,NA,NA,NA,2.55879108429438,30
"8699","Babine-Mid-Wild-Sockeye","Sockeye",1993,58457.327074703,21962,NA,NA,157.210548543,29185.801499792,29114.315026368,0,0,NA,NA,NA,NA,NA,NA,NA,NA,NA,NA,NA,NA,NA,NA,NA,NA,NA,NA,NA,NA,NA,NA,NA,NA,0.978983349168458,30
"8700","Babine-Mid-Wild-Sockeye","Sockeye",1994,5182.798955206,7560,NA,NA,227.193488958,2048.21832468,2907.387141568,0,0,NA,NA,NA,NA,NA,NA,NA,NA,NA,NA,NA,NA,NA,NA,NA,NA,NA,NA,NA,NA,NA,NA,NA,NA,-0.37752594100766,30
"8701","Babine-Mid-Wild-Sockeye","Sockeye",1995,31120.558161828,6555,NA,NA,1629.466648952,24073.1653855,5417.926127376,0,0,NA,NA,NA,NA,NA,NA,NA,NA,NA,NA,NA,NA,NA,NA,NA,NA,NA,NA,NA,NA,NA,NA,NA,NA,1.55764051772507,30
"8702","Babine-Mid-Wild-Sockeye","Sockeye",1996,151249.031495897,7975,NA,NA,5471.447472932,44774.262394386,101003.321628579,0,0,NA,NA,NA,NA,NA,NA,NA,NA,NA,NA,NA,NA,NA,NA,NA,NA,NA,NA,NA,NA,NA,NA,NA,NA,2.94261604488663,30
"8703","Babine-Mid-Wild-Sockeye","Sockeye",1997,33031.950147827,34660,NA,NA,186.811478238,8588.867073189,24256.2715964,0,0,NA,NA,NA,NA,NA,NA,NA,NA,NA,NA,NA,NA,NA,NA,NA,NA,NA,NA,NA,NA,NA,NA,NA,NA,-0.0481110049132439,30
"8704","Babine-Mid-Wild-Sockeye","Sockeye",1998,122320.752734332,16545,NA,NA,1956.811298232,26518.020048472,93845.921387628,0,0,NA,NA,NA,NA,NA,NA,NA,NA,NA,NA,NA,NA,NA,NA,NA,NA,NA,NA,NA,NA,NA,NA,NA,NA,2.00056277404069,30
"8705","Babine-Mid-Wild-Sockeye","Sockeye",1999,51015.684504611,22946,NA,NA,721.708355128,30576.033668419,19717.942481064,0,0,NA,NA,NA,NA,NA,NA,NA,NA,NA,NA,NA,NA,NA,NA,NA,NA,NA,NA,NA,NA,NA,NA,NA,NA,0.798989495372954,30
"8706","Babine-Mid-Wild-Sockeye","Sockeye",2000,94441.255629593,19982,NA,NA,8185.044943953,67604.37405669,18651.83662895,0,0,NA,NA,NA,NA,NA,NA,NA,NA,NA,NA,NA,NA,NA,NA,NA,NA,NA,NA,NA,NA,NA,NA,NA,NA,1.55314613934535,30
"8707","Babine-Mid-Wild-Sockeye","Sockeye",2001,30917.116460116,47818,NA,NA,1039.683462246,23611.08229627,6266.3507016,0,0,NA,NA,NA,NA,NA,NA,NA,NA,NA,NA,NA,NA,NA,NA,NA,NA,NA,NA,NA,NA,NA,NA,NA,NA,-0.436092176361956,30
"8708","Babine-Mid-Wild-Sockeye","Sockeye",2002,49254.45624286,24573,NA,NA,6152.08107478,18047.08999113,25055.28517695,0,0,NA,NA,NA,NA,NA,NA,NA,NA,NA,NA,NA,NA,NA,NA,NA,NA,NA,NA,NA,NA,NA,NA,NA,NA,0.695351566411794,30
"8709","Babine-Mid-Wild-Sockeye","Sockeye",2003,7722.395889716,83151,NA,NA,251.55930727,1640.524626957,5830.311955489,0,0,NA,NA,NA,NA,NA,NA,NA,NA,NA,NA,NA,NA,NA,NA,NA,NA,NA,NA,NA,NA,NA,NA,NA,NA,-2.37653356772744,30
"8710","Babine-Mid-Wild-Sockeye","Sockeye",2004,41536.008900178,51747,NA,NA,613.190196093,21691.779056585,19231.0396475,0,0,NA,NA,NA,NA,NA,NA,NA,NA,NA,NA,NA,NA,NA,NA,NA,NA,NA,NA,NA,NA,NA,NA,NA,NA,-0.219805724092757,30
"8711","Babine-Mid-Wild-Sockeye","Sockeye",2005,9260.65987013,31371,NA,NA,270.908987926,5705.40906875,3284.341813454,0,0,NA,NA,NA,NA,NA,NA,NA,NA,NA,NA,NA,NA,NA,NA,NA,NA,NA,NA,NA,NA,NA,NA,NA,NA,-1.22010859289215,30
"8712","Babine-Mid-Wild-Sockeye","Sockeye",2006,44737.207186824,12515,NA,NA,688.55128375,4515.9700001,39532.685902974,0,0,NA,NA,NA,NA,NA,NA,NA,NA,NA,NA,NA,NA,NA,NA,NA,NA,NA,NA,NA,NA,NA,NA,NA,NA,1.27387760604754,30
"8713","Babine-Mid-Wild-Sockeye","Sockeye",2007,148591.456055474,12595,NA,NA,1000.688186446,34629.406987428,112961.3608816,0,0,NA,NA,NA,NA,NA,NA,NA,NA,NA,NA,NA,NA,NA,NA,NA,NA,NA,NA,NA,NA,NA,NA,NA,NA,2.46790072456416,30
"8714","Babine-Mid-Wild-Sockeye","Sockeye",2008,24608.475735998,12744,NA,NA,1275.907109598,20414.703806,2917.8648204,0,0,NA,NA,NA,NA,NA,NA,NA,NA,NA,NA,NA,NA,NA,NA,NA,NA,NA,NA,NA,NA,NA,NA,NA,NA,0.658030353103305,30
"8715","Babine-Mid-Wild-Sockeye","Sockeye",2009,6565.685457076,18341,NA,NA,323.9353124,2854.4329791,3387.317165576,0,0,NA,NA,NA,NA,NA,NA,NA,NA,NA,NA,NA,NA,NA,NA,NA,NA,NA,NA,NA,NA,NA,NA,NA,NA,-1.02728207783806,30
"8716","Babine-Mid-Wild-Sockeye","Sockeye",2010,73707.036472304,6065,NA,NA,4277.70221055,18743.15499992,50686.179261834,0,0,NA,NA,NA,NA,NA,NA,NA,NA,NA,NA,NA,NA,NA,NA,NA,NA,NA,NA,NA,NA,NA,NA,NA,NA,2.49756372676432,30
"8717","Babine-Mid-Wild-Sockeye","Sockeye",2011,105090.650809934,43110,NA,NA,1141.527834504,45387.62396319,58561.49901224,0,0,NA,NA,NA,NA,NA,NA,NA,NA,NA,NA,NA,NA,NA,NA,NA,NA,NA,NA,NA,NA,NA,NA,NA,NA,0.891068329980949,30
"8718","Babine-Mid-Wild-Sockeye","Sockeye",2012,39242.367656536,82348,NA,NA,1017.196774976,15075.98744972,23149.18343184,0,0,NA,NA,NA,NA,NA,NA,NA,NA,NA,NA,NA,NA,NA,NA,NA,NA,NA,NA,NA,NA,NA,NA,NA,NA,-0.741197199037941,30
"8719","Babine-Mid-Wild-Sockeye","Sockeye",2013,15111.092482006,7960,NA,NA,242.51353804,906.823294048,173.00398704,0,13788.751662878,NA,NA,NA,NA,NA,NA,NA,NA,NA,NA,NA,NA,NA,NA,NA,NA,NA,NA,NA,NA,NA,NA,NA,NA,0.641000075734355,30
"8720","Babine-Mid-Wild-Sockeye","Sockeye",2014,30728.284572993,14701,NA,NA,1175.993274112,3286.72198444,12334.13973318,13788.751662878,142.677918383,NA,NA,NA,NA,NA,NA,NA,NA,NA,NA,NA,NA,NA,NA,NA,NA,NA,NA,NA,NA,NA,NA,NA,NA,0.737268033350947,30
"8721","Babine-Mid-Wild-Sockeye","Sockeye",2015,40246.621915001,68421,NA,NA,25.27402852,2775.18143181,36858.393950878,142.677918383,445.09458541,NA,NA,NA,NA,NA,NA,NA,NA,NA,NA,NA,NA,NA,NA,NA,NA,NA,NA,NA,NA,NA,NA,NA,NA,-0.530653722287281,30
"8722","Alastair-Sockeye","Sockeye",1960,25957.718237573,7763,NA,NA,0,205.922650252,13320.44199268,12431.353594641,0,NA,NA,NA,NA,NA,NA,NA,NA,NA,NA,NA,NA,NA,NA,NA,NA,NA,NA,NA,NA,NA,NA,NA,NA,1.20710013523242,31
"8723","Alastair-Sockeye","Sockeye",1961,37048.397793678,29389,NA,NA,0,799.22651281,16575.138126188,19674.03315468,0,NA,NA,NA,NA,NA,NA,NA,NA,NA,NA,NA,NA,NA,NA,NA,NA,NA,NA,NA,NA,NA,NA,NA,NA,0.231604651698562,31
"8724","Alastair-Sockeye","Sockeye",1962,49046.58011583,22058,NA,NA,0,994.508279171,26232.04420624,21820.027630419,0,NA,NA,NA,NA,NA,NA,NA,NA,NA,NA,NA,NA,NA,NA,NA,NA,NA,NA,NA,NA,NA,NA,NA,NA,0.799095113287522,31
"8725","Alastair-Sockeye","Sockeye",1963,34620.331488112,19962,NA,NA,0,1573.92263908,29093.370173892,3953.03867514,0,NA,NA,NA,NA,NA,NA,NA,NA,NA,NA,NA,NA,NA,NA,NA,NA,NA,NA,NA,NA,NA,NA,NA,NA,0.550610658484391,31
"8726","Alastair-Sockeye","Sockeye",1964,9991.044186948,4214,NA,NA,0,1745.602195689,5270.71823352,2974.723757739,0,NA,NA,NA,NA,NA,NA,NA,NA,NA,NA,NA,NA,NA,NA,NA,NA,NA,NA,NA,NA,NA,NA,NA,NA,0.863276795034312,31
"8727","Alastair-Sockeye","Sockeye",1965,5861.270717202,17523,NA,NA,0,316.24309134,3966.298343652,1578.72928221,0,NA,NA,NA,NA,NA,NA,NA,NA,NA,NA,NA,NA,NA,NA,NA,NA,NA,NA,NA,NA,NA,NA,NA,NA,-1.09514787770614,31
"8728","Alastair-Sockeye","Sockeye",1966,7902.480663186,18632,NA,NA,0,237.977898609,2104.97237628,5559.530388297,0,NA,NA,NA,NA,NA,NA,NA,NA,NA,NA,NA,NA,NA,NA,NA,NA,NA,NA,NA,NA,NA,NA,NA,NA,-0.85770381440103,31
"8729","Alastair-Sockeye","Sockeye",1967,13444.944754079,27726,NA,NA,0,126.29834151,7412.707184396,5905.939228173,0,NA,NA,NA,NA,NA,NA,NA,NA,NA,NA,NA,NA,NA,NA,NA,NA,NA,NA,NA,NA,NA,NA,NA,NA,-0.723767420434739,31
"8730","Alastair-Sockeye","Sockeye",1968,11040.895026959,33271,NA,NA,0,444.762427307,7874.585637564,2721.546962088,0,NA,NA,NA,NA,NA,NA,NA,NA,NA,NA,NA,NA,NA,NA,NA,NA,NA,NA,NA,NA,NA,NA,NA,NA,-1.10308003784182,31
"8731","Alastair-Sockeye","Sockeye",1969,4840.845301232,6654,NA,NA,0,472.475134263,3628.729282784,739.640884185,0,NA,NA,NA,NA,NA,NA,NA,NA,NA,NA,NA,NA,NA,NA,NA,NA,NA,NA,NA,NA,NA,NA,NA,NA,-0.318128823102232,31
"8732","Alastair-Sockeye","Sockeye",1970,5415.513811832,4991,NA,NA,0,217.723755128,986.18784558,4211.602211124,0,NA,NA,NA,NA,NA,NA,NA,NA,NA,NA,NA,NA,NA,NA,NA,NA,NA,NA,NA,NA,NA,NA,NA,NA,0.0816314722289297,31
"8733","Alastair-Sockeye","Sockeye",1971,15558.066302199,2551,NA,NA,0,59.171270235,5615.469614832,9883.425417132,0,NA,NA,NA,NA,NA,NA,NA,NA,NA,NA,NA,NA,NA,NA,NA,NA,NA,NA,NA,NA,NA,NA,NA,NA,1.80809379823037,31
"8734","Alastair-Sockeye","Sockeye",1972,26501.430943801,8872,NA,NA,0,336.928174044,13177.900556176,12986.602213581,0,NA,NA,NA,NA,NA,NA,NA,NA,NA,NA,NA,NA,NA,NA,NA,NA,NA,NA,NA,NA,NA,NA,NA,NA,1.09429847936556,31
"8735","Alastair-Sockeye","Sockeye",1973,30617.883979795,8872,NA,NA,0,790.674026692,17315.469618108,12511.740334995,0,NA,NA,NA,NA,NA,NA,NA,NA,NA,NA,NA,NA,NA,NA,NA,NA,NA,NA,NA,NA,NA,NA,NA,NA,1.23868403197367,31
"8736","Alastair-Sockeye","Sockeye",1974,39192.381217668,3882,NA,NA,0,1038.928168311,16682.32044666,21471.132602697,0,NA,NA,NA,NA,NA,NA,NA,NA,NA,NA,NA,NA,NA,NA,NA,NA,NA,NA,NA,NA,NA,NA,NA,NA,2.31213188646775,31
"8737","Alastair-Sockeye","Sockeye",1975,30894.585635555,1331,NA,NA,0,1000.939218345,28628.176803596,1265.469613614,0,NA,NA,NA,NA,NA,NA,NA,NA,NA,NA,NA,NA,NA,NA,NA,NA,NA,NA,NA,NA,NA,NA,NA,NA,3.14465040698721,31
"8738","Alastair-Sockeye","Sockeye",1976,11028.464076977,6654,NA,NA,0,1717.690593707,1687.292818152,7623.480665118,0,NA,NA,NA,NA,NA,NA,NA,NA,NA,NA,NA,NA,NA,NA,NA,NA,NA,NA,NA,NA,NA,NA,NA,NA,0.505261396378894,31
"8739","Alastair-Sockeye","Sockeye",1977,18423.475142425,15526,NA,NA,0,101.237568234,10164.640886824,8157.596687367,0,NA,NA,NA,NA,NA,NA,NA,NA,NA,NA,NA,NA,NA,NA,NA,NA,NA,NA,NA,NA,NA,NA,NA,NA,0.171109636418789,31
"8740","Alastair-Sockeye","Sockeye",1978,16913.19336975,19962,NA,NA,0,609.878448058,10876.795583156,5426.519338536,0,NA,NA,NA,NA,NA,NA,NA,NA,NA,NA,NA,NA,NA,NA,NA,NA,NA,NA,NA,NA,NA,NA,NA,NA,-0.165736476135578,31
"8741","Alastair-Sockeye","Sockeye",1979,13268.49171091,19962,NA,NA,0,652.607729477,7235.359118048,5380.524863385,0,NA,NA,NA,NA,NA,NA,NA,NA,NA,NA,NA,NA,NA,NA,NA,NA,NA,NA,NA,NA,NA,NA,NA,NA,-0.408438285954472,31
"8742","Alastair-Sockeye","Sockeye",1980,22215.751383769,33271,NA,NA,0,434.121543416,7174.03315118,14607.596689173,0,NA,NA,NA,NA,NA,NA,NA,NA,NA,NA,NA,NA,NA,NA,NA,NA,NA,NA,NA,NA,NA,NA,NA,NA,-0.403884587609142,31
"8743","Alastair-Sockeye","Sockeye",1981,25707.099451076,1996,NA,NA,0,430.441985435,19476.795585564,5799.861880077,0,NA,NA,NA,NA,NA,NA,NA,NA,NA,NA,NA,NA,NA,NA,NA,NA,NA,NA,NA,NA,NA,NA,NA,NA,2.55562201909629,31
"8744","Alastair-Sockeye","Sockeye",1982,19066.121542429,10536,NA,NA,0,1168.607725263,7733.149173436,10164.36464373,0,NA,NA,NA,NA,NA,NA,NA,NA,NA,NA,NA,NA,NA,NA,NA,NA,NA,NA,NA,NA,NA,NA,NA,NA,0.593115054435903,31
"8745","Alastair-Sockeye","Sockeye",1983,23832.359118776,14417,NA,NA,0,463.988946487,13552.48619164,9815.883980649,0,NA,NA,NA,NA,NA,NA,NA,NA,NA,NA,NA,NA,NA,NA,NA,NA,NA,NA,NA,NA,NA,NA,NA,NA,0.502636218231361,31
"8746","Alastair-Sockeye","Sockeye",1984,20898.370164729,8872,NA,NA,0,813.14916463,13087.845307532,6997.375692567,0,NA,NA,NA,NA,NA,NA,NA,NA,NA,NA,NA,NA,NA,NA,NA,NA,NA,NA,NA,NA,NA,NA,NA,NA,0.856770923333051,31
"8747","Alastair-Sockeye","Sockeye",1985,27323.668509305,8872,NA,NA,0,785.270711819,9329.834256756,17208.56354073,0,NA,NA,NA,NA,NA,NA,NA,NA,NA,NA,NA,NA,NA,NA,NA,NA,NA,NA,NA,NA,NA,NA,NA,NA,1.12485305489701,31
"8748","Alastair-Sockeye","Sockeye",1986,37766.558016896,23290,NA,NA,0,559.790050677,22944.75138764,14262.016578579,0,NA,NA,NA,NA,NA,NA,NA,NA,NA,NA,NA,NA,NA,NA,NA,NA,NA,NA,NA,NA,NA,NA,NA,NA,0.483399918595984,31
"8749","Alastair-Sockeye","Sockeye",1987,31772.817676826,11090,NA,NA,0,1376.68507163,19016.022104772,11380.110500424,0,NA,NA,NA,NA,NA,NA,NA,NA,NA,NA,NA,NA,NA,NA,NA,NA,NA,NA,NA,NA,NA,NA,NA,NA,1.05256733284561,31
"8750","Alastair-Sockeye","Sockeye",1988,25875.077345674,14417,NA,NA,0,1140.961316649,15173.480667232,9560.635361793,0,NA,NA,NA,NA,NA,NA,NA,NA,NA,NA,NA,NA,NA,NA,NA,NA,NA,NA,NA,NA,NA,NA,NA,NA,0.584872174956091,31
"8751","Alastair-Sockeye","Sockeye",1989,27873.116022214,16560,NA,NA,0,910.408832344,12747.513815724,14215.193374146,0,NA,NA,NA,NA,NA,NA,NA,NA,NA,NA,NA,NA,NA,NA,NA,NA,NA,NA,NA,NA,NA,NA,NA,NA,0.520672491892057,31
"8752","Alastair-Sockeye","Sockeye",1990,40957.944756389,11090,NA,NA,0,764.850822483,18953.591165528,21239.502768378,0,NA,NA,NA,NA,NA,NA,NA,NA,NA,NA,NA,NA,NA,NA,NA,NA,NA,NA,NA,NA,NA,NA,NA,NA,1.3065020012641,31
"8753","Alastair-Sockeye","Sockeye",1991,53507.104977752,24399,NA,NA,0,1137.215460326,28319.337024504,24050.552492922,0,NA,NA,NA,NA,NA,NA,NA,NA,NA,NA,NA,NA,NA,NA,NA,NA,NA,NA,NA,NA,NA,NA,NA,NA,0.7852723005541,31
"8754","Alastair-Sockeye","Sockeye",1992,45645.983423843,17744,NA,NA,0,1699.160207118,32067.403323896,11879.419892829,0,NA,NA,NA,NA,NA,NA,NA,NA,NA,NA,NA,NA,NA,NA,NA,NA,NA,NA,NA,NA,NA,NA,NA,NA,0.944868186227725,31
"8755","Alastair-Sockeye","Sockeye",1993,20720.591149771,16635,NA,NA,0,1924.044183182,15839.226523772,2957.320442817,0,NA,NA,NA,NA,NA,NA,NA,NA,NA,NA,NA,NA,NA,NA,NA,NA,NA,NA,NA,NA,NA,NA,NA,NA,0.219619037908212,31
"8756","Alastair-Sockeye","Sockeye",1994,12682.259664032,14417,NA,NA,0,950.353583399,3943.093923756,7788.812156877,0,NA,NA,NA,NA,NA,NA,NA,NA,NA,NA,NA,NA,NA,NA,NA,NA,NA,NA,NA,NA,NA,NA,NA,NA,-0.128203925755071,31
"8757","Alastair-Sockeye","Sockeye",1995,21577.883981944,18853,NA,NA,0,236.585633427,10385.082875836,10956.215472681,0,NA,NA,NA,NA,NA,NA,NA,NA,NA,NA,NA,NA,NA,NA,NA,NA,NA,NA,NA,NA,NA,NA,NA,NA,0.134996848007701,31
"8758","Alastair-Sockeye","Sockeye",1996,17935.535911361,27726,NA,NA,0,623.104967287,14608.287296908,2704.143647166,0,NA,NA,NA,NA,NA,NA,NA,NA,NA,NA,NA,NA,NA,NA,NA,NA,NA,NA,NA,NA,NA,NA,NA,NA,-0.43558660982224,31
"8759","Alastair-Sockeye","Sockeye",1997,38304.121550283,26617,NA,NA,0,876.497230411,3605.524862888,33822.099456984,0,NA,NA,NA,NA,NA,NA,NA,NA,NA,NA,NA,NA,NA,NA,NA,NA,NA,NA,NA,NA,NA,NA,NA,NA,0.364007393279722,31
"8760","Alastair-Sockeye","Sockeye",1998,53473.790068394,20517,NA,NA,0,216.331489946,45096.132609312,8161.325969136,0,NA,NA,NA,NA,NA,NA,NA,NA,NA,NA,NA,NA,NA,NA,NA,NA,NA,NA,NA,NA,NA,NA,NA,NA,0.957937817811437,31
"8761","Alastair-Sockeye","Sockeye",1999,19938.088380518,5545,NA,NA,0,2705.767933704,10881.767958848,6350.552487966,0,NA,NA,NA,NA,NA,NA,NA,NA,NA,NA,NA,NA,NA,NA,NA,NA,NA,NA,NA,NA,NA,NA,NA,NA,1.27973527055584,31
"8762","Alastair-Sockeye","Sockeye",2000,15021.690606426,12075,NA,NA,0,652.906072016,8467.403317288,5901.381217122,0,NA,NA,NA,NA,NA,NA,NA,NA,NA,NA,NA,NA,NA,NA,NA,NA,NA,NA,NA,NA,NA,NA,NA,NA,0.218357997482328,31
"8763","Alastair-Sockeye","Sockeye",2001,28796.027628081,19611,NA,NA,0,508.044194746,7868.508289496,20419.475143839,0,NA,NA,NA,NA,NA,NA,NA,NA,NA,NA,NA,NA,NA,NA,NA,NA,NA,NA,NA,NA,NA,NA,NA,NA,0.384146814749518,31
"8764","Alastair-Sockeye","Sockeye",2002,28237.580114416,4342,NA,NA,0,472.110493382,27225.966858452,539.502762582,0,NA,NA,NA,NA,NA,NA,NA,NA,NA,NA,NA,NA,NA,NA,NA,NA,NA,NA,NA,NA,NA,NA,NA,NA,1.87231864749791,31
"8765","Alastair-Sockeye","Sockeye",2003,15912.563526569,64663,NA,NA,0,1633.557997709,719.337016776,13559.668512084,0,NA,NA,NA,NA,NA,NA,NA,NA,NA,NA,NA,NA,NA,NA,NA,NA,NA,NA,NA,NA,NA,NA,NA,NA,-1.40208021163803,31
"8766","Alastair-Sockeye","Sockeye",2004,54858.215484609,15936,NA,NA,0,43.160220642,18079.558016112,36735.497247855,0,NA,NA,NA,NA,NA,NA,NA,NA,NA,NA,NA,NA,NA,NA,NA,NA,NA,NA,NA,NA,NA,NA,NA,NA,1.23617125560386,31
"8767","Alastair-Sockeye","Sockeye",2005,72978.558022321,13312,NA,NA,0,1084.773471804,48980.66299714,22913.121553377,0,NA,NA,NA,NA,NA,NA,NA,NA,NA,NA,NA,NA,NA,NA,NA,NA,NA,NA,NA,NA,NA,NA,NA,NA,1.70149978820206,31
"8768","Alastair-Sockeye","Sockeye",2006,52066.049713512,11478,NA,NA,0,2938.839755005,30550.828737836,18576.381220671,0,NA,NA,NA,NA,NA,NA,NA,NA,NA,NA,NA,NA,NA,NA,NA,NA,NA,NA,NA,NA,NA,NA,NA,NA,1.51208093968876,31
"8769","Alastair-Sockeye","Sockeye",2007,40273.933697451,35058,NA,NA,0,1833.049708787,24768.508294228,13672.375694436,0,NA,NA,NA,NA,NA,NA,NA,NA,NA,NA,NA,NA,NA,NA,NA,NA,NA,NA,NA,NA,NA,NA,NA,NA,0.138700620367842,31
"8770","Alastair-Sockeye","Sockeye",2008,25353.375685154,984,NA,NA,0,1486.110485101,18229.834259248,5637.430940805,0,NA,NA,NA,NA,NA,NA,NA,NA,NA,NA,NA,NA,NA,NA,NA,NA,NA,NA,NA,NA,NA,NA,NA,NA,3.2490412662241,31
"8771","Alastair-Sockeye","Sockeye",2009,19342.823200597,29522,NA,NA,0,1093.790046316,7516.57458774,10732.458566541,0,NA,NA,NA,NA,NA,NA,NA,NA,NA,NA,NA,NA,NA,NA,NA,NA,NA,NA,NA,NA,NA,NA,NA,NA,-0.42281429146321,31
"8772","Alastair-Sockeye","Sockeye",2010,48116.878462702,79093,NA,NA,0,450.994471455,14309.944755388,33355.939235859,0,NA,NA,NA,NA,NA,NA,NA,NA,NA,NA,NA,NA,NA,NA,NA,NA,NA,NA,NA,NA,NA,NA,NA,NA,-0.496991356132495,31
"8773","Alastair-Sockeye","Sockeye",2011,51392.850835867,44267,NA,NA,0,858.596678071,44474.585647812,6059.668509984,0,NA,NA,NA,NA,NA,NA,NA,NA,NA,NA,NA,NA,NA,NA,NA,NA,NA,NA,NA,NA,NA,NA,NA,NA,0.149259595524659,31
"8774","Alastair-Sockeye","Sockeye",2012,12244.718212933,36376,NA,NA,0,2668.475116329,8079.558013312,1496.685083292,0,NA,NA,NA,NA,NA,NA,NA,NA,NA,NA,NA,NA,NA,NA,NA,NA,NA,NA,NA,NA,NA,NA,NA,NA,-1.08881453880207,31
"8775","Alastair-Sockeye","Sockeye",2013,4619.718229243,30475,NA,NA,0,484.773476704,1995.580111056,2139.364641483,0,NA,NA,NA,NA,NA,NA,NA,NA,NA,NA,NA,NA,NA,NA,NA,NA,NA,NA,NA,NA,NA,NA,NA,NA,-1.88657296147496,31
"8776","Alastair-Sockeye","Sockeye",2014,3251.088397689,11598,NA,NA,0,119.734805652,2852.486188644,278.867403393,0,NA,NA,NA,NA,NA,NA,NA,NA,NA,NA,NA,NA,NA,NA,NA,NA,NA,NA,NA,NA,NA,NA,NA,NA,-1.27184283757966,31
"8777","Alastair-Sockeye","Sockeye",2015,7273.082873519,23600,NA,NA,0,171.149169873,371.823204524,6730.110499122,0,NA,NA,NA,NA,NA,NA,NA,NA,NA,NA,NA,NA,NA,NA,NA,NA,NA,NA,NA,NA,NA,NA,NA,NA,-1.17706645624252,31
"8778","Alastair-Sockeye","Sockeye",2016,20248.276248575,66597,NA,NA,0,22.309392083,8973.480665496,11252.486190996,NA,NA,NA,NA,NA,NA,NA,NA,NA,NA,NA,NA,NA,NA,NA,NA,NA,NA,NA,NA,NA,NA,NA,NA,NA,-1.19058986508457,31
"8779","Johnston-Sockeye","Sockeye",1965,7079.114609972,4,NA,NA,227.2074087,636.082961808,6215.824239464,0,0,NA,NA,NA,NA,NA,NA,NA,NA,NA,NA,NA,NA,NA,NA,NA,NA,NA,NA,NA,NA,NA,NA,NA,NA,7.47860976265913,32
"8780","Johnston-Sockeye","Sockeye",1966,15234.03404992,50,NA,NA,100.040636136,5601.235401552,9532.758012232,0,0,NA,NA,NA,NA,NA,NA,NA,NA,NA,NA,NA,NA,NA,NA,NA,NA,NA,NA,NA,NA,NA,NA,NA,NA,5.71926428062878,32
"8781","Johnston-Sockeye","Sockeye",1967,24116.370175184,1500,NA,NA,880.940358984,8590.207765776,14645.222050424,0,0,NA,NA,NA,NA,NA,NA,NA,NA,NA,NA,NA,NA,NA,NA,NA,NA,NA,NA,NA,NA,NA,NA,NA,NA,2.77742576217661,32
"8782","Johnston-Sockeye","Sockeye",1968,21159.561779232,1500,NA,NA,1351.034221992,13197.177566832,6611.349990408,0,0,NA,NA,NA,NA,NA,NA,NA,NA,NA,NA,NA,NA,NA,NA,NA,NA,NA,NA,NA,NA,NA,NA,NA,NA,2.64662678880132,32
"8783","Johnston-Sockeye","Sockeye",1969,9878.714472848,800,NA,NA,2075.600382744,5957.653593744,1845.46049636,0,0,NA,NA,NA,NA,NA,NA,NA,NA,NA,NA,NA,NA,NA,NA,NA,NA,NA,NA,NA,NA,NA,NA,NA,NA,2.5135259405242,32
"8784","Johnston-Sockeye","Sockeye",1970,4165.93634386,7000,NA,NA,936.996415848,1662.99082248,1565.949105532,0,0,NA,NA,NA,NA,NA,NA,NA,NA,NA,NA,NA,NA,NA,NA,NA,NA,NA,NA,NA,NA,NA,NA,NA,NA,-0.518969086251659,32
"8785","Johnston-Sockeye","Sockeye",1971,7646.670044208,10000,NA,NA,261.54868116,1411.116085176,5974.005277872,0,0,NA,NA,NA,NA,NA,NA,NA,NA,NA,NA,NA,NA,NA,NA,NA,NA,NA,NA,NA,NA,NA,NA,NA,NA,-0.268314828259895,32
"8786","Johnston-Sockeye","Sockeye",1972,6612.187392464,15000,NA,NA,221.934809292,5383.326259296,1006.926323876,0,NA,NA,NA,NA,NA,NA,NA,NA,NA,NA,NA,NA,NA,NA,NA,NA,NA,NA,NA,NA,NA,NA,NA,NA,NA,-0.819135680277041,32
"8787","Johnston-Sockeye","Sockeye",1973,2805.506995464,6000,NA,NA,846.668462832,907.366610568,1051.471922064,NA,NA,NA,NA,NA,NA,NA,NA,NA,NA,NA,NA,NA,NA,NA,NA,NA,NA,NA,NA,NA,NA,NA,NA,NA,NA,-0.760175199540185,32
"8788","Johnston-Sockeye","Sockeye",1982,1752.528277392,1007,NA,NA,258.149242068,585.355125048,909.023910276,0,0,NA,NA,NA,NA,NA,NA,NA,NA,NA,NA,NA,NA,NA,NA,NA,NA,NA,NA,NA,NA,NA,NA,NA,NA,0.554083861519066,32
"8789","Johnston-Sockeye","Sockeye",1997,11671.210049136,8185,NA,NA,330.716860236,5893.692408264,5446.800780636,0,NA,NA,NA,NA,NA,NA,NA,NA,NA,NA,NA,NA,NA,NA,NA,NA,NA,NA,NA,NA,NA,NA,NA,NA,NA,0.354821918972026,32
"8790","Kitsumkalum-Sockeye","Sockeye",1960,4099.055062412,844,NA,NA,206.3945163,1342.302671832,2550.35787428,0,0,NA,NA,NA,NA,NA,NA,NA,NA,NA,NA,NA,NA,NA,NA,NA,NA,NA,NA,NA,NA,NA,NA,NA,NA,1.58035925895112,33
"8791","Kitsumkalum-Sockeye","Sockeye",1961,4403.225857376,2251,NA,NA,211.112105244,2298.19156104,1893.922191092,0,0,NA,NA,NA,NA,NA,NA,NA,NA,NA,NA,NA,NA,NA,NA,NA,NA,NA,NA,NA,NA,NA,NA,NA,NA,0.670962859780518,33
"8792","Kitsumkalum-Sockeye","Sockeye",1962,6082.110395536,2251,NA,NA,361.45056468,1706.660873256,4013.9989576,0,0,NA,NA,NA,NA,NA,NA,NA,NA,NA,NA,NA,NA,NA,NA,NA,NA,NA,NA,NA,NA,NA,NA,NA,NA,0.993977178355587,33
"8793","Kitsumkalum-Sockeye","Sockeye",1963,5919.94440706,2033,NA,NA,268.416935652,3617.1153168,2034.412154608,0,0,NA,NA,NA,NA,NA,NA,NA,NA,NA,NA,NA,NA,NA,NA,NA,NA,NA,NA,NA,NA,NA,NA,NA,NA,1.06881452350629,33
"8794","Kitsumkalum-Sockeye","Sockeye",1964,4478.6558274,1525,NA,NA,568.8857256,1833.259909344,2076.510192456,0,0,NA,NA,NA,NA,NA,NA,NA,NA,NA,NA,NA,NA,NA,NA,NA,NA,NA,NA,NA,NA,NA,NA,NA,NA,1.07732855282017,33
"8795","Kitsumkalum-Sockeye","Sockeye",1965,3814.563746964,3001,NA,NA,288.327936048,1871.195509008,1655.040301908,0,0,NA,NA,NA,NA,NA,NA,NA,NA,NA,NA,NA,NA,NA,NA,NA,NA,NA,NA,NA,NA,NA,NA,NA,NA,0.239880739698606,33
"8796","Kitsumkalum-Sockeye","Sockeye",1966,4046.748941372,1595,NA,NA,294.294298536,1491.398400744,2261.056242092,0,0,NA,NA,NA,NA,NA,NA,NA,NA,NA,NA,NA,NA,NA,NA,NA,NA,NA,NA,NA,NA,NA,NA,NA,NA,0.931040091995536,33
"8797","Kitsumkalum-Sockeye","Sockeye",1967,8851.098082524,2908,NA,NA,234.561297348,2037.494591256,6579.04219392,0,0,NA,NA,NA,NA,NA,NA,NA,NA,NA,NA,NA,NA,NA,NA,NA,NA,NA,NA,NA,NA,NA,NA,NA,NA,1.11307596877299,33
"8798","Kitsumkalum-Sockeye","Sockeye",1968,13783.559143868,1782,NA,NA,320.449166652,5928.54022656,7534.569750656,0,0,NA,NA,NA,NA,NA,NA,NA,NA,NA,NA,NA,NA,NA,NA,NA,NA,NA,NA,NA,NA,NA,NA,NA,NA,2.04574018648707,33
"8799","Kitsumkalum-Sockeye","Sockeye",1969,16262.524746524,2251,NA,NA,932.41757952,6789.590116608,8540.517050396,0,0,NA,NA,NA,NA,NA,NA,NA,NA,NA,NA,NA,NA,NA,NA,NA,NA,NA,NA,NA,NA,NA,NA,NA,NA,1.97748880360535,33
"8800","Kitsumkalum-Sockeye","Sockeye",1970,11647.140717184,1782,NA,NA,1067.840132736,7696.074503928,2883.22608052,0,0,NA,NA,NA,NA,NA,NA,NA,NA,NA,NA,NA,NA,NA,NA,NA,NA,NA,NA,NA,NA,NA,NA,NA,NA,1.87732438883836,33
"8801","Kitsumkalum-Sockeye","Sockeye",1971,5687.30322802,2251,NA,NA,1210.408445676,2598.14746536,1878.747316984,0,0,NA,NA,NA,NA,NA,NA,NA,NA,NA,NA,NA,NA,NA,NA,NA,NA,NA,NA,NA,NA,NA,NA,NA,NA,0.926861624482765,33
"8802","Kitsumkalum-Sockeye","Sockeye",1972,8910.725732912,6378,NA,NA,408.62645412,1692.986412912,6809.11286588,0,0,NA,NA,NA,NA,NA,NA,NA,NA,NA,NA,NA,NA,NA,NA,NA,NA,NA,NA,NA,NA,NA,NA,NA,NA,0.334401121083133,33
"8803","Kitsumkalum-Sockeye","Sockeye",1973,8399.338197384,6378,NA,NA,266.266270104,6135.86268984,1997.20923744,0,0,NA,NA,NA,NA,NA,NA,NA,NA,NA,NA,NA,NA,NA,NA,NA,NA,NA,NA,NA,NA,NA,NA,NA,NA,0.275298348131906,33
"8804","Kitsumkalum-Sockeye","Sockeye",1974,3577.839415148,6378,NA,NA,965.02444428,1799.73542592,813.079544948,0,0,NA,NA,NA,NA,NA,NA,NA,NA,NA,NA,NA,NA,NA,NA,NA,NA,NA,NA,NA,NA,NA,NA,NA,NA,-0.578095465685723,33
"8805","Kitsumkalum-Sockeye","Sockeye",1975,1944.835649168,3564,NA,NA,283.05533664,732.686407464,929.093905064,0,0,NA,NA,NA,NA,NA,NA,NA,NA,NA,NA,NA,NA,NA,NA,NA,NA,NA,NA,NA,NA,NA,NA,NA,NA,-0.605706035250823,33
"8806","Kitsumkalum-Sockeye","Sockeye",1976,1647.081534432,1782,NA,NA,115.234047588,837.229862352,694.617624492,0,0,NA,NA,NA,NA,NA,NA,NA,NA,NA,NA,NA,NA,NA,NA,NA,NA,NA,NA,NA,NA,NA,NA,NA,NA,-0.0787313742624081,33
"8807","Kitsumkalum-Sockeye","Sockeye",1977,2053.352071036,6378,NA,NA,131.676232584,625.937394456,1295.738443996,0,0,NA,NA,NA,NA,NA,NA,NA,NA,NA,NA,NA,NA,NA,NA,NA,NA,NA,NA,NA,NA,NA,NA,NA,NA,-1.13338095424764,33
"8808","Kitsumkalum-Sockeye","Sockeye",1978,2019.9160345,1782,NA,NA,98.444981052,1167.622468728,753.84858472,0,0,NA,NA,NA,NA,NA,NA,NA,NA,NA,NA,NA,NA,NA,NA,NA,NA,NA,NA,NA,NA,NA,NA,NA,NA,0.125319614421353,33
"8809","Kitsumkalum-Sockeye","Sockeye",1979,1858.618534548,788,NA,NA,183.639087276,679.31190096,995.667546312,0,0,NA,NA,NA,NA,NA,NA,NA,NA,NA,NA,NA,NA,NA,NA,NA,NA,NA,NA,NA,NA,NA,NA,NA,NA,0.858090677532434,33
"8810","Kitsumkalum-Sockeye","Sockeye",1980,3206.375351468,844,NA,NA,106.83951432,897.221043216,2202.314793932,0,0,NA,NA,NA,NA,NA,NA,NA,NA,NA,NA,NA,NA,NA,NA,NA,NA,NA,NA,NA,NA,NA,NA,NA,NA,1.33474390953332,33
"8811","Kitsumkalum-Sockeye","Sockeye",1981,4219.805233752,657,NA,NA,141.111410472,1984.561196376,2094.132626904,0,0,NA,NA,NA,NA,NA,NA,NA,NA,NA,NA,NA,NA,NA,NA,NA,NA,NA,NA,NA,NA,NA,NA,NA,NA,1.85986023434102,33
"8812","Kitsumkalum-Sockeye","Sockeye",1982,5567.532077072,1032,NA,NA,312.124009692,1887.075527472,3368.332539908,0,0,NA,NA,NA,NA,NA,NA,NA,NA,NA,NA,NA,NA,NA,NA,NA,NA,NA,NA,NA,NA,NA,NA,NA,NA,1.68545321455918,33
"8813","Kitsumkalum-Sockeye","Sockeye",1983,6344.53819684,825,NA,NA,296.791845624,3035.289084744,3012.457266472,0,0,NA,NA,NA,NA,NA,NA,NA,NA,NA,NA,NA,NA,NA,NA,NA,NA,NA,NA,NA,NA,NA,NA,NA,NA,2.03996620894914,33
"8814","Kitsumkalum-Sockeye","Sockeye",1984,6872.620548736,1069,NA,NA,477.378375348,2714.600934096,3680.641239292,0,0,NA,NA,NA,NA,NA,NA,NA,NA,NA,NA,NA,NA,NA,NA,NA,NA,NA,NA,NA,NA,NA,NA,NA,NA,1.86082184960057,33
"8815","Kitsumkalum-Sockeye","Sockeye",1985,10798.018512236,2137,NA,NA,426.941799432,3316.718300856,7054.358411948,0,0,NA,NA,NA,NA,NA,NA,NA,NA,NA,NA,NA,NA,NA,NA,NA,NA,NA,NA,NA,NA,NA,NA,NA,NA,1.61995966987103,33
"8816","Kitsumkalum-Sockeye","Sockeye",1986,14875.658728232,2137,NA,NA,521.640459852,6356.859613464,7997.158654916,0,0,NA,NA,NA,NA,NA,NA,NA,NA,NA,NA,NA,NA,NA,NA,NA,NA,NA,NA,NA,NA,NA,NA,NA,NA,1.94032325836506,33
"8817","Kitsumkalum-Sockeye","Sockeye",1987,30332.168049476,4274,NA,NA,999.781974588,7206.440601288,22125.9454736,0,0,NA,NA,NA,NA,NA,NA,NA,NA,NA,NA,NA,NA,NA,NA,NA,NA,NA,NA,NA,NA,NA,NA,NA,NA,1.95965864426253,33
"8818","Kitsumkalum-Sockeye","Sockeye",1988,37854.077887908,2564,NA,NA,1133.400743796,19938.2454048,16782.431739312,0,0,NA,NA,NA,NA,NA,NA,NA,NA,NA,NA,NA,NA,NA,NA,NA,NA,NA,NA,NA,NA,NA,NA,NA,NA,2.69217017314344,33
"8819","Kitsumkalum-Sockeye","Sockeye",1989,43801.619747056,3847,NA,NA,3135.8091216,15123.070917216,25542.73970824,0,0,NA,NA,NA,NA,NA,NA,NA,NA,NA,NA,NA,NA,NA,NA,NA,NA,NA,NA,NA,NA,NA,NA,NA,NA,2.43237717345487,33
"8820","Kitsumkalum-Sockeye","Sockeye",1990,52298.306116936,6411,NA,NA,2378.497343472,23017.20454032,26902.604233144,0,0,NA,NA,NA,NA,NA,NA,NA,NA,NA,NA,NA,NA,NA,NA,NA,NA,NA,NA,NA,NA,NA,NA,NA,NA,2.09894871771977,33
"8821","Kitsumkalum-Sockeye","Sockeye",1991,39029.417678448,6411,NA,NA,3620.05575144,24242.612631792,11166.749295216,0,0,NA,NA,NA,NA,NA,NA,NA,NA,NA,NA,NA,NA,NA,NA,NA,NA,NA,NA,NA,NA,NA,NA,NA,NA,1.80630039623106,33
"8822","Kitsumkalum-Sockeye","Sockeye",1992,35940.177966852,17096,NA,NA,3812.783135064,10062.638366688,22064.7564651,0,NA,NA,NA,NA,NA,NA,NA,NA,NA,NA,NA,NA,NA,NA,NA,NA,NA,NA,NA,NA,NA,NA,NA,NA,NA,0.743011315102934,33
"8823","Kitsumkalum-Sockeye","Sockeye",1993,34980.657475308,14959,NA,NA,1582.612338096,19883.1064518,13514.938685412,NA,0,NA,NA,NA,NA,NA,NA,NA,NA,NA,NA,NA,NA,NA,NA,NA,NA,NA,NA,NA,NA,NA,NA,NA,NA,0.849482139770722,33
"8824","Kitsumkalum-Sockeye","Sockeye",1997,42946.600895264,15600,NA,NA,3334.155986172,16037.054202144,23575.390706948,0,0,NA,NA,NA,NA,NA,NA,NA,NA,NA,NA,NA,NA,NA,NA,NA,NA,NA,NA,NA,NA,NA,NA,NA,NA,1.01268659007123,33
"8825","Kitsumkalum-Sockeye","Sockeye",1998,58405.474932928,16669,NA,NA,2522.245053648,21244.376923464,34638.852955816,0,0,NA,NA,NA,NA,NA,NA,NA,NA,NA,NA,NA,NA,NA,NA,NA,NA,NA,NA,NA,NA,NA,NA,NA,NA,1.25385892733059,33
"8826","Kitsumkalum-Sockeye","Sockeye",2000,31039.098268452,24345,NA,NA,4909.206306696,15942.656314608,10187.235647148,0,0,NA,NA,NA,NA,NA,NA,NA,NA,NA,NA,NA,NA,NA,NA,NA,NA,NA,NA,NA,NA,NA,NA,NA,NA,0.242921154628608,33
"8827","Kitsumkalum-Sockeye","Sockeye",2001,25734.900346196,19705,NA,NA,2507.398523736,9179.974007064,14047.527815396,0,0,NA,NA,NA,NA,NA,NA,NA,NA,NA,NA,NA,NA,NA,NA,NA,NA,NA,NA,NA,NA,NA,NA,NA,NA,0.2669756501439,33
"8828","Kitsumkalum-Sockeye","Sockeye",2002,29828.435316284,26926,NA,NA,1443.790345788,12658.580273928,15726.064696568,0,0,NA,NA,NA,NA,NA,NA,NA,NA,NA,NA,NA,NA,NA,NA,NA,NA,NA,NA,NA,NA,NA,NA,NA,NA,0.102369781234318,33
"8829","Kitsumkalum-Sockeye","Sockeye",2003,33374.756790384,48870,NA,NA,1990.891910676,14171.152032624,17212.712847084,0,0,NA,NA,NA,NA,NA,NA,NA,NA,NA,NA,NA,NA,NA,NA,NA,NA,NA,NA,NA,NA,NA,NA,NA,NA,-0.381363881767707,33
"8830","Kitsumkalum-Sockeye","Sockeye",2004,32497.890643652,24441,NA,NA,2228.783270808,15510.808034712,14758.299338132,0,0,NA,NA,NA,NA,NA,NA,NA,NA,NA,NA,NA,NA,NA,NA,NA,NA,NA,NA,NA,NA,NA,NA,NA,NA,0.284913133960523,33
"8831","Kitsumkalum-Sockeye","Sockeye",2005,47304.73917516,16175,NA,NA,2439.479118204,13299.074351976,31566.18570498,0,0,NA,NA,NA,NA,NA,NA,NA,NA,NA,NA,NA,NA,NA,NA,NA,NA,NA,NA,NA,NA,NA,NA,NA,NA,1.07314364406985,33
"8832","Kitsumkalum-Sockeye","Sockeye",2006,54575.178506808,18833,NA,NA,2091.626309892,28445.08307364,24038.469123276,0,NA,NA,NA,NA,NA,NA,NA,NA,NA,NA,NA,NA,NA,NA,NA,NA,NA,NA,NA,NA,NA,NA,NA,NA,NA,1.06396852307115,33
"8833","Kitsumkalum-Sockeye","Sockeye",2007,53583.809930112,16963,NA,NA,4473.73122138,21661.668519768,27448.410188964,NA,0,NA,NA,NA,NA,NA,NA,NA,NA,NA,NA,NA,NA,NA,NA,NA,NA,NA,NA,NA,NA,NA,NA,NA,NA,1.15021246739312,33
"8834","Kitsumkalum-Sockeye","Sockeye",2011,31344.537655004,33624,NA,NA,2600.709657996,12641.818032216,16102.009964792,0,0,NA,NA,NA,NA,NA,NA,NA,NA,NA,NA,NA,NA,NA,NA,NA,NA,NA,NA,NA,NA,NA,NA,NA,NA,-0.0702000832849353,33
"8835","Kitsumkalum-Sockeye","Sockeye",2012,31199.207797004,41172,NA,NA,1988.255610972,14509.925759856,14701.026426176,0,NA,NA,NA,NA,NA,NA,NA,NA,NA,NA,NA,NA,NA,NA,NA,NA,NA,NA,NA,NA,NA,NA,NA,NA,NA,-0.277365710292903,33
"8836","Kitsumkalum-Sockeye","Sockeye",2017,37550.2316129,27215,NA,NA,1108.841530764,10826.202587832,25615.187494304,NA,NA,NA,NA,NA,NA,NA,NA,NA,NA,NA,NA,NA,NA,NA,NA,NA,NA,NA,NA,NA,NA,NA,NA,NA,NA,0.321911254424798,33
"8837","Lakelse-Sockeye","Sockeye",1960,90679.12060083,11351,NA,NA,0,19773.015078885,70906.105521945,0,0,NA,NA,NA,NA,NA,NA,NA,NA,NA,NA,NA,NA,NA,NA,NA,NA,NA,NA,NA,NA,NA,NA,NA,NA,2.0780212819897,34
"8838","Lakelse-Sockeye","Sockeye",1961,66617.71357076,14882,NA,NA,0,32088.894478055,34528.819092705,0,0,NA,NA,NA,NA,NA,NA,NA,NA,NA,NA,NA,NA,NA,NA,NA,NA,NA,NA,NA,NA,NA,NA,NA,NA,1.49881808273858,34
"8839","Lakelse-Sockeye","Sockeye",1962,41780.100503185,17337,NA,NA,0,15626.180907295,26153.91959589,0,0,NA,NA,NA,NA,NA,NA,NA,NA,NA,NA,NA,NA,NA,NA,NA,NA,NA,NA,NA,NA,NA,NA,NA,NA,0.879577215655165,34
"8840","Lakelse-Sockeye","Sockeye",1963,33270.040201384,19927,NA,NA,0,11836.08040411,21433.959797274,0,0,NA,NA,NA,NA,NA,NA,NA,NA,NA,NA,NA,NA,NA,NA,NA,NA,NA,NA,NA,NA,NA,NA,NA,NA,0.512581702316569,34
"8841","Lakelse-Sockeye","Sockeye",1964,21402.869347515,52434,NA,NA,0,9700.040202726,11702.829144789,0,0,NA,NA,NA,NA,NA,NA,NA,NA,NA,NA,NA,NA,NA,NA,NA,NA,NA,NA,NA,NA,NA,NA,NA,NA,-0.896030241174219,34
"8842","Lakelse-Sockeye","Sockeye",1965,14672.06532682,87785,NA,NA,0,5296.170855211,9375.894471609,0,0,NA,NA,NA,NA,NA,NA,NA,NA,NA,NA,NA,NA,NA,NA,NA,NA,NA,NA,NA,NA,NA,NA,NA,NA,-1.7889452752347,34
"8843","Lakelse-Sockeye","Sockeye",1966,9743.758794281,39883,NA,NA,0,4243.105528391,5500.65326589,0,0,NA,NA,NA,NA,NA,NA,NA,NA,NA,NA,NA,NA,NA,NA,NA,NA,NA,NA,NA,NA,NA,NA,NA,NA,-1.40932321156172,34
"8844","Lakelse-Sockeye","Sockeye",1967,7374.532663366,29448,NA,NA,0,2489.34673411,4885.185929256,0,0,NA,NA,NA,NA,NA,NA,NA,NA,NA,NA,NA,NA,NA,NA,NA,NA,NA,NA,NA,NA,NA,NA,NA,NA,-1.38459346353784,34
"8845","Lakelse-Sockeye","Sockeye",1968,5616.537688561,24939,NA,NA,0,2210.814070744,3405.723617817,0,0,NA,NA,NA,NA,NA,NA,NA,NA,NA,NA,NA,NA,NA,NA,NA,NA,NA,NA,NA,NA,NA,NA,NA,NA,-1.49071743881141,34
"8846","Lakelse-Sockeye","Sockeye",1969,6181.376884323,14220,NA,NA,0,1541.276382183,4640.10050214,0,0,NA,NA,NA,NA,NA,NA,NA,NA,NA,NA,NA,NA,NA,NA,NA,NA,NA,NA,NA,NA,NA,NA,NA,NA,-0.833108380905001,34
"8847","Lakelse-Sockeye","Sockeye",1970,6640.175879405,11376,NA,NA,0,2099.89949786,4540.276381545,0,0,NA,NA,NA,NA,NA,NA,NA,NA,NA,NA,NA,NA,NA,NA,NA,NA,NA,NA,NA,NA,NA,NA,NA,NA,-0.538367422061141,34
"8848","Lakelse-Sockeye","Sockeye",1971,7609.763819014,6563,NA,NA,0,2054.723618455,5555.040200559,0,0,NA,NA,NA,NA,NA,NA,NA,NA,NA,NA,NA,NA,NA,NA,NA,NA,NA,NA,NA,NA,NA,NA,NA,NA,0.147984320291196,34
"8849","Lakelse-Sockeye","Sockeye",1972,6829.8040202,5797,NA,NA,0,2513.959799441,4315.844220759,0,0,NA,NA,NA,NA,NA,NA,NA,NA,NA,NA,NA,NA,NA,NA,NA,NA,NA,NA,NA,NA,NA,NA,NA,NA,0.163955436845634,34
"8850","Lakelse-Sockeye","Sockeye",1973,12071.190954308,3938,NA,NA,0,1953.155779241,10118.035175067,0,0,NA,NA,NA,NA,NA,NA,NA,NA,NA,NA,NA,NA,NA,NA,NA,NA,NA,NA,NA,NA,NA,NA,NA,NA,1.12014872063863,34
"8851","Lakelse-Sockeye","Sockeye",1974,15088.035175848,5250,NA,NA,0,4578.964824933,10509.070350915,0,0,NA,NA,NA,NA,NA,NA,NA,NA,NA,NA,NA,NA,NA,NA,NA,NA,NA,NA,NA,NA,NA,NA,NA,NA,1.05567398066396,34
"8852","Lakelse-Sockeye","Sockeye",1975,29889.577888273,5688,NA,NA,0,4755.929649085,25133.648239188,0,0,NA,NA,NA,NA,NA,NA,NA,NA,NA,NA,NA,NA,NA,NA,NA,NA,NA,NA,NA,NA,NA,NA,NA,NA,1.65915116152299,34
"8853","Lakelse-Sockeye","Sockeye",1976,24899.487438118,6563,NA,NA,0,11374.351760812,13525.135677306,0,0,NA,NA,NA,NA,NA,NA,NA,NA,NA,NA,NA,NA,NA,NA,NA,NA,NA,NA,NA,NA,NA,NA,NA,NA,1.33339940295267,34
"8854","Lakelse-Sockeye","Sockeye",1977,32364.969848225,5086,NA,NA,0,6120.864322694,26244.105525531,0,0,NA,NA,NA,NA,NA,NA,NA,NA,NA,NA,NA,NA,NA,NA,NA,NA,NA,NA,NA,NA,NA,NA,NA,NA,1.8505849933804,34
"8855","Lakelse-Sockeye","Sockeye",1978,26513.175880329,11813,NA,NA,0,11876.894474469,14636.28140586,0,0,NA,NA,NA,NA,NA,NA,NA,NA,NA,NA,NA,NA,NA,NA,NA,NA,NA,NA,NA,NA,NA,NA,NA,NA,0.808441192492606,34
"8856","Lakelse-Sockeye","Sockeye",1979,14311.552764377,12470,NA,NA,0,6623.71859414,7687.834170237,0,0,NA,NA,NA,NA,NA,NA,NA,NA,NA,NA,NA,NA,NA,NA,NA,NA,NA,NA,NA,NA,NA,NA,NA,NA,0.137741337030755,34
"8857","Lakelse-Sockeye","Sockeye",1980,34576.788942844,29446,NA,NA,0,3479.165829763,31097.623113081,0,0,NA,NA,NA,NA,NA,NA,NA,NA,NA,NA,NA,NA,NA,NA,NA,NA,NA,NA,NA,NA,NA,NA,NA,NA,0.160624539704563,34
"8858","Lakelse-Sockeye","Sockeye",1981,21750.884423991,15970,NA,NA,0,14073.376886919,7677.507537072,0,0,NA,NA,NA,NA,NA,NA,NA,NA,NA,NA,NA,NA,NA,NA,NA,NA,NA,NA,NA,NA,NA,NA,NA,NA,0.308942457653048,34
"8859","Lakelse-Sockeye","Sockeye",1982,7471.587939994,30117,NA,NA,0,3474.492462928,3997.095477066,0,0,NA,NA,NA,NA,NA,NA,NA,NA,NA,NA,NA,NA,NA,NA,NA,NA,NA,NA,NA,NA,NA,NA,NA,NA,-1.3939822441887,34
"8860","Lakelse-Sockeye","Sockeye",1983,11881.502512075,19251,NA,NA,0,1808.904522934,10072.597989141,0,0,NA,NA,NA,NA,NA,NA,NA,NA,NA,NA,NA,NA,NA,NA,NA,NA,NA,NA,NA,NA,NA,NA,NA,NA,-0.482580227418774,34
"8861","Lakelse-Sockeye","Sockeye",1984,11051.788945011,9516,NA,NA,0,4558.402010859,6493.386934152,0,0,NA,NA,NA,NA,NA,NA,NA,NA,NA,NA,NA,NA,NA,NA,NA,NA,NA,NA,NA,NA,NA,NA,NA,NA,0.149617717895501,34
"8862","Lakelse-Sockeye","Sockeye",1985,5286.201005358,36315,NA,NA,0,2938.613065848,2347.58793951,0,0,NA,NA,NA,NA,NA,NA,NA,NA,NA,NA,NA,NA,NA,NA,NA,NA,NA,NA,NA,NA,NA,NA,NA,NA,-1.92713103761376,34
"8863","Lakelse-Sockeye","Sockeye",1986,12935.974873607,8969,NA,NA,0,1062.41206049,11873.562813117,0,0,NA,NA,NA,NA,NA,NA,NA,NA,NA,NA,NA,NA,NA,NA,NA,NA,NA,NA,NA,NA,NA,NA,NA,NA,0.366237992775195,34
"8864","Lakelse-Sockeye","Sockeye",1987,16469.748743781,5305,NA,NA,0,5373.437186883,11096.311556898,0,0,NA,NA,NA,NA,NA,NA,NA,NA,NA,NA,NA,NA,NA,NA,NA,NA,NA,NA,NA,NA,NA,NA,NA,NA,1.13287551662053,34
"8865","Lakelse-Sockeye","Sockeye",1988,18320.326632989,10446,NA,NA,0,5021.688443102,13298.638189887,0,0,NA,NA,NA,NA,NA,NA,NA,NA,NA,NA,NA,NA,NA,NA,NA,NA,NA,NA,NA,NA,NA,NA,NA,NA,0.561792058384564,34
"8866","Lakelse-Sockeye","Sockeye",1989,8850.613066167,7679,NA,NA,0,6018.361810113,2832.251256054,0,0,NA,NA,NA,NA,NA,NA,NA,NA,NA,NA,NA,NA,NA,NA,NA,NA,NA,NA,NA,NA,NA,NA,NA,NA,0.141997399285387,34
"8867","Lakelse-Sockeye","Sockeye",1990,27854.929646335,2691,NA,NA,0,1281.748743946,26573.180902389,0,0,NA,NA,NA,NA,NA,NA,NA,NA,NA,NA,NA,NA,NA,NA,NA,NA,NA,NA,NA,NA,NA,NA,NA,NA,2.33709708601436,34
"8868","Lakelse-Sockeye","Sockeye",1991,35400.497487694,13454,NA,NA,0,12025.819097611,23374.678390083,0,0,NA,NA,NA,NA,NA,NA,NA,NA,NA,NA,NA,NA,NA,NA,NA,NA,NA,NA,NA,NA,NA,NA,NA,NA,0.967449413762257,34
"8869","Lakelse-Sockeye","Sockeye",1992,14903.80402163,10391,NA,NA,0,10578.321609917,4325.482411713,0,0,NA,NA,NA,NA,NA,NA,NA,NA,NA,NA,NA,NA,NA,NA,NA,NA,NA,NA,NA,NA,NA,NA,NA,NA,0.360676436961621,34
"8870","Lakelse-Sockeye","Sockeye",1993,6629.974874344,13673,NA,NA,0,1957.517588287,4672.457286057,0,NA,NA,NA,NA,NA,NA,NA,NA,NA,NA,NA,NA,NA,NA,NA,NA,NA,NA,NA,NA,NA,NA,NA,NA,NA,-0.723822070828059,34
"8871","Lakelse-Sockeye","Sockeye",1994,11095.959798649,3117,NA,NA,0,2114.542713943,8981.417084706,NA,0,NA,NA,NA,NA,NA,NA,NA,NA,NA,NA,NA,NA,NA,NA,NA,NA,NA,NA,NA,NA,NA,NA,NA,NA,1.26971005917183,34
"8872","Lakelse-Sockeye","Sockeye",1999,5143.919597837,9933,NA,NA,NA,1009.135678571,4134.783919266,0,0,NA,NA,NA,NA,NA,NA,NA,NA,NA,NA,NA,NA,NA,NA,NA,NA,NA,NA,NA,NA,NA,NA,NA,NA,-0.658047190700576,34
"8873","Lakelse-Sockeye","Sockeye",2001,4974.115578242,10962,NA,NA,0,2917.738693985,2056.376884257,0,0,NA,NA,NA,NA,NA,NA,NA,NA,NA,NA,NA,NA,NA,NA,NA,NA,NA,NA,NA,NA,NA,NA,NA,NA,-0.790187165034589,34
"8874","Lakelse-Sockeye","Sockeye",2003,7867.577889384,2784,NA,NA,0,2205.82914612,5661.748743264,0,0,NA,NA,NA,NA,NA,NA,NA,NA,NA,NA,NA,NA,NA,NA,NA,NA,NA,NA,NA,NA,NA,NA,NA,NA,1.03886150757938,34
"8875","Lakelse-Sockeye","Sockeye",2004,10288.638190789,5169,NA,NA,0,2562.251256736,7726.386934053,0,0,NA,NA,NA,NA,NA,NA,NA,NA,NA,NA,NA,NA,NA,NA,NA,NA,NA,NA,NA,NA,NA,NA,NA,NA,0.688360951899122,34
"8876","Lakelse-Sockeye","Sockeye",2005,19191.718592325,8283,NA,NA,0,3496.613065947,15695.105526378,0,0,NA,NA,NA,NA,NA,NA,NA,NA,NA,NA,NA,NA,NA,NA,NA,NA,NA,NA,NA,NA,NA,NA,NA,NA,0.840273641054544,34
"8877","Lakelse-Sockeye","Sockeye",2006,25761.743718355,2531,NA,NA,0,7102.894473622,18658.849244733,0,0,NA,NA,NA,NA,NA,NA,NA,NA,NA,NA,NA,NA,NA,NA,NA,NA,NA,NA,NA,NA,NA,NA,NA,NA,2.32027610831217,34
"8878","Lakelse-Sockeye","Sockeye",2007,29831.984924404,6126,NA,NA,0,8444.150755267,21387.834169137,0,0,NA,NA,NA,NA,NA,NA,NA,NA,NA,NA,NA,NA,NA,NA,NA,NA,NA,NA,NA,NA,NA,NA,NA,NA,1.58303912911598,34
"8879","Lakelse-Sockeye","Sockeye",2008,29144.869346888,7415,NA,NA,0,9679.165830863,19465.703516025,0,0,NA,NA,NA,NA,NA,NA,NA,NA,NA,NA,NA,NA,NA,NA,NA,NA,NA,NA,NA,NA,NA,NA,NA,NA,1.36877391303217,34
"8880","Lakelse-Sockeye","Sockeye",2009,24052.783919937,10307,NA,NA,0,8809.296483975,15243.487435962,0,0,NA,NA,NA,NA,NA,NA,NA,NA,NA,NA,NA,NA,NA,NA,NA,NA,NA,NA,NA,NA,NA,NA,NA,NA,0.847427469304699,34
"8881","Lakelse-Sockeye","Sockeye",2010,27724.577888999,20755,NA,NA,0,6898.512564038,20826.065324961,0,0,NA,NA,NA,NA,NA,NA,NA,NA,NA,NA,NA,NA,NA,NA,NA,NA,NA,NA,NA,NA,NA,NA,NA,NA,0.289532126692138,34
"8882","Lakelse-Sockeye","Sockeye",2011,32682.577889252,23816,NA,NA,0,9424.934675039,23257.643214213,0,0,NA,NA,NA,NA,NA,NA,NA,NA,NA,NA,NA,NA,NA,NA,NA,NA,NA,NA,NA,NA,NA,NA,NA,NA,0.316484525947293,34
"8883","Lakelse-Sockeye","Sockeye",2012,19262.376885588,27601,NA,NA,0,10525.356785787,8737.020099801,0,0,NA,NA,NA,NA,NA,NA,NA,NA,NA,NA,NA,NA,NA,NA,NA,NA,NA,NA,NA,NA,NA,NA,NA,NA,-0.359698194728602,34
"8884","Lakelse-Sockeye","Sockeye",2013,11809.105527709,26468,NA,NA,0,3953.979900199,7855.12562751,0,0,NA,NA,NA,NA,NA,NA,NA,NA,NA,NA,NA,NA,NA,NA,NA,NA,NA,NA,NA,NA,NA,NA,NA,NA,-0.807065567360163,34
"8885","Lakelse-Sockeye","Sockeye",2014,15674.899497145,20513,NA,NA,0,3554.87437249,12120.025124655,0,0,NA,NA,NA,NA,NA,NA,NA,NA,NA,NA,NA,NA,NA,NA,NA,NA,NA,NA,NA,NA,NA,NA,NA,NA,-0.268998156666961,34
"8886","Lakelse-Sockeye","Sockeye",2015,6382.703518489,28535,NA,NA,0,5484.974875345,897.728643144,0,0,NA,NA,NA,NA,NA,NA,NA,NA,NA,NA,NA,NA,NA,NA,NA,NA,NA,NA,NA,NA,NA,NA,NA,NA,-1.49753964740875,34
"8887","Lakelse-Sockeye","Sockeye",2016,8313.718592402,29730,NA,NA,0,406.271356856,7907.447235546,0,NA,NA,NA,NA,NA,NA,NA,NA,NA,NA,NA,NA,NA,NA,NA,NA,NA,NA,NA,NA,NA,NA,NA,NA,NA,-1.27424964419021,34
"8888","Lakelse-Sockeye","Sockeye",2017,17410.733667866,12526,NA,NA,0,3578.552764454,13832.180903412,NA,NA,NA,NA,NA,NA,NA,NA,NA,NA,NA,NA,NA,NA,NA,NA,NA,NA,NA,NA,NA,NA,NA,NA,NA,NA,0.329280409390135,34
"8889","Mcdonell-Sockeye","Sockeye",1960,4455.346298492,1500,NA,NA,132.023114124,589.325129664,3733.998054704,0,0,NA,NA,NA,NA,NA,NA,NA,NA,NA,NA,NA,NA,NA,NA,NA,NA,NA,NA,NA,NA,NA,NA,NA,NA,1.08863968233949,35
"8890","Mcdonell-Sockeye","Sockeye",1961,9020.79086818,1500,NA,NA,92.686747488,3364.799467872,5563.30465282,0,0,NA,NA,NA,NA,NA,NA,NA,NA,NA,NA,NA,NA,NA,NA,NA,NA,NA,NA,NA,NA,NA,NA,NA,NA,1.79406690152187,35
"8891","Mcdonell-Sockeye","Sockeye",1962,5832.716740508,1000,NA,NA,529.202477424,5013.23360676,290.280656324,0,0,NA,NA,NA,NA,NA,NA,NA,NA,NA,NA,NA,NA,NA,NA,NA,NA,NA,NA,NA,NA,NA,NA,NA,NA,1.76348288504735,35
"8892","Mcdonell-Sockeye","Sockeye",1963,4485.926138744,1600,NA,NA,788.46174042,261.579193032,3435.885205292,0,0,NA,NA,NA,NA,NA,NA,NA,NA,NA,NA,NA,NA,NA,NA,NA,NA,NA,NA,NA,NA,NA,NA,NA,NA,1.03094134188035,35
"8893","Mcdonell-Sockeye","Sockeye",1964,4383.600364628,1000,NA,NA,41.140150644,3096.162488856,1246.297725128,0,0,NA,NA,NA,NA,NA,NA,NA,NA,NA,NA,NA,NA,NA,NA,NA,NA,NA,NA,NA,NA,NA,NA,NA,NA,1.47787038778713,35
"8894","Mcdonell-Sockeye","Sockeye",1965,3537.72102434,6000,NA,NA,486.952305852,1123.070194704,1927.698523784,0,0,NA,NA,NA,NA,NA,NA,NA,NA,NA,NA,NA,NA,NA,NA,NA,NA,NA,NA,NA,NA,NA,NA,NA,NA,-0.528276727831718,35
"8895","Mcdonell-Sockeye","Sockeye",1966,3629.46945382,8000,NA,NA,176.632080168,1737.097575312,1715.73979834,0,0,NA,NA,NA,NA,NA,NA,NA,NA,NA,NA,NA,NA,NA,NA,NA,NA,NA,NA,NA,NA,NA,NA,NA,NA,-0.790355060057353,35
"8896","Mcdonell-Sockeye","Sockeye",1967,2618.183838,400,NA,NA,273.203900904,1546.09624212,798.883694976,0,0,NA,NA,NA,NA,NA,NA,NA,NA,NA,NA,NA,NA,NA,NA,NA,NA,NA,NA,NA,NA,NA,NA,NA,NA,1.87877161767572,35
"8897","Mcdonell-Sockeye","Sockeye",1968,3740.060091672,5000,NA,NA,243.16395954,719.894170368,2777.001961764,0,0,NA,NA,NA,NA,NA,NA,NA,NA,NA,NA,NA,NA,NA,NA,NA,NA,NA,NA,NA,NA,NA,NA,NA,NA,-0.290336233844759,35
"8898","Mcdonell-Sockeye","Sockeye",1969,5205.167217328,1944,NA,NA,113.222134656,2502.426242952,2589.51883972,0,NA,NA,NA,NA,NA,NA,NA,NA,NA,NA,NA,NA,NA,NA,NA,NA,NA,NA,NA,NA,NA,NA,NA,NA,NA,0.984904121800447,35
"8899","Mcdonell-Sockeye","Sockeye",1970,2849.430303244,3000,NA,NA,393.571795284,2333.48049096,122.378017,NA,0,NA,NA,NA,NA,NA,NA,NA,NA,NA,NA,NA,NA,NA,NA,NA,NA,NA,NA,NA,NA,NA,NA,NA,NA,-0.0514932079675353,35
"8900","Mcdonell-Sockeye","Sockeye",1974,6504.984520864,3600,NA,NA,114.4709082,4925.893505208,1464.620107456,0,0,NA,NA,NA,NA,NA,NA,NA,NA,NA,NA,NA,NA,NA,NA,NA,NA,NA,NA,NA,NA,NA,NA,NA,NA,0.591634886924477,35
"8901","Mcdonell-Sockeye","Sockeye",1975,2284.951404896,200,NA,NA,774.725231436,1319.805979008,190.420194452,0,0,NA,NA,NA,NA,NA,NA,NA,NA,NA,NA,NA,NA,NA,NA,NA,NA,NA,NA,NA,NA,NA,NA,NA,NA,2.43578266955018,35
"8902","Mcdonell-Sockeye","Sockeye",1977,3186.458656188,1200,NA,NA,26.987383812,1814.292109512,1345.179162864,0,0,NA,NA,NA,NA,NA,NA,NA,NA,NA,NA,NA,NA,NA,NA,NA,NA,NA,NA,NA,NA,NA,NA,NA,NA,0.976588604215912,35
"8903","Mcdonell-Sockeye","Sockeye",1978,7096.069019272,8000,NA,NA,285.344754804,1212.174742752,5598.549521716,0,0,NA,NA,NA,NA,NA,NA,NA,NA,NA,NA,NA,NA,NA,NA,NA,NA,NA,NA,NA,NA,NA,NA,NA,NA,-0.119900570215914,35
"8904","Mcdonell-Sockeye","Sockeye",1979,5825.99129208,2200,NA,NA,190.646094384,5044.993643688,590.351554008,0,0,NA,NA,NA,NA,NA,NA,NA,NA,NA,NA,NA,NA,NA,NA,NA,NA,NA,NA,NA,NA,NA,NA,NA,NA,0.973871803506562,35
"8905","Mcdonell-Sockeye","Sockeye",1980,2235.92989962,280,NA,NA,793.456834596,531.980618544,910.49244648,0,0,NA,NA,NA,NA,NA,NA,NA,NA,NA,NA,NA,NA,NA,NA,NA,NA,NA,NA,NA,NA,NA,NA,NA,NA,2.07762287981823,35
"8906","Mcdonell-Sockeye","Sockeye",1981,4892.679778152,3000,NA,NA,83.667827448,820.46762064,3988.544330064,0,0,NA,NA,NA,NA,NA,NA,NA,NA,NA,NA,NA,NA,NA,NA,NA,NA,NA,NA,NA,NA,NA,NA,NA,NA,0.489127876607015,35
"8907","Mcdonell-Sockeye","Sockeye",1982,7137.564119532,2000,NA,NA,129.03993288,3594.177512352,3414.3466743,0,NA,NA,NA,NA,NA,NA,NA,NA,NA,NA,NA,NA,NA,NA,NA,NA,NA,NA,NA,NA,NA,NA,NA,NA,NA,1.27222437785392,35
"8908","Mcdonell-Sockeye","Sockeye",1983,6940.364049168,10000,NA,NA,565.278157584,3076.7535774,3298.332314184,NA,0,NA,NA,NA,NA,NA,NA,NA,NA,NA,NA,NA,NA,NA,NA,NA,NA,NA,NA,NA,NA,NA,NA,NA,NA,-0.365230863198685,35
"8909","Mcdonell-Sockeye","Sockeye",1987,9797.143657304,6000,NA,NA,297.138727164,780.326462856,8719.678467284,0,NA,NA,NA,NA,NA,NA,NA,NA,NA,NA,NA,NA,NA,NA,NA,NA,NA,NA,NA,NA,NA,NA,NA,NA,NA,0.49033141042431,35
"8910","Mcdonell-Sockeye","Sockeye",1988,20798.121547744,4000,NA,NA,122.726688852,7857.521358312,12817.87350058,NA,NA,NA,NA,NA,NA,NA,NA,NA,NA,NA,NA,NA,NA,NA,NA,NA,NA,NA,NA,NA,NA,NA,NA,NA,NA,1.64856831130455,35
"8911","Mcdonell-Sockeye","Sockeye",2002,6057.795979264,7072,NA,NA,470.995755012,3292.457161536,2294.343062716,0,0,NA,NA,NA,NA,NA,NA,NA,NA,NA,NA,NA,NA,NA,NA,NA,NA,NA,NA,NA,NA,NA,NA,NA,NA,-0.154797291200348,35
"8912","Mcdonell-Sockeye","Sockeye",2003,2761.53928908,9106,NA,NA,517.824762912,2067.490181688,176.22434448,0,0,NA,NA,NA,NA,NA,NA,NA,NA,NA,NA,NA,NA,NA,NA,NA,NA,NA,NA,NA,NA,NA,NA,NA,NA,-1.19314529921309,35
"8913","Mcdonell-Sockeye","Sockeye",2004,2486.071298356,6000,NA,NA,325.166755596,158.80018464,2002.10435812,0,0,NA,NA,NA,NA,NA,NA,NA,NA,NA,NA,NA,NA,NA,NA,NA,NA,NA,NA,NA,NA,NA,NA,NA,NA,-0.881055796600677,35
"8914","Mcdonell-Sockeye","Sockeye",2005,3905.632205496,5887,NA,NA,24.97547088,1804.14654216,2076.510192456,0,0,NA,NA,NA,NA,NA,NA,NA,NA,NA,NA,NA,NA,NA,NA,NA,NA,NA,NA,NA,NA,NA,NA,NA,NA,-0.410326863444457,35
"8915","Mcdonell-Sockeye","Sockeye",2006,4279.916495916,5479,NA,NA,283.74909972,1871.195509008,2124.971887188,0,0,NA,NA,NA,NA,NA,NA,NA,NA,NA,NA,NA,NA,NA,NA,NA,NA,NA,NA,NA,NA,NA,NA,NA,NA,-0.246989103452902,35
"8916","Mcdonell-Sockeye","Sockeye",2007,4409.027091912,3901,NA,NA,294.294298536,1914.865559784,2199.867233592,0,0,NA,NA,NA,NA,NA,NA,NA,NA,NA,NA,NA,NA,NA,NA,NA,NA,NA,NA,NA,NA,NA,NA,NA,NA,0.122421120516458,35
"8917","Mcdonell-Sockeye","Sockeye",2008,4031.076274044,327,NA,NA,301.162553028,1982.355638256,1747.55808276,0,0,NA,NA,NA,NA,NA,NA,NA,NA,NA,NA,NA,NA,NA,NA,NA,NA,NA,NA,NA,NA,NA,NA,NA,NA,2.51182851390743,35
"8918","Mcdonell-Sockeye","Sockeye",2009,4170.119423052,3736,NA,NA,311.777128152,1574.76849768,2283.57379722,0,0,NA,NA,NA,NA,NA,NA,NA,NA,NA,NA,NA,NA,NA,NA,NA,NA,NA,NA,NA,NA,NA,NA,NA,NA,0.109929153655619,35
"8919","Mcdonell-Sockeye","Sockeye",2010,9917.37180292,3836,NA,NA,247.67341956,2057.78572596,7611.9126574,0,0,NA,NA,NA,NA,NA,NA,NA,NA,NA,NA,NA,NA,NA,NA,NA,NA,NA,NA,NA,NA,NA,NA,NA,NA,0.94985778995122,35
"8920","Mcdonell-Sockeye","Sockeye",2011,12251.82369416,3719,NA,NA,323.64047682,6859.2857532,5068.89746414,0,0,NA,NA,NA,NA,NA,NA,NA,NA,NA,NA,NA,NA,NA,NA,NA,NA,NA,NA,NA,NA,NA,NA,NA,NA,1.19221998395997,35
"8921","Mcdonell-Sockeye","Sockeye",2012,9171.978369656,3940,NA,NA,1078.8015894,4567.71086652,3525.465913736,0,0,NA,NA,NA,NA,NA,NA,NA,NA,NA,NA,NA,NA,NA,NA,NA,NA,NA,NA,NA,NA,NA,NA,NA,NA,0.844972283381247,35
"8922","Mcdonell-Sockeye","Sockeye",2013,5642.835668148,3320,NA,NA,718.39166934,3176.885916048,1747.55808276,0,0,NA,NA,NA,NA,NA,NA,NA,NA,NA,NA,NA,NA,NA,NA,NA,NA,NA,NA,NA,NA,NA,NA,NA,NA,0.530421934271466,35
"8923","Mcdonell-Sockeye","Sockeye",2014,4295.82243248,4220,NA,NA,499.648170216,1574.76849768,2221.405764584,0,0,NA,NA,NA,NA,NA,NA,NA,NA,NA,NA,NA,NA,NA,NA,NA,NA,NA,NA,NA,NA,NA,NA,NA,NA,0.0178078950828007,35
"8924","Mcdonell-Sockeye","Sockeye",2015,2383.074763836,14568,NA,NA,247.67341956,2001.764549712,133.636794564,0,0,NA,NA,NA,NA,NA,NA,NA,NA,NA,NA,NA,NA,NA,NA,NA,NA,NA,NA,NA,NA,NA,NA,NA,NA,-1.81043577097122,35
"8925","Mcdonell-Sockeye","Sockeye",2016,3291.556075836,8924,NA,NA,314.829685704,120.423473352,2856.30291678,0,NA,NA,NA,NA,NA,NA,NA,NA,NA,NA,NA,NA,NA,NA,NA,NA,NA,NA,NA,NA,NA,NA,NA,NA,NA,-0.997383852229989,35
"8926","Mcdonell-Sockeye","Sockeye",2017,5080.5263877,7097,NA,NA,18.939732084,2573.88632604,2487.700329576,NA,NA,NA,NA,NA,NA,NA,NA,NA,NA,NA,NA,NA,NA,NA,NA,NA,NA,NA,NA,NA,NA,NA,NA,NA,NA,-0.334257283694614,35
"8927","Kitwancool-Sockeye","Sockeye",1960,933.070501121,800,NA,NA,NA,784.555867032,148.514634089,0,NA,NA,NA,NA,NA,NA,NA,NA,NA,NA,NA,NA,NA,NA,NA,NA,NA,NA,NA,NA,NA,NA,NA,NA,NA,0.153869034227074,36
"8928","Kitwancool-Sockeye","Sockeye",1961,1443.194451687,400,NA,NA,0,1332.485365911,110.709085776,NA,0,NA,NA,NA,NA,NA,NA,NA,NA,NA,NA,NA,NA,NA,NA,NA,NA,NA,NA,NA,NA,NA,NA,NA,NA,1.28314975774107,36
"8929","Kitwancool-Sockeye","Sockeye",2000,1956.388903374,231,NA,NA,0,1828.231102992,128.157800382,0,0,NA,NA,NA,NA,NA,NA,NA,NA,NA,NA,NA,NA,NA,NA,NA,NA,NA,NA,NA,NA,NA,NA,NA,NA,2.13643794616556,36
"8930","Kitwancool-Sockeye","Sockeye",2001,2058.980398572,221,NA,NA,0,1149.842199618,909.138198954,0,0,NA,NA,NA,NA,NA,NA,NA,NA,NA,NA,NA,NA,NA,NA,NA,NA,NA,NA,NA,NA,NA,NA,NA,NA,2.23180348558711,36
"8931","Kitwancool-Sockeye","Sockeye",2002,8203.692546569,978,NA,NA,0,8156.861801046,46.830745523,0,0,NA,NA,NA,NA,NA,NA,NA,NA,NA,NA,NA,NA,NA,NA,NA,NA,NA,NA,NA,NA,NA,NA,NA,NA,2.12682997241535,36
"8932","Kitwancool-Sockeye","Sockeye",2003,634.166708323,3377,NA,NA,0,420.169254477,213.997453846,0,0,NA,NA,NA,NA,NA,NA,NA,NA,NA,NA,NA,NA,NA,NA,NA,NA,NA,NA,NA,NA,NA,NA,NA,NA,-1.67243115363111,36
"8933","Kitwancool-Sockeye","Sockeye",2004,2283.316873841,1317,NA,NA,0,1920.002546154,363.314327687,0,0,NA,NA,NA,NA,NA,NA,NA,NA,NA,NA,NA,NA,NA,NA,NA,NA,NA,NA,NA,NA,NA,NA,NA,NA,0.55027273228211,36
"8934","Kitwancool-Sockeye","Sockeye",2005,5827.755398434,937,NA,NA,0,3259.685672313,2568.069726121,0,0,NA,NA,NA,NA,NA,NA,NA,NA,NA,NA,NA,NA,NA,NA,NA,NA,NA,NA,NA,NA,NA,NA,NA,NA,1.82770391412624,36
"8935","Kitwancool-Sockeye","Sockeye",2006,23405.949361039,5139,NA,NA,0,23040.930273879,365.01908716,0,0,NA,NA,NA,NA,NA,NA,NA,NA,NA,NA,NA,NA,NA,NA,NA,NA,NA,NA,NA,NA,NA,NA,NA,NA,1.51613172823672,36
"8936","Kitwancool-Sockeye","Sockeye",2007,4062.579789366,245,NA,NA,0,3274.98091284,787.598876526,0,0,NA,NA,NA,NA,NA,NA,NA,NA,NA,NA,NA,NA,NA,NA,NA,NA,NA,NA,NA,NA,NA,NA,NA,NA,2.80831525635972,36
"8937","Kitwancool-Sockeye","Sockeye",2008,7160.363454427,1200,NA,NA,0,7066.401123474,93.962330953,0,0,NA,NA,NA,NA,NA,NA,NA,NA,NA,NA,NA,NA,NA,NA,NA,NA,NA,NA,NA,NA,NA,NA,NA,NA,1.78623918468174,36
"8938","Kitwancool-Sockeye","Sockeye",2009,2893.161355283,3047,NA,NA,0,843.037669047,2050.123686236,0,0,NA,NA,NA,NA,NA,NA,NA,NA,NA,NA,NA,NA,NA,NA,NA,NA,NA,NA,NA,NA,NA,NA,NA,NA,-0.0518077011843331,36
"8939","Kitwancool-Sockeye","Sockeye",2010,18925.961829278,20804,NA,NA,0,18393.876313764,532.085515514,0,0,NA,NA,NA,NA,NA,NA,NA,NA,NA,NA,NA,NA,NA,NA,NA,NA,NA,NA,NA,NA,NA,NA,NA,NA,-0.0946106546672501,36
"8940","Kitwancool-Sockeye","Sockeye",2011,4920.423519195,2366,NA,NA,0,4773.914484486,146.509034709,0,0,NA,NA,NA,NA,NA,NA,NA,NA,NA,NA,NA,NA,NA,NA,NA,NA,NA,NA,NA,NA,NA,NA,NA,NA,0.732193842380448,36
"8941","Kitwancool-Sockeye","Sockeye",2012,1351.895393728,5476,NA,NA,0,1314.490965291,37.404428437,0,0,NA,NA,NA,NA,NA,NA,NA,NA,NA,NA,NA,NA,NA,NA,NA,NA,NA,NA,NA,NA,NA,NA,NA,NA,-1.39886730430172,36
"8942","Kitwancool-Sockeye","Sockeye",2013,493.837362645,828,NA,NA,0,335.595571563,158.241791082,0,0,NA,NA,NA,NA,NA,NA,NA,NA,NA,NA,NA,NA,NA,NA,NA,NA,NA,NA,NA,NA,NA,NA,NA,NA,-0.516806916818902,36
"8943","Kitwancool-Sockeye","Sockeye",2014,1434.800204268,13699,NA,NA,0,1419.758208918,15.04199535,0,0,NA,NA,NA,NA,NA,NA,NA,NA,NA,NA,NA,NA,NA,NA,NA,NA,NA,NA,NA,NA,NA,NA,NA,NA,-2.25629722842639,36
"8944","Kitwancool-Sockeye","Sockeye",2015,148.99720031,4636,NA,NA,0,134.95800465,14.03919566,0,0,NA,NA,NA,NA,NA,NA,NA,NA,NA,NA,NA,NA,NA,NA,NA,NA,NA,NA,NA,NA,NA,NA,NA,NA,-3.43767968855649,36
"8945","Kitwancool-Sockeye","Sockeye",2016,179.10918791,1100,NA,NA,0,125.96080434,53.14838357,0,NA,NA,NA,NA,NA,NA,NA,NA,NA,NA,NA,NA,NA,NA,NA,NA,NA,NA,NA,NA,NA,NA,NA,NA,NA,-1.81506985058894,36
"8946","Kitwancool-Sockeye","Sockeye",2017,643.817764815,357,NA,NA,0,476.85161643,166.966148385,NA,NA,NA,NA,NA,NA,NA,NA,NA,NA,NA,NA,NA,NA,NA,NA,NA,NA,NA,NA,NA,NA,NA,NA,NA,NA,0.589679930390297,36
"8947","Morice-Sockeye","Sockeye",1960,21829.312167344,4009,NA,NA,0,941.777780748,15338.328036696,5549.2063499,0,NA,NA,NA,NA,NA,NA,NA,NA,NA,NA,NA,NA,NA,NA,NA,NA,NA,NA,NA,NA,NA,NA,NA,NA,1.69471182780883,37
"8948","Morice-Sockeye","Sockeye",1961,20352.634920614,5727,NA,NA,0,1557.798946712,14797.88359245,3996.952381452,0,NA,NA,NA,NA,NA,NA,NA,NA,NA,NA,NA,NA,NA,NA,NA,NA,NA,NA,NA,NA,NA,NA,NA,NA,1.26801855022351,37
"8949","Morice-Sockeye","Sockeye",1962,14774.021165174,3436,NA,NA,0,1502.91005765,10658.539678626,2612.571428898,0,NA,NA,NA,NA,NA,NA,NA,NA,NA,NA,NA,NA,NA,NA,NA,NA,NA,NA,NA,NA,NA,NA,NA,NA,1.45856230757956,37
"8950","Morice-Sockeye","Sockeye",1963,10169.492064613,1145,NA,NA,0,1082.507939922,6966.857140299,2120.126984392,0,NA,NA,NA,NA,NA,NA,NA,NA,NA,NA,NA,NA,NA,NA,NA,NA,NA,NA,NA,NA,NA,NA,NA,NA,2.1839876273245,37
"8951","Morice-Sockeye","Sockeye",1964,12455.973545891,5727,NA,NA,0,707.571430803,5653.671955596,6094.730159492,0,NA,NA,NA,NA,NA,NA,NA,NA,NA,NA,NA,NA,NA,NA,NA,NA,NA,NA,NA,NA,NA,NA,NA,NA,0.77700847731321,37
"8952","Morice-Sockeye","Sockeye",1965,21599.894176334,11455,NA,NA,0,574.201060012,16252.613750646,4773.079365676,0,NA,NA,NA,NA,NA,NA,NA,NA,NA,NA,NA,NA,NA,NA,NA,NA,NA,NA,NA,NA,NA,NA,NA,NA,0.634262099528863,37
"8953","Morice-Sockeye","Sockeye",1966,17082.613757484,6873,NA,NA,0,1650.656089862,12728.211635538,2703.746032084,0,NA,NA,NA,NA,NA,NA,NA,NA,NA,NA,NA,NA,NA,NA,NA,NA,NA,NA,NA,NA,NA,NA,NA,NA,0.910460514810672,37
"8954","Morice-Sockeye","Sockeye",1967,10337.11111277,3895,NA,NA,0,1292.708998786,7209.989415342,1834.412698642,0,NA,NA,NA,NA,NA,NA,NA,NA,NA,NA,NA,NA,NA,NA,NA,NA,NA,NA,NA,NA,NA,NA,NA,NA,0.976046761240402,37
"8955","Morice-Sockeye","Sockeye",1968,8306.698413547,3436,NA,NA,0,732.264552574,4891.767193971,2682.666667002,0,NA,NA,NA,NA,NA,NA,NA,NA,NA,NA,NA,NA,NA,NA,NA,NA,NA,NA,NA,NA,NA,NA,NA,NA,0.882754222977408,37
"8956","Morice-Sockeye","Sockeye",1969,7893.137565108,3780,NA,NA,0,496.820107387,7153.777775151,242.53968257,0,NA,NA,NA,NA,NA,NA,NA,NA,NA,NA,NA,NA,NA,NA,NA,NA,NA,NA,NA,NA,NA,NA,NA,NA,0.736269709690895,37
"8957","Morice-Sockeye","Sockeye",1970,1528.248679322,10768,NA,NA,0,726.555557847,646.772486535,154.92063494,0,NA,NA,NA,NA,NA,NA,NA,NA,NA,NA,NA,NA,NA,NA,NA,NA,NA,NA,NA,NA,NA,NA,NA,NA,-1.95245634715272,37
"8958","Morice-Sockeye","Sockeye",1971,1425.857143031,7560,NA,NA,0,65.687830895,413.12169297,947.047619166,0,NA,NA,NA,NA,NA,NA,NA,NA,NA,NA,NA,NA,NA,NA,NA,NA,NA,NA,NA,NA,NA,NA,NA,NA,-1.66809805342037,37
"8959","Morice-Sockeye","Sockeye",1972,3414.656083967,4124,NA,NA,0,41.95767209,2525.460316533,847.238095344,0,NA,NA,NA,NA,NA,NA,NA,NA,NA,NA,NA,NA,NA,NA,NA,NA,NA,NA,NA,NA,NA,NA,NA,NA,-0.188746785680019,37
"8960","Morice-Sockeye","Sockeye",1973,3567.984127095,2291,NA,NA,0,256.492064301,2259.301586472,1052.190476322,0,NA,NA,NA,NA,NA,NA,NA,NA,NA,NA,NA,NA,NA,NA,NA,NA,NA,NA,NA,NA,NA,NA,NA,NA,0.443012362552372,37
"8961","Morice-Sockeye","Sockeye",1974,3695.365079141,2749,NA,NA,0,229.460318184,2805.841268811,660.063492146,0,NA,NA,NA,NA,NA,NA,NA,NA,NA,NA,NA,NA,NA,NA,NA,NA,NA,NA,NA,NA,NA,NA,NA,NA,0.295842143892734,37
"8962","Morice-Sockeye","Sockeye",1975,3602.216931664,515,NA,NA,0,284.968254867,1760.169311523,1557.079365274,0,NA,NA,NA,NA,NA,NA,NA,NA,NA,NA,NA,NA,NA,NA,NA,NA,NA,NA,NA,NA,NA,NA,NA,NA,1.94513784859573,37
"8963","Morice-Sockeye","Sockeye",1976,9426.089946766,229,NA,NA,0,178.767196331,4152.211638687,5095.111111748,0,NA,NA,NA,NA,NA,NA,NA,NA,NA,NA,NA,NA,NA,NA,NA,NA,NA,NA,NA,NA,NA,NA,NA,NA,3.7175146462949,37
"8964","Morice-Sockeye","Sockeye",1977,19605.878303919,1375,NA,NA,0,421.708996039,13586.962957974,5597.206349906,0,NA,NA,NA,NA,NA,NA,NA,NA,NA,NA,NA,NA,NA,NA,NA,NA,NA,NA,NA,NA,NA,NA,NA,NA,2.65737570361814,37
"8965","Morice-Sockeye","Sockeye",1978,21201.809523293,1145,NA,NA,0,1379.925930278,14925.883592403,4896.000000612,0,NA,NA,NA,NA,NA,NA,NA,NA,NA,NA,NA,NA,NA,NA,NA,NA,NA,NA,NA,NA,NA,NA,NA,NA,2.91868189590156,37
"8966","Morice-Sockeye","Sockeye",1979,17307.402116731,1604,NA,NA,0,1515.910057691,13055.999995206,2735.492063834,0,NA,NA,NA,NA,NA,NA,NA,NA,NA,NA,NA,NA,NA,NA,NA,NA,NA,NA,NA,NA,NA,NA,NA,NA,2.37863376856912,37
"8967","Morice-Sockeye","Sockeye",1980,12981.280425329,916,NA,NA,0,1326.000004182,7294.645499967,4360.63492118,0,NA,NA,NA,NA,NA,NA,NA,NA,NA,NA,NA,NA,NA,NA,NA,NA,NA,NA,NA,NA,NA,NA,NA,NA,2.65124726673794,37
"8968","Morice-Sockeye","Sockeye",1981,16688.460316067,2291,NA,NA,0,740.862436199,11628.35978409,4319.238095778,0,NA,NA,NA,NA,NA,NA,NA,NA,NA,NA,NA,NA,NA,NA,NA,NA,NA,NA,NA,NA,NA,NA,NA,NA,1.98572907806358,37
"8969","Morice-Sockeye","Sockeye",1982,14611.862433597,6873,NA,NA,0,1181.00529473,11517.968249739,1912.888889128,0,NA,NA,NA,NA,NA,NA,NA,NA,NA,NA,NA,NA,NA,NA,NA,NA,NA,NA,NA,NA,NA,NA,NA,NA,0.754233002130923,37
"8970","Morice-Sockeye","Sockeye",1983,12494.830690425,9164,NA,NA,0,1169.793654483,5101.037035164,6224.000000778,0,NA,NA,NA,NA,NA,NA,NA,NA,NA,NA,NA,NA,NA,NA,NA,NA,NA,NA,NA,NA,NA,NA,NA,NA,0.310032249417788,37
"8971","Morice-Sockeye","Sockeye",1984,21829.820101949,6873,NA,NA,0,518.074075708,16597.333327239,4714.412699002,0,NA,NA,NA,NA,NA,NA,NA,NA,NA,NA,NA,NA,NA,NA,NA,NA,NA,NA,NA,NA,NA,NA,NA,NA,1.15567623752489,37
"8972","Morice-Sockeye","Sockeye",1985,41549.624342736,4582,NA,NA,0,1685.666671983,12571.767191151,27292.190479602,0,NA,NA,NA,NA,NA,NA,NA,NA,NA,NA,NA,NA,NA,NA,NA,NA,NA,NA,NA,NA,NA,NA,NA,NA,2.2047528961399,37
"8973","Morice-Sockeye","Sockeye",1986,97300.439133648,6873,NA,NA,0,1276.820109847,72779.174576451,23244.44444735,0,NA,NA,NA,NA,NA,NA,NA,NA,NA,NA,NA,NA,NA,NA,NA,NA,NA,NA,NA,NA,NA,NA,NA,NA,2.65020281023499,37
"8974","Morice-Sockeye","Sockeye",1987,84816.312171794,9164,NA,NA,0,7391.634943947,61985.185162425,15439.492065422,NA,NA,NA,NA,NA,NA,NA,NA,NA,NA,NA,NA,NA,NA,NA,NA,NA,NA,NA,NA,NA,NA,NA,NA,NA,2.22520512022413,37
"8975","Morice-Sockeye","Sockeye",1992,81818.291006142,30928,NA,NA,0,8238.354523337,69747.809498199,3832.126984606,0,NA,NA,NA,NA,NA,NA,NA,NA,NA,NA,NA,NA,NA,NA,NA,NA,NA,NA,NA,NA,NA,NA,NA,NA,0.972838902578588,37
"8976","Morice-Sockeye","Sockeye",1993,23241.052929384,25201,NA,NA,0,7083.761927103,10219.005287253,5938.285715028,0,NA,NA,NA,NA,NA,NA,NA,NA,NA,NA,NA,NA,NA,NA,NA,NA,NA,NA,NA,NA,NA,NA,NA,NA,-0.0809634385402223,37
"8977","Morice-Sockeye","Sockeye",1995,8758.169315549,40092,NA,NA,0,1608.285719358,5254.772484843,1895.111111348,0,NA,NA,NA,NA,NA,NA,NA,NA,NA,NA,NA,NA,NA,NA,NA,NA,NA,NA,NA,NA,NA,NA,NA,NA,-1.52118991229742,37
"8978","Morice-Sockeye","Sockeye",1996,8063.253968391,46965,NA,NA,0,533.687832371,5053.629627774,2475.936508246,0,NA,NA,NA,NA,NA,NA,NA,NA,NA,NA,NA,NA,NA,NA,NA,NA,NA,NA,NA,NA,NA,NA,NA,NA,-1.76208545023754,37
"8979","Morice-Sockeye","Sockeye",1997,13652.137566149,27492,NA,NA,0,513.259260878,6602.497352073,6536.380953198,0,NA,NA,NA,NA,NA,NA,NA,NA,NA,NA,NA,NA,NA,NA,NA,NA,NA,NA,NA,NA,NA,NA,NA,NA,-0.699998945635942,37
"8980","Morice-Sockeye","Sockeye",1998,22749.8042291,6873,NA,NA,0,670.566139681,17430.349199949,4648.88888947,0,NA,NA,NA,NA,NA,NA,NA,NA,NA,NA,NA,NA,NA,NA,NA,NA,NA,NA,NA,NA,NA,NA,NA,NA,1.19695584790618,37
"8981","Morice-Sockeye","Sockeye",1999,17241.338625754,17182,NA,NA,0,1770.269846853,12397.037032485,3074.031746416,0,NA,NA,NA,NA,NA,NA,NA,NA,NA,NA,NA,NA,NA,NA,NA,NA,NA,NA,NA,NA,NA,NA,NA,NA,0.00344758451080097,37
"8982","Morice-Sockeye","Sockeye",2000,15694.460319201,3436,NA,NA,0,1259.074078045,8197.417986408,6237.968254748,0,NA,NA,NA,NA,NA,NA,NA,NA,NA,NA,NA,NA,NA,NA,NA,NA,NA,NA,NA,NA,NA,NA,NA,NA,1.51899980005672,37
"8983","Morice-Sockeye","Sockeye",2001,31598.433860718,4582,NA,NA,0,832.550267176,16634.582004474,14131.301589068,0,NA,NA,NA,NA,NA,NA,NA,NA,NA,NA,NA,NA,NA,NA,NA,NA,NA,NA,NA,NA,NA,NA,NA,NA,1.93097197396367,37
"8984","Morice-Sockeye","Sockeye",2002,45247.968246194,5595,NA,NA,0,1689.449740778,37683.470885634,5875.047619782,0,NA,NA,NA,NA,NA,NA,NA,NA,NA,NA,NA,NA,NA,NA,NA,NA,NA,NA,NA,NA,NA,NA,NA,NA,2.09028442673739,37
"8985","Morice-Sockeye","Sockeye",2003,27625.830695165,18790,NA,NA,0,3827.227525298,15666.793645041,8131.809524826,0,NA,NA,NA,NA,NA,NA,NA,NA,NA,NA,NA,NA,NA,NA,NA,NA,NA,NA,NA,NA,NA,NA,NA,NA,0.38542641637365,37
"8986","Morice-Sockeye","Sockeye",2004,27214.269838818,13479,NA,NA,0,1591.158735177,21684.825388863,3938.285714778,0,NA,NA,NA,NA,NA,NA,NA,NA,NA,NA,NA,NA,NA,NA,NA,NA,NA,NA,NA,NA,NA,NA,NA,NA,0.70260854340462,37
"8987","Morice-Sockeye","Sockeye",2005,14884.015876378,9549,NA,NA,0,2202.365086311,10502.095234239,2179.555555828,0,NA,NA,NA,NA,NA,NA,NA,NA,NA,NA,NA,NA,NA,NA,NA,NA,NA,NA,NA,NA,NA,NA,NA,NA,0.443851440189888,37
"8988","Morice-Sockeye","Sockeye",2006,8932.354498841,15808,NA,NA,0,1066.619050983,5812.148146014,2053.587301844,0,NA,NA,NA,NA,NA,NA,NA,NA,NA,NA,NA,NA,NA,NA,NA,NA,NA,NA,NA,NA,NA,NA,NA,NA,-0.570836119185415,37
"8989","Morice-Sockeye","Sockeye",2007,8653.19576737,39231,NA,NA,0,590.296298158,5476.232802222,2586.66666699,0,NA,NA,NA,NA,NA,NA,NA,NA,NA,NA,NA,NA,NA,NA,NA,NA,NA,NA,NA,NA,NA,NA,NA,NA,-1.51153854500445,37
"8990","Morice-Sockeye","Sockeye",2008,12704.497354375,15027,NA,NA,0,556.179895934,6897.777775245,5250.539683196,0,NA,NA,NA,NA,NA,NA,NA,NA,NA,NA,NA,NA,NA,NA,NA,NA,NA,NA,NA,NA,NA,NA,NA,NA,-0.167892529873847,37
"8991","Morice-Sockeye","Sockeye",2009,23302.629627773,26291,NA,NA,0,700.555557765,14001.439148298,8600.63492171,0,NA,NA,NA,NA,NA,NA,NA,NA,NA,NA,NA,NA,NA,NA,NA,NA,NA,NA,NA,NA,NA,NA,NA,NA,-0.120660461530355,37
"8992","Morice-Sockeye","Sockeye",2010,33500.666663873,12395,NA,NA,0,1422.021168506,22935.026446605,9143.619048762,0,NA,NA,NA,NA,NA,NA,NA,NA,NA,NA,NA,NA,NA,NA,NA,NA,NA,NA,NA,NA,NA,NA,NA,NA,0.994272173559976,37
"8993","Morice-Sockeye","Sockeye",2011,29562.10052785,6422,NA,NA,0,2329.338631685,24382.984118031,2849.777778134,0,NA,NA,NA,NA,NA,NA,NA,NA,NA,NA,NA,NA,NA,NA,NA,NA,NA,NA,NA,NA,NA,NA,NA,NA,1.52676355769353,37
"8994","Morice-Sockeye","Sockeye",2012,15422.597889286,5963,NA,NA,0,2476.396833207,7599.407404617,5346.793651462,0,NA,NA,NA,NA,NA,NA,NA,NA,NA,NA,NA,NA,NA,NA,NA,NA,NA,NA,NA,NA,NA,NA,NA,NA,0.950260119114219,37
"8995","Morice-Sockeye","Sockeye",2013,22301.550262658,8135,NA,NA,0,771.814817249,14258.116396881,7271.619048528,0,NA,NA,NA,NA,NA,NA,NA,NA,NA,NA,NA,NA,NA,NA,NA,NA,NA,NA,NA,NA,NA,NA,NA,NA,1.00848045388362,37
"8996","Morice-Sockeye","Sockeye",2014,26717.423278605,16595,NA,NA,0,1448.089951657,19390.984119864,5878.349207084,0,NA,NA,NA,NA,NA,NA,NA,NA,NA,NA,NA,NA,NA,NA,NA,NA,NA,NA,NA,NA,NA,NA,NA,NA,0.476214464662488,37
"8997","Morice-Sockeye","Sockeye",2015,31930.962965204,28133,NA,NA,0,1969.396831608,15675.597877842,14285.968255754,0,NA,NA,NA,NA,NA,NA,NA,NA,NA,NA,NA,NA,NA,NA,NA,NA,NA,NA,NA,NA,NA,NA,NA,NA,0.126632900384189,37
"8998","Morice-Sockeye","Sockeye",2016,45289.999991733,26309,NA,NA,0,1592.052915074,38095.915329927,5602.031746732,NA,NA,NA,NA,NA,NA,NA,NA,NA,NA,NA,NA,NA,NA,NA,NA,NA,NA,NA,NA,NA,NA,NA,NA,NA,0.543175171417562,37
"8999","Swan-Stephens-Sockeye","Sockeye",1960,18031.78,15030,NA,NA,135.55,3203.73,14692.5,0,0,NA,NA,NA,NA,NA,NA,NA,NA,NA,NA,NA,NA,NA,NA,NA,NA,NA,NA,NA,NA,NA,NA,NA,NA,0.182087552925723,38
"9000","Swan-Stephens-Sockeye","Sockeye",1966,41316.14,22252,NA,NA,412.67,1793.97,39109.5,0,0,NA,NA,NA,NA,NA,NA,NA,NA,NA,NA,NA,NA,NA,NA,NA,NA,NA,NA,NA,NA,NA,NA,NA,NA,0.618821330443365,38
"9001","Swan-Stephens-Sockeye","Sockeye",1967,43839.88,35970,NA,NA,199.33,3910.95,39729.6,0,0,NA,NA,NA,NA,NA,NA,NA,NA,NA,NA,NA,NA,NA,NA,NA,NA,NA,NA,NA,NA,NA,NA,NA,NA,0.197858647702204,38
"9002","Swan-Stephens-Sockeye","Sockeye",1969,32907.05,26714,NA,NA,441.44,2774.61,29691,0,0,NA,NA,NA,NA,NA,NA,NA,NA,NA,NA,NA,NA,NA,NA,NA,NA,NA,NA,NA,NA,NA,NA,NA,NA,0.208499147974794,38
"9003","Swan-Stephens-Sockeye","Sockeye",1970,25367.89,12850,NA,NA,308.29,2969.1,22090.5,0,0,NA,NA,NA,NA,NA,NA,NA,NA,NA,NA,NA,NA,NA,NA,NA,NA,NA,NA,NA,NA,NA,NA,NA,NA,0.680140389713861,38
"9004","Swan-Stephens-Sockeye","Sockeye",1971,4357.85,26714,NA,NA,329.9,2209.05,1818.9,0,NA,NA,NA,NA,NA,NA,NA,NA,NA,NA,NA,NA,NA,NA,NA,NA,NA,NA,NA,NA,NA,NA,NA,NA,NA,-1.81320895608332,38
"9005","Swan-Stephens-Sockeye","Sockeye",1972,19927.64,26714,NA,NA,245.45,181.89,19500.3,NA,0,NA,NA,NA,NA,NA,NA,NA,NA,NA,NA,NA,NA,NA,NA,NA,NA,NA,NA,NA,NA,NA,NA,NA,NA,-0.293080059792332,38
"9006","Swan-Stephens-Sockeye","Sockeye",1976,51078.82,1207,NA,NA,441.58,2493.54,48143.7,0,NA,NA,NA,NA,NA,NA,NA,NA,NA,NA,NA,NA,NA,NA,NA,NA,NA,NA,NA,NA,NA,NA,NA,NA,NA,3.7452319877641,38
"9007","Swan-Stephens-Sockeye","Sockeye",1977,65077.33,12850,NA,NA,277.06,4814.37,59985.9,NA,0,NA,NA,NA,NA,NA,NA,NA,NA,NA,NA,NA,NA,NA,NA,NA,NA,NA,NA,NA,NA,NA,NA,NA,NA,1.62223244373899,38
"9008","Swan-Stephens-Sockeye","Sockeye",1981,64843.28,31899,NA,NA,560.33,6432.75,57850.2,0,0,NA,NA,NA,NA,NA,NA,NA,NA,NA,NA,NA,NA,NA,NA,NA,NA,NA,NA,NA,NA,NA,NA,NA,NA,0.709398620308974,38
"9009","Swan-Stephens-Sockeye","Sockeye",1982,91369.77,36362,NA,NA,714.75,5785.02,84870,0,0,NA,NA,NA,NA,NA,NA,NA,NA,NA,NA,NA,NA,NA,NA,NA,NA,NA,NA,NA,NA,NA,NA,NA,NA,0.921390406472675,38
"9010","Swan-Stephens-Sockeye","Sockeye",1984,65967.91,39317,NA,NA,943,15011.91,50013,0,0,NA,NA,NA,NA,NA,NA,NA,NA,NA,NA,NA,NA,NA,NA,NA,NA,NA,NA,NA,NA,NA,NA,NA,NA,0.517511416347422,38
"9011","Swan-Stephens-Sockeye","Sockeye",1985,64920.89,39998,NA,NA,1667.99,5001.3,58251.6,0,0,NA,NA,NA,NA,NA,NA,NA,NA,NA,NA,NA,NA,NA,NA,NA,NA,NA,NA,NA,NA,NA,NA,NA,NA,0.484339998869056,38
"9012","Swan-Stephens-Sockeye","Sockeye",1986,89516.56,39317,NA,NA,555.7,5825.16,83135.7,0,0,NA,NA,NA,NA,NA,NA,NA,NA,NA,NA,NA,NA,NA,NA,NA,NA,NA,NA,NA,NA,NA,NA,NA,NA,0.822766640779863,38
"9013","Swan-Stephens-Sockeye","Sockeye",1987,143548.61,71939,NA,NA,647.24,8313.57,134587.8,0,NA,NA,NA,NA,NA,NA,NA,NA,NA,NA,NA,NA,NA,NA,NA,NA,NA,NA,NA,NA,NA,NA,NA,NA,NA,0.690855185784673,38
"9014","Swan-Stephens-Sockeye","Sockeye",1988,128224.41,82311,NA,NA,923.73,13458.78,113841.9,NA,0,NA,NA,NA,NA,NA,NA,NA,NA,NA,NA,NA,NA,NA,NA,NA,NA,NA,NA,NA,NA,NA,NA,NA,NA,0.443277175875115,38
"9015","Swan-Stephens-Sockeye","Sockeye",1999,26469.78,27892,NA,NA,184.2,2494.08,23791.5,0,0,NA,NA,NA,NA,NA,NA,NA,NA,NA,NA,NA,NA,NA,NA,NA,NA,NA,NA,NA,NA,NA,NA,NA,NA,-0.0523362044501,38
"9016","Swan-Stephens-Sockeye","Sockeye",2001,40315.7,25848,NA,NA,264.35,1208.25,38843.1,0,0,NA,NA,NA,NA,NA,NA,NA,NA,NA,NA,NA,NA,NA,NA,NA,NA,NA,NA,NA,NA,NA,NA,NA,NA,0.444507742728342,38
"9017","Swan-Stephens-Sockeye","Sockeye",2002,15505.26,10838,NA,NA,134.25,3884.31,11486.7,0,0,NA,NA,NA,NA,NA,NA,NA,NA,NA,NA,NA,NA,NA,NA,NA,NA,NA,NA,NA,NA,NA,NA,NA,NA,0.358120844052159,38
"9018","Swan-Stephens-Sockeye","Sockeye",2003,22549.36,20262,NA,NA,431.59,1148.67,20969.1,0,0,NA,NA,NA,NA,NA,NA,NA,NA,NA,NA,NA,NA,NA,NA,NA,NA,NA,NA,NA,NA,NA,NA,NA,NA,0.10695947353972,38
"9019","Swan-Stephens-Sockeye","Sockeye",2004,24209.74,19614,NA,NA,127.63,2096.91,21985.2,0,0,NA,NA,NA,NA,NA,NA,NA,NA,NA,NA,NA,NA,NA,NA,NA,NA,NA,NA,NA,NA,NA,NA,NA,NA,0.210511434558272,38
"9020","Swan-Stephens-Sockeye","Sockeye",2005,7621.81,10832,NA,NA,232.99,2198.52,5190.3,0,0,NA,NA,NA,NA,NA,NA,NA,NA,NA,NA,NA,NA,NA,NA,NA,NA,NA,NA,NA,NA,NA,NA,NA,NA,-0.351490841869416,38
"9021","Swan-Stephens-Sockeye","Sockeye",2006,11488.61,25998,NA,NA,244.28,519.03,10725.3,0,NA,NA,NA,NA,NA,NA,NA,NA,NA,NA,NA,NA,NA,NA,NA,NA,NA,NA,NA,NA,NA,NA,NA,NA,NA,-0.816663502203861,38
"9022","Swan-Stephens-Sockeye","Sockeye",2007,15947.8,9674,NA,NA,57.67,1072.53,14817.6,NA,NA,NA,NA,NA,NA,NA,NA,NA,NA,NA,NA,NA,NA,NA,NA,NA,NA,NA,NA,NA,NA,NA,NA,NA,NA,0.499879014282219,38
"9023","Swan-Stephens-Sockeye","Sockeye",2012,9661.96,12870,NA,NA,299.44,1829.52,7533,NA,0,NA,NA,NA,NA,NA,NA,NA,NA,NA,NA,NA,NA,NA,NA,NA,NA,NA,NA,NA,NA,NA,NA,NA,NA,-0.286702495414011,38
"9024","Swan-Stephens-Sockeye","Sockeye",2016,10841.95,15139,NA,NA,142.12,1287.63,9412.2,0,NA,NA,NA,NA,NA,NA,NA,NA,NA,NA,NA,NA,NA,NA,NA,NA,NA,NA,NA,NA,NA,NA,NA,NA,NA,-0.333851326497488,38
"9025","Swan-Stephens-Sockeye","Sockeye",2017,7671.39,8036,NA,NA,143.07,941.22,6587.1,NA,NA,NA,NA,NA,NA,NA,NA,NA,NA,NA,NA,NA,NA,NA,NA,NA,NA,NA,NA,NA,NA,NA,NA,NA,NA,-0.0464336224387832,38
"9026","Asitika-Sockeye","Sockeye",2003,344.105523884,1067,NA,NA,10.337069892,250.551402432,83.21705156,0,0,NA,NA,NA,NA,NA,NA,NA,NA,NA,NA,NA,NA,NA,NA,NA,NA,NA,NA,NA,NA,NA,NA,NA,NA,-1.13165788549145,39
"9027","Asitika-Sockeye","Sockeye",2005,1290.105418716,267,NA,NA,11.79397236,430.966056648,847.345389708,0,0,NA,NA,NA,NA,NA,NA,NA,NA,NA,NA,NA,NA,NA,NA,NA,NA,NA,NA,NA,NA,NA,NA,NA,NA,1.57523055555146,39
"9028","Asitika-Sockeye","Sockeye",2006,1896.523134028,88,NA,NA,67.780652916,763.564221144,1065.178259968,0,0,NA,NA,NA,NA,NA,NA,NA,NA,NA,NA,NA,NA,NA,NA,NA,NA,NA,NA,NA,NA,NA,NA,NA,NA,3.07044074485107,39
"9029","Asitika-Sockeye","Sockeye",2007,3143.73216166,293,NA,NA,120.090389148,959.858893824,2063.782878688,0,0,NA,NA,NA,NA,NA,NA,NA,NA,NA,NA,NA,NA,NA,NA,NA,NA,NA,NA,NA,NA,NA,NA,NA,NA,2.37299335059142,39
"9030","Asitika-Sockeye","Sockeye",2008,2342.089123028,95,NA,NA,150.962846208,1859.726606784,331.399670036,0,0,NA,NA,NA,NA,NA,NA,NA,NA,NA,NA,NA,NA,NA,NA,NA,NA,NA,NA,NA,NA,NA,NA,NA,NA,3.20492170607219,39
"9031","Asitika-Sockeye","Sockeye",2009,4046.09925992,780,NA,NA,292.490514528,298.632569448,3454.976175944,0,0,NA,NA,NA,NA,NA,NA,NA,NA,NA,NA,NA,NA,NA,NA,NA,NA,NA,NA,NA,NA,NA,NA,NA,NA,1.64621463059533,39
"9032","Asitika-Sockeye","Sockeye",2010,3914.671699496,1311,NA,NA,46.967760516,3113.365842192,754.338096788,0,0,NA,NA,NA,NA,NA,NA,NA,NA,NA,NA,NA,NA,NA,NA,NA,NA,NA,NA,NA,NA,NA,NA,NA,NA,1.09394126405586,39
"9033","Asitika-Sockeye","Sockeye",2011,1988.85419628,1381,NA,NA,489.657981864,679.753012584,819.443201832,0,0,NA,NA,NA,NA,NA,NA,NA,NA,NA,NA,NA,NA,NA,NA,NA,NA,NA,NA,NA,NA,NA,NA,NA,NA,0.364750817720027,39
"9034","Asitika-Sockeye","Sockeye",2012,1021.064581616,2860,NA,NA,106.908890628,738.420858576,175.734832412,0,0,NA,NA,NA,NA,NA,NA,NA,NA,NA,NA,NA,NA,NA,NA,NA,NA,NA,NA,NA,NA,NA,NA,NA,NA,-1.02997583435287,39
"9035","Asitika-Sockeye","Sockeye",2013,900.091435512,550,NA,NA,116.135939592,158.359073016,625.596422904,0,0,NA,NA,NA,NA,NA,NA,NA,NA,NA,NA,NA,NA,NA,NA,NA,NA,NA,NA,NA,NA,NA,NA,NA,NA,0.492578074950704,39
"9036","Asitika-Sockeye","Sockeye",2014,1377.74020366,4832,NA,NA,24.906094572,563.740655472,789.093453616,0,0,NA,NA,NA,NA,NA,NA,NA,NA,NA,NA,NA,NA,NA,NA,NA,NA,NA,NA,NA,NA,NA,NA,NA,NA,-1.25481583726671,39
"9037","Asitika-Sockeye","Sockeye",2015,863.371428352,1257,NA,NA,88.662921624,711.071937888,63.63656884,0,0,NA,NA,NA,NA,NA,NA,NA,NA,NA,NA,NA,NA,NA,NA,NA,NA,NA,NA,NA,NA,NA,NA,NA,NA,-0.375638218034028,39
"9038","Asitika-Sockeye","Sockeye",2016,1114.426922924,1134,NA,NA,111.834608496,57.34451112,945.247803308,0,NA,NA,NA,NA,NA,NA,NA,NA,NA,NA,NA,NA,NA,NA,NA,NA,NA,NA,NA,NA,NA,NA,NA,NA,NA,-0.0174109029933252,39
"9039","Asitika-Sockeye","Sockeye",2017,1154.512706784,329,NA,NA,9.01892004,851.786545944,293.7072408,NA,NA,NA,NA,NA,NA,NA,NA,NA,NA,NA,NA,NA,NA,NA,NA,NA,NA,NA,NA,NA,NA,NA,NA,NA,NA,1.25537588427783,39
"9040","Bear-Skeena-Sockeye","Sockeye",1960,3922.21,803,NA,NA,205.38,1081.08,2635.75,0,0,NA,NA,NA,NA,NA,NA,NA,NA,NA,NA,NA,NA,NA,NA,NA,NA,NA,NA,NA,NA,NA,NA,NA,NA,1.58605583548624,40
"9041","Bear-Skeena-Sockeye","Sockeye",1961,2981.27,2097,NA,NA,270.27,1135.4,1575.6,0,0,NA,NA,NA,NA,NA,NA,NA,NA,NA,NA,NA,NA,NA,NA,NA,NA,NA,NA,NA,NA,NA,NA,NA,NA,0.351841632307617,40
"9042","Bear-Skeena-Sockeye","Sockeye",1962,5163.52,2007,NA,NA,283.85,678.72,4200.95,0,NA,NA,NA,NA,NA,NA,NA,NA,NA,NA,NA,NA,NA,NA,NA,NA,NA,NA,NA,NA,NA,NA,NA,NA,NA,0.944977447649345,40
"9043","Bear-Skeena-Sockeye","Sockeye",1963,5325.52,1942,NA,NA,169.68,1809.64,3346.2,NA,0,NA,NA,NA,NA,NA,NA,NA,NA,NA,NA,NA,NA,NA,NA,NA,NA,NA,NA,NA,NA,NA,NA,NA,NA,1.00879198954081,40
"9044","Bear-Skeena-Sockeye","Sockeye",1967,15895.49,2007,NA,NA,215.81,365.68,15314,0,NA,NA,NA,NA,NA,NA,NA,NA,NA,NA,NA,NA,NA,NA,NA,NA,NA,NA,NA,NA,NA,NA,NA,NA,NA,2.0693943513776,40
"9045","Bear-Skeena-Sockeye","Sockeye",1968,32322.92,2007,NA,NA,91.42,6596.8,25634.7,NA,0,NA,NA,NA,NA,NA,NA,NA,NA,NA,NA,NA,NA,NA,NA,NA,NA,NA,NA,NA,NA,NA,NA,NA,NA,2.77913550629234,40
"9046","Bear-Skeena-Sockeye","Sockeye",1975,2349.82,148,NA,NA,121.87,1461.6,766.35,0,NA,NA,NA,NA,NA,NA,NA,NA,NA,NA,NA,NA,NA,NA,NA,NA,NA,NA,NA,NA,NA,NA,NA,NA,NA,2.76488173469581,40
"9047","Bear-Skeena-Sockeye","Sockeye",1985,590.71,639,NA,NA,169.82,121.24,299.65,0,0,NA,NA,NA,NA,NA,NA,NA,NA,NA,NA,NA,NA,NA,NA,NA,NA,NA,NA,NA,NA,NA,NA,NA,NA,-0.0785792511404318,40
"9048","Bear-Skeena-Sockeye","Sockeye",1987,1511.73,3197,NA,NA,32.27,357.56,1121.9,0,NA,NA,NA,NA,NA,NA,NA,NA,NA,NA,NA,NA,NA,NA,NA,NA,NA,NA,NA,NA,NA,NA,NA,NA,NA,-0.74895817969471,40
"9049","Bear-Skeena-Sockeye","Sockeye",1988,1059.52,959,NA,NA,89.39,483.28,486.85,NA,0,NA,NA,NA,NA,NA,NA,NA,NA,NA,NA,NA,NA,NA,NA,NA,NA,NA,NA,NA,NA,NA,NA,NA,NA,0.0996801794754432,40
"9050","Bear-Skeena-Sockeye","Sockeye",1992,2175.82,639,NA,NA,497.84,1611.68,66.3,0,0,NA,NA,NA,NA,NA,NA,NA,NA,NA,NA,NA,NA,NA,NA,NA,NA,NA,NA,NA,NA,NA,NA,NA,NA,1.22525642958853,40
"9051","Bear-Skeena-Sockeye","Sockeye",1993,587.48,320,NA,NA,402.92,28.56,156,0,0,NA,NA,NA,NA,NA,NA,NA,NA,NA,NA,NA,NA,NA,NA,NA,NA,NA,NA,NA,NA,NA,NA,NA,NA,0.60752120709189,40
"9052","Bear-Skeena-Sockeye","Sockeye",1995,5150.44,2557,NA,NA,16.8,1207.64,3926,0,NA,NA,NA,NA,NA,NA,NA,NA,NA,NA,NA,NA,NA,NA,NA,NA,NA,NA,NA,NA,NA,NA,NA,NA,NA,0.700247451610276,40
"9053","Bear-Skeena-Sockeye","Sockeye",1996,11623.51,1918,NA,NA,301.91,1691.2,9630.4,NA,0,NA,NA,NA,NA,NA,NA,NA,NA,NA,NA,NA,NA,NA,NA,NA,NA,NA,NA,NA,NA,NA,NA,NA,NA,1.80174679475442,40
"9054","Bear-Skeena-Sockeye","Sockeye",2000,5810.18,2526,NA,NA,1750.56,3239.32,820.3,0,NA,NA,NA,NA,NA,NA,NA,NA,NA,NA,NA,NA,NA,NA,NA,NA,NA,NA,NA,NA,NA,NA,NA,NA,NA,0.832974527522743,40
"9055","Bear-Skeena-Sockeye","Sockeye",2001,2420.29,7746,NA,NA,809.83,353.36,1257.1,NA,NA,NA,NA,NA,NA,NA,NA,NA,NA,NA,NA,NA,NA,NA,NA,NA,NA,NA,NA,NA,NA,NA,NA,NA,NA,-1.16328921339283,40
"9056","Bear-Skeena-Sockeye","Sockeye",2006,8500.77,1145,NA,NA,523.39,2243.08,5734.3,NA,0,NA,NA,NA,NA,NA,NA,NA,NA,NA,NA,NA,NA,NA,NA,NA,NA,NA,NA,NA,NA,NA,NA,NA,NA,2.0047521106225,40
"9057","Bear-Skeena-Sockeye","Sockeye",2010,13758.87,6067,NA,NA,599.9,5332.32,7826.65,0,NA,NA,NA,NA,NA,NA,NA,NA,NA,NA,NA,NA,NA,NA,NA,NA,NA,NA,NA,NA,NA,NA,NA,NA,NA,0.81881945807981,40
"9058","Bear-Skeena-Sockeye","Sockeye",2011,19295.11,5599,NA,NA,1333.08,3371.48,14590.55,NA,0,NA,NA,NA,NA,NA,NA,NA,NA,NA,NA,NA,NA,NA,NA,NA,NA,NA,NA,NA,NA,NA,NA,NA,NA,1.23726368556537,40
"9059","Bear-Skeena-Sockeye","Sockeye",2015,9359.42,9827,NA,NA,849.73,1288.84,7220.85,0,NA,NA,NA,NA,NA,NA,NA,NA,NA,NA,NA,NA,NA,NA,NA,NA,NA,NA,NA,NA,NA,NA,NA,NA,NA,-0.0487503766227152,40
"9060","Bear-Skeena-Sockeye","Sockeye",2016,4312.83,15207,NA,NA,322.21,3110.52,880.1,NA,NA,NA,NA,NA,NA,NA,NA,NA,NA,NA,NA,NA,NA,NA,NA,NA,NA,NA,NA,NA,NA,NA,NA,NA,NA,-1.26016154698935,40
"9061","Damshilgwit-Sockeye","Sockeye",2000,439.2,949,NA,NA,0,376.8,62.4,0,0,NA,NA,NA,NA,NA,NA,NA,NA,NA,NA,NA,NA,NA,NA,NA,NA,NA,NA,NA,NA,NA,NA,NA,NA,-0.770453908414607,41
"9062","Damshilgwit-Sockeye","Sockeye",2001,358,855,NA,NA,0,249.6,108.4,0,0,NA,NA,NA,NA,NA,NA,NA,NA,NA,NA,NA,NA,NA,NA,NA,NA,NA,NA,NA,NA,NA,NA,NA,NA,-0.87056848253606,41
"9063","Damshilgwit-Sockeye","Sockeye",2002,578,398,NA,NA,0,433.6,144.4,0,0,NA,NA,NA,NA,NA,NA,NA,NA,NA,NA,NA,NA,NA,NA,NA,NA,NA,NA,NA,NA,NA,NA,NA,NA,0.37312186338794,41
"9064","Damshilgwit-Sockeye","Sockeye",2003,631,430,NA,NA,0,577.6,53.4,0,0,NA,NA,NA,NA,NA,NA,NA,NA,NA,NA,NA,NA,NA,NA,NA,NA,NA,NA,NA,NA,NA,NA,NA,NA,0.383520653853605,41
"9065","Damshilgwit-Sockeye","Sockeye",2004,254.2,293,NA,NA,0,213.6,40.6,0,0,NA,NA,NA,NA,NA,NA,NA,NA,NA,NA,NA,NA,NA,NA,NA,NA,NA,NA,NA,NA,NA,NA,NA,NA,-0.142051250261714,41
"9066","Damshilgwit-Sockeye","Sockeye",2005,359,216,NA,NA,0,162.4,196.6,0,0,NA,NA,NA,NA,NA,NA,NA,NA,NA,NA,NA,NA,NA,NA,NA,NA,NA,NA,NA,NA,NA,NA,NA,NA,0.508043980804114,41
"9067","Damshilgwit-Sockeye","Sockeye",2006,1002.8,331,NA,NA,0,786.4,216.4,0,0,NA,NA,NA,NA,NA,NA,NA,NA,NA,NA,NA,NA,NA,NA,NA,NA,NA,NA,NA,NA,NA,NA,NA,NA,1.10843299090708,41
"9068","Damshilgwit-Sockeye","Sockeye",2007,1142.4,366,NA,NA,0,865.6,276.8,0,0,NA,NA,NA,NA,NA,NA,NA,NA,NA,NA,NA,NA,NA,NA,NA,NA,NA,NA,NA,NA,NA,NA,NA,NA,1.13825325818395,41
"9069","Damshilgwit-Sockeye","Sockeye",2008,1130.4,150,NA,NA,0,1107.2,23.2,0,0,NA,NA,NA,NA,NA,NA,NA,NA,NA,NA,NA,NA,NA,NA,NA,NA,NA,NA,NA,NA,NA,NA,NA,NA,2.01969153727406,41
"9070","Damshilgwit-Sockeye","Sockeye",2009,209.6,161,NA,NA,0,92.8,116.8,0,0,NA,NA,NA,NA,NA,NA,NA,NA,NA,NA,NA,NA,NA,NA,NA,NA,NA,NA,NA,NA,NA,NA,NA,NA,0.263796587462424,41
"9071","Damshilgwit-Sockeye","Sockeye",2010,832.6,740,NA,NA,0,467.2,365.4,0,0,NA,NA,NA,NA,NA,NA,NA,NA,NA,NA,NA,NA,NA,NA,NA,NA,NA,NA,NA,NA,NA,NA,NA,NA,0.11790314856266,41
"9072","Damshilgwit-Sockeye","Sockeye",2011,1555.6,687,NA,NA,0,1461.6,94,0,0,NA,NA,NA,NA,NA,NA,NA,NA,NA,NA,NA,NA,NA,NA,NA,NA,NA,NA,NA,NA,NA,NA,NA,NA,0.817282310059243,41
"9073","Damshilgwit-Sockeye","Sockeye",2012,470,940,NA,NA,0,376,94,0,NA,NA,NA,NA,NA,NA,NA,NA,NA,NA,NA,NA,NA,NA,NA,NA,NA,NA,NA,NA,NA,NA,NA,NA,NA,-0.693147180559945,41
"9074","Damshilgwit-Sockeye","Sockeye",2013,464.2,93,NA,NA,0,376,88.2,NA,0,NA,NA,NA,NA,NA,NA,NA,NA,NA,NA,NA,NA,NA,NA,NA,NA,NA,NA,NA,NA,NA,NA,NA,NA,1.60771600068708,41
"9075","Damshilgwit-Sockeye","Sockeye",2016,494,267,NA,NA,NA,368,126,0,NA,NA,NA,NA,NA,NA,NA,NA,NA,NA,NA,NA,NA,NA,NA,NA,NA,NA,NA,NA,NA,NA,NA,NA,NA,0.615286858787673,41
"9076","Damshilgwit-Sockeye","Sockeye",2017,655.8,366,NA,NA,0,504,151.8,NA,NA,NA,NA,NA,NA,NA,NA,NA,NA,NA,NA,NA,NA,NA,NA,NA,NA,NA,NA,NA,NA,NA,NA,NA,NA,0.583222531009182,41
"9077","Motase-Sockeye","Sockeye",1987,1034.61238814,1500,NA,NA,10.198317276,362.593754928,661.820315936,0,NA,NA,NA,NA,NA,NA,NA,NA,NA,NA,NA,NA,NA,NA,NA,NA,NA,NA,NA,NA,NA,NA,NA,NA,NA,-0.371438255747608,42
"9078","Motase-Sockeye","Sockeye",1988,1135.090115736,100,NA,NA,57.027325176,596.382915648,481.679874912,NA,NA,NA,NA,NA,NA,NA,NA,NA,NA,NA,NA,NA,NA,NA,NA,NA,NA,NA,NA,NA,NA,NA,NA,NA,NA,2.42929713789986,42
"9079","Motase-Sockeye","Sockeye",1993,792.952528536,400,NA,NA,23.171686872,332.157052872,437.623788792,0,0,NA,NA,NA,NA,NA,NA,NA,NA,NA,NA,NA,NA,NA,NA,NA,NA,NA,NA,NA,NA,NA,NA,NA,NA,0.684298809602589,42
"9080","Motase-Sockeye","Sockeye",1996,1349.922196008,100,NA,NA,59.802377496,831.936522864,458.183295648,0,0,NA,NA,NA,NA,NA,NA,NA,NA,NA,NA,NA,NA,NA,NA,NA,NA,NA,NA,NA,NA,NA,NA,NA,NA,2.6026320511969,42
"9081","Motase-Sockeye","Sockeye",1997,721.906589704,220,NA,NA,130.843716888,412.880480064,178.182392752,0,0,NA,NA,NA,NA,NA,NA,NA,NA,NA,NA,NA,NA,NA,NA,NA,NA,NA,NA,NA,NA,NA,NA,NA,NA,1.18826820702925,42
"9082","Motase-Sockeye","Sockeye",1998,1783.1282558,500,NA,NA,64.936224288,160.564631136,1557.627400376,0,0,NA,NA,NA,NA,NA,NA,NA,NA,NA,NA,NA,NA,NA,NA,NA,NA,NA,NA,NA,NA,NA,NA,NA,NA,1.27151644943945,42
"9083","Motase-Sockeye","Sockeye",1999,1814.116161196,666,NA,NA,25.252976112,1403.617187568,385.245997516,0,0,NA,NA,NA,NA,NA,NA,NA,NA,NA,NA,NA,NA,NA,NA,NA,NA,NA,NA,NA,NA,NA,NA,NA,NA,1.00206399402494,42
"9084","Motase-Sockeye","Sockeye",2000,756.861918392,726,NA,NA,220.755412056,347.154848088,188.951658248,0,0,NA,NA,NA,NA,NA,NA,NA,NA,NA,NA,NA,NA,NA,NA,NA,NA,NA,NA,NA,NA,NA,NA,NA,NA,0.0416308156232039,42
"9085","Motase-Sockeye","Sockeye",2001,356.546987552,457,NA,NA,54.599154396,170.269086864,131.678746292,0,0,NA,NA,NA,NA,NA,NA,NA,NA,NA,NA,NA,NA,NA,NA,NA,NA,NA,NA,NA,NA,NA,NA,NA,NA,-0.248217357335124,42
"9086","Motase-Sockeye","Sockeye",2002,410.264310532,171,NA,NA,26.779254888,118.659026856,264.826028788,0,0,NA,NA,NA,NA,NA,NA,NA,NA,NA,NA,NA,NA,NA,NA,NA,NA,NA,NA,NA,NA,NA,NA,NA,NA,0.87513805532595,42
"9087","Motase-Sockeye","Sockeye",2003,318.003111868,2059,NA,NA,18.662226852,238.641388584,60.699496432,0,0,NA,NA,NA,NA,NA,NA,NA,NA,NA,NA,NA,NA,NA,NA,NA,NA,NA,NA,NA,NA,NA,NA,NA,NA,-1.86791453854707,42
"9088","Motase-Sockeye","Sockeye",2004,256.216966784,498,NA,NA,37.532582628,54.697841376,163.98654278,0,0,NA,NA,NA,NA,NA,NA,NA,NA,NA,NA,NA,NA,NA,NA,NA,NA,NA,NA,NA,NA,NA,NA,NA,NA,-0.664575464992877,42
"9089","Motase-Sockeye","Sockeye",2005,506.376184852,269,NA,NA,8.602662192,147.77239404,350.00112862,0,NA,NA,NA,NA,NA,NA,NA,NA,NA,NA,NA,NA,NA,NA,NA,NA,NA,NA,NA,NA,NA,NA,NA,NA,NA,0.632568461788927,42
"9090","Motase-Sockeye","Sockeye",2006,1035.211547104,143,NA,NA,23.24106318,315.39481116,696.575672764,NA,NA,NA,NA,NA,NA,NA,NA,NA,NA,NA,NA,NA,NA,NA,NA,NA,NA,NA,NA,NA,NA,NA,NA,NA,NA,1.97951644789129,42
"9091","Motase-Sockeye","Sockeye",2011,710.905264252,911,NA,NA,62.716182432,177.767984472,470.421097348,0,0,NA,NA,NA,NA,NA,NA,NA,NA,NA,NA,NA,NA,NA,NA,NA,NA,NA,NA,NA,NA,NA,NA,NA,NA,-0.248003719299188,42
"9092","Motase-Sockeye","Sockeye",2014,992.935885856,609,NA,NA,0.485634156,167.62241712,824.82783458,0,0,NA,NA,NA,NA,NA,NA,NA,NA,NA,NA,NA,NA,NA,NA,NA,NA,NA,NA,NA,NA,NA,NA,NA,NA,0.488847828144048,42
"9093","Motase-Sockeye","Sockeye",2015,834.741188524,278,NA,NA,26.36299704,743.27308644,65.105105044,0,0,NA,NA,NA,NA,NA,NA,NA,NA,NA,NA,NA,NA,NA,NA,NA,NA,NA,NA,NA,NA,NA,NA,NA,NA,1.09950060925112,42
"9094","Motase-Sockeye","Sockeye",2016,433.05027274,538,NA,NA,116.89907898,58.667845992,257.483347768,0,NA,NA,NA,NA,NA,NA,NA,NA,NA,NA,NA,NA,NA,NA,NA,NA,NA,NA,NA,NA,NA,NA,NA,NA,NA,-0.217004735573129,42
"9095","Motase-Sockeye","Sockeye",2017,452.720976564,6,NA,NA,9.227048964,232.024714224,211.469213376,NA,NA,NA,NA,NA,NA,NA,NA,NA,NA,NA,NA,NA,NA,NA,NA,NA,NA,NA,NA,NA,NA,NA,NA,NA,NA,4.32351652070762,42
"9096","Sustut-Sockeye","Sockeye",1963,2134.500002026,500,NA,NA,NA,53.43750009,1735.020834162,346.041667774,0,NA,NA,NA,NA,NA,NA,NA,NA,NA,NA,NA,NA,NA,NA,NA,NA,NA,NA,NA,NA,NA,NA,NA,NA,1.45137960872499,43
"9097","Sustut-Sockeye","Sockeye",1964,3294.145836817,400,NA,NA,0,492.020834162,2318.479167774,483.645834881,NA,NA,NA,NA,NA,NA,NA,NA,NA,NA,NA,NA,NA,NA,NA,NA,NA,NA,NA,NA,NA,NA,NA,NA,NA,2.10843763612163,43
"9098","Sustut-Sockeye","Sockeye",1968,5884.739586788,1100,NA,NA,NA,487.468750821,5376.750002568,20.520833399,NA,NA,NA,NA,NA,NA,NA,NA,NA,NA,NA,NA,NA,NA,NA,NA,NA,NA,NA,NA,NA,NA,NA,NA,NA,1.67705230959545,43
"9099","Sustut-Sockeye","Sockeye",1988,8695.729176452,550,NA,NA,NA,2280.395837174,5357.208335892,1058.125003386,0,NA,NA,NA,NA,NA,NA,NA,NA,NA,NA,NA,NA,NA,NA,NA,NA,NA,NA,NA,NA,NA,NA,NA,NA,2.76066900662728,43
"9100","Sustut-Sockeye","Sockeye",2001,3176.375003513,1257,NA,NA,0,615.125001036,2100.72916767,460.520834807,0,NA,NA,NA,NA,NA,NA,NA,NA,NA,NA,NA,NA,NA,NA,NA,NA,NA,NA,NA,NA,NA,NA,NA,NA,0.927012680960542,43
"9101","Sustut-Sockeye","Sockeye",2002,3783.718752805,988,NA,NA,0,595.72916767,3085.489584807,102.500000328,0,NA,NA,NA,NA,NA,NA,NA,NA,NA,NA,NA,NA,NA,NA,NA,NA,NA,NA,NA,NA,NA,NA,NA,NA,1.34277990429298,43
"9102","Sustut-Sockeye","Sockeye",2003,1737.468752364,4992,NA,NA,0,874.989584807,686.750000328,175.729167229,0,NA,NA,NA,NA,NA,NA,NA,NA,NA,NA,NA,NA,NA,NA,NA,NA,NA,NA,NA,NA,NA,NA,NA,NA,-1.05540731702297,43
"9103","Sustut-Sockeye","Sockeye",2004,1519.010418027,1604,NA,NA,0,194.750000328,1177.385417229,146.87500047,0,NA,NA,NA,NA,NA,NA,NA,NA,NA,NA,NA,NA,NA,NA,NA,NA,NA,NA,NA,NA,NA,NA,NA,NA,-0.0544414273769185,43
"9104","Sustut-Sockeye","Sockeye",2005,1686.385418878,1175,NA,NA,0,333.885417229,984.06250047,368.437501179,0,NA,NA,NA,NA,NA,NA,NA,NA,NA,NA,NA,NA,NA,NA,NA,NA,NA,NA,NA,NA,NA,NA,NA,NA,0.361319285430408,43
"9105","Sustut-Sockeye","Sockeye",2006,3012.281252496,808,NA,NA,0,279.06250047,2468.531251179,264.687500847,0,NA,NA,NA,NA,NA,NA,NA,NA,NA,NA,NA,NA,NA,NA,NA,NA,NA,NA,NA,NA,NA,NA,NA,NA,1.31589090336201,43
"9106","Sustut-Sockeye","Sockeye",2007,2724.062502828,2469,NA,NA,0,700.031251179,1773.406250847,250.625000802,0,NA,NA,NA,NA,NA,NA,NA,NA,NA,NA,NA,NA,NA,NA,NA,NA,NA,NA,NA,NA,NA,NA,NA,NA,0.0983111228988711,43
"9107","Sustut-Sockeye","Sockeye",2008,2355.427085537,212,NA,NA,0,502.906250847,1679.187500802,173.333333888,0,NA,NA,NA,NA,NA,NA,NA,NA,NA,NA,NA,NA,NA,NA,NA,NA,NA,NA,NA,NA,NA,NA,NA,NA,2.40789106800574,43
"9108","Sustut-Sockeye","Sockeye",2009,1902.937502206,540,NA,NA,0,476.187500802,1161.333333888,265.416667516,0,NA,NA,NA,NA,NA,NA,NA,NA,NA,NA,NA,NA,NA,NA,NA,NA,NA,NA,NA,NA,NA,NA,NA,NA,1.25958488547809,43
"9109","Sustut-Sockeye","Sockeye",2010,2394.395835655,426,NA,NA,0,329.333333888,1778.291667516,286.770834251,0,NA,NA,NA,NA,NA,NA,NA,NA,NA,NA,NA,NA,NA,NA,NA,NA,NA,NA,NA,NA,NA,NA,NA,NA,1.72644687106572,43
"9110","Sustut-Sockeye","Sockeye",2011,2817.427086354,1884,NA,NA,0,504.291667516,1921.364584251,391.770834587,0,NA,NA,NA,NA,NA,NA,NA,NA,NA,NA,NA,NA,NA,NA,NA,NA,NA,NA,NA,NA,NA,NA,NA,NA,0.402426911597684,43
"9111","Sustut-Sockeye","Sockeye",2012,3485.875003183,1309,NA,NA,0,544.864584251,2624.864584587,316.145834345,0,NA,NA,NA,NA,NA,NA,NA,NA,NA,NA,NA,NA,NA,NA,NA,NA,NA,NA,NA,NA,NA,NA,NA,NA,0.979455602723696,43
"9112","Sustut-Sockeye","Sockeye",2013,3179.62500328,1366,NA,NA,0,744.364584587,2118.177084345,317.083334348,NA,NA,NA,NA,NA,NA,NA,NA,NA,NA,NA,NA,NA,NA,NA,NA,NA,NA,NA,NA,NA,NA,NA,NA,NA,0.84487650519311,43
"9113","Upper Nass River-Sockeye","Sockeye",2003,697.108571558,275,NA,NA,28.171428994,580.11428558,69.76,19.062856984,0,NA,NA,NA,NA,NA,NA,NA,NA,NA,NA,NA,NA,NA,NA,NA,NA,NA,NA,NA,NA,NA,NA,NA,NA,0.930170070773712,44
"9114","Upper Nass River-Sockeye","Sockeye",2004,350.560000278,1240,NA,NA,26.85714326,134.537142826,177.92,11.245714192,0,NA,NA,NA,NA,NA,NA,NA,NA,NA,NA,NA,NA,NA,NA,NA,NA,NA,NA,NA,NA,NA,NA,NA,NA,-1.26333478195891,44
"9115","Upper Nass River-Sockeye","Sockeye",2005,454.560000012,1516,NA,NA,6.228571522,343.131428492,104.96,0.239999998,0,NA,NA,NA,NA,NA,NA,NA,NA,NA,NA,NA,NA,NA,NA,NA,NA,NA,NA,NA,NA,NA,NA,NA,NA,-1.20450064807004,44
"9116","Upper Nass River-Sockeye","Sockeye",2006,220.994285902,356,NA,NA,15.885714524,202.422857096,2.24,0.445714282,0,NA,NA,NA,NA,NA,NA,NA,NA,NA,NA,NA,NA,NA,NA,NA,NA,NA,NA,NA,NA,NA,NA,NA,NA,-0.476793885315599,44
"9117","Upper Nass River-Sockeye","Sockeye",2007,62.148571199,180,NA,NA,9.371428712,4.319999999,4.16,44.297142488,0,NA,NA,NA,NA,NA,NA,NA,NA,NA,NA,NA,NA,NA,NA,NA,NA,NA,NA,NA,NA,NA,NA,NA,NA,-1.06342902275528,44
"9118","Upper Nass River-Sockeye","Sockeye",2008,460.782856818,113,NA,NA,0.200000003,8.022857141,413.44,39.119999674,0,NA,NA,NA,NA,NA,NA,NA,NA,NA,NA,NA,NA,NA,NA,NA,NA,NA,NA,NA,NA,NA,NA,NA,NA,1.40553908689135,44
"9119","Upper Nass River-Sockeye","Sockeye",2009,1207.822856589,225,NA,NA,0.371428577,797.348571244,365.12,44.982856768,0,NA,NA,NA,NA,NA,NA,NA,NA,NA,NA,NA,NA,NA,NA,NA,NA,NA,NA,NA,NA,NA,NA,NA,NA,1.68047432364084,44
"9120","Upper Nass River-Sockeye","Sockeye",2010,1305.737142041,186,NA,NA,36.914286268,704.159999837,419.84,144.822855936,0,NA,NA,NA,NA,NA,NA,NA,NA,NA,NA,NA,NA,NA,NA,NA,NA,NA,NA,NA,NA,NA,NA,NA,NA,1.94877634637188,44
"9121","Upper Nass River-Sockeye","Sockeye",2011,2206.108571629,4,NA,NA,32.600000489,809.691428384,1351.68,12.137142756,0,NA,NA,NA,NA,NA,NA,NA,NA,NA,NA,NA,NA,NA,NA,NA,NA,NA,NA,NA,NA,NA,NA,NA,NA,6.31269105399606,44
"9122","Upper Nass River-Sockeye","Sockeye",2012,2757.679999958,6,NA,NA,37.485714848,2606.811427968,113.28,0.102857142,0,NA,NA,NA,NA,NA,NA,NA,NA,NA,NA,NA,NA,NA,NA,NA,NA,NA,NA,NA,NA,NA,NA,NA,NA,6.13038555627254,44
"9123","Upper Nass River-Sockeye","Sockeye",2013,413.931429716,554,NA,NA,120.685716096,218.468571378,0.96,73.817142242,0,NA,NA,NA,NA,NA,NA,NA,NA,NA,NA,NA,NA,NA,NA,NA,NA,NA,NA,NA,NA,NA,NA,NA,NA,-0.291464355345232,44
"9124","Upper Nass River-Sockeye","Sockeye",2014,718.205714293,605,NA,NA,10.114285866,1.851428571,688.96,17.279999856,0,NA,NA,NA,NA,NA,NA,NA,NA,NA,NA,NA,NA,NA,NA,NA,NA,NA,NA,NA,NA,NA,NA,NA,NA,0.171527580138567,44
"9125","Upper Nass River-Sockeye","Sockeye",2015,1511.639999514,550,NA,NA,0.085714287,1328.708571121,161.28,21.565714106,0,NA,NA,NA,NA,NA,NA,NA,NA,NA,NA,NA,NA,NA,NA,NA,NA,NA,NA,NA,NA,NA,NA,NA,NA,1.01103215460419,44
"9126","Lower Nass-Portland-Sockeye","Sockeye",1982,12150.963,2701,NA,NA,9412.128,2738.835,0,0,0,NA,NA,NA,NA,NA,NA,NA,NA,NA,NA,NA,NA,NA,NA,NA,NA,NA,NA,NA,NA,NA,NA,NA,NA,1.50378635109449,45
"9127","Lower Nass-Portland-Sockeye","Sockeye",1983,4360.917,5402,NA,NA,1792.692,2568.225,0,0,0,NA,NA,NA,NA,NA,NA,NA,NA,NA,NA,NA,NA,NA,NA,NA,NA,NA,NA,NA,NA,NA,NA,NA,NA,-0.214086899022945,45
"9128","Lower Nass-Portland-Sockeye","Sockeye",1984,4696.34,15665,NA,NA,1681.02,3015.32,0,0,0,NA,NA,NA,NA,NA,NA,NA,NA,NA,NA,NA,NA,NA,NA,NA,NA,NA,NA,NA,NA,NA,NA,NA,NA,-1.20464544245497,45
"9129","Lower Nass-Portland-Sockeye","Sockeye",1985,6375.644,16205,NA,NA,1973.664,4401.98,0,0,0,NA,NA,NA,NA,NA,NA,NA,NA,NA,NA,NA,NA,NA,NA,NA,NA,NA,NA,NA,NA,NA,NA,NA,NA,-0.932834731043315,45
"9130","Lower Nass-Portland-Sockeye","Sockeye",1986,4350.236,2701,NA,NA,2881.296,1468.94,0,0,0,NA,NA,NA,NA,NA,NA,NA,NA,NA,NA,NA,NA,NA,NA,NA,NA,NA,NA,NA,NA,NA,NA,NA,NA,0.476608021692044,45
"9131","Lower Nass-Portland-Sockeye","Sockeye",1987,2587.728,2701,NA,NA,961.488,1626.24,0,0,0,NA,NA,NA,NA,NA,NA,NA,NA,NA,NA,NA,NA,NA,NA,NA,NA,NA,NA,NA,NA,NA,NA,NA,NA,-0.0428418041589437,45
"9132","Lower Nass-Portland-Sockeye","Sockeye",1988,2004.013,2701,NA,NA,1064.448,939.565,0,0,0,NA,NA,NA,NA,NA,NA,NA,NA,NA,NA,NA,NA,NA,NA,NA,NA,NA,NA,NA,NA,NA,NA,NA,NA,-0.298470404582953,45
"9133","Lower Nass-Portland-Sockeye","Sockeye",1989,2333.188,3511,NA,NA,614.988,1718.2,0,0,0,NA,NA,NA,NA,NA,NA,NA,NA,NA,NA,NA,NA,NA,NA,NA,NA,NA,NA,NA,NA,NA,NA,NA,NA,-0.408665324453213,45
"9134","Lower Nass-Portland-Sockeye","Sockeye",1990,4871.48,1431,NA,NA,1124.64,3746.84,0,0,0,NA,NA,NA,NA,NA,NA,NA,NA,NA,NA,NA,NA,NA,NA,NA,NA,NA,NA,NA,NA,NA,NA,NA,NA,1.22502429178887,45
"9135","Lower Nass-Portland-Sockeye","Sockeye",1991,23347.052,1431,NA,NA,12197.16,11149.892,0,0,0,NA,NA,NA,NA,NA,NA,NA,NA,NA,NA,NA,NA,NA,NA,NA,NA,NA,NA,NA,NA,NA,NA,NA,NA,2.79209722289339,45
"9136","Lower Nass-Portland-Sockeye","Sockeye",1992,8571.697,810,NA,NA,1463.108,7108.589,0,0,0,NA,NA,NA,NA,NA,NA,NA,NA,NA,NA,NA,NA,NA,NA,NA,NA,NA,NA,NA,NA,NA,NA,NA,NA,2.35918676065875,45
"9137","Lower Nass-Portland-Sockeye","Sockeye",1993,47155.04,1080,NA,NA,3878.411,43276.629,0,0,0,NA,NA,NA,NA,NA,NA,NA,NA,NA,NA,NA,NA,NA,NA,NA,NA,NA,NA,NA,NA,NA,NA,NA,NA,3.77647985512572,45
"9138","Lower Nass-Portland-Sockeye","Sockeye",1994,13990.275,7097,NA,NA,3060.915,10929.36,0,0,0,NA,NA,NA,NA,NA,NA,NA,NA,NA,NA,NA,NA,NA,NA,NA,NA,NA,NA,NA,NA,NA,NA,NA,NA,0.678690285839134,45
"9139","Lower Nass-Portland-Sockeye","Sockeye",1995,34802.58,4862,NA,NA,13250.64,21551.94,0,0,0,NA,NA,NA,NA,NA,NA,NA,NA,NA,NA,NA,NA,NA,NA,NA,NA,NA,NA,NA,NA,NA,NA,NA,NA,1.96824164606945,45
"9140","Lower Nass-Portland-Sockeye","Sockeye",1996,10305.948,3700,NA,NA,7338.06,2967.888,0,0,0,NA,NA,NA,NA,NA,NA,NA,NA,NA,NA,NA,NA,NA,NA,NA,NA,NA,NA,NA,NA,NA,NA,NA,NA,1.02438838463862,45
"9141","Lower Nass-Portland-Sockeye","Sockeye",1997,19760.764,15480,NA,NA,3456.112,16304.652,0,0,0,NA,NA,NA,NA,NA,NA,NA,NA,NA,NA,NA,NA,NA,NA,NA,NA,NA,NA,NA,NA,NA,NA,NA,NA,0.24414948737832,45
"9142","Lower Nass-Portland-Sockeye","Sockeye",1998,1516.66,10448,NA,NA,894.348,622.312,0,0,0,NA,NA,NA,NA,NA,NA,NA,NA,NA,NA,NA,NA,NA,NA,NA,NA,NA,NA,NA,NA,NA,NA,NA,NA,-1.92990002385338,45
"9143","Lower Nass-Portland-Sockeye","Sockeye",1999,24986.587,8303,NA,NA,2285.688,22700.899,0,0,0,NA,NA,NA,NA,NA,NA,NA,NA,NA,NA,NA,NA,NA,NA,NA,NA,NA,NA,NA,NA,NA,NA,NA,NA,1.10172226560995,45
"9144","Lower Nass-Portland-Sockeye","Sockeye",2000,12608.246,2512,NA,NA,6896.101,5712.145,0,0,0,NA,NA,NA,NA,NA,NA,NA,NA,NA,NA,NA,NA,NA,NA,NA,NA,NA,NA,NA,NA,NA,NA,NA,NA,1.61327179574055,45
"9145","Lower Nass-Portland-Sockeye","Sockeye",2001,15728.854,5595,NA,NA,4768.855,10959.999,0,0,0,NA,NA,NA,NA,NA,NA,NA,NA,NA,NA,NA,NA,NA,NA,NA,NA,NA,NA,NA,NA,NA,NA,NA,NA,1.03362351823398,45
"9146","Lower Nass-Portland-Sockeye","Sockeye",2002,15734.601,899,NA,NA,11921.001,3813.6,0,0,0,NA,NA,NA,NA,NA,NA,NA,NA,NA,NA,NA,NA,NA,NA,NA,NA,NA,NA,NA,NA,NA,NA,NA,NA,2.86233441722206,45
"9147","Lower Nass-Portland-Sockeye","Sockeye",2003,39741.54,5866,NA,NA,5720.4,34021.14,0,0,0,NA,NA,NA,NA,NA,NA,NA,NA,NA,NA,NA,NA,NA,NA,NA,NA,NA,NA,NA,NA,NA,NA,NA,NA,1.91322401770484,45
"9148","Lower Nass-Portland-Sockeye","Sockeye",2004,23117.91,2298,NA,NA,15284.86,7833.05,0,0,0,NA,NA,NA,NA,NA,NA,NA,NA,NA,NA,NA,NA,NA,NA,NA,NA,NA,NA,NA,NA,NA,NA,NA,NA,2.3085684623676,45
"9149","Lower Nass-Portland-Sockeye","Sockeye",2005,36705.919,7074,NA,NA,10966.27,25739.649,0,0,0,NA,NA,NA,NA,NA,NA,NA,NA,NA,NA,NA,NA,NA,NA,NA,NA,NA,NA,NA,NA,NA,NA,NA,NA,1.64651193192686,45
"9150","Lower Nass-Portland-Sockeye","Sockeye",2006,18744.886,2809,NA,NA,13083.351,5661.535,0,0,0,NA,NA,NA,NA,NA,NA,NA,NA,NA,NA,NA,NA,NA,NA,NA,NA,NA,NA,NA,NA,NA,NA,NA,NA,1.89809242042551,45
"9151","Lower Nass-Portland-Sockeye","Sockeye",2007,62787.507,18212,NA,NA,8298.807,54488.7,0,0,0,NA,NA,NA,NA,NA,NA,NA,NA,NA,NA,NA,NA,NA,NA,NA,NA,NA,NA,NA,NA,NA,NA,NA,NA,1.23767540309078,45
"9152","Lower Nass-Portland-Sockeye","Sockeye",2008,45730.698,12197,NA,NA,17586.3,28144.398,0,0,0,NA,NA,NA,NA,NA,NA,NA,NA,NA,NA,NA,NA,NA,NA,NA,NA,NA,NA,NA,NA,NA,NA,NA,NA,1.32157978119555,45
"9153","Lower Nass-Portland-Sockeye","Sockeye",2009,71844.902,17531,NA,NA,21934.602,49910.3,0,0,0,NA,NA,NA,NA,NA,NA,NA,NA,NA,NA,NA,NA,NA,NA,NA,NA,NA,NA,NA,NA,NA,NA,NA,NA,1.4105389142609,45
"9154","Lower Nass-Portland-Sockeye","Sockeye",2010,16676.304,6860,NA,NA,12906.74,3769.564,0,0,0,NA,NA,NA,NA,NA,NA,NA,NA,NA,NA,NA,NA,NA,NA,NA,NA,NA,NA,NA,NA,NA,NA,NA,NA,0.888281347905913,45
"9155","Lower Nass-Portland-Sockeye","Sockeye",2011,119634.363,34951,NA,NA,43946.436,75687.927,0,0,0,NA,NA,NA,NA,NA,NA,NA,NA,NA,NA,NA,NA,NA,NA,NA,NA,NA,NA,NA,NA,NA,NA,NA,NA,1.2304930357289,45
"9156","Lower Nass-Portland-Sockeye","Sockeye",2012,57855.894,19934,NA,NA,32903.073,24952.821,0,0,0,NA,NA,NA,NA,NA,NA,NA,NA,NA,NA,NA,NA,NA,NA,NA,NA,NA,NA,NA,NA,NA,NA,NA,NA,1.06552851608781,45
"9157","Lower Nass-Portland-Sockeye","Sockeye",2013,18627.579,26636,NA,NA,9370.179,9257.4,0,0,0,NA,NA,NA,NA,NA,NA,NA,NA,NA,NA,NA,NA,NA,NA,NA,NA,NA,NA,NA,NA,NA,NA,NA,NA,-0.357620459770152,45
"9158","Lower Nass-Portland-Sockeye","Sockeye",2014,34796.133342228,20236,NA,NA,16457.6,17226.7,0,1111.833342228,0,NA,NA,NA,NA,NA,NA,NA,NA,NA,NA,NA,NA,NA,NA,NA,NA,NA,NA,NA,NA,NA,NA,NA,NA,0.542043073321953,45
"9159","Lower Nass-Portland-Sockeye","Sockeye",2015,122102.821677464,54634,NA,NA,38343.3,79074.355,3335.5,1349.666677464,0,NA,NA,NA,NA,NA,NA,NA,NA,NA,NA,NA,NA,NA,NA,NA,NA,NA,NA,NA,NA,NA,NA,NA,NA,0.804207090841415,45
"9160","Meziadin-Sockeye","Sockeye",1982,312032.19,250000,NA,NA,0,34819.62,262739.22,14473.35,0,NA,NA,NA,NA,NA,NA,NA,NA,NA,NA,NA,NA,NA,NA,NA,NA,NA,NA,NA,NA,NA,NA,NA,NA,0.221645437702183,46
"9161","Meziadin-Sockeye","Sockeye",1983,360460.14,170000,NA,NA,0,53257.95,237362.94,69839.25,0,NA,NA,NA,NA,NA,NA,NA,NA,NA,NA,NA,NA,NA,NA,NA,NA,NA,NA,NA,NA,NA,NA,NA,NA,0.751582944906931,46
"9162","Meziadin-Sockeye","Sockeye",1984,152822.54,140000,NA,NA,0,37630.71,77002.25,38189.58,0,NA,NA,NA,NA,NA,NA,NA,NA,NA,NA,NA,NA,NA,NA,NA,NA,NA,NA,NA,NA,NA,NA,NA,NA,0.0876349563331352,46
"9163","Meziadin-Sockeye","Sockeye",1985,284767.24,288663,NA,NA,0,32233.5,199760.88,52772.86,0,NA,NA,NA,NA,NA,NA,NA,NA,NA,NA,NA,NA,NA,NA,NA,NA,NA,NA,NA,NA,NA,NA,NA,NA,-0.0135877729034365,46
"9164","Meziadin-Sockeye","Sockeye",1986,511068.8,115543,NA,NA,0,55815.54,354332.06,100921.2,0,NA,NA,NA,NA,NA,NA,NA,NA,NA,NA,NA,NA,NA,NA,NA,NA,NA,NA,NA,NA,NA,NA,NA,NA,1.48686146405581,46
"9165","Meziadin-Sockeye","Sockeye",1987,1295792.29,143989,NA,NA,0,346793.08,841010,107989.21,0,NA,NA,NA,NA,NA,NA,NA,NA,NA,NA,NA,NA,NA,NA,NA,NA,NA,NA,NA,NA,NA,NA,NA,NA,2.19714068623654,46
"9166","Meziadin-Sockeye","Sockeye",1988,1707763.1,116984,NA,NA,0,740088.8,925621.8,42052.5,0,NA,NA,NA,NA,NA,NA,NA,NA,NA,NA,NA,NA,NA,NA,NA,NA,NA,NA,NA,NA,NA,NA,NA,NA,2.68090249118498,46
"9167","Meziadin-Sockeye","Sockeye",1989,888166.77,50000,NA,NA,0,509091.99,319599,59475.78,0,NA,NA,NA,NA,NA,NA,NA,NA,NA,NA,NA,NA,NA,NA,NA,NA,NA,NA,NA,NA,NA,NA,NA,NA,2.8771365239851,46
"9168","Meziadin-Sockeye","Sockeye",1990,473856.54,120954,NA,NA,0,58873.5,365351.22,49631.82,0,NA,NA,NA,NA,NA,NA,NA,NA,NA,NA,NA,NA,NA,NA,NA,NA,NA,NA,NA,NA,NA,NA,NA,NA,1.36549430963064,46
"9169","Meziadin-Sockeye","Sockeye",1991,1236210.79,250000,NA,NA,0,424827,719661.39,91722.4,0,NA,NA,NA,NA,NA,NA,NA,NA,NA,NA,NA,NA,NA,NA,NA,NA,NA,NA,NA,NA,NA,NA,NA,NA,1.59834524768594,46
"9170","Meziadin-Sockeye","Sockeye",1992,401191.14,592118,NA,NA,0,57903.79,303830.45,39456.9,0,NA,NA,NA,NA,NA,NA,NA,NA,NA,NA,NA,NA,NA,NA,NA,NA,NA,NA,NA,NA,NA,NA,NA,NA,-0.389267967250699,46
"9171","Meziadin-Sockeye","Sockeye",1993,513246.4,4e+05,NA,NA,0,171979.5,298118.8,43148.1,0,NA,NA,NA,NA,NA,NA,NA,NA,NA,NA,NA,NA,NA,NA,NA,NA,NA,NA,NA,NA,NA,NA,NA,NA,0.249291494640792,46
"9172","Meziadin-Sockeye","Sockeye",1994,666975.94,158010,NA,NA,0,96450.2,460246.4,110279.34,0,NA,NA,NA,NA,NA,NA,NA,NA,NA,NA,NA,NA,NA,NA,NA,NA,NA,NA,NA,NA,NA,NA,NA,NA,1.44009565113759,46
"9173","Meziadin-Sockeye","Sockeye",1995,554674.45,205853,NA,NA,0,222931.85,204221,127521.6,0,NA,NA,NA,NA,NA,NA,NA,NA,NA,NA,NA,NA,NA,NA,NA,NA,NA,NA,NA,NA,NA,NA,NA,NA,0.991219043238068,46
"9174","Meziadin-Sockeye","Sockeye",1996,287521.7,182082,NA,NA,0,93941.66,159402,34178.04,0,NA,NA,NA,NA,NA,NA,NA,NA,NA,NA,NA,NA,NA,NA,NA,NA,NA,NA,NA,NA,NA,NA,NA,NA,0.456841200589517,46
"9175","Meziadin-Sockeye","Sockeye",1997,801465.48,158687,NA,NA,0,111581.4,581026.68,108857.4,0,NA,NA,NA,NA,NA,NA,NA,NA,NA,NA,NA,NA,NA,NA,NA,NA,NA,NA,NA,NA,NA,NA,NA,NA,1.61950819326379,46
"9176","Meziadin-Sockeye","Sockeye",1998,1164385.18,163925,NA,NA,0,524063.28,607787.15,32534.75,0,NA,NA,NA,NA,NA,NA,NA,NA,NA,NA,NA,NA,NA,NA,NA,NA,NA,NA,NA,NA,NA,NA,NA,NA,1.96053947805577,46
"9177","Meziadin-Sockeye","Sockeye",1999,684244.2,180350,NA,NA,0,190500.45,429458.7,64285.05,0,NA,NA,NA,NA,NA,NA,NA,NA,NA,NA,NA,NA,NA,NA,NA,NA,NA,NA,NA,NA,NA,NA,NA,NA,1.33341546410126,46
"9178","Meziadin-Sockeye","Sockeye",2000,593170.5,137042,NA,NA,0,182194.6,291425.56,119550.34,0,NA,NA,NA,NA,NA,NA,NA,NA,NA,NA,NA,NA,NA,NA,NA,NA,NA,NA,NA,NA,NA,NA,NA,NA,1.46519443056231,46
"9179","Meziadin-Sockeye","Sockeye",2001,431506.33,116192,NA,NA,0,72856.39,257493.04,101156.9,0,NA,NA,NA,NA,NA,NA,NA,NA,NA,NA,NA,NA,NA,NA,NA,NA,NA,NA,NA,NA,NA,NA,NA,NA,1.31203818494062,46
"9180","Meziadin-Sockeye","Sockeye",2002,377187.77,332442,NA,NA,0,82765.62,268454.85,25967.3,0,NA,NA,NA,NA,NA,NA,NA,NA,NA,NA,NA,NA,NA,NA,NA,NA,NA,NA,NA,NA,NA,NA,NA,NA,0.126277718326013,46
"9181","Meziadin-Sockeye","Sockeye",2003,242601.48,196852,NA,NA,0,19453.25,171384.18,51764.05,0,NA,NA,NA,NA,NA,NA,NA,NA,NA,NA,NA,NA,NA,NA,NA,NA,NA,NA,NA,NA,NA,NA,NA,NA,0.208967919709969,46
"9182","Meziadin-Sockeye","Sockeye",2004,383420.32,140923,NA,NA,0,62321.52,302620.6,18478.2,0,NA,NA,NA,NA,NA,NA,NA,NA,NA,NA,NA,NA,NA,NA,NA,NA,NA,NA,NA,NA,NA,NA,NA,NA,1.00091818676461,46
"9183","Meziadin-Sockeye","Sockeye",2005,283368.6,142858,NA,NA,0,43800.35,209419.6,30148.65,0,NA,NA,NA,NA,NA,NA,NA,NA,NA,NA,NA,NA,NA,NA,NA,NA,NA,NA,NA,NA,NA,NA,NA,NA,0.684897393749843,46
"9184","Meziadin-Sockeye","Sockeye",2006,329915.12,146954,NA,NA,0,73912.8,194291.3,61711.02,0,NA,NA,NA,NA,NA,NA,NA,NA,NA,NA,NA,NA,NA,NA,NA,NA,NA,NA,NA,NA,NA,NA,NA,NA,0.808715796617232,46
"9185","Meziadin-Sockeye","Sockeye",2007,377892.44,104308,NA,NA,9239.1,107195.2,212560.18,48897.96,0,NA,NA,NA,NA,NA,NA,NA,NA,NA,NA,NA,NA,NA,NA,NA,NA,NA,NA,NA,NA,NA,NA,NA,NA,1.28726154397597,46
"9186","Meziadin-Sockeye","Sockeye",2008,314211.25,150383,NA,NA,3349.85,54854.24,215965.99,40041.17,0,NA,NA,NA,NA,NA,NA,NA,NA,NA,NA,NA,NA,NA,NA,NA,NA,NA,NA,NA,NA,NA,NA,NA,NA,0.736880157187877,46
"9187","Meziadin-Sockeye","Sockeye",2009,389476.19,168404,NA,NA,17141.95,134469.39,163244.77,74620.08,0,NA,NA,NA,NA,NA,NA,NA,NA,NA,NA,NA,NA,NA,NA,NA,NA,NA,NA,NA,NA,NA,NA,NA,NA,0.838436879293658,46
"9188","Meziadin-Sockeye","Sockeye",2010,279480.29,159120,NA,NA,8149.66,77002.25,169967.96,24360.42,0,NA,NA,NA,NA,NA,NA,NA,NA,NA,NA,NA,NA,NA,NA,NA,NA,NA,NA,NA,NA,NA,NA,NA,NA,0.563273136779329,46
"9189","Meziadin-Sockeye","Sockeye",2011,340575.47,167524,NA,NA,27720.81,165822.4,107881.86,39150.4,0,NA,NA,NA,NA,NA,NA,NA,NA,NA,NA,NA,NA,NA,NA,NA,NA,NA,NA,NA,NA,NA,NA,NA,NA,0.709510121087159,46
"9190","Meziadin-Sockeye","Sockeye",2012,143666.99,144923,NA,NA,4145.56,36540.63,92003.44,10977.36,0,NA,NA,NA,NA,NA,NA,NA,NA,NA,NA,NA,NA,NA,NA,NA,NA,NA,NA,NA,NA,NA,NA,NA,NA,-0.00870451487591628,46
"9191","Meziadin-Sockeye","Sockeye",2013,125170.4,170376,NA,NA,6960.12,50895.52,52142.46,15172.3,0,NA,NA,NA,NA,NA,NA,NA,NA,NA,NA,NA,NA,NA,NA,NA,NA,NA,NA,NA,NA,NA,NA,NA,NA,-0.308331750416458,46
"9192","Meziadin-Sockeye","Sockeye",2014,126472.46,144920,NA,NA,13702.64,60375.48,45516.9,6877.44,0,NA,NA,NA,NA,NA,NA,NA,NA,NA,NA,NA,NA,NA,NA,NA,NA,NA,NA,NA,NA,NA,NA,NA,NA,-0.136157289070903,46
"9193","Meziadin-Sockeye","Sockeye",2015,192130.707997,185917,NA,NA,13721.7,62068.5,96284.16,20056.347997,0,NA,NA,NA,NA,NA,NA,NA,NA,NA,NA,NA,NA,NA,NA,NA,NA,NA,NA,NA,NA,NA,NA,NA,NA,0.0328755736652517,46
"9194","Damdochax-Sockeye","Sockeye",1982,18103,5000,NA,NA,NA,NA,NA,NA,NA,NA,NA,NA,NA,NA,NA,NA,NA,NA,NA,NA,NA,NA,NA,NA,NA,NA,NA,NA,NA,NA,NA,NA,NA,1.28663975795971,47
"9195","Damdochax-Sockeye","Sockeye",1983,7400,500,NA,NA,NA,NA,NA,NA,NA,NA,NA,NA,NA,NA,NA,NA,NA,NA,NA,NA,NA,NA,NA,NA,NA,NA,NA,NA,NA,NA,NA,NA,NA,2.69462718077007,47
"9196","Damdochax-Sockeye","Sockeye",1984,22375,1000,NA,NA,NA,NA,NA,NA,NA,NA,NA,NA,NA,NA,NA,NA,NA,NA,NA,NA,NA,NA,NA,NA,NA,NA,NA,NA,NA,NA,NA,NA,NA,3.10794426416092,47
"9197","Damdochax-Sockeye","Sockeye",1985,18977,15000,NA,NA,NA,NA,NA,NA,NA,NA,NA,NA,NA,NA,NA,NA,NA,NA,NA,NA,NA,NA,NA,NA,NA,NA,NA,NA,NA,NA,NA,NA,NA,0.235177518469632,47
"9198","Damdochax-Sockeye","Sockeye",1986,13428,10000,NA,NA,NA,NA,NA,NA,NA,NA,NA,NA,NA,NA,NA,NA,NA,NA,NA,NA,NA,NA,NA,NA,NA,NA,NA,NA,NA,NA,NA,NA,NA,0.294756986123743,47
"9199","Damdochax-Sockeye","Sockeye",1987,16709,2000,NA,NA,NA,NA,NA,NA,NA,NA,NA,NA,NA,NA,NA,NA,NA,NA,NA,NA,NA,NA,NA,NA,NA,NA,NA,NA,NA,NA,NA,NA,NA,2.12280031585206,47
"9200","Damdochax-Sockeye","Sockeye",1988,27859,2000,NA,NA,NA,NA,NA,NA,NA,NA,NA,NA,NA,NA,NA,NA,NA,NA,NA,NA,NA,NA,NA,NA,NA,NA,NA,NA,NA,NA,NA,NA,NA,2.63400889339303,47
"9201","Damdochax-Sockeye","Sockeye",1989,23050,5000,NA,NA,NA,NA,NA,NA,NA,NA,NA,NA,NA,NA,NA,NA,NA,NA,NA,NA,NA,NA,NA,NA,NA,NA,NA,NA,NA,NA,NA,NA,NA,1.52822785700856,47
"9202","Damdochax-Sockeye","Sockeye",1990,10532,4000,NA,NA,NA,NA,NA,NA,NA,NA,NA,NA,NA,NA,NA,NA,NA,NA,NA,NA,NA,NA,NA,NA,NA,NA,NA,NA,NA,NA,NA,NA,NA,0.968123880514172,47
"9203","Damdochax-Sockeye","Sockeye",1991,6711,3000,NA,NA,NA,NA,NA,NA,NA,NA,NA,NA,NA,NA,NA,NA,NA,NA,NA,NA,NA,NA,NA,NA,NA,NA,NA,NA,NA,NA,NA,NA,NA,0.805135682507993,47
"9204","Damdochax-Sockeye","Sockeye",1992,11818,4500,NA,NA,NA,NA,NA,NA,NA,NA,NA,NA,NA,NA,NA,NA,NA,NA,NA,NA,NA,NA,NA,NA,NA,NA,NA,NA,NA,NA,NA,NA,NA,0.965546396147209,47
"9205","Damdochax-Sockeye","Sockeye",1993,14059,6000,NA,NA,NA,NA,NA,NA,NA,NA,NA,NA,NA,NA,NA,NA,NA,NA,NA,NA,NA,NA,NA,NA,NA,NA,NA,NA,NA,NA,NA,NA,NA,0.851503290869715,47
"9206","Damdochax-Sockeye","Sockeye",1994,8133,6000,NA,NA,NA,NA,NA,NA,NA,NA,NA,NA,NA,NA,NA,NA,NA,NA,NA,NA,NA,NA,NA,NA,NA,NA,NA,NA,NA,NA,NA,NA,NA,0.304170389956583,47
"9207","Damdochax-Sockeye","Sockeye",1995,2919,1000,NA,NA,NA,NA,NA,NA,NA,NA,NA,NA,NA,NA,NA,NA,NA,NA,NA,NA,NA,NA,NA,NA,NA,NA,NA,NA,NA,NA,NA,NA,NA,1.07124109187198,47
"9208","Damdochax-Sockeye","Sockeye",2005,3709,505,NA,NA,NA,NA,NA,NA,NA,NA,NA,NA,NA,NA,NA,NA,NA,NA,NA,NA,NA,NA,NA,NA,NA,NA,NA,NA,NA,NA,NA,NA,NA,1.99395914821423,47
"9209","Damdochax-Sockeye","Sockeye",2006,5196,1701,NA,NA,NA,NA,NA,NA,NA,NA,NA,NA,NA,NA,NA,NA,NA,NA,NA,NA,NA,NA,NA,NA,NA,NA,NA,NA,NA,NA,NA,NA,NA,1.11667278539463,47
"9210","Damdochax-Sockeye","Sockeye",2007,6140,2067,NA,NA,NA,NA,NA,NA,NA,NA,NA,NA,NA,NA,NA,NA,NA,NA,NA,NA,NA,NA,NA,NA,NA,NA,NA,NA,NA,NA,NA,NA,NA,1.08872646145942,47
"9211","Damdochax-Sockeye","Sockeye",2008,5749,2000,NA,NA,NA,NA,NA,NA,NA,NA,NA,NA,NA,NA,NA,NA,NA,NA,NA,NA,NA,NA,NA,NA,NA,NA,NA,NA,NA,NA,NA,NA,NA,1.05587874608121,47
"9212","Damdochax-Sockeye","Sockeye",2009,8731,1716,NA,NA,NA,NA,NA,NA,NA,NA,NA,NA,NA,NA,NA,NA,NA,NA,NA,NA,NA,NA,NA,NA,NA,NA,NA,NA,NA,NA,NA,NA,NA,1.6268839097629,47
"9213","Damdochax-Sockeye","Sockeye",2010,7270,1970,NA,NA,NA,NA,NA,NA,NA,NA,NA,NA,NA,NA,NA,NA,NA,NA,NA,NA,NA,NA,NA,NA,NA,NA,NA,NA,NA,NA,NA,NA,NA,1.30572274879553,47
"9214","Damdochax-Sockeye","Sockeye",2011,6378,2996,NA,NA,NA,NA,NA,NA,NA,NA,NA,NA,NA,NA,NA,NA,NA,NA,NA,NA,NA,NA,NA,NA,NA,NA,NA,NA,NA,NA,NA,NA,NA,0.755576502932893,47
"9215","Fred Wright-Sockeye","Sockeye",1982,59451,20000,NA,NA,NA,NA,NA,NA,NA,NA,NA,NA,NA,NA,NA,NA,NA,NA,NA,NA,NA,NA,NA,NA,NA,NA,NA,NA,NA,NA,NA,NA,NA,1.08942017029919,48
"9216","Fred Wright-Sockeye","Sockeye",1983,20765,2000,NA,NA,NA,NA,NA,NA,NA,NA,NA,NA,NA,NA,NA,NA,NA,NA,NA,NA,NA,NA,NA,NA,NA,NA,NA,NA,NA,NA,NA,NA,NA,2.34012169652277,48
"9217","Fred Wright-Sockeye","Sockeye",1984,54940,6000,NA,NA,NA,NA,NA,NA,NA,NA,NA,NA,NA,NA,NA,NA,NA,NA,NA,NA,NA,NA,NA,NA,NA,NA,NA,NA,NA,NA,NA,NA,NA,2.21448221143907,48
"9218","Fred Wright-Sockeye","Sockeye",1985,68305,15000,NA,NA,NA,NA,NA,NA,NA,NA,NA,NA,NA,NA,NA,NA,NA,NA,NA,NA,NA,NA,NA,NA,NA,NA,NA,NA,NA,NA,NA,NA,NA,1.51593276923724,48
"9219","Fred Wright-Sockeye","Sockeye",1986,27489,25000,NA,NA,NA,NA,NA,NA,NA,NA,NA,NA,NA,NA,NA,NA,NA,NA,NA,NA,NA,NA,NA,NA,NA,NA,NA,NA,NA,NA,NA,NA,NA,0.0949100997829852,48
"9220","Fred Wright-Sockeye","Sockeye",1987,17557,7500,NA,NA,NA,NA,NA,NA,NA,NA,NA,NA,NA,NA,NA,NA,NA,NA,NA,NA,NA,NA,NA,NA,NA,NA,NA,NA,NA,NA,NA,NA,NA,0.850549710244807,48
"9221","Fred Wright-Sockeye","Sockeye",1988,58642,2500,NA,NA,NA,NA,NA,NA,NA,NA,NA,NA,NA,NA,NA,NA,NA,NA,NA,NA,NA,NA,NA,NA,NA,NA,NA,NA,NA,NA,NA,NA,NA,3.15516043153464,48
"9222","Fred Wright-Sockeye","Sockeye",1989,52996,15000,NA,NA,NA,NA,NA,NA,NA,NA,NA,NA,NA,NA,NA,NA,NA,NA,NA,NA,NA,NA,NA,NA,NA,NA,NA,NA,NA,NA,NA,NA,NA,1.26216623790367,48
"9223","Fred Wright-Sockeye","Sockeye",1990,14870,14000,NA,NA,NA,NA,NA,NA,NA,NA,NA,NA,NA,NA,NA,NA,NA,NA,NA,NA,NA,NA,NA,NA,NA,NA,NA,NA,NA,NA,NA,NA,NA,0.060288430856805,48
"9224","Fred Wright-Sockeye","Sockeye",1991,10204,2000,NA,NA,NA,NA,NA,NA,NA,NA,NA,NA,NA,NA,NA,NA,NA,NA,NA,NA,NA,NA,NA,NA,NA,NA,NA,NA,NA,NA,NA,NA,NA,1.62963261971962,48
"9225","Fred Wright-Sockeye","Sockeye",1992,28205,5000,NA,NA,NA,NA,NA,NA,NA,NA,NA,NA,NA,NA,NA,NA,NA,NA,NA,NA,NA,NA,NA,NA,NA,NA,NA,NA,NA,NA,NA,NA,NA,1.73006135475784,48
"9226","Fred Wright-Sockeye","Sockeye",1993,28356,16000,NA,NA,NA,NA,NA,NA,NA,NA,NA,NA,NA,NA,NA,NA,NA,NA,NA,NA,NA,NA,NA,NA,NA,NA,NA,NA,NA,NA,NA,NA,NA,0.57224992575299,48
"9227","Fred Wright-Sockeye","Sockeye",1994,33589,6000,NA,NA,NA,NA,NA,NA,NA,NA,NA,NA,NA,NA,NA,NA,NA,NA,NA,NA,NA,NA,NA,NA,NA,NA,NA,NA,NA,NA,NA,NA,NA,1.72243916318788,48
"9228","Fred Wright-Sockeye","Sockeye",1995,26518,1500,NA,NA,NA,NA,NA,NA,NA,NA,NA,NA,NA,NA,NA,NA,NA,NA,NA,NA,NA,NA,NA,NA,NA,NA,NA,NA,NA,NA,NA,NA,NA,2.87235863958436,48
"9229","Fred Wright-Sockeye","Sockeye",2009,1490,107,NA,NA,NA,NA,NA,NA,NA,NA,NA,NA,NA,NA,NA,NA,NA,NA,NA,NA,NA,NA,NA,NA,NA,NA,NA,NA,NA,NA,NA,NA,NA,2.6337025644776,48
"9230","Fred Wright-Sockeye","Sockeye",2010,10627,48,NA,NA,NA,NA,NA,NA,NA,NA,NA,NA,NA,NA,NA,NA,NA,NA,NA,NA,NA,NA,NA,NA,NA,NA,NA,NA,NA,NA,NA,NA,NA,5.3999522004648,48
"9231","Fred Wright-Sockeye","Sockeye",2011,25573,10273,NA,NA,NA,NA,NA,NA,NA,NA,NA,NA,NA,NA,NA,NA,NA,NA,NA,NA,NA,NA,NA,NA,NA,NA,NA,NA,NA,NA,NA,NA,NA,0.912018013177153,48
"9232","Fred Wright-Sockeye","Sockeye",2012,20509,3688,NA,NA,NA,NA,NA,NA,NA,NA,NA,NA,NA,NA,NA,NA,NA,NA,NA,NA,NA,NA,NA,NA,NA,NA,NA,NA,NA,NA,NA,NA,NA,1.71577950849725,48
"9233","Owikeno-Sockeye","Sockeye",1954,1349255,351596,NA,NA,NA,NA,NA,NA,NA,NA,NA,NA,NA,NA,NA,NA,NA,NA,NA,NA,NA,NA,NA,NA,NA,NA,NA,NA,NA,NA,NA,NA,NA,1.34482507807232,49
"9234","Owikeno-Sockeye","Sockeye",1955,858017,438310,NA,NA,NA,NA,NA,NA,NA,NA,NA,NA,NA,NA,NA,NA,NA,NA,NA,NA,NA,NA,NA,NA,NA,NA,NA,NA,NA,NA,NA,NA,NA,0.671697490223769,49
"9235","Owikeno-Sockeye","Sockeye",1956,869847,519943,NA,NA,NA,NA,NA,NA,NA,NA,NA,NA,NA,NA,NA,NA,NA,NA,NA,NA,NA,NA,NA,NA,NA,NA,NA,NA,NA,NA,NA,NA,NA,0.514598143931465,49
"9236","Owikeno-Sockeye","Sockeye",1957,1529432,484038,NA,NA,NA,NA,NA,NA,NA,NA,NA,NA,NA,NA,NA,NA,NA,NA,NA,NA,NA,NA,NA,NA,NA,NA,NA,NA,NA,NA,NA,NA,NA,1.15048828759772,49
"9237","Owikeno-Sockeye","Sockeye",1958,2267198,630028,NA,NA,NA,NA,NA,NA,NA,NA,NA,NA,NA,NA,NA,NA,NA,NA,NA,NA,NA,NA,NA,NA,NA,NA,NA,NA,NA,NA,NA,NA,NA,1.28053572394825,49
"9238","Owikeno-Sockeye","Sockeye",1959,2164915,997544,NA,NA,NA,NA,NA,NA,NA,NA,NA,NA,NA,NA,NA,NA,NA,NA,NA,NA,NA,NA,NA,NA,NA,NA,NA,NA,NA,NA,NA,NA,NA,0.774840120629003,49
"9239","Owikeno-Sockeye","Sockeye",1960,1069678,233043,NA,NA,NA,NA,NA,NA,NA,NA,NA,NA,NA,NA,NA,NA,NA,NA,NA,NA,NA,NA,NA,NA,NA,NA,NA,NA,NA,NA,NA,NA,NA,1.52388996169183,49
"9240","Owikeno-Sockeye","Sockeye",1961,776622,306546,NA,NA,NA,NA,NA,NA,NA,NA,NA,NA,NA,NA,NA,NA,NA,NA,NA,NA,NA,NA,NA,NA,NA,NA,NA,NA,NA,NA,NA,NA,NA,0.929585919826994,49
"9241","Owikeno-Sockeye","Sockeye",1962,1096421,912863,NA,NA,NA,NA,NA,NA,NA,NA,NA,NA,NA,NA,NA,NA,NA,NA,NA,NA,NA,NA,NA,NA,NA,NA,NA,NA,NA,NA,NA,NA,NA,0.183220703267669,49
"9242","Owikeno-Sockeye","Sockeye",1963,2563438,2184775,NA,NA,NA,NA,NA,NA,NA,NA,NA,NA,NA,NA,NA,NA,NA,NA,NA,NA,NA,NA,NA,NA,NA,NA,NA,NA,NA,NA,NA,NA,NA,0.159836477848598,49
"9243","Owikeno-Sockeye","Sockeye",1964,1486396,1265137,NA,NA,NA,NA,NA,NA,NA,NA,NA,NA,NA,NA,NA,NA,NA,NA,NA,NA,NA,NA,NA,NA,NA,NA,NA,NA,NA,NA,NA,NA,NA,0.161173981297478,49
"9244","Owikeno-Sockeye","Sockeye",1965,424308,187758,NA,NA,NA,NA,NA,NA,NA,NA,NA,NA,NA,NA,NA,NA,NA,NA,NA,NA,NA,NA,NA,NA,NA,NA,NA,NA,NA,NA,NA,NA,NA,0.815305707024556,49
"9245","Owikeno-Sockeye","Sockeye",1966,685626,377678,NA,NA,NA,NA,NA,NA,NA,NA,NA,NA,NA,NA,NA,NA,NA,NA,NA,NA,NA,NA,NA,NA,NA,NA,NA,NA,NA,NA,NA,NA,NA,0.59629030881591,49
"9246","Owikeno-Sockeye","Sockeye",1967,763480,542806,NA,NA,NA,NA,NA,NA,NA,NA,NA,NA,NA,NA,NA,NA,NA,NA,NA,NA,NA,NA,NA,NA,NA,NA,NA,NA,NA,NA,NA,NA,NA,0.341134947466934,49
"9247","Owikeno-Sockeye","Sockeye",1968,2601602,1253282,NA,NA,NA,NA,NA,NA,NA,NA,NA,NA,NA,NA,NA,NA,NA,NA,NA,NA,NA,NA,NA,NA,NA,NA,NA,NA,NA,NA,NA,NA,NA,0.730361698680641,49
"9248","Owikeno-Sockeye","Sockeye",1969,1883247,160894,NA,NA,NA,NA,NA,NA,NA,NA,NA,NA,NA,NA,NA,NA,NA,NA,NA,NA,NA,NA,NA,NA,NA,NA,NA,NA,NA,NA,NA,NA,NA,2.46000693065304,49
"9249","Owikeno-Sockeye","Sockeye",1970,1019837,202388,NA,NA,NA,NA,NA,NA,NA,NA,NA,NA,NA,NA,NA,NA,NA,NA,NA,NA,NA,NA,NA,NA,NA,NA,NA,NA,NA,NA,NA,NA,NA,1.61721144246861,49
"9250","Owikeno-Sockeye","Sockeye",1971,1263383,507748,NA,NA,NA,NA,NA,NA,NA,NA,NA,NA,NA,NA,NA,NA,NA,NA,NA,NA,NA,NA,NA,NA,NA,NA,NA,NA,NA,NA,NA,NA,NA,0.911563061113352,49
"9251","Owikeno-Sockeye","Sockeye",1972,1100124,352274,NA,NA,NA,NA,NA,NA,NA,NA,NA,NA,NA,NA,NA,NA,NA,NA,NA,NA,NA,NA,NA,NA,NA,NA,NA,NA,NA,NA,NA,NA,NA,1.13876889782017,49
"9252","Owikeno-Sockeye","Sockeye",1973,1050018,2117030,NA,NA,NA,NA,NA,NA,NA,NA,NA,NA,NA,NA,NA,NA,NA,NA,NA,NA,NA,NA,NA,NA,NA,NA,NA,NA,NA,NA,NA,NA,NA,-0.701206856169376,49
"9253","Owikeno-Sockeye","Sockeye",1974,714289,1148277,NA,NA,NA,NA,NA,NA,NA,NA,NA,NA,NA,NA,NA,NA,NA,NA,NA,NA,NA,NA,NA,NA,NA,NA,NA,NA,NA,NA,NA,NA,NA,-0.474730194622217,49
"9254","Owikeno-Sockeye","Sockeye",1975,619867,838344,NA,NA,NA,NA,NA,NA,NA,NA,NA,NA,NA,NA,NA,NA,NA,NA,NA,NA,NA,NA,NA,NA,NA,NA,NA,NA,NA,NA,NA,NA,NA,-0.301923578544607,49
"9255","Owikeno-Sockeye","Sockeye",1976,1173435,560590,NA,NA,NA,NA,NA,NA,NA,NA,NA,NA,NA,NA,NA,NA,NA,NA,NA,NA,NA,NA,NA,NA,NA,NA,NA,NA,NA,NA,NA,NA,NA,0.738700823356701,49
"9256","Owikeno-Sockeye","Sockeye",1977,1455287,362774,NA,NA,NA,NA,NA,NA,NA,NA,NA,NA,NA,NA,NA,NA,NA,NA,NA,NA,NA,NA,NA,NA,NA,NA,NA,NA,NA,NA,NA,NA,NA,1.38917836016948,49
"9257","Owikeno-Sockeye","Sockeye",1978,1090599,653739,NA,NA,NA,NA,NA,NA,NA,NA,NA,NA,NA,NA,NA,NA,NA,NA,NA,NA,NA,NA,NA,NA,NA,NA,NA,NA,NA,NA,NA,NA,NA,0.511774176331328,49
"9258","Owikeno-Sockeye","Sockeye",1979,642738,525023,NA,NA,NA,NA,NA,NA,NA,NA,NA,NA,NA,NA,NA,NA,NA,NA,NA,NA,NA,NA,NA,NA,NA,NA,NA,NA,NA,NA,NA,NA,NA,0.202295105037596,49
"9259","Owikeno-Sockeye","Sockeye",1980,1010627,616479,NA,NA,NA,NA,NA,NA,NA,NA,NA,NA,NA,NA,NA,NA,NA,NA,NA,NA,NA,NA,NA,NA,NA,NA,NA,NA,NA,NA,NA,NA,NA,0.494301950538928,49
"9260","Owikeno-Sockeye","Sockeye",1981,1253589,1263443,NA,NA,NA,NA,NA,NA,NA,NA,NA,NA,NA,NA,NA,NA,NA,NA,NA,NA,NA,NA,NA,NA,NA,NA,NA,NA,NA,NA,NA,NA,NA,-0.00782989675415003,49
"9261","Owikeno-Sockeye","Sockeye",1982,1112662,1449742,NA,NA,NA,NA,NA,NA,NA,NA,NA,NA,NA,NA,NA,NA,NA,NA,NA,NA,NA,NA,NA,NA,NA,NA,NA,NA,NA,NA,NA,NA,NA,-0.264630267131878,49
"9262","Owikeno-Sockeye","Sockeye",1983,1065255,895927,NA,NA,NA,NA,NA,NA,NA,NA,NA,NA,NA,NA,NA,NA,NA,NA,NA,NA,NA,NA,NA,NA,NA,NA,NA,NA,NA,NA,NA,NA,NA,0.173110549661349,49
"9263","Owikeno-Sockeye","Sockeye",1984,657184,468118,NA,NA,NA,NA,NA,NA,NA,NA,NA,NA,NA,NA,NA,NA,NA,NA,NA,NA,NA,NA,NA,NA,NA,NA,NA,NA,NA,NA,NA,NA,NA,0.339243639269028,49
"9264","Owikeno-Sockeye","Sockeye",1985,686692,1067745,NA,NA,NA,NA,NA,NA,NA,NA,NA,NA,NA,NA,NA,NA,NA,NA,NA,NA,NA,NA,NA,NA,NA,NA,NA,NA,NA,NA,NA,NA,NA,-0.441418361327661,49
"9265","Owikeno-Sockeye","Sockeye",1986,609592,992464,NA,NA,NA,NA,NA,NA,NA,NA,NA,NA,NA,NA,NA,NA,NA,NA,NA,NA,NA,NA,NA,NA,NA,NA,NA,NA,NA,NA,NA,NA,NA,-0.487400858936452,49
"9266","Owikeno-Sockeye","Sockeye",1987,995992,737404,NA,NA,NA,NA,NA,NA,NA,NA,NA,NA,NA,NA,NA,NA,NA,NA,NA,NA,NA,NA,NA,NA,NA,NA,NA,NA,NA,NA,NA,NA,NA,0.300603315174161,49
"9267","Owikeno-Sockeye","Sockeye",1988,692705,636803,NA,NA,NA,NA,NA,NA,NA,NA,NA,NA,NA,NA,NA,NA,NA,NA,NA,NA,NA,NA,NA,NA,NA,NA,NA,NA,NA,NA,NA,NA,NA,0.0841438775601035,49
"9268","Owikeno-Sockeye","Sockeye",1989,285085,386485,NA,NA,NA,NA,NA,NA,NA,NA,NA,NA,NA,NA,NA,NA,NA,NA,NA,NA,NA,NA,NA,NA,NA,NA,NA,NA,NA,NA,NA,NA,NA,-0.304305676026228,49
"9269","Owikeno-Sockeye","Sockeye",1990,208508,547041,NA,NA,NA,NA,NA,NA,NA,NA,NA,NA,NA,NA,NA,NA,NA,NA,NA,NA,NA,NA,NA,NA,NA,NA,NA,NA,NA,NA,NA,NA,NA,-0.96454634410188,49
"9270","Owikeno-Sockeye","Sockeye",1991,141118,411926,NA,NA,NA,NA,NA,NA,NA,NA,NA,NA,NA,NA,NA,NA,NA,NA,NA,NA,NA,NA,NA,NA,NA,NA,NA,NA,NA,NA,NA,NA,NA,-1.07124730174449,49
"9271","Owikeno-Sockeye","Sockeye",1992,324726,628334,NA,NA,NA,NA,NA,NA,NA,NA,NA,NA,NA,NA,NA,NA,NA,NA,NA,NA,NA,NA,NA,NA,NA,NA,NA,NA,NA,NA,NA,NA,NA,-0.660090122403958,49
"9272","Owikeno-Sockeye","Sockeye",1993,186640,413244,NA,NA,NA,NA,NA,NA,NA,NA,NA,NA,NA,NA,NA,NA,NA,NA,NA,NA,NA,NA,NA,NA,NA,NA,NA,NA,NA,NA,NA,NA,NA,-0.794856589826295,49
"9273","Owikeno-Sockeye","Sockeye",1994,34904,150733,NA,NA,NA,NA,NA,NA,NA,NA,NA,NA,NA,NA,NA,NA,NA,NA,NA,NA,NA,NA,NA,NA,NA,NA,NA,NA,NA,NA,NA,NA,NA,-1.46290862394113,49
"9274","Owikeno-Sockeye","Sockeye",1995,38146,176137,NA,NA,NA,NA,NA,NA,NA,NA,NA,NA,NA,NA,NA,NA,NA,NA,NA,NA,NA,NA,NA,NA,NA,NA,NA,NA,NA,NA,NA,NA,NA,-1.5298411983716,49
"9275","Owikeno-Sockeye","Sockeye",1996,58799,104666,NA,NA,NA,NA,NA,NA,NA,NA,NA,NA,NA,NA,NA,NA,NA,NA,NA,NA,NA,NA,NA,NA,NA,NA,NA,NA,NA,NA,NA,NA,NA,-0.576649479835864,49
"9276","Owikeno-Sockeye","Sockeye",1997,139882,415605,NA,NA,NA,NA,NA,NA,NA,NA,NA,NA,NA,NA,NA,NA,NA,NA,NA,NA,NA,NA,NA,NA,NA,NA,NA,NA,NA,NA,NA,NA,NA,-1.0889360798889,49
"9277","Owikeno-Sockeye","Sockeye",1998,179120,93014,NA,NA,NA,NA,NA,NA,NA,NA,NA,NA,NA,NA,NA,NA,NA,NA,NA,NA,NA,NA,NA,NA,NA,NA,NA,NA,NA,NA,NA,NA,NA,0.655305952832488,49
"9278","Owikeno-Sockeye","Sockeye",1999,216822,5182,NA,NA,NA,NA,NA,NA,NA,NA,NA,NA,NA,NA,NA,NA,NA,NA,NA,NA,NA,NA,NA,NA,NA,NA,NA,NA,NA,NA,NA,NA,NA,3.73388565829199,49
"9279","Owikeno-Sockeye","Sockeye",2000,302678,50227,NA,NA,NA,NA,NA,NA,NA,NA,NA,NA,NA,NA,NA,NA,NA,NA,NA,NA,NA,NA,NA,NA,NA,NA,NA,NA,NA,NA,NA,NA,NA,1.79611680345152,49
"9280","Owikeno-Sockeye","Sockeye",2001,221933,60022,NA,NA,NA,NA,NA,NA,NA,NA,NA,NA,NA,NA,NA,NA,NA,NA,NA,NA,NA,NA,NA,NA,NA,NA,NA,NA,NA,NA,NA,NA,NA,1.30766437283618,49
"9281","Owikeno-Sockeye","Sockeye",2002,187627,171197,NA,NA,NA,NA,NA,NA,NA,NA,NA,NA,NA,NA,NA,NA,NA,NA,NA,NA,NA,NA,NA,NA,NA,NA,NA,NA,NA,NA,NA,NA,NA,0.0916410092674867,49
"9282","Owikeno-Sockeye","Sockeye",2003,162592,181875,NA,NA,NA,NA,NA,NA,NA,NA,NA,NA,NA,NA,NA,NA,NA,NA,NA,NA,NA,NA,NA,NA,NA,NA,NA,NA,NA,NA,NA,NA,NA,-0.112075642514436,49
"9283","Owikeno-Sockeye","Sockeye",2004,127156,228470,NA,NA,NA,NA,NA,NA,NA,NA,NA,NA,NA,NA,NA,NA,NA,NA,NA,NA,NA,NA,NA,NA,NA,NA,NA,NA,NA,NA,NA,NA,NA,-0.585990231571394,49
"9284","Owikeno-Sockeye","Sockeye",2005,172048,333644,NA,NA,NA,NA,NA,NA,NA,NA,NA,NA,NA,NA,NA,NA,NA,NA,NA,NA,NA,NA,NA,NA,NA,NA,NA,NA,NA,NA,NA,NA,NA,-0.662301048623521,49
"9285","Owikeno-Sockeye","Sockeye",2006,580131,175121,NA,NA,NA,NA,NA,NA,NA,NA,NA,NA,NA,NA,NA,NA,NA,NA,NA,NA,NA,NA,NA,NA,NA,NA,NA,NA,NA,NA,NA,NA,NA,1.1977767765381,49
"9286","Owikeno-Sockeye","Sockeye",2007,396032,189957,NA,NA,NA,NA,NA,NA,NA,NA,NA,NA,NA,NA,NA,NA,NA,NA,NA,NA,NA,NA,NA,NA,NA,NA,NA,NA,NA,NA,NA,NA,NA,0.734697285312762,49
"9287","Owikeno-Sockeye","Sockeye",2008,327705,147718,NA,NA,NA,NA,NA,NA,NA,NA,NA,NA,NA,NA,NA,NA,NA,NA,NA,NA,NA,NA,NA,NA,NA,NA,NA,NA,NA,NA,NA,NA,NA,0.796808762681538,49
"9288","Owikeno-Sockeye","Sockeye",2009,260509,114218,NA,NA,NA,NA,NA,NA,NA,NA,NA,NA,NA,NA,NA,NA,NA,NA,NA,NA,NA,NA,NA,NA,NA,NA,NA,NA,NA,NA,NA,NA,NA,0.824528506525834,49
"9289","Owikeno-Sockeye","Sockeye",2010,275997,186294,NA,NA,NA,NA,NA,NA,NA,NA,NA,NA,NA,NA,NA,NA,NA,NA,NA,NA,NA,NA,NA,NA,NA,NA,NA,NA,NA,NA,NA,NA,NA,0.393063925123107,49
"9290","Owikeno-Sockeye","Sockeye",2011,405043,747915,NA,NA,NA,NA,NA,NA,NA,NA,NA,NA,NA,NA,NA,NA,NA,NA,NA,NA,NA,NA,NA,NA,NA,NA,NA,NA,NA,NA,NA,NA,NA,-0.613296100843632,49
"9291","Canoona-Sockeye","Sockeye",1975,3675,600,NA,NA,NA,NA,NA,NA,NA,NA,NA,NA,NA,NA,NA,NA,NA,NA,NA,NA,NA,NA,NA,NA,NA,NA,NA,NA,NA,NA,NA,NA,NA,1.81237875643079,50
"9292","Canoona-Sockeye","Sockeye",1976,2467,600,NA,NA,NA,NA,NA,NA,NA,NA,NA,NA,NA,NA,NA,NA,NA,NA,NA,NA,NA,NA,NA,NA,NA,NA,NA,NA,NA,NA,NA,NA,NA,1.41382846131321,50
"9293","Canoona-Sockeye","Sockeye",1977,1297,200,NA,NA,NA,NA,NA,NA,NA,NA,NA,NA,NA,NA,NA,NA,NA,NA,NA,NA,NA,NA,NA,NA,NA,NA,NA,NA,NA,NA,NA,NA,NA,1.86949181776841,50
"9294","Canoona-Sockeye","Sockeye",1978,3419,600,NA,NA,NA,NA,NA,NA,NA,NA,NA,NA,NA,NA,NA,NA,NA,NA,NA,NA,NA,NA,NA,NA,NA,NA,NA,NA,NA,NA,NA,NA,NA,1.74017373442315,50
"9295","Canoona-Sockeye","Sockeye",1979,4113,1000,NA,NA,NA,NA,NA,NA,NA,NA,NA,NA,NA,NA,NA,NA,NA,NA,NA,NA,NA,NA,NA,NA,NA,NA,NA,NA,NA,NA,NA,NA,NA,1.41415268924829,50
"9296","Canoona-Sockeye","Sockeye",1980,2695,1000,NA,NA,NA,NA,NA,NA,NA,NA,NA,NA,NA,NA,NA,NA,NA,NA,NA,NA,NA,NA,NA,NA,NA,NA,NA,NA,NA,NA,NA,NA,NA,0.99139820436096,50
"9297","Canoona-Sockeye","Sockeye",1981,3925,150,NA,NA,NA,NA,NA,NA,NA,NA,NA,NA,NA,NA,NA,NA,NA,NA,NA,NA,NA,NA,NA,NA,NA,NA,NA,NA,NA,NA,NA,NA,NA,3.26448633612025,50
"9298","Canoona-Sockeye","Sockeye",1982,6870,1600,NA,NA,NA,NA,NA,NA,NA,NA,NA,NA,NA,NA,NA,NA,NA,NA,NA,NA,NA,NA,NA,NA,NA,NA,NA,NA,NA,NA,NA,NA,NA,1.45716047698852,50
"9299","Canoona-Sockeye","Sockeye",1983,9953,1800,NA,NA,NA,NA,NA,NA,NA,NA,NA,NA,NA,NA,NA,NA,NA,NA,NA,NA,NA,NA,NA,NA,NA,NA,NA,NA,NA,NA,NA,NA,NA,1.71008734836181,50
"9300","Canoona-Sockeye","Sockeye",1984,13750,2000,NA,NA,NA,NA,NA,NA,NA,NA,NA,NA,NA,NA,NA,NA,NA,NA,NA,NA,NA,NA,NA,NA,NA,NA,NA,NA,NA,NA,NA,NA,NA,1.92789164355263,50
"9301","Canoona-Sockeye","Sockeye",1985,4865,1800,NA,NA,NA,NA,NA,NA,NA,NA,NA,NA,NA,NA,NA,NA,NA,NA,NA,NA,NA,NA,NA,NA,NA,NA,NA,NA,NA,NA,NA,NA,NA,0.994280050735849,50
"9302","Canoona-Sockeye","Sockeye",1986,3870,3600,NA,NA,NA,NA,NA,NA,NA,NA,NA,NA,NA,NA,NA,NA,NA,NA,NA,NA,NA,NA,NA,NA,NA,NA,NA,NA,NA,NA,NA,NA,NA,0.0723206615796261,50
"9303","Canoona-Sockeye","Sockeye",1987,5068,4800,NA,NA,NA,NA,NA,NA,NA,NA,NA,NA,NA,NA,NA,NA,NA,NA,NA,NA,NA,NA,NA,NA,NA,NA,NA,NA,NA,NA,NA,NA,NA,0.0543303445450474,50
"9304","Canoona-Sockeye","Sockeye",1988,4924,5800,NA,NA,NA,NA,NA,NA,NA,NA,NA,NA,NA,NA,NA,NA,NA,NA,NA,NA,NA,NA,NA,NA,NA,NA,NA,NA,NA,NA,NA,NA,NA,-0.163736709230167,50
"9305","Canoona-Sockeye","Sockeye",1989,5054,4000,NA,NA,NA,NA,NA,NA,NA,NA,NA,NA,NA,NA,NA,NA,NA,NA,NA,NA,NA,NA,NA,NA,NA,NA,NA,NA,NA,NA,NA,NA,NA,0.233885647846112,50
"9306","Canoona-Sockeye","Sockeye",1990,6595,1300,NA,NA,NA,NA,NA,NA,NA,NA,NA,NA,NA,NA,NA,NA,NA,NA,NA,NA,NA,NA,NA,NA,NA,NA,NA,NA,NA,NA,NA,NA,NA,1.62394752170179,50
"9307","Canoona-Sockeye","Sockeye",1991,2887,3800,NA,NA,NA,NA,NA,NA,NA,NA,NA,NA,NA,NA,NA,NA,NA,NA,NA,NA,NA,NA,NA,NA,NA,NA,NA,NA,NA,NA,NA,NA,NA,-0.274783166051542,50
"9308","Canoona-Sockeye","Sockeye",1992,6198,3600,NA,NA,NA,NA,NA,NA,NA,NA,NA,NA,NA,NA,NA,NA,NA,NA,NA,NA,NA,NA,NA,NA,NA,NA,NA,NA,NA,NA,NA,NA,NA,0.543292813903492,50
"9309","Canoona-Sockeye","Sockeye",1993,5778,4000,NA,NA,NA,NA,NA,NA,NA,NA,NA,NA,NA,NA,NA,NA,NA,NA,NA,NA,NA,NA,NA,NA,NA,NA,NA,NA,NA,NA,NA,NA,NA,0.367763240924153,50
"9310","Canoona-Sockeye","Sockeye",1994,4771,5800,NA,NA,NA,NA,NA,NA,NA,NA,NA,NA,NA,NA,NA,NA,NA,NA,NA,NA,NA,NA,NA,NA,NA,NA,NA,NA,NA,NA,NA,NA,NA,-0.195301991018404,50
"9311","Canoona-Sockeye","Sockeye",1995,2008,1400,NA,NA,NA,NA,NA,NA,NA,NA,NA,NA,NA,NA,NA,NA,NA,NA,NA,NA,NA,NA,NA,NA,NA,NA,NA,NA,NA,NA,NA,NA,NA,0.36066696520827,50
"9312","Canoona-Sockeye","Sockeye",1996,3917,5200,NA,NA,NA,NA,NA,NA,NA,NA,NA,NA,NA,NA,NA,NA,NA,NA,NA,NA,NA,NA,NA,NA,NA,NA,NA,NA,NA,NA,NA,NA,NA,-0.283332570903687,50
"9313","Canoona-Sockeye","Sockeye",1997,2579,5000,NA,NA,NA,NA,NA,NA,NA,NA,NA,NA,NA,NA,NA,NA,NA,NA,NA,NA,NA,NA,NA,NA,NA,NA,NA,NA,NA,NA,NA,NA,NA,-0.662036185534893,50
"9314","Canoona-Sockeye","Sockeye",1998,4952,3600,NA,NA,NA,NA,NA,NA,NA,NA,NA,NA,NA,NA,NA,NA,NA,NA,NA,NA,NA,NA,NA,NA,NA,NA,NA,NA,NA,NA,NA,NA,NA,0.318857689920231,50
"9315","Canoona-Sockeye","Sockeye",1999,10791,1000,NA,NA,NA,NA,NA,NA,NA,NA,NA,NA,NA,NA,NA,NA,NA,NA,NA,NA,NA,NA,NA,NA,NA,NA,NA,NA,NA,NA,NA,NA,NA,2.3787124533816,50
"9316","Canoona-Sockeye","Sockeye",2000,9052,3000,NA,NA,NA,NA,NA,NA,NA,NA,NA,NA,NA,NA,NA,NA,NA,NA,NA,NA,NA,NA,NA,NA,NA,NA,NA,NA,NA,NA,NA,NA,NA,1.10437343910318,50
"9317","Canoona-Sockeye","Sockeye",2004,11151,8000,NA,NA,NA,NA,NA,NA,NA,NA,NA,NA,NA,NA,NA,NA,NA,NA,NA,NA,NA,NA,NA,NA,NA,NA,NA,NA,NA,NA,NA,NA,NA,0.332087638303389,50
"9318","Canoona-Sockeye","Sockeye",2005,9495,5000,NA,NA,NA,NA,NA,NA,NA,NA,NA,NA,NA,NA,NA,NA,NA,NA,NA,NA,NA,NA,NA,NA,NA,NA,NA,NA,NA,NA,NA,NA,NA,0.641327431830149,50
"9319","Canoona-Sockeye","Sockeye",2006,5656,9250,NA,NA,NA,NA,NA,NA,NA,NA,NA,NA,NA,NA,NA,NA,NA,NA,NA,NA,NA,NA,NA,NA,NA,NA,NA,NA,NA,NA,NA,NA,NA,-0.491906622930062,50
"9320","Canoona-Sockeye","Sockeye",2008,6782,12000,NA,NA,NA,NA,NA,NA,NA,NA,NA,NA,NA,NA,NA,NA,NA,NA,NA,NA,NA,NA,NA,NA,NA,NA,NA,NA,NA,NA,NA,NA,NA,-0.570634606084553,50
"9321","Canoona-Sockeye","Sockeye",2014,1320,2200,NA,NA,NA,NA,NA,NA,NA,NA,NA,NA,NA,NA,NA,NA,NA,NA,NA,NA,NA,NA,NA,NA,NA,NA,NA,NA,NA,NA,NA,NA,NA,-0.510825623765991,50
"9322","Evelyn-Sockeye","Sockeye",1954,16056,1500,NA,NA,NA,NA,NA,NA,NA,NA,NA,NA,NA,NA,NA,NA,NA,NA,NA,NA,NA,NA,NA,NA,NA,NA,NA,NA,NA,NA,NA,NA,NA,2.37061750338587,51
"9323","Evelyn-Sockeye","Sockeye",1955,4870,1500,NA,NA,NA,NA,NA,NA,NA,NA,NA,NA,NA,NA,NA,NA,NA,NA,NA,NA,NA,NA,NA,NA,NA,NA,NA,NA,NA,NA,NA,NA,NA,1.17762882898633,51
"9324","Evelyn-Sockeye","Sockeye",1956,725,1500,NA,NA,NA,NA,NA,NA,NA,NA,NA,NA,NA,NA,NA,NA,NA,NA,NA,NA,NA,NA,NA,NA,NA,NA,NA,NA,NA,NA,NA,NA,NA,-0.727048732235627,51
"9325","Evelyn-Sockeye","Sockeye",1957,3288,3000,NA,NA,NA,NA,NA,NA,NA,NA,NA,NA,NA,NA,NA,NA,NA,NA,NA,NA,NA,NA,NA,NA,NA,NA,NA,NA,NA,NA,NA,NA,NA,0.0916671885258239,51
"9326","Evelyn-Sockeye","Sockeye",1958,8598,7000,NA,NA,NA,NA,NA,NA,NA,NA,NA,NA,NA,NA,NA,NA,NA,NA,NA,NA,NA,NA,NA,NA,NA,NA,NA,NA,NA,NA,NA,NA,NA,0.205619469018776,51
"9327","Evelyn-Sockeye","Sockeye",1959,8802,3000,NA,NA,NA,NA,NA,NA,NA,NA,NA,NA,NA,NA,NA,NA,NA,NA,NA,NA,NA,NA,NA,NA,NA,NA,NA,NA,NA,NA,NA,NA,NA,1.07636667972079,51
"9328","Evelyn-Sockeye","Sockeye",1960,12251,50,NA,NA,NA,NA,NA,NA,NA,NA,NA,NA,NA,NA,NA,NA,NA,NA,NA,NA,NA,NA,NA,NA,NA,NA,NA,NA,NA,NA,NA,NA,NA,5.50133983986602,51
"9329","Evelyn-Sockeye","Sockeye",1961,6491,1500,NA,NA,NA,NA,NA,NA,NA,NA,NA,NA,NA,NA,NA,NA,NA,NA,NA,NA,NA,NA,NA,NA,NA,NA,NA,NA,NA,NA,NA,NA,NA,1.46495149394317,51
"9330","Evelyn-Sockeye","Sockeye",1962,2917,7000,NA,NA,NA,NA,NA,NA,NA,NA,NA,NA,NA,NA,NA,NA,NA,NA,NA,NA,NA,NA,NA,NA,NA,NA,NA,NA,NA,NA,NA,NA,NA,-0.875354458169729,51
"9331","Evelyn-Sockeye","Sockeye",1967,6494,3000,NA,NA,NA,NA,NA,NA,NA,NA,NA,NA,NA,NA,NA,NA,NA,NA,NA,NA,NA,NA,NA,NA,NA,NA,NA,NA,NA,NA,NA,NA,NA,0.772266385012545,51
"9332","Evelyn-Sockeye","Sockeye",1968,14027,1500,NA,NA,NA,NA,NA,NA,NA,NA,NA,NA,NA,NA,NA,NA,NA,NA,NA,NA,NA,NA,NA,NA,NA,NA,NA,NA,NA,NA,NA,NA,NA,2.23551893562937,51
"9333","Evelyn-Sockeye","Sockeye",1971,2091,3000,NA,NA,NA,NA,NA,NA,NA,NA,NA,NA,NA,NA,NA,NA,NA,NA,NA,NA,NA,NA,NA,NA,NA,NA,NA,NA,NA,NA,NA,NA,NA,-0.360969868221613,51
"9334","Evelyn-Sockeye","Sockeye",1972,1439,2400,NA,NA,NA,NA,NA,NA,NA,NA,NA,NA,NA,NA,NA,NA,NA,NA,NA,NA,NA,NA,NA,NA,NA,NA,NA,NA,NA,NA,NA,NA,NA,-0.511520309448669,51
"9335","Evelyn-Sockeye","Sockeye",1973,704,1600,NA,NA,NA,NA,NA,NA,NA,NA,NA,NA,NA,NA,NA,NA,NA,NA,NA,NA,NA,NA,NA,NA,NA,NA,NA,NA,NA,NA,NA,NA,NA,-0.82098055206983,51
"9336","Evelyn-Sockeye","Sockeye",1974,3739,2000,NA,NA,NA,NA,NA,NA,NA,NA,NA,NA,NA,NA,NA,NA,NA,NA,NA,NA,NA,NA,NA,NA,NA,NA,NA,NA,NA,NA,NA,NA,NA,0.625671015435031,51
"9337","Evelyn-Sockeye","Sockeye",1975,9452,1400,NA,NA,NA,NA,NA,NA,NA,NA,NA,NA,NA,NA,NA,NA,NA,NA,NA,NA,NA,NA,NA,NA,NA,NA,NA,NA,NA,NA,NA,NA,NA,1.90975412270345,51
"9338","Evelyn-Sockeye","Sockeye",1976,1892,1000,NA,NA,NA,NA,NA,NA,NA,NA,NA,NA,NA,NA,NA,NA,NA,NA,NA,NA,NA,NA,NA,NA,NA,NA,NA,NA,NA,NA,NA,NA,NA,0.637634470629686,51
"9339","Evelyn-Sockeye","Sockeye",1977,4909,200,NA,NA,NA,NA,NA,NA,NA,NA,NA,NA,NA,NA,NA,NA,NA,NA,NA,NA,NA,NA,NA,NA,NA,NA,NA,NA,NA,NA,NA,NA,NA,3.20050816751002,51
"9340","Evelyn-Sockeye","Sockeye",1978,1821,600,NA,NA,NA,NA,NA,NA,NA,NA,NA,NA,NA,NA,NA,NA,NA,NA,NA,NA,NA,NA,NA,NA,NA,NA,NA,NA,NA,NA,NA,NA,NA,1.11021142451146,51
"9341","Evelyn-Sockeye","Sockeye",1979,999,3000,NA,NA,NA,NA,NA,NA,NA,NA,NA,NA,NA,NA,NA,NA,NA,NA,NA,NA,NA,NA,NA,NA,NA,NA,NA,NA,NA,NA,NA,NA,NA,-1.09961278900169,51
"9342","Evelyn-Sockeye","Sockeye",1980,871,100,NA,NA,NA,NA,NA,NA,NA,NA,NA,NA,NA,NA,NA,NA,NA,NA,NA,NA,NA,NA,NA,NA,NA,NA,NA,NA,NA,NA,NA,NA,NA,2.16447179086441,51
"9343","Evelyn-Sockeye","Sockeye",1981,1384,1200,NA,NA,NA,NA,NA,NA,NA,NA,NA,NA,NA,NA,NA,NA,NA,NA,NA,NA,NA,NA,NA,NA,NA,NA,NA,NA,NA,NA,NA,NA,NA,0.142656300401523,51
"9344","Evelyn-Sockeye","Sockeye",1982,933,800,NA,NA,NA,NA,NA,NA,NA,NA,NA,NA,NA,NA,NA,NA,NA,NA,NA,NA,NA,NA,NA,NA,NA,NA,NA,NA,NA,NA,NA,NA,NA,0.153793473179417,51
"9345","Evelyn-Sockeye","Sockeye",1983,812,400,NA,NA,NA,NA,NA,NA,NA,NA,NA,NA,NA,NA,NA,NA,NA,NA,NA,NA,NA,NA,NA,NA,NA,NA,NA,NA,NA,NA,NA,NA,NA,0.708035793053696,51
"9346","Evelyn-Sockeye","Sockeye",1984,942,600,NA,NA,NA,NA,NA,NA,NA,NA,NA,NA,NA,NA,NA,NA,NA,NA,NA,NA,NA,NA,NA,NA,NA,NA,NA,NA,NA,NA,NA,NA,NA,0.451075619360217,51
"9347","Evelyn-Sockeye","Sockeye",1989,644,200,NA,NA,NA,NA,NA,NA,NA,NA,NA,NA,NA,NA,NA,NA,NA,NA,NA,NA,NA,NA,NA,NA,NA,NA,NA,NA,NA,NA,NA,NA,NA,1.16938135955632,51
"9348","Evelyn-Sockeye","Sockeye",1990,640,500,NA,NA,NA,NA,NA,NA,NA,NA,NA,NA,NA,NA,NA,NA,NA,NA,NA,NA,NA,NA,NA,NA,NA,NA,NA,NA,NA,NA,NA,NA,NA,0.246860077931526,51
"9349","Evelyn-Sockeye","Sockeye",1993,352,600,NA,NA,NA,NA,NA,NA,NA,NA,NA,NA,NA,NA,NA,NA,NA,NA,NA,NA,NA,NA,NA,NA,NA,NA,NA,NA,NA,NA,NA,NA,NA,-0.533298479618049,51
"9350","Evelyn-Sockeye","Sockeye",1994,1177,556,NA,NA,NA,NA,NA,NA,NA,NA,NA,NA,NA,NA,NA,NA,NA,NA,NA,NA,NA,NA,NA,NA,NA,NA,NA,NA,NA,NA,NA,NA,NA,0.749955813009694,51
"9351","Evelyn-Sockeye","Sockeye",1995,1166,104,NA,NA,NA,NA,NA,NA,NA,NA,NA,NA,NA,NA,NA,NA,NA,NA,NA,NA,NA,NA,NA,NA,NA,NA,NA,NA,NA,NA,NA,NA,NA,2.41694346776907,51
"9352","Evelyn-Sockeye","Sockeye",1996,1342,260,NA,NA,NA,NA,NA,NA,NA,NA,NA,NA,NA,NA,NA,NA,NA,NA,NA,NA,NA,NA,NA,NA,NA,NA,NA,NA,NA,NA,NA,NA,NA,1.6412346865161,51
"9353","Evelyn-Sockeye","Sockeye",1997,3299,140,NA,NA,NA,NA,NA,NA,NA,NA,NA,NA,NA,NA,NA,NA,NA,NA,NA,NA,NA,NA,NA,NA,NA,NA,NA,NA,NA,NA,NA,NA,NA,3.15973224861928,51
"9354","Evelyn-Sockeye","Sockeye",1998,3478,820,NA,NA,NA,NA,NA,NA,NA,NA,NA,NA,NA,NA,NA,NA,NA,NA,NA,NA,NA,NA,NA,NA,NA,NA,NA,NA,NA,NA,NA,NA,NA,1.44490835465593,51
"9355","Evelyn-Sockeye","Sockeye",1999,3462,1000,NA,NA,NA,NA,NA,NA,NA,NA,NA,NA,NA,NA,NA,NA,NA,NA,NA,NA,NA,NA,NA,NA,NA,NA,NA,NA,NA,NA,NA,NA,NA,1.24184645675402,51
"9356","Evelyn-Sockeye","Sockeye",2000,2518,600,NA,NA,NA,NA,NA,NA,NA,NA,NA,NA,NA,NA,NA,NA,NA,NA,NA,NA,NA,NA,NA,NA,NA,NA,NA,NA,NA,NA,NA,NA,NA,1.43429055938815,51
"9357","Evelyn-Sockeye","Sockeye",2001,3821,2200,NA,NA,NA,NA,NA,NA,NA,NA,NA,NA,NA,NA,NA,NA,NA,NA,NA,NA,NA,NA,NA,NA,NA,NA,NA,NA,NA,NA,NA,NA,NA,0.552054808100493,51
"9358","Evelyn-Sockeye","Sockeye",2002,1800,2400,NA,NA,NA,NA,NA,NA,NA,NA,NA,NA,NA,NA,NA,NA,NA,NA,NA,NA,NA,NA,NA,NA,NA,NA,NA,NA,NA,NA,NA,NA,NA,-0.287682072451781,51
"9359","Evelyn-Sockeye","Sockeye",2003,3430,1740,NA,NA,NA,NA,NA,NA,NA,NA,NA,NA,NA,NA,NA,NA,NA,NA,NA,NA,NA,NA,NA,NA,NA,NA,NA,NA,NA,NA,NA,NA,NA,0.678675147951411,51
"9360","Evelyn-Sockeye","Sockeye",2004,2092,1800,NA,NA,NA,NA,NA,NA,NA,NA,NA,NA,NA,NA,NA,NA,NA,NA,NA,NA,NA,NA,NA,NA,NA,NA,NA,NA,NA,NA,NA,NA,NA,0.150333881300557,51
"9361","Evelyn-Sockeye","Sockeye",2005,3551,2500,NA,NA,NA,NA,NA,NA,NA,NA,NA,NA,NA,NA,NA,NA,NA,NA,NA,NA,NA,NA,NA,NA,NA,NA,NA,NA,NA,NA,NA,NA,NA,0.350938522086796,51
"9362","Evelyn-Sockeye","Sockeye",2006,1278,1100,NA,NA,NA,NA,NA,NA,NA,NA,NA,NA,NA,NA,NA,NA,NA,NA,NA,NA,NA,NA,NA,NA,NA,NA,NA,NA,NA,NA,NA,NA,NA,0.149986176151018,51
"9363","Evelyn-Sockeye","Sockeye",2007,2557,3000,NA,NA,NA,NA,NA,NA,NA,NA,NA,NA,NA,NA,NA,NA,NA,NA,NA,NA,NA,NA,NA,NA,NA,NA,NA,NA,NA,NA,NA,NA,NA,-0.15977759235906,51
"9364","Evelyn-Sockeye","Sockeye",2008,2487,1460,NA,NA,NA,NA,NA,NA,NA,NA,NA,NA,NA,NA,NA,NA,NA,NA,NA,NA,NA,NA,NA,NA,NA,NA,NA,NA,NA,NA,NA,NA,NA,0.532640729101023,51
"9365","Evelyn-Sockeye","Sockeye",2009,3665,2760,NA,NA,NA,NA,NA,NA,NA,NA,NA,NA,NA,NA,NA,NA,NA,NA,NA,NA,NA,NA,NA,NA,NA,NA,NA,NA,NA,NA,NA,NA,NA,0.283597655609556,51
"9366","Evelyn-Sockeye","Sockeye",2010,2710,700,NA,NA,NA,NA,NA,NA,NA,NA,NA,NA,NA,NA,NA,NA,NA,NA,NA,NA,NA,NA,NA,NA,NA,NA,NA,NA,NA,NA,NA,NA,NA,1.35362357883034,51
"9367","Evelyn-Sockeye","Sockeye",2011,1725,2080,NA,NA,NA,NA,NA,NA,NA,NA,NA,NA,NA,NA,NA,NA,NA,NA,NA,NA,NA,NA,NA,NA,NA,NA,NA,NA,NA,NA,NA,NA,NA,-0.187140843229903,51
"9368","Evelyn-Sockeye","Sockeye",2012,1851,2150,NA,NA,NA,NA,NA,NA,NA,NA,NA,NA,NA,NA,NA,NA,NA,NA,NA,NA,NA,NA,NA,NA,NA,NA,NA,NA,NA,NA,NA,NA,NA,-0.149741808548211,51
"9369","Evelyn-Sockeye","Sockeye",2013,3093,3600,NA,NA,NA,NA,NA,NA,NA,NA,NA,NA,NA,NA,NA,NA,NA,NA,NA,NA,NA,NA,NA,NA,NA,NA,NA,NA,NA,NA,NA,NA,NA,-0.151792351759132,51
"9370","Evelyn-Sockeye","Sockeye",2014,969,1840,NA,NA,NA,NA,NA,NA,NA,NA,NA,NA,NA,NA,NA,NA,NA,NA,NA,NA,NA,NA,NA,NA,NA,NA,NA,NA,NA,NA,NA,NA,NA,-0.641256238712265,51
"9371","Kainet Creek-Sockeye","Sockeye",1956,709,800,NA,NA,NA,NA,NA,NA,NA,NA,NA,NA,NA,NA,NA,NA,NA,NA,NA,NA,NA,NA,NA,NA,NA,NA,NA,NA,NA,NA,NA,NA,NA,-0.1207562011358,52
"9372","Kainet Creek-Sockeye","Sockeye",1960,2784,400,NA,NA,NA,NA,NA,NA,NA,NA,NA,NA,NA,NA,NA,NA,NA,NA,NA,NA,NA,NA,NA,NA,NA,NA,NA,NA,NA,NA,NA,NA,NA,1.94017947434633,52
"9373","Kainet Creek-Sockeye","Sockeye",1961,5302,400,NA,NA,NA,NA,NA,NA,NA,NA,NA,NA,NA,NA,NA,NA,NA,NA,NA,NA,NA,NA,NA,NA,NA,NA,NA,NA,NA,NA,NA,NA,NA,2.58437483974099,52
"9374","Kainet Creek-Sockeye","Sockeye",1962,1650,150,NA,NA,NA,NA,NA,NA,NA,NA,NA,NA,NA,NA,NA,NA,NA,NA,NA,NA,NA,NA,NA,NA,NA,NA,NA,NA,NA,NA,NA,NA,NA,2.39789527279837,52
"9375","Kainet Creek-Sockeye","Sockeye",1963,2668,150,NA,NA,NA,NA,NA,NA,NA,NA,NA,NA,NA,NA,NA,NA,NA,NA,NA,NA,NA,NA,NA,NA,NA,NA,NA,NA,NA,NA,NA,NA,NA,2.87844911293926,52
"9376","Kainet Creek-Sockeye","Sockeye",1964,4240,400,NA,NA,NA,NA,NA,NA,NA,NA,NA,NA,NA,NA,NA,NA,NA,NA,NA,NA,NA,NA,NA,NA,NA,NA,NA,NA,NA,NA,NA,NA,NA,2.36085400111802,52
"9377","Kainet Creek-Sockeye","Sockeye",1965,3340,1400,NA,NA,NA,NA,NA,NA,NA,NA,NA,NA,NA,NA,NA,NA,NA,NA,NA,NA,NA,NA,NA,NA,NA,NA,NA,NA,NA,NA,NA,NA,NA,0.869498570367396,52
"9378","Kainet Creek-Sockeye","Sockeye",1966,4804,800,NA,NA,NA,NA,NA,NA,NA,NA,NA,NA,NA,NA,NA,NA,NA,NA,NA,NA,NA,NA,NA,NA,NA,NA,NA,NA,NA,NA,NA,NA,NA,1.79259245553195,52
"9379","Kainet Creek-Sockeye","Sockeye",1967,6583,800,NA,NA,NA,NA,NA,NA,NA,NA,NA,NA,NA,NA,NA,NA,NA,NA,NA,NA,NA,NA,NA,NA,NA,NA,NA,NA,NA,NA,NA,NA,NA,2.10763411979995,52
"9380","Kainet Creek-Sockeye","Sockeye",1968,11474,2000,NA,NA,NA,NA,NA,NA,NA,NA,NA,NA,NA,NA,NA,NA,NA,NA,NA,NA,NA,NA,NA,NA,NA,NA,NA,NA,NA,NA,NA,NA,NA,1.74693642561973,52
"9381","Kainet Creek-Sockeye","Sockeye",1973,3296,3000,NA,NA,NA,NA,NA,NA,NA,NA,NA,NA,NA,NA,NA,NA,NA,NA,NA,NA,NA,NA,NA,NA,NA,NA,NA,NA,NA,NA,NA,NA,NA,0.0940973233791156,52
"9382","Kainet Creek-Sockeye","Sockeye",1974,3198,2000,NA,NA,NA,NA,NA,NA,NA,NA,NA,NA,NA,NA,NA,NA,NA,NA,NA,NA,NA,NA,NA,NA,NA,NA,NA,NA,NA,NA,NA,NA,NA,0.469378433851817,52
"9383","Kainet Creek-Sockeye","Sockeye",1977,15093,800,NA,NA,NA,NA,NA,NA,NA,NA,NA,NA,NA,NA,NA,NA,NA,NA,NA,NA,NA,NA,NA,NA,NA,NA,NA,NA,NA,NA,NA,NA,NA,2.9373746114915,52
"9384","Kainet Creek-Sockeye","Sockeye",1978,14077,1100,NA,NA,NA,NA,NA,NA,NA,NA,NA,NA,NA,NA,NA,NA,NA,NA,NA,NA,NA,NA,NA,NA,NA,NA,NA,NA,NA,NA,NA,NA,NA,2.5492320800415,52
"9385","Kainet Creek-Sockeye","Sockeye",1979,5496,400,NA,NA,NA,NA,NA,NA,NA,NA,NA,NA,NA,NA,NA,NA,NA,NA,NA,NA,NA,NA,NA,NA,NA,NA,NA,NA,NA,NA,NA,NA,NA,2.6203112867942,52
"9386","Kainet Creek-Sockeye","Sockeye",1980,7964,10,NA,NA,NA,NA,NA,NA,NA,NA,NA,NA,NA,NA,NA,NA,NA,NA,NA,NA,NA,NA,NA,NA,NA,NA,NA,NA,NA,NA,NA,NA,NA,6.68010157219004,52
"9387","Kainet Creek-Sockeye","Sockeye",1981,12196,1000,NA,NA,NA,NA,NA,NA,NA,NA,NA,NA,NA,NA,NA,NA,NA,NA,NA,NA,NA,NA,NA,NA,NA,NA,NA,NA,NA,NA,NA,NA,NA,2.50110802912601,52
"9388","Kainet Creek-Sockeye","Sockeye",1982,9415,1400,NA,NA,NA,NA,NA,NA,NA,NA,NA,NA,NA,NA,NA,NA,NA,NA,NA,NA,NA,NA,NA,NA,NA,NA,NA,NA,NA,NA,NA,NA,NA,1.9058319254879,52
"9389","Kainet Creek-Sockeye","Sockeye",1983,6871,1400,NA,NA,NA,NA,NA,NA,NA,NA,NA,NA,NA,NA,NA,NA,NA,NA,NA,NA,NA,NA,NA,NA,NA,NA,NA,NA,NA,NA,NA,NA,NA,1.59083741942773,52
"9390","Kainet Creek-Sockeye","Sockeye",1984,5292,1600,NA,NA,NA,NA,NA,NA,NA,NA,NA,NA,NA,NA,NA,NA,NA,NA,NA,NA,NA,NA,NA,NA,NA,NA,NA,NA,NA,NA,NA,NA,NA,1.19619261700697,52
"9391","Kainet Creek-Sockeye","Sockeye",1985,6863,7000,NA,NA,NA,NA,NA,NA,NA,NA,NA,NA,NA,NA,NA,NA,NA,NA,NA,NA,NA,NA,NA,NA,NA,NA,NA,NA,NA,NA,NA,NA,NA,-0.0197654851288157,52
"9392","Kainet Creek-Sockeye","Sockeye",1986,3678,2400,NA,NA,NA,NA,NA,NA,NA,NA,NA,NA,NA,NA,NA,NA,NA,NA,NA,NA,NA,NA,NA,NA,NA,NA,NA,NA,NA,NA,NA,NA,NA,0.426900388828229,52
"9393","Kainet Creek-Sockeye","Sockeye",1987,5162,2000,NA,NA,NA,NA,NA,NA,NA,NA,NA,NA,NA,NA,NA,NA,NA,NA,NA,NA,NA,NA,NA,NA,NA,NA,NA,NA,NA,NA,NA,NA,NA,0.948176920736477,52
"9394","Kainet Creek-Sockeye","Sockeye",1992,4091,2000,NA,NA,NA,NA,NA,NA,NA,NA,NA,NA,NA,NA,NA,NA,NA,NA,NA,NA,NA,NA,NA,NA,NA,NA,NA,NA,NA,NA,NA,NA,NA,0.715642258387316,52
"9395","Kainet Creek-Sockeye","Sockeye",1993,4279,2000,NA,NA,NA,NA,NA,NA,NA,NA,NA,NA,NA,NA,NA,NA,NA,NA,NA,NA,NA,NA,NA,NA,NA,NA,NA,NA,NA,NA,NA,NA,NA,0.760572156874734,52
"9396","Kainet Creek-Sockeye","Sockeye",1996,2692,4000,NA,NA,NA,NA,NA,NA,NA,NA,NA,NA,NA,NA,NA,NA,NA,NA,NA,NA,NA,NA,NA,NA,NA,NA,NA,NA,NA,NA,NA,NA,NA,-0.396009949337409,52
"9397","Kainet Creek-Sockeye","Sockeye",1997,1872,4000,NA,NA,NA,NA,NA,NA,NA,NA,NA,NA,NA,NA,NA,NA,NA,NA,NA,NA,NA,NA,NA,NA,NA,NA,NA,NA,NA,NA,NA,NA,NA,-0.75928698306449,52
"9398","Kainet Creek-Sockeye","Sockeye",1998,1890,4000,NA,NA,NA,NA,NA,NA,NA,NA,NA,NA,NA,NA,NA,NA,NA,NA,NA,NA,NA,NA,NA,NA,NA,NA,NA,NA,NA,NA,NA,NA,NA,-0.74971753204834,52
"9399","Kainet Creek-Sockeye","Sockeye",1999,3537,1000,NA,NA,NA,NA,NA,NA,NA,NA,NA,NA,NA,NA,NA,NA,NA,NA,NA,NA,NA,NA,NA,NA,NA,NA,NA,NA,NA,NA,NA,NA,NA,1.26327891022334,52
"9400","Kainet Creek-Sockeye","Sockeye",2000,3465,3000,NA,NA,NA,NA,NA,NA,NA,NA,NA,NA,NA,NA,NA,NA,NA,NA,NA,NA,NA,NA,NA,NA,NA,NA,NA,NA,NA,NA,NA,NA,NA,0.144100343973757,52
"9401","Kainet Creek-Sockeye","Sockeye",2001,1224,2000,NA,NA,NA,NA,NA,NA,NA,NA,NA,NA,NA,NA,NA,NA,NA,NA,NA,NA,NA,NA,NA,NA,NA,NA,NA,NA,NA,NA,NA,NA,NA,-0.491022996469811,52
"9402","Kainet Creek-Sockeye","Sockeye",2006,3093,1700,NA,NA,NA,NA,NA,NA,NA,NA,NA,NA,NA,NA,NA,NA,NA,NA,NA,NA,NA,NA,NA,NA,NA,NA,NA,NA,NA,NA,NA,NA,NA,0.598513242640762,52
"9403","Kainet Creek-Sockeye","Sockeye",2007,2006,800,NA,NA,NA,NA,NA,NA,NA,NA,NA,NA,NA,NA,NA,NA,NA,NA,NA,NA,NA,NA,NA,NA,NA,NA,NA,NA,NA,NA,NA,NA,NA,0.919286240853953,52
"9404","Kainet Creek-Sockeye","Sockeye",2010,2399,4050,NA,NA,NA,NA,NA,NA,NA,NA,NA,NA,NA,NA,NA,NA,NA,NA,NA,NA,NA,NA,NA,NA,NA,NA,NA,NA,NA,NA,NA,NA,NA,-0.52366489726089,52
"9405","Kainet Creek-Sockeye","Sockeye",2011,1639,1400,NA,NA,NA,NA,NA,NA,NA,NA,NA,NA,NA,NA,NA,NA,NA,NA,NA,NA,NA,NA,NA,NA,NA,NA,NA,NA,NA,NA,NA,NA,NA,0.15761406314048,52
"9406","Kainet Creek-Sockeye","Sockeye",2012,1643,2600,NA,NA,NA,NA,NA,NA,NA,NA,NA,NA,NA,NA,NA,NA,NA,NA,NA,NA,NA,NA,NA,NA,NA,NA,NA,NA,NA,NA,NA,NA,NA,-0.458987605972305,52
"9407","Kainet Creek-Sockeye","Sockeye",2013,1179,11200,NA,NA,NA,NA,NA,NA,NA,NA,NA,NA,NA,NA,NA,NA,NA,NA,NA,NA,NA,NA,NA,NA,NA,NA,NA,NA,NA,NA,NA,NA,NA,-2.25124715674581,52
"9408","Kitlope-Sockeye","Sockeye",1954,67435,70000,NA,NA,NA,NA,NA,NA,NA,NA,NA,NA,NA,NA,NA,NA,NA,NA,NA,NA,NA,NA,NA,NA,NA,NA,NA,NA,NA,NA,NA,NA,NA,-0.037331071080538,53
"9409","Kitlope-Sockeye","Sockeye",1955,22901,7000,NA,NA,NA,NA,NA,NA,NA,NA,NA,NA,NA,NA,NA,NA,NA,NA,NA,NA,NA,NA,NA,NA,NA,NA,NA,NA,NA,NA,NA,NA,NA,1.18527042867373,53
"9410","Kitlope-Sockeye","Sockeye",1956,61817,7000,NA,NA,NA,NA,NA,NA,NA,NA,NA,NA,NA,NA,NA,NA,NA,NA,NA,NA,NA,NA,NA,NA,NA,NA,NA,NA,NA,NA,NA,NA,NA,2.17826825848667,53
"9411","Kitlope-Sockeye","Sockeye",1957,117469,15000,NA,NA,NA,NA,NA,NA,NA,NA,NA,NA,NA,NA,NA,NA,NA,NA,NA,NA,NA,NA,NA,NA,NA,NA,NA,NA,NA,NA,NA,NA,NA,2.05812426788557,53
"9412","Kitlope-Sockeye","Sockeye",1958,224199,30000,NA,NA,NA,NA,NA,NA,NA,NA,NA,NA,NA,NA,NA,NA,NA,NA,NA,NA,NA,NA,NA,NA,NA,NA,NA,NA,NA,NA,NA,NA,NA,2.01133666866266,53
"9413","Kitlope-Sockeye","Sockeye",1959,333165,7000,NA,NA,NA,NA,NA,NA,NA,NA,NA,NA,NA,NA,NA,NA,NA,NA,NA,NA,NA,NA,NA,NA,NA,NA,NA,NA,NA,NA,NA,NA,NA,3.86272771370327,53
"9414","Kitlope-Sockeye","Sockeye",1960,140289,30000,NA,NA,NA,NA,NA,NA,NA,NA,NA,NA,NA,NA,NA,NA,NA,NA,NA,NA,NA,NA,NA,NA,NA,NA,NA,NA,NA,NA,NA,NA,NA,1.54250719895131,53
"9415","Kitlope-Sockeye","Sockeye",1961,72067,70000,NA,NA,NA,NA,NA,NA,NA,NA,NA,NA,NA,NA,NA,NA,NA,NA,NA,NA,NA,NA,NA,NA,NA,NA,NA,NA,NA,NA,NA,NA,NA,0.0291009998238433,53
"9416","Kitlope-Sockeye","Sockeye",1962,72191,150000,NA,NA,NA,NA,NA,NA,NA,NA,NA,NA,NA,NA,NA,NA,NA,NA,NA,NA,NA,NA,NA,NA,NA,NA,NA,NA,NA,NA,NA,NA,NA,-0.731319909707011,53
"9417","Kitlope-Sockeye","Sockeye",1963,101608,350000,NA,NA,NA,NA,NA,NA,NA,NA,NA,NA,NA,NA,NA,NA,NA,NA,NA,NA,NA,NA,NA,NA,NA,NA,NA,NA,NA,NA,NA,NA,NA,-1.23681088228144,53
"9418","Kitlope-Sockeye","Sockeye",1964,97504,70000,NA,NA,NA,NA,NA,NA,NA,NA,NA,NA,NA,NA,NA,NA,NA,NA,NA,NA,NA,NA,NA,NA,NA,NA,NA,NA,NA,NA,NA,NA,NA,0.33139816075394,53
"9419","Kitlope-Sockeye","Sockeye",1965,39994,30000,NA,NA,NA,NA,NA,NA,NA,NA,NA,NA,NA,NA,NA,NA,NA,NA,NA,NA,NA,NA,NA,NA,NA,NA,NA,NA,NA,NA,NA,NA,NA,0.287532061200656,53
"9420","Kitlope-Sockeye","Sockeye",1966,71755,40000,NA,NA,NA,NA,NA,NA,NA,NA,NA,NA,NA,NA,NA,NA,NA,NA,NA,NA,NA,NA,NA,NA,NA,NA,NA,NA,NA,NA,NA,NA,NA,0.584378084508959,53
"9421","Kitlope-Sockeye","Sockeye",1967,49418,70000,NA,NA,NA,NA,NA,NA,NA,NA,NA,NA,NA,NA,NA,NA,NA,NA,NA,NA,NA,NA,NA,NA,NA,NA,NA,NA,NA,NA,NA,NA,NA,-0.348180511753374,53
"9422","Kitlope-Sockeye","Sockeye",1968,54043,70000,NA,NA,NA,NA,NA,NA,NA,NA,NA,NA,NA,NA,NA,NA,NA,NA,NA,NA,NA,NA,NA,NA,NA,NA,NA,NA,NA,NA,NA,NA,NA,-0.258715216064477,53
"9423","Kitlope-Sockeye","Sockeye",1969,73778,7000,NA,NA,NA,NA,NA,NA,NA,NA,NA,NA,NA,NA,NA,NA,NA,NA,NA,NA,NA,NA,NA,NA,NA,NA,NA,NA,NA,NA,NA,NA,NA,2.35515043512856,53
"9424","Kitlope-Sockeye","Sockeye",1970,64500,30000,NA,NA,NA,NA,NA,NA,NA,NA,NA,NA,NA,NA,NA,NA,NA,NA,NA,NA,NA,NA,NA,NA,NA,NA,NA,NA,NA,NA,NA,NA,NA,0.765467842139571,53
"9425","Kitlope-Sockeye","Sockeye",1971,29326,30000,NA,NA,NA,NA,NA,NA,NA,NA,NA,NA,NA,NA,NA,NA,NA,NA,NA,NA,NA,NA,NA,NA,NA,NA,NA,NA,NA,NA,NA,NA,NA,-0.0227228871072679,53
"9426","Kitlope-Sockeye","Sockeye",1972,19561,7000,NA,NA,NA,NA,NA,NA,NA,NA,NA,NA,NA,NA,NA,NA,NA,NA,NA,NA,NA,NA,NA,NA,NA,NA,NA,NA,NA,NA,NA,NA,NA,1.02762763898891,53
"9427","Kitlope-Sockeye","Sockeye",1973,42805,40000,NA,NA,NA,NA,NA,NA,NA,NA,NA,NA,NA,NA,NA,NA,NA,NA,NA,NA,NA,NA,NA,NA,NA,NA,NA,NA,NA,NA,NA,NA,NA,0.0677754640805127,53
"9428","Kitlope-Sockeye","Sockeye",1974,38097,40000,NA,NA,NA,NA,NA,NA,NA,NA,NA,NA,NA,NA,NA,NA,NA,NA,NA,NA,NA,NA,NA,NA,NA,NA,NA,NA,NA,NA,NA,NA,NA,-0.0487439152389303,53
"9429","Kitlope-Sockeye","Sockeye",1975,43968,20000,NA,NA,NA,NA,NA,NA,NA,NA,NA,NA,NA,NA,NA,NA,NA,NA,NA,NA,NA,NA,NA,NA,NA,NA,NA,NA,NA,NA,NA,NA,NA,0.787729823045893,53
"9430","Kitlope-Sockeye","Sockeye",1976,69541,8000,NA,NA,NA,NA,NA,NA,NA,NA,NA,NA,NA,NA,NA,NA,NA,NA,NA,NA,NA,NA,NA,NA,NA,NA,NA,NA,NA,NA,NA,NA,NA,2.16247496500931,53
"9431","Kitlope-Sockeye","Sockeye",1977,94708,30000,NA,NA,NA,NA,NA,NA,NA,NA,NA,NA,NA,NA,NA,NA,NA,NA,NA,NA,NA,NA,NA,NA,NA,NA,NA,NA,NA,NA,NA,NA,NA,1.1496010922586,53
"9432","Kitlope-Sockeye","Sockeye",1978,83826,10000,NA,NA,NA,NA,NA,NA,NA,NA,NA,NA,NA,NA,NA,NA,NA,NA,NA,NA,NA,NA,NA,NA,NA,NA,NA,NA,NA,NA,NA,NA,NA,2.12615812890236,53
"9433","Kitlope-Sockeye","Sockeye",1979,67119,10000,NA,NA,NA,NA,NA,NA,NA,NA,NA,NA,NA,NA,NA,NA,NA,NA,NA,NA,NA,NA,NA,NA,NA,NA,NA,NA,NA,NA,NA,NA,NA,1.903882070365,53
"9434","Kitlope-Sockeye","Sockeye",1980,31936,24000,NA,NA,NA,NA,NA,NA,NA,NA,NA,NA,NA,NA,NA,NA,NA,NA,NA,NA,NA,NA,NA,NA,NA,NA,NA,NA,NA,NA,NA,NA,NA,0.285680069781108,53
"9435","Kitlope-Sockeye","Sockeye",1981,64093,20000,NA,NA,NA,NA,NA,NA,NA,NA,NA,NA,NA,NA,NA,NA,NA,NA,NA,NA,NA,NA,NA,NA,NA,NA,NA,NA,NA,NA,NA,NA,NA,1.16460288004123,53
"9436","Kitlope-Sockeye","Sockeye",1982,76853,40000,NA,NA,NA,NA,NA,NA,NA,NA,NA,NA,NA,NA,NA,NA,NA,NA,NA,NA,NA,NA,NA,NA,NA,NA,NA,NA,NA,NA,NA,NA,NA,0.653015052193972,53
"9437","Kitlope-Sockeye","Sockeye",1983,83338,30000,NA,NA,NA,NA,NA,NA,NA,NA,NA,NA,NA,NA,NA,NA,NA,NA,NA,NA,NA,NA,NA,NA,NA,NA,NA,NA,NA,NA,NA,NA,NA,1.02170724596404,53
"9438","Kitlope-Sockeye","Sockeye",1984,45610,18000,NA,NA,NA,NA,NA,NA,NA,NA,NA,NA,NA,NA,NA,NA,NA,NA,NA,NA,NA,NA,NA,NA,NA,NA,NA,NA,NA,NA,NA,NA,NA,0.929755232827444,53
"9439","Kitlope-Sockeye","Sockeye",1985,36585,34000,NA,NA,NA,NA,NA,NA,NA,NA,NA,NA,NA,NA,NA,NA,NA,NA,NA,NA,NA,NA,NA,NA,NA,NA,NA,NA,NA,NA,NA,NA,NA,0.0732777957198318,53
"9440","Kitlope-Sockeye","Sockeye",1986,45012,40000,NA,NA,NA,NA,NA,NA,NA,NA,NA,NA,NA,NA,NA,NA,NA,NA,NA,NA,NA,NA,NA,NA,NA,NA,NA,NA,NA,NA,NA,NA,NA,0.118049666773814,53
"9441","Kitlope-Sockeye","Sockeye",1987,54200,50000,NA,NA,NA,NA,NA,NA,NA,NA,NA,NA,NA,NA,NA,NA,NA,NA,NA,NA,NA,NA,NA,NA,NA,NA,NA,NA,NA,NA,NA,NA,NA,0.0806579030174545,53
"9442","Kitlope-Sockeye","Sockeye",1988,49246,16000,NA,NA,NA,NA,NA,NA,NA,NA,NA,NA,NA,NA,NA,NA,NA,NA,NA,NA,NA,NA,NA,NA,NA,NA,NA,NA,NA,NA,NA,NA,NA,1.12423942380582,53
"9443","Kitlope-Sockeye","Sockeye",1989,24015,32000,NA,NA,NA,NA,NA,NA,NA,NA,NA,NA,NA,NA,NA,NA,NA,NA,NA,NA,NA,NA,NA,NA,NA,NA,NA,NA,NA,NA,NA,NA,NA,-0.287057267682939,53
"9444","Kitlope-Sockeye","Sockeye",1990,36810,16000,NA,NA,NA,NA,NA,NA,NA,NA,NA,NA,NA,NA,NA,NA,NA,NA,NA,NA,NA,NA,NA,NA,NA,NA,NA,NA,NA,NA,NA,NA,NA,0.833180825151149,53
"9445","Kitlope-Sockeye","Sockeye",1991,25618,40000,NA,NA,NA,NA,NA,NA,NA,NA,NA,NA,NA,NA,NA,NA,NA,NA,NA,NA,NA,NA,NA,NA,NA,NA,NA,NA,NA,NA,NA,NA,NA,-0.445584224704992,53
"9446","Kitlope-Sockeye","Sockeye",1992,40550,40000,NA,NA,NA,NA,NA,NA,NA,NA,NA,NA,NA,NA,NA,NA,NA,NA,NA,NA,NA,NA,NA,NA,NA,NA,NA,NA,NA,NA,NA,NA,NA,0.0136563264474856,53
"9447","Kitlope-Sockeye","Sockeye",1993,36489,16000,NA,NA,NA,NA,NA,NA,NA,NA,NA,NA,NA,NA,NA,NA,NA,NA,NA,NA,NA,NA,NA,NA,NA,NA,NA,NA,NA,NA,NA,NA,NA,0.824422123064628,53
"9448","Kitlope-Sockeye","Sockeye",1994,38587,31000,NA,NA,NA,NA,NA,NA,NA,NA,NA,NA,NA,NA,NA,NA,NA,NA,NA,NA,NA,NA,NA,NA,NA,NA,NA,NA,NA,NA,NA,NA,NA,0.218928227695203,53
"9449","Kitlope-Sockeye","Sockeye",1995,22950,16800,NA,NA,NA,NA,NA,NA,NA,NA,NA,NA,NA,NA,NA,NA,NA,NA,NA,NA,NA,NA,NA,NA,NA,NA,NA,NA,NA,NA,NA,NA,NA,0.311939050097341,53
"9450","Kitlope-Sockeye","Sockeye",1996,20384,34000,NA,NA,NA,NA,NA,NA,NA,NA,NA,NA,NA,NA,NA,NA,NA,NA,NA,NA,NA,NA,NA,NA,NA,NA,NA,NA,NA,NA,NA,NA,NA,-0.511610245226409,53
"9451","Kitlope-Sockeye","Sockeye",2005,53888,6000,NA,NA,NA,NA,NA,NA,NA,NA,NA,NA,NA,NA,NA,NA,NA,NA,NA,NA,NA,NA,NA,NA,NA,NA,NA,NA,NA,NA,NA,NA,NA,2.19514834939181,53
"9452","Kitlope-Sockeye","Sockeye",2007,41865,7000,NA,NA,NA,NA,NA,NA,NA,NA,NA,NA,NA,NA,NA,NA,NA,NA,NA,NA,NA,NA,NA,NA,NA,NA,NA,NA,NA,NA,NA,NA,NA,1.78854000660108,53
"9453","Kitlope-Sockeye","Sockeye",2009,28431,40000,NA,NA,NA,NA,NA,NA,NA,NA,NA,NA,NA,NA,NA,NA,NA,NA,NA,NA,NA,NA,NA,NA,NA,NA,NA,NA,NA,NA,NA,NA,NA,-0.341399354957769,53
"9454","Kitlope-Sockeye","Sockeye",2010,26124,31200,NA,NA,NA,NA,NA,NA,NA,NA,NA,NA,NA,NA,NA,NA,NA,NA,NA,NA,NA,NA,NA,NA,NA,NA,NA,NA,NA,NA,NA,NA,NA,-0.177563662775026,53
"9455","Kitlope-Sockeye","Sockeye",2011,21977,36000,NA,NA,NA,NA,NA,NA,NA,NA,NA,NA,NA,NA,NA,NA,NA,NA,NA,NA,NA,NA,NA,NA,NA,NA,NA,NA,NA,NA,NA,NA,NA,-0.493522486512036,53
"9456","Kitlope-Sockeye","Sockeye",2012,21781,16000,NA,NA,NA,NA,NA,NA,NA,NA,NA,NA,NA,NA,NA,NA,NA,NA,NA,NA,NA,NA,NA,NA,NA,NA,NA,NA,NA,NA,NA,NA,NA,0.30844930789331,53
"9457","Kitlope-Sockeye","Sockeye",2013,11753,27000,NA,NA,NA,NA,NA,NA,NA,NA,NA,NA,NA,NA,NA,NA,NA,NA,NA,NA,NA,NA,NA,NA,NA,NA,NA,NA,NA,NA,NA,NA,NA,-0.831728338853612,53
"9458","Kitlope-Sockeye","Sockeye",2014,22487,17500,NA,NA,NA,NA,NA,NA,NA,NA,NA,NA,NA,NA,NA,NA,NA,NA,NA,NA,NA,NA,NA,NA,NA,NA,NA,NA,NA,NA,NA,NA,NA,0.250736483525228,53
"9459","Bloomfield-Sockeye","Sockeye",1954,8566,1500,NA,NA,NA,NA,NA,NA,NA,NA,NA,NA,NA,NA,NA,NA,NA,NA,NA,NA,NA,NA,NA,NA,NA,NA,NA,NA,NA,NA,NA,NA,NA,1.74233577108501,54
"9460","Bloomfield-Sockeye","Sockeye",1955,9675,7000,NA,NA,NA,NA,NA,NA,NA,NA,NA,NA,NA,NA,NA,NA,NA,NA,NA,NA,NA,NA,NA,NA,NA,NA,NA,NA,NA,NA,NA,NA,NA,0.323635089860532,54
"9461","Bloomfield-Sockeye","Sockeye",1956,3035,1500,NA,NA,NA,NA,NA,NA,NA,NA,NA,NA,NA,NA,NA,NA,NA,NA,NA,NA,NA,NA,NA,NA,NA,NA,NA,NA,NA,NA,NA,NA,NA,0.704746316403297,54
"9462","Bloomfield-Sockeye","Sockeye",1957,1101,3000,NA,NA,NA,NA,NA,NA,NA,NA,NA,NA,NA,NA,NA,NA,NA,NA,NA,NA,NA,NA,NA,NA,NA,NA,NA,NA,NA,NA,NA,NA,NA,-1.00239343092757,54
"9463","Bloomfield-Sockeye","Sockeye",1958,148,3000,NA,NA,NA,NA,NA,NA,NA,NA,NA,NA,NA,NA,NA,NA,NA,NA,NA,NA,NA,NA,NA,NA,NA,NA,NA,NA,NA,NA,NA,NA,NA,-3.00915529388613,54
"9464","Bloomfield-Sockeye","Sockeye",1962,115,50,NA,NA,NA,NA,NA,NA,NA,NA,NA,NA,NA,NA,NA,NA,NA,NA,NA,NA,NA,NA,NA,NA,NA,NA,NA,NA,NA,NA,NA,NA,NA,0.832909122935104,54
"9465","Bloomfield-Sockeye","Sockeye",1966,3330,80,NA,NA,NA,NA,NA,NA,NA,NA,NA,NA,NA,NA,NA,NA,NA,NA,NA,NA,NA,NA,NA,NA,NA,NA,NA,NA,NA,NA,NA,NA,NA,3.72870094830061,54
"9466","Bloomfield-Sockeye","Sockeye",1967,1916,50,NA,NA,NA,NA,NA,NA,NA,NA,NA,NA,NA,NA,NA,NA,NA,NA,NA,NA,NA,NA,NA,NA,NA,NA,NA,NA,NA,NA,NA,NA,NA,3.64597195310266,54
"9467","Bloomfield-Sockeye","Sockeye",1968,3702,400,NA,NA,NA,NA,NA,NA,NA,NA,NA,NA,NA,NA,NA,NA,NA,NA,NA,NA,NA,NA,NA,NA,NA,NA,NA,NA,NA,NA,NA,NA,NA,2.22516394602546,54
"9468","Bloomfield-Sockeye","Sockeye",1970,3554,1500,NA,NA,NA,NA,NA,NA,NA,NA,NA,NA,NA,NA,NA,NA,NA,NA,NA,NA,NA,NA,NA,NA,NA,NA,NA,NA,NA,NA,NA,NA,NA,0.862608621624295,54
"9469","Bloomfield-Sockeye","Sockeye",1971,6742,800,NA,NA,NA,NA,NA,NA,NA,NA,NA,NA,NA,NA,NA,NA,NA,NA,NA,NA,NA,NA,NA,NA,NA,NA,NA,NA,NA,NA,NA,NA,NA,2.13150016812608,54
"9470","Bloomfield-Sockeye","Sockeye",1972,6543,600,NA,NA,NA,NA,NA,NA,NA,NA,NA,NA,NA,NA,NA,NA,NA,NA,NA,NA,NA,NA,NA,NA,NA,NA,NA,NA,NA,NA,NA,NA,NA,2.38922139965359,54
"9471","Bloomfield-Sockeye","Sockeye",1973,11909,1000,NA,NA,NA,NA,NA,NA,NA,NA,NA,NA,NA,NA,NA,NA,NA,NA,NA,NA,NA,NA,NA,NA,NA,NA,NA,NA,NA,NA,NA,NA,NA,2.47729441678586,54
"9472","Bloomfield-Sockeye","Sockeye",1974,6824,1600,NA,NA,NA,NA,NA,NA,NA,NA,NA,NA,NA,NA,NA,NA,NA,NA,NA,NA,NA,NA,NA,NA,NA,NA,NA,NA,NA,NA,NA,NA,NA,1.45044218094364,54
"9473","Bloomfield-Sockeye","Sockeye",1975,10032,5000,NA,NA,NA,NA,NA,NA,NA,NA,NA,NA,NA,NA,NA,NA,NA,NA,NA,NA,NA,NA,NA,NA,NA,NA,NA,NA,NA,NA,NA,NA,NA,0.696342071456465,54
"9474","Bloomfield-Sockeye","Sockeye",1976,3051,3000,NA,NA,NA,NA,NA,NA,NA,NA,NA,NA,NA,NA,NA,NA,NA,NA,NA,NA,NA,NA,NA,NA,NA,NA,NA,NA,NA,NA,NA,NA,NA,0.0168571170664228,54
"9475","Bloomfield-Sockeye","Sockeye",1977,1732,9000,NA,NA,NA,NA,NA,NA,NA,NA,NA,NA,NA,NA,NA,NA,NA,NA,NA,NA,NA,NA,NA,NA,NA,NA,NA,NA,NA,NA,NA,NA,NA,-1.64794776719598,54
"9476","Bloomfield-Sockeye","Sockeye",1978,2135,1400,NA,NA,NA,NA,NA,NA,NA,NA,NA,NA,NA,NA,NA,NA,NA,NA,NA,NA,NA,NA,NA,NA,NA,NA,NA,NA,NA,NA,NA,NA,NA,0.421994410059375,54
"9477","Bloomfield-Sockeye","Sockeye",1979,549,3000,NA,NA,NA,NA,NA,NA,NA,NA,NA,NA,NA,NA,NA,NA,NA,NA,NA,NA,NA,NA,NA,NA,NA,NA,NA,NA,NA,NA,NA,NA,NA,-1.69826912614072,54
"9478","Bloomfield-Sockeye","Sockeye",1980,308,1000,NA,NA,NA,NA,NA,NA,NA,NA,NA,NA,NA,NA,NA,NA,NA,NA,NA,NA,NA,NA,NA,NA,NA,NA,NA,NA,NA,NA,NA,NA,NA,-1.17765549600856,54
"9479","Bloomfield-Sockeye","Sockeye",1981,1151,300,NA,NA,NA,NA,NA,NA,NA,NA,NA,NA,NA,NA,NA,NA,NA,NA,NA,NA,NA,NA,NA,NA,NA,NA,NA,NA,NA,NA,NA,NA,NA,1.34460393406568,54
"9480","Bloomfield-Sockeye","Sockeye",1982,819,1200,NA,NA,NA,NA,NA,NA,NA,NA,NA,NA,NA,NA,NA,NA,NA,NA,NA,NA,NA,NA,NA,NA,NA,NA,NA,NA,NA,NA,NA,NA,NA,-0.381992751923022,54
"9481","Bloomfield-Sockeye","Sockeye",1983,1326,200,NA,NA,NA,NA,NA,NA,NA,NA,NA,NA,NA,NA,NA,NA,NA,NA,NA,NA,NA,NA,NA,NA,NA,NA,NA,NA,NA,NA,NA,NA,NA,1.89160480419777,54
"9482","Bloomfield-Sockeye","Sockeye",1984,978,60,NA,NA,NA,NA,NA,NA,NA,NA,NA,NA,NA,NA,NA,NA,NA,NA,NA,NA,NA,NA,NA,NA,NA,NA,NA,NA,NA,NA,NA,NA,NA,2.79116510781272,54
"9483","Bloomfield-Sockeye","Sockeye",1985,388,700,NA,NA,NA,NA,NA,NA,NA,NA,NA,NA,NA,NA,NA,NA,NA,NA,NA,NA,NA,NA,NA,NA,NA,NA,NA,NA,NA,NA,NA,NA,NA,-0.590074995420131,54
"9484","Bloomfield-Sockeye","Sockeye",1986,867,350,NA,NA,NA,NA,NA,NA,NA,NA,NA,NA,NA,NA,NA,NA,NA,NA,NA,NA,NA,NA,NA,NA,NA,NA,NA,NA,NA,NA,NA,NA,NA,0.907105822297083,54
"9485","Bloomfield-Sockeye","Sockeye",1987,397,770,NA,NA,NA,NA,NA,NA,NA,NA,NA,NA,NA,NA,NA,NA,NA,NA,NA,NA,NA,NA,NA,NA,NA,NA,NA,NA,NA,NA,NA,NA,NA,-0.662454234160539,54
"9486","Bloomfield-Sockeye","Sockeye",1988,592,400,NA,NA,NA,NA,NA,NA,NA,NA,NA,NA,NA,NA,NA,NA,NA,NA,NA,NA,NA,NA,NA,NA,NA,NA,NA,NA,NA,NA,NA,NA,NA,0.392042087776024,54
"9487","Bloomfield-Sockeye","Sockeye",1989,564,180,NA,NA,NA,NA,NA,NA,NA,NA,NA,NA,NA,NA,NA,NA,NA,NA,NA,NA,NA,NA,NA,NA,NA,NA,NA,NA,NA,NA,NA,NA,NA,1.14209740060785,54
"9488","Bloomfield-Sockeye","Sockeye",1990,622,380,NA,NA,NA,NA,NA,NA,NA,NA,NA,NA,NA,NA,NA,NA,NA,NA,NA,NA,NA,NA,NA,NA,NA,NA,NA,NA,NA,NA,NA,NA,NA,0.492768840018748,54
"9489","Bloomfield-Sockeye","Sockeye",1991,532,220,NA,NA,NA,NA,NA,NA,NA,NA,NA,NA,NA,NA,NA,NA,NA,NA,NA,NA,NA,NA,NA,NA,NA,NA,NA,NA,NA,NA,NA,NA,NA,0.883015942989283,54
"9490","Bloomfield-Sockeye","Sockeye",1992,893,450,NA,NA,NA,NA,NA,NA,NA,NA,NA,NA,NA,NA,NA,NA,NA,NA,NA,NA,NA,NA,NA,NA,NA,NA,NA,NA,NA,NA,NA,NA,NA,0.685338998112134,54
"9491","Bloomfield-Sockeye","Sockeye",1993,983,480,NA,NA,NA,NA,NA,NA,NA,NA,NA,NA,NA,NA,NA,NA,NA,NA,NA,NA,NA,NA,NA,NA,NA,NA,NA,NA,NA,NA,NA,NA,NA,0.71682301624523,54
"9492","Bloomfield-Sockeye","Sockeye",1994,2879,500,NA,NA,NA,NA,NA,NA,NA,NA,NA,NA,NA,NA,NA,NA,NA,NA,NA,NA,NA,NA,NA,NA,NA,NA,NA,NA,NA,NA,NA,NA,NA,1.75059019218998,54
"9493","Bloomfield-Sockeye","Sockeye",1995,1620,340,NA,NA,NA,NA,NA,NA,NA,NA,NA,NA,NA,NA,NA,NA,NA,NA,NA,NA,NA,NA,NA,NA,NA,NA,NA,NA,NA,NA,NA,NA,NA,1.56123581061622,54
"9494","Bloomfield-Sockeye","Sockeye",1996,1543,800,NA,NA,NA,NA,NA,NA,NA,NA,NA,NA,NA,NA,NA,NA,NA,NA,NA,NA,NA,NA,NA,NA,NA,NA,NA,NA,NA,NA,NA,NA,NA,0.656872124695233,54
"9495","Bloomfield-Sockeye","Sockeye",2000,2442,800,NA,NA,NA,NA,NA,NA,NA,NA,NA,NA,NA,NA,NA,NA,NA,NA,NA,NA,NA,NA,NA,NA,NA,NA,NA,NA,NA,NA,NA,NA,NA,1.11596092700272,54
"9496","Bloomfield-Sockeye","Sockeye",2001,1238,2000,NA,NA,NA,NA,NA,NA,NA,NA,NA,NA,NA,NA,NA,NA,NA,NA,NA,NA,NA,NA,NA,NA,NA,NA,NA,NA,NA,NA,NA,NA,NA,-0.479650006297541,54
"9497","Bloomfield-Sockeye","Sockeye",2002,587,3400,NA,NA,NA,NA,NA,NA,NA,NA,NA,NA,NA,NA,NA,NA,NA,NA,NA,NA,NA,NA,NA,NA,NA,NA,NA,NA,NA,NA,NA,NA,NA,-1.75650589077616,54
"9498","Bloomfield-Sockeye","Sockeye",2004,935,2600,NA,NA,NA,NA,NA,NA,NA,NA,NA,NA,NA,NA,NA,NA,NA,NA,NA,NA,NA,NA,NA,NA,NA,NA,NA,NA,NA,NA,NA,NA,NA,-1.02272019472089,54
"9499","Bloomfield-Sockeye","Sockeye",2005,2196,700,NA,NA,NA,NA,NA,NA,NA,NA,NA,NA,NA,NA,NA,NA,NA,NA,NA,NA,NA,NA,NA,NA,NA,NA,NA,NA,NA,NA,NA,NA,NA,1.14331246758602,54
"9500","Bloomfield-Sockeye","Sockeye",2006,1223,510,NA,NA,NA,NA,NA,NA,NA,NA,NA,NA,NA,NA,NA,NA,NA,NA,NA,NA,NA,NA,NA,NA,NA,NA,NA,NA,NA,NA,NA,NA,NA,0.874651409968801,54
"9501","Bloomfield-Sockeye","Sockeye",2007,1414,500,NA,NA,NA,NA,NA,NA,NA,NA,NA,NA,NA,NA,NA,NA,NA,NA,NA,NA,NA,NA,NA,NA,NA,NA,NA,NA,NA,NA,NA,NA,NA,1.03956974803433,54
"9502","Bloomfield-Sockeye","Sockeye",2008,659,600,NA,NA,NA,NA,NA,NA,NA,NA,NA,NA,NA,NA,NA,NA,NA,NA,NA,NA,NA,NA,NA,NA,NA,NA,NA,NA,NA,NA,NA,NA,NA,0.0937938792863609,54
"9503","Devon-Sockeye","Sockeye",1960,17318,3000,NA,NA,NA,NA,NA,NA,NA,NA,NA,NA,NA,NA,NA,NA,NA,NA,NA,NA,NA,NA,NA,NA,NA,NA,NA,NA,NA,NA,NA,NA,NA,1.7531341343575,55
"9504","Devon-Sockeye","Sockeye",1961,20805,7000,NA,NA,NA,NA,NA,NA,NA,NA,NA,NA,NA,NA,NA,NA,NA,NA,NA,NA,NA,NA,NA,NA,NA,NA,NA,NA,NA,NA,NA,NA,NA,1.08928319337959,55
"9505","Devon-Sockeye","Sockeye",1962,30584,15000,NA,NA,NA,NA,NA,NA,NA,NA,NA,NA,NA,NA,NA,NA,NA,NA,NA,NA,NA,NA,NA,NA,NA,NA,NA,NA,NA,NA,NA,NA,NA,0.712426795291902,55
"9506","Devon-Sockeye","Sockeye",1963,6558,7000,NA,NA,NA,NA,NA,NA,NA,NA,NA,NA,NA,NA,NA,NA,NA,NA,NA,NA,NA,NA,NA,NA,NA,NA,NA,NA,NA,NA,NA,NA,NA,-0.0652244706328568,55
"9507","Devon-Sockeye","Sockeye",1964,8310,15000,NA,NA,NA,NA,NA,NA,NA,NA,NA,NA,NA,NA,NA,NA,NA,NA,NA,NA,NA,NA,NA,NA,NA,NA,NA,NA,NA,NA,NA,NA,NA,-0.590590592234853,55
"9508","Devon-Sockeye","Sockeye",1965,7529,15000,NA,NA,NA,NA,NA,NA,NA,NA,NA,NA,NA,NA,NA,NA,NA,NA,NA,NA,NA,NA,NA,NA,NA,NA,NA,NA,NA,NA,NA,NA,NA,-0.689287970234225,55
"9509","Devon-Sockeye","Sockeye",1966,4648,30000,NA,NA,NA,NA,NA,NA,NA,NA,NA,NA,NA,NA,NA,NA,NA,NA,NA,NA,NA,NA,NA,NA,NA,NA,NA,NA,NA,NA,NA,NA,NA,-1.86476036211255,55
"9510","Devon-Sockeye","Sockeye",1967,7481,3000,NA,NA,NA,NA,NA,NA,NA,NA,NA,NA,NA,NA,NA,NA,NA,NA,NA,NA,NA,NA,NA,NA,NA,NA,NA,NA,NA,NA,NA,NA,NA,0.913754184222158,55
"9511","Devon-Sockeye","Sockeye",1968,5032,7000,NA,NA,NA,NA,NA,NA,NA,NA,NA,NA,NA,NA,NA,NA,NA,NA,NA,NA,NA,NA,NA,NA,NA,NA,NA,NA,NA,NA,NA,NA,NA,-0.330092629657174,55
"9512","Devon-Sockeye","Sockeye",1969,7340,7000,NA,NA,NA,NA,NA,NA,NA,NA,NA,NA,NA,NA,NA,NA,NA,NA,NA,NA,NA,NA,NA,NA,NA,NA,NA,NA,NA,NA,NA,NA,NA,0.0474286935711108,55
"9513","Devon-Sockeye","Sockeye",1970,9230,3000,NA,NA,NA,NA,NA,NA,NA,NA,NA,NA,NA,NA,NA,NA,NA,NA,NA,NA,NA,NA,NA,NA,NA,NA,NA,NA,NA,NA,NA,NA,NA,1.12384675984665,55
"9514","Devon-Sockeye","Sockeye",1971,5376,7000,NA,NA,NA,NA,NA,NA,NA,NA,NA,NA,NA,NA,NA,NA,NA,NA,NA,NA,NA,NA,NA,NA,NA,NA,NA,NA,NA,NA,NA,NA,NA,-0.263965545834465,55
"9515","Devon-Sockeye","Sockeye",1972,3267,3600,NA,NA,NA,NA,NA,NA,NA,NA,NA,NA,NA,NA,NA,NA,NA,NA,NA,NA,NA,NA,NA,NA,NA,NA,NA,NA,NA,NA,NA,NA,NA,-0.0970617128431312,55
"9516","Devon-Sockeye","Sockeye",1973,8379,5600,NA,NA,NA,NA,NA,NA,NA,NA,NA,NA,NA,NA,NA,NA,NA,NA,NA,NA,NA,NA,NA,NA,NA,NA,NA,NA,NA,NA,NA,NA,NA,0.402961977890046,55
"9517","Devon-Sockeye","Sockeye",1974,8536,8000,NA,NA,NA,NA,NA,NA,NA,NA,NA,NA,NA,NA,NA,NA,NA,NA,NA,NA,NA,NA,NA,NA,NA,NA,NA,NA,NA,NA,NA,NA,NA,0.0648509723196163,55
"9518","Devon-Sockeye","Sockeye",1975,3185,5000,NA,NA,NA,NA,NA,NA,NA,NA,NA,NA,NA,NA,NA,NA,NA,NA,NA,NA,NA,NA,NA,NA,NA,NA,NA,NA,NA,NA,NA,NA,NA,-0.450985623409974,55
"9519","Devon-Sockeye","Sockeye",1976,6002,1600,NA,NA,NA,NA,NA,NA,NA,NA,NA,NA,NA,NA,NA,NA,NA,NA,NA,NA,NA,NA,NA,NA,NA,NA,NA,NA,NA,NA,NA,NA,NA,1.32208911777244,55
"9520","Devon-Sockeye","Sockeye",1977,15566,7000,NA,NA,NA,NA,NA,NA,NA,NA,NA,NA,NA,NA,NA,NA,NA,NA,NA,NA,NA,NA,NA,NA,NA,NA,NA,NA,NA,NA,NA,NA,NA,0.799178899481883,55
"9521","Devon-Sockeye","Sockeye",1978,19516,8000,NA,NA,NA,NA,NA,NA,NA,NA,NA,NA,NA,NA,NA,NA,NA,NA,NA,NA,NA,NA,NA,NA,NA,NA,NA,NA,NA,NA,NA,NA,NA,0.891793100273755,55
"9522","Devon-Sockeye","Sockeye",1979,2403,2000,NA,NA,NA,NA,NA,NA,NA,NA,NA,NA,NA,NA,NA,NA,NA,NA,NA,NA,NA,NA,NA,NA,NA,NA,NA,NA,NA,NA,NA,NA,NA,0.183570776194387,55
"9523","Devon-Sockeye","Sockeye",1980,2258,3600,NA,NA,NA,NA,NA,NA,NA,NA,NA,NA,NA,NA,NA,NA,NA,NA,NA,NA,NA,NA,NA,NA,NA,NA,NA,NA,NA,NA,NA,NA,NA,-0.466454379734594,55
"9524","Devon-Sockeye","Sockeye",1981,6753,12000,NA,NA,NA,NA,NA,NA,NA,NA,NA,NA,NA,NA,NA,NA,NA,NA,NA,NA,NA,NA,NA,NA,NA,NA,NA,NA,NA,NA,NA,NA,NA,-0.574919799195295,55
"9525","Devon-Sockeye","Sockeye",1982,3817,20000,NA,NA,NA,NA,NA,NA,NA,NA,NA,NA,NA,NA,NA,NA,NA,NA,NA,NA,NA,NA,NA,NA,NA,NA,NA,NA,NA,NA,NA,NA,NA,-1.6562674997909,55
"9526","Devon-Sockeye","Sockeye",1983,4204,1000,NA,NA,NA,NA,NA,NA,NA,NA,NA,NA,NA,NA,NA,NA,NA,NA,NA,NA,NA,NA,NA,NA,NA,NA,NA,NA,NA,NA,NA,NA,NA,1.4360364530147,55
"9527","Devon-Sockeye","Sockeye",1984,7337,1000,NA,NA,NA,NA,NA,NA,NA,NA,NA,NA,NA,NA,NA,NA,NA,NA,NA,NA,NA,NA,NA,NA,NA,NA,NA,NA,NA,NA,NA,NA,NA,1.99293003973186,55
"9528","Devon-Sockeye","Sockeye",1985,2474,6200,NA,NA,NA,NA,NA,NA,NA,NA,NA,NA,NA,NA,NA,NA,NA,NA,NA,NA,NA,NA,NA,NA,NA,NA,NA,NA,NA,NA,NA,NA,NA,-0.91871301808075,55
"9529","Devon-Sockeye","Sockeye",1986,2565,3000,NA,NA,NA,NA,NA,NA,NA,NA,NA,NA,NA,NA,NA,NA,NA,NA,NA,NA,NA,NA,NA,NA,NA,NA,NA,NA,NA,NA,NA,NA,NA,-0.156653810045377,55
"9530","Devon-Sockeye","Sockeye",1987,12371,3000,NA,NA,NA,NA,NA,NA,NA,NA,NA,NA,NA,NA,NA,NA,NA,NA,NA,NA,NA,NA,NA,NA,NA,NA,NA,NA,NA,NA,NA,NA,NA,1.41674273521258,55
"9531","Devon-Sockeye","Sockeye",1991,6968,11000,NA,NA,NA,NA,NA,NA,NA,NA,NA,NA,NA,NA,NA,NA,NA,NA,NA,NA,NA,NA,NA,NA,NA,NA,NA,NA,NA,NA,NA,NA,NA,-0.456567033248169,55
"9532","Devon-Sockeye","Sockeye",1992,16298,6000,NA,NA,NA,NA,NA,NA,NA,NA,NA,NA,NA,NA,NA,NA,NA,NA,NA,NA,NA,NA,NA,NA,NA,NA,NA,NA,NA,NA,NA,NA,NA,0.999282931669973,55
"9533","Devon-Sockeye","Sockeye",1993,17939,7000,NA,NA,NA,NA,NA,NA,NA,NA,NA,NA,NA,NA,NA,NA,NA,NA,NA,NA,NA,NA,NA,NA,NA,NA,NA,NA,NA,NA,NA,NA,NA,0.94106696466164,55
"9534","Devon-Sockeye","Sockeye",1995,6731,4000,NA,NA,NA,NA,NA,NA,NA,NA,NA,NA,NA,NA,NA,NA,NA,NA,NA,NA,NA,NA,NA,NA,NA,NA,NA,NA,NA,NA,NA,NA,NA,0.520429359908685,55
"9535","Devon-Sockeye","Sockeye",1996,10418,11000,NA,NA,NA,NA,NA,NA,NA,NA,NA,NA,NA,NA,NA,NA,NA,NA,NA,NA,NA,NA,NA,NA,NA,NA,NA,NA,NA,NA,NA,NA,NA,-0.0543601934753707,55
"9536","Devon-Sockeye","Sockeye",1997,8203,12000,NA,NA,NA,NA,NA,NA,NA,NA,NA,NA,NA,NA,NA,NA,NA,NA,NA,NA,NA,NA,NA,NA,NA,NA,NA,NA,NA,NA,NA,NA,NA,-0.380406708767387,55
"9537","Devon-Sockeye","Sockeye",1998,6769,3000,NA,NA,NA,NA,NA,NA,NA,NA,NA,NA,NA,NA,NA,NA,NA,NA,NA,NA,NA,NA,NA,NA,NA,NA,NA,NA,NA,NA,NA,NA,NA,0.813741076858361,55
"9538","Devon-Sockeye","Sockeye",1999,19580,5000,NA,NA,NA,NA,NA,NA,NA,NA,NA,NA,NA,NA,NA,NA,NA,NA,NA,NA,NA,NA,NA,NA,NA,NA,NA,NA,NA,NA,NA,NA,NA,1.36507072466826,55
"9539","Devon-Sockeye","Sockeye",2000,10360,8000,NA,NA,NA,NA,NA,NA,NA,NA,NA,NA,NA,NA,NA,NA,NA,NA,NA,NA,NA,NA,NA,NA,NA,NA,NA,NA,NA,NA,NA,NA,NA,0.258510695151501,55
"9540","Devon-Sockeye","Sockeye",2001,10256,8000,NA,NA,NA,NA,NA,NA,NA,NA,NA,NA,NA,NA,NA,NA,NA,NA,NA,NA,NA,NA,NA,NA,NA,NA,NA,NA,NA,NA,NA,NA,NA,0.248421358498478,55
"9541","Devon-Sockeye","Sockeye",2002,6490,2400,NA,NA,NA,NA,NA,NA,NA,NA,NA,NA,NA,NA,NA,NA,NA,NA,NA,NA,NA,NA,NA,NA,NA,NA,NA,NA,NA,NA,NA,NA,NA,0.994793793362099,55
"9542","Hartley Bay-Sockeye","Sockeye",1955,1595,800,NA,NA,NA,NA,NA,NA,NA,NA,NA,NA,NA,NA,NA,NA,NA,NA,NA,NA,NA,NA,NA,NA,NA,NA,NA,NA,NA,NA,NA,NA,NA,0.690017287551018,56
"9543","Hartley Bay-Sockeye","Sockeye",1956,3008,1500,NA,NA,NA,NA,NA,NA,NA,NA,NA,NA,NA,NA,NA,NA,NA,NA,NA,NA,NA,NA,NA,NA,NA,NA,NA,NA,NA,NA,NA,NA,NA,0.695810297979429,56
"9544","Hartley Bay-Sockeye","Sockeye",1957,4301,3000,NA,NA,NA,NA,NA,NA,NA,NA,NA,NA,NA,NA,NA,NA,NA,NA,NA,NA,NA,NA,NA,NA,NA,NA,NA,NA,NA,NA,NA,NA,NA,0.36023526513349,56
"9545","Hartley Bay-Sockeye","Sockeye",1958,3485,800,NA,NA,NA,NA,NA,NA,NA,NA,NA,NA,NA,NA,NA,NA,NA,NA,NA,NA,NA,NA,NA,NA,NA,NA,NA,NA,NA,NA,NA,NA,NA,1.4716115955267,56
"9546","Hartley Bay-Sockeye","Sockeye",1959,1174,800,NA,NA,NA,NA,NA,NA,NA,NA,NA,NA,NA,NA,NA,NA,NA,NA,NA,NA,NA,NA,NA,NA,NA,NA,NA,NA,NA,NA,NA,NA,NA,0.383560272720115,56
"9547","Hartley Bay-Sockeye","Sockeye",1960,2411,1500,NA,NA,NA,NA,NA,NA,NA,NA,NA,NA,NA,NA,NA,NA,NA,NA,NA,NA,NA,NA,NA,NA,NA,NA,NA,NA,NA,NA,NA,NA,NA,0.47457649109087,56
"9548","Hartley Bay-Sockeye","Sockeye",1961,6229,3000,NA,NA,NA,NA,NA,NA,NA,NA,NA,NA,NA,NA,NA,NA,NA,NA,NA,NA,NA,NA,NA,NA,NA,NA,NA,NA,NA,NA,NA,NA,NA,0.730603517603899,56
"9549","Hartley Bay-Sockeye","Sockeye",1962,4433,3000,NA,NA,NA,NA,NA,NA,NA,NA,NA,NA,NA,NA,NA,NA,NA,NA,NA,NA,NA,NA,NA,NA,NA,NA,NA,NA,NA,NA,NA,NA,NA,0.390464267094807,56
"9550","Hartley Bay-Sockeye","Sockeye",1974,1639,500,NA,NA,NA,NA,NA,NA,NA,NA,NA,NA,NA,NA,NA,NA,NA,NA,NA,NA,NA,NA,NA,NA,NA,NA,NA,NA,NA,NA,NA,NA,NA,1.18723348032164,56
"9551","Hartley Bay-Sockeye","Sockeye",1975,2395,400,NA,NA,NA,NA,NA,NA,NA,NA,NA,NA,NA,NA,NA,NA,NA,NA,NA,NA,NA,NA,NA,NA,NA,NA,NA,NA,NA,NA,NA,NA,NA,1.78967396273703,56
"9552","Hartley Bay-Sockeye","Sockeye",1976,2747,1000,NA,NA,NA,NA,NA,NA,NA,NA,NA,NA,NA,NA,NA,NA,NA,NA,NA,NA,NA,NA,NA,NA,NA,NA,NA,NA,NA,NA,NA,NA,NA,1.01050940711314,56
"9553","Hartley Bay-Sockeye","Sockeye",1977,2744,1000,NA,NA,NA,NA,NA,NA,NA,NA,NA,NA,NA,NA,NA,NA,NA,NA,NA,NA,NA,NA,NA,NA,NA,NA,NA,NA,NA,NA,NA,NA,NA,1.00941670986364,56
"9554","Hartley Bay-Sockeye","Sockeye",1978,1818,400,NA,NA,NA,NA,NA,NA,NA,NA,NA,NA,NA,NA,NA,NA,NA,NA,NA,NA,NA,NA,NA,NA,NA,NA,NA,NA,NA,NA,NA,NA,NA,1.51402772762944,56
"9555","Hartley Bay-Sockeye","Sockeye",1979,1901,600,NA,NA,NA,NA,NA,NA,NA,NA,NA,NA,NA,NA,NA,NA,NA,NA,NA,NA,NA,NA,NA,NA,NA,NA,NA,NA,NA,NA,NA,NA,NA,1.15320568727228,56
"9556","Hartley Bay-Sockeye","Sockeye",1980,1933,1000,NA,NA,NA,NA,NA,NA,NA,NA,NA,NA,NA,NA,NA,NA,NA,NA,NA,NA,NA,NA,NA,NA,NA,NA,NA,NA,NA,NA,NA,NA,NA,0.659073200226194,56
"9557","Hartley Bay-Sockeye","Sockeye",1981,3657,600,NA,NA,NA,NA,NA,NA,NA,NA,NA,NA,NA,NA,NA,NA,NA,NA,NA,NA,NA,NA,NA,NA,NA,NA,NA,NA,NA,NA,NA,NA,NA,1.80746876293323,56
"9558","Hartley Bay-Sockeye","Sockeye",1996,1454,740,NA,NA,NA,NA,NA,NA,NA,NA,NA,NA,NA,NA,NA,NA,NA,NA,NA,NA,NA,NA,NA,NA,NA,NA,NA,NA,NA,NA,NA,NA,NA,0.675423471895249,56
"9559","Hartley Bay-Sockeye","Sockeye",2000,1453,1000,NA,NA,NA,NA,NA,NA,NA,NA,NA,NA,NA,NA,NA,NA,NA,NA,NA,NA,NA,NA,NA,NA,NA,NA,NA,NA,NA,NA,NA,NA,NA,0.373630384588146,56
"9560","Hartley Bay-Sockeye","Sockeye",2001,2353,800,NA,NA,NA,NA,NA,NA,NA,NA,NA,NA,NA,NA,NA,NA,NA,NA,NA,NA,NA,NA,NA,NA,NA,NA,NA,NA,NA,NA,NA,NA,NA,1.07883466105944,56
"9561","Hartley Bay-Sockeye","Sockeye",2002,1812,600,NA,NA,NA,NA,NA,NA,NA,NA,NA,NA,NA,NA,NA,NA,NA,NA,NA,NA,NA,NA,NA,NA,NA,NA,NA,NA,NA,NA,NA,NA,NA,1.10525683138678,56
"9562","Hartley Bay-Sockeye","Sockeye",2004,2070,1200,NA,NA,NA,NA,NA,NA,NA,NA,NA,NA,NA,NA,NA,NA,NA,NA,NA,NA,NA,NA,NA,NA,NA,NA,NA,NA,NA,NA,NA,NA,NA,0.545227050483323,56
"9563","Hartley Bay-Sockeye","Sockeye",2005,2899,1400,NA,NA,NA,NA,NA,NA,NA,NA,NA,NA,NA,NA,NA,NA,NA,NA,NA,NA,NA,NA,NA,NA,NA,NA,NA,NA,NA,NA,NA,NA,NA,0.727893613318305,56
"9564","Hartley Bay-Sockeye","Sockeye",2006,3012,1800,NA,NA,NA,NA,NA,NA,NA,NA,NA,NA,NA,NA,NA,NA,NA,NA,NA,NA,NA,NA,NA,NA,NA,NA,NA,NA,NA,NA,NA,NA,NA,0.514817645035528,56
"9565","Hartley Bay-Sockeye","Sockeye",2007,3934,1100,NA,NA,NA,NA,NA,NA,NA,NA,NA,NA,NA,NA,NA,NA,NA,NA,NA,NA,NA,NA,NA,NA,NA,NA,NA,NA,NA,NA,NA,NA,NA,1.27434654016254,56
"9566","Hartley Bay-Sockeye","Sockeye",2008,3016,1900,NA,NA,NA,NA,NA,NA,NA,NA,NA,NA,NA,NA,NA,NA,NA,NA,NA,NA,NA,NA,NA,NA,NA,NA,NA,NA,NA,NA,NA,NA,NA,0.462077563973315,56
"9567","Hartley Bay-Sockeye","Sockeye",2009,1346,1920,NA,NA,NA,NA,NA,NA,NA,NA,NA,NA,NA,NA,NA,NA,NA,NA,NA,NA,NA,NA,NA,NA,NA,NA,NA,NA,NA,NA,NA,NA,NA,-0.355187954817154,56
"9568","Hartley Bay-Sockeye","Sockeye",2010,1914,2660,NA,NA,NA,NA,NA,NA,NA,NA,NA,NA,NA,NA,NA,NA,NA,NA,NA,NA,NA,NA,NA,NA,NA,NA,NA,NA,NA,NA,NA,NA,NA,-0.329130829762845,56
"9569","Hartley Bay-Sockeye","Sockeye",2011,1053,3100,NA,NA,NA,NA,NA,NA,NA,NA,NA,NA,NA,NA,NA,NA,NA,NA,NA,NA,NA,NA,NA,NA,NA,NA,NA,NA,NA,NA,NA,NA,NA,-1.07975887833926,56
"9570","Hartley Bay-Sockeye","Sockeye",2012,644,3360,NA,NA,NA,NA,NA,NA,NA,NA,NA,NA,NA,NA,NA,NA,NA,NA,NA,NA,NA,NA,NA,NA,NA,NA,NA,NA,NA,NA,NA,NA,NA,-1.6519975268529,56
"9571","Hartley Bay-Sockeye","Sockeye",2013,1212,930,NA,NA,NA,NA,NA,NA,NA,NA,NA,NA,NA,NA,NA,NA,NA,NA,NA,NA,NA,NA,NA,NA,NA,NA,NA,NA,NA,NA,NA,NA,NA,0.264842580481958,56
"9572","Hartley Bay-Sockeye","Sockeye",2014,1619,1400,NA,NA,NA,NA,NA,NA,NA,NA,NA,NA,NA,NA,NA,NA,NA,NA,NA,NA,NA,NA,NA,NA,NA,NA,NA,NA,NA,NA,NA,NA,NA,0.145336438074285,56
"9573","Kadjusdis River-Sockeye","Sockeye",1954,2446,2400,NA,NA,NA,NA,NA,NA,NA,NA,NA,NA,NA,NA,NA,NA,NA,NA,NA,NA,NA,NA,NA,NA,NA,NA,NA,NA,NA,NA,NA,NA,NA,0.0189852999110808,57
"9574","Kadjusdis River-Sockeye","Sockeye",1955,3546,4000,NA,NA,NA,NA,NA,NA,NA,NA,NA,NA,NA,NA,NA,NA,NA,NA,NA,NA,NA,NA,NA,NA,NA,NA,NA,NA,NA,NA,NA,NA,NA,-0.120474153467875,57
"9575","Kadjusdis River-Sockeye","Sockeye",1956,4318,1500,NA,NA,NA,NA,NA,NA,NA,NA,NA,NA,NA,NA,NA,NA,NA,NA,NA,NA,NA,NA,NA,NA,NA,NA,NA,NA,NA,NA,NA,NA,NA,1.05732722398445,57
"9576","Kadjusdis River-Sockeye","Sockeye",1957,5991,4000,NA,NA,NA,NA,NA,NA,NA,NA,NA,NA,NA,NA,NA,NA,NA,NA,NA,NA,NA,NA,NA,NA,NA,NA,NA,NA,NA,NA,NA,NA,NA,0.403963981981897,57
"9577","Kadjusdis River-Sockeye","Sockeye",1958,7865,1000,NA,NA,NA,NA,NA,NA,NA,NA,NA,NA,NA,NA,NA,NA,NA,NA,NA,NA,NA,NA,NA,NA,NA,NA,NA,NA,NA,NA,NA,NA,NA,2.06242253651024,57
"9578","Kadjusdis River-Sockeye","Sockeye",1962,14171,4000,NA,NA,NA,NA,NA,NA,NA,NA,NA,NA,NA,NA,NA,NA,NA,NA,NA,NA,NA,NA,NA,NA,NA,NA,NA,NA,NA,NA,NA,NA,NA,1.26490326172284,57
"9579","Kadjusdis River-Sockeye","Sockeye",1963,17094,5000,NA,NA,NA,NA,NA,NA,NA,NA,NA,NA,NA,NA,NA,NA,NA,NA,NA,NA,NA,NA,NA,NA,NA,NA,NA,NA,NA,NA,NA,NA,NA,1.22928961230973,57
"9580","Kadjusdis River-Sockeye","Sockeye",1964,11526,8000,NA,NA,NA,NA,NA,NA,NA,NA,NA,NA,NA,NA,NA,NA,NA,NA,NA,NA,NA,NA,NA,NA,NA,NA,NA,NA,NA,NA,NA,NA,NA,0.365163811334639,57
"9581","Kadjusdis River-Sockeye","Sockeye",1966,16810,8000,NA,NA,NA,NA,NA,NA,NA,NA,NA,NA,NA,NA,NA,NA,NA,NA,NA,NA,NA,NA,NA,NA,NA,NA,NA,NA,NA,NA,NA,NA,NA,0.742532405740688,57
"9582","Kadjusdis River-Sockeye","Sockeye",1967,14650,10000,NA,NA,NA,NA,NA,NA,NA,NA,NA,NA,NA,NA,NA,NA,NA,NA,NA,NA,NA,NA,NA,NA,NA,NA,NA,NA,NA,NA,NA,NA,NA,0.381855242469031,57
"9583","Kadjusdis River-Sockeye","Sockeye",1968,17983,5000,NA,NA,NA,NA,NA,NA,NA,NA,NA,NA,NA,NA,NA,NA,NA,NA,NA,NA,NA,NA,NA,NA,NA,NA,NA,NA,NA,NA,NA,NA,NA,1.27998895474896,57
"9584","Kadjusdis River-Sockeye","Sockeye",1969,18502,4000,NA,NA,NA,NA,NA,NA,NA,NA,NA,NA,NA,NA,NA,NA,NA,NA,NA,NA,NA,NA,NA,NA,NA,NA,NA,NA,NA,NA,NA,NA,NA,1.53158447322924,57
"9585","Kadjusdis River-Sockeye","Sockeye",1970,15067,5000,NA,NA,NA,NA,NA,NA,NA,NA,NA,NA,NA,NA,NA,NA,NA,NA,NA,NA,NA,NA,NA,NA,NA,NA,NA,NA,NA,NA,NA,NA,NA,1.10306900938505,57
"9586","Kadjusdis River-Sockeye","Sockeye",1971,6925,6000,NA,NA,NA,NA,NA,NA,NA,NA,NA,NA,NA,NA,NA,NA,NA,NA,NA,NA,NA,NA,NA,NA,NA,NA,NA,NA,NA,NA,NA,NA,NA,0.143378582845347,57
"9587","Kadjusdis River-Sockeye","Sockeye",1972,11690,4000,NA,NA,NA,NA,NA,NA,NA,NA,NA,NA,NA,NA,NA,NA,NA,NA,NA,NA,NA,NA,NA,NA,NA,NA,NA,NA,NA,NA,NA,NA,NA,1.07243941436409,57
"9588","Kadjusdis River-Sockeye","Sockeye",1973,16656,7000,NA,NA,NA,NA,NA,NA,NA,NA,NA,NA,NA,NA,NA,NA,NA,NA,NA,NA,NA,NA,NA,NA,NA,NA,NA,NA,NA,NA,NA,NA,NA,0.8668603628173,57
"9589","Kadjusdis River-Sockeye","Sockeye",1974,20583,3000,NA,NA,NA,NA,NA,NA,NA,NA,NA,NA,NA,NA,NA,NA,NA,NA,NA,NA,NA,NA,NA,NA,NA,NA,NA,NA,NA,NA,NA,NA,NA,1.92585320370875,57
"9590","Kadjusdis River-Sockeye","Sockeye",1975,25016,1600,NA,NA,NA,NA,NA,NA,NA,NA,NA,NA,NA,NA,NA,NA,NA,NA,NA,NA,NA,NA,NA,NA,NA,NA,NA,NA,NA,NA,NA,NA,NA,2.7495119909098,57
"9591","Kadjusdis River-Sockeye","Sockeye",1976,12451,1600,NA,NA,NA,NA,NA,NA,NA,NA,NA,NA,NA,NA,NA,NA,NA,NA,NA,NA,NA,NA,NA,NA,NA,NA,NA,NA,NA,NA,NA,NA,NA,2.05179731172454,57
"9592","Kadjusdis River-Sockeye","Sockeye",1977,15528,4000,NA,NA,NA,NA,NA,NA,NA,NA,NA,NA,NA,NA,NA,NA,NA,NA,NA,NA,NA,NA,NA,NA,NA,NA,NA,NA,NA,NA,NA,NA,NA,1.35635048474682,57
"9593","Kadjusdis River-Sockeye","Sockeye",1978,27218,5000,NA,NA,NA,NA,NA,NA,NA,NA,NA,NA,NA,NA,NA,NA,NA,NA,NA,NA,NA,NA,NA,NA,NA,NA,NA,NA,NA,NA,NA,NA,NA,1.69444060670403,57
"9594","Kadjusdis River-Sockeye","Sockeye",1979,4553,5000,NA,NA,NA,NA,NA,NA,NA,NA,NA,NA,NA,NA,NA,NA,NA,NA,NA,NA,NA,NA,NA,NA,NA,NA,NA,NA,NA,NA,NA,NA,NA,-0.0936515560814554,57
"9595","Kadjusdis River-Sockeye","Sockeye",1980,1631,1738,NA,NA,NA,NA,NA,NA,NA,NA,NA,NA,NA,NA,NA,NA,NA,NA,NA,NA,NA,NA,NA,NA,NA,NA,NA,NA,NA,NA,NA,NA,NA,-0.0635417032043235,57
"9596","Kadjusdis River-Sockeye","Sockeye",1981,2060,320,NA,NA,NA,NA,NA,NA,NA,NA,NA,NA,NA,NA,NA,NA,NA,NA,NA,NA,NA,NA,NA,NA,NA,NA,NA,NA,NA,NA,NA,NA,NA,1.86214026598985,57
"9597","Kadjusdis River-Sockeye","Sockeye",1982,3364,3000,NA,NA,NA,NA,NA,NA,NA,NA,NA,NA,NA,NA,NA,NA,NA,NA,NA,NA,NA,NA,NA,NA,NA,NA,NA,NA,NA,NA,NA,NA,NA,0.114518453442592,57
"9598","Kadjusdis River-Sockeye","Sockeye",1983,2767,1200,NA,NA,NA,NA,NA,NA,NA,NA,NA,NA,NA,NA,NA,NA,NA,NA,NA,NA,NA,NA,NA,NA,NA,NA,NA,NA,NA,NA,NA,NA,NA,0.835442144010834,57
"9599","Kadjusdis River-Sockeye","Sockeye",1984,3088,470,NA,NA,NA,NA,NA,NA,NA,NA,NA,NA,NA,NA,NA,NA,NA,NA,NA,NA,NA,NA,NA,NA,NA,NA,NA,NA,NA,NA,NA,NA,NA,1.88254621644056,57
"9600","Kadjusdis River-Sockeye","Sockeye",1985,5860,660,NA,NA,NA,NA,NA,NA,NA,NA,NA,NA,NA,NA,NA,NA,NA,NA,NA,NA,NA,NA,NA,NA,NA,NA,NA,NA,NA,NA,NA,NA,NA,2.18366504755059,57
"9601","Kadjusdis River-Sockeye","Sockeye",2006,1011,620,NA,NA,NA,NA,NA,NA,NA,NA,NA,NA,NA,NA,NA,NA,NA,NA,NA,NA,NA,NA,NA,NA,NA,NA,NA,NA,NA,NA,NA,NA,NA,0.488975740981334,57
"9602","Keecha-Sockeye","Sockeye",1960,13955,7000,NA,NA,NA,NA,NA,NA,NA,NA,NA,NA,NA,NA,NA,NA,NA,NA,NA,NA,NA,NA,NA,NA,NA,NA,NA,NA,NA,NA,NA,NA,NA,0.689927717932972,58
"9603","Keecha-Sockeye","Sockeye",1961,6505,7000,NA,NA,NA,NA,NA,NA,NA,NA,NA,NA,NA,NA,NA,NA,NA,NA,NA,NA,NA,NA,NA,NA,NA,NA,NA,NA,NA,NA,NA,NA,NA,-0.0733390370908447,58
"9604","Keecha-Sockeye","Sockeye",1962,7699,3000,NA,NA,NA,NA,NA,NA,NA,NA,NA,NA,NA,NA,NA,NA,NA,NA,NA,NA,NA,NA,NA,NA,NA,NA,NA,NA,NA,NA,NA,NA,NA,0.942478161627803,58
"9605","Keecha-Sockeye","Sockeye",1963,6555,15000,NA,NA,NA,NA,NA,NA,NA,NA,NA,NA,NA,NA,NA,NA,NA,NA,NA,NA,NA,NA,NA,NA,NA,NA,NA,NA,NA,NA,NA,NA,NA,-0.827822083886547,58
"9606","Keecha-Sockeye","Sockeye",1964,15183,13000,NA,NA,NA,NA,NA,NA,NA,NA,NA,NA,NA,NA,NA,NA,NA,NA,NA,NA,NA,NA,NA,NA,NA,NA,NA,NA,NA,NA,NA,NA,NA,0.155227023438514,58
"9607","Keecha-Sockeye","Sockeye",1965,4124,4600,NA,NA,NA,NA,NA,NA,NA,NA,NA,NA,NA,NA,NA,NA,NA,NA,NA,NA,NA,NA,NA,NA,NA,NA,NA,NA,NA,NA,NA,NA,NA,-0.109232737340336,58
"9608","Keecha-Sockeye","Sockeye",1966,1888,7000,NA,NA,NA,NA,NA,NA,NA,NA,NA,NA,NA,NA,NA,NA,NA,NA,NA,NA,NA,NA,NA,NA,NA,NA,NA,NA,NA,NA,NA,NA,NA,-1.310392081332,58
"9609","Keecha-Sockeye","Sockeye",1967,1668,3000,NA,NA,NA,NA,NA,NA,NA,NA,NA,NA,NA,NA,NA,NA,NA,NA,NA,NA,NA,NA,NA,NA,NA,NA,NA,NA,NA,NA,NA,NA,NA,-0.586986984731555,58
"9610","Keecha-Sockeye","Sockeye",1983,4179,200,NA,NA,NA,NA,NA,NA,NA,NA,NA,NA,NA,NA,NA,NA,NA,NA,NA,NA,NA,NA,NA,NA,NA,NA,NA,NA,NA,NA,NA,NA,NA,3.03950989589988,58
"9611","Keecha-Sockeye","Sockeye",1984,12389,200,NA,NA,NA,NA,NA,NA,NA,NA,NA,NA,NA,NA,NA,NA,NA,NA,NA,NA,NA,NA,NA,NA,NA,NA,NA,NA,NA,NA,NA,NA,NA,4.1262468945677,58
"9612","Keecha-Sockeye","Sockeye",1985,6000,8000,NA,NA,NA,NA,NA,NA,NA,NA,NA,NA,NA,NA,NA,NA,NA,NA,NA,NA,NA,NA,NA,NA,NA,NA,NA,NA,NA,NA,NA,NA,NA,-0.287682072451781,58
"9613","Keecha-Sockeye","Sockeye",1986,3170,1000,NA,NA,NA,NA,NA,NA,NA,NA,NA,NA,NA,NA,NA,NA,NA,NA,NA,NA,NA,NA,NA,NA,NA,NA,NA,NA,NA,NA,NA,NA,NA,1.15373158788919,58
"9614","Keecha-Sockeye","Sockeye",1987,8594,2000,NA,NA,NA,NA,NA,NA,NA,NA,NA,NA,NA,NA,NA,NA,NA,NA,NA,NA,NA,NA,NA,NA,NA,NA,NA,NA,NA,NA,NA,NA,NA,1.45791710479286,58
"9615","Keecha-Sockeye","Sockeye",1988,8351,10000,NA,NA,NA,NA,NA,NA,NA,NA,NA,NA,NA,NA,NA,NA,NA,NA,NA,NA,NA,NA,NA,NA,NA,NA,NA,NA,NA,NA,NA,NA,NA,-0.180203800822953,58
"9616","Keecha-Sockeye","Sockeye",1993,5323,1000,NA,NA,NA,NA,NA,NA,NA,NA,NA,NA,NA,NA,NA,NA,NA,NA,NA,NA,NA,NA,NA,NA,NA,NA,NA,NA,NA,NA,NA,NA,NA,1.67203705419062,58
"9617","Keecha-Sockeye","Sockeye",1994,3830,4000,NA,NA,NA,NA,NA,NA,NA,NA,NA,NA,NA,NA,NA,NA,NA,NA,NA,NA,NA,NA,NA,NA,NA,NA,NA,NA,NA,NA,NA,NA,NA,-0.043429557927336,58
"9618","Keecha-Sockeye","Sockeye",1999,10278,8000,NA,NA,NA,NA,NA,NA,NA,NA,NA,NA,NA,NA,NA,NA,NA,NA,NA,NA,NA,NA,NA,NA,NA,NA,NA,NA,NA,NA,NA,NA,NA,0.250564146890202,58
"9619","Keecha-Sockeye","Sockeye",2000,7678,2000,NA,NA,NA,NA,NA,NA,NA,NA,NA,NA,NA,NA,NA,NA,NA,NA,NA,NA,NA,NA,NA,NA,NA,NA,NA,NA,NA,NA,NA,NA,NA,1.34521191601866,58
"9620","Keecha-Sockeye","Sockeye",2001,4966,4000,NA,NA,NA,NA,NA,NA,NA,NA,NA,NA,NA,NA,NA,NA,NA,NA,NA,NA,NA,NA,NA,NA,NA,NA,NA,NA,NA,NA,NA,NA,NA,0.216320325966084,58
"9621","Koeye-Sockeye","Sockeye",1954,9424,3000,NA,NA,NA,NA,NA,NA,NA,NA,NA,NA,NA,NA,NA,NA,NA,NA,NA,NA,NA,NA,NA,NA,NA,NA,NA,NA,NA,NA,NA,NA,NA,1.14464733824112,59
"9622","Koeye-Sockeye","Sockeye",1955,8083,4000,NA,NA,NA,NA,NA,NA,NA,NA,NA,NA,NA,NA,NA,NA,NA,NA,NA,NA,NA,NA,NA,NA,NA,NA,NA,NA,NA,NA,NA,NA,NA,0.703468729631817,59
"9623","Koeye-Sockeye","Sockeye",1960,4984,3000,NA,NA,NA,NA,NA,NA,NA,NA,NA,NA,NA,NA,NA,NA,NA,NA,NA,NA,NA,NA,NA,NA,NA,NA,NA,NA,NA,NA,NA,NA,NA,0.507620492817042,59
"9624","Koeye-Sockeye","Sockeye",1961,4457,1500,NA,NA,NA,NA,NA,NA,NA,NA,NA,NA,NA,NA,NA,NA,NA,NA,NA,NA,NA,NA,NA,NA,NA,NA,NA,NA,NA,NA,NA,NA,NA,1.08901078585625,59
"9625","Koeye-Sockeye","Sockeye",1964,9902,1500,NA,NA,NA,NA,NA,NA,NA,NA,NA,NA,NA,NA,NA,NA,NA,NA,NA,NA,NA,NA,NA,NA,NA,NA,NA,NA,NA,NA,NA,NA,NA,1.88727164883107,59
"9626","Koeye-Sockeye","Sockeye",1965,4780,1500,NA,NA,NA,NA,NA,NA,NA,NA,NA,NA,NA,NA,NA,NA,NA,NA,NA,NA,NA,NA,NA,NA,NA,NA,NA,NA,NA,NA,NA,NA,NA,1.1589754383952,59
"9627","Koeye-Sockeye","Sockeye",1966,7221,1500,NA,NA,NA,NA,NA,NA,NA,NA,NA,NA,NA,NA,NA,NA,NA,NA,NA,NA,NA,NA,NA,NA,NA,NA,NA,NA,NA,NA,NA,NA,NA,1.57152833936088,59
"9628","Koeye-Sockeye","Sockeye",1967,10645,3000,NA,NA,NA,NA,NA,NA,NA,NA,NA,NA,NA,NA,NA,NA,NA,NA,NA,NA,NA,NA,NA,NA,NA,NA,NA,NA,NA,NA,NA,NA,NA,1.26647800967733,59
"9629","Koeye-Sockeye","Sockeye",1968,11847,1500,NA,NA,NA,NA,NA,NA,NA,NA,NA,NA,NA,NA,NA,NA,NA,NA,NA,NA,NA,NA,NA,NA,NA,NA,NA,NA,NA,NA,NA,NA,NA,2.06660956286446,59
"9630","Koeye-Sockeye","Sockeye",1969,10722,1500,NA,NA,NA,NA,NA,NA,NA,NA,NA,NA,NA,NA,NA,NA,NA,NA,NA,NA,NA,NA,NA,NA,NA,NA,NA,NA,NA,NA,NA,NA,NA,1.96683259729718,59
"9631","Koeye-Sockeye","Sockeye",1970,11815,3000,NA,NA,NA,NA,NA,NA,NA,NA,NA,NA,NA,NA,NA,NA,NA,NA,NA,NA,NA,NA,NA,NA,NA,NA,NA,NA,NA,NA,NA,NA,NA,1.37075762197076,59
"9632","Koeye-Sockeye","Sockeye",1971,24679,7000,NA,NA,NA,NA,NA,NA,NA,NA,NA,NA,NA,NA,NA,NA,NA,NA,NA,NA,NA,NA,NA,NA,NA,NA,NA,NA,NA,NA,NA,NA,NA,1.2600425305224,59
"9633","Koeye-Sockeye","Sockeye",1972,36218,7000,NA,NA,NA,NA,NA,NA,NA,NA,NA,NA,NA,NA,NA,NA,NA,NA,NA,NA,NA,NA,NA,NA,NA,NA,NA,NA,NA,NA,NA,NA,NA,1.64364608376384,59
"9634","Koeye-Sockeye","Sockeye",1973,15846,6000,NA,NA,NA,NA,NA,NA,NA,NA,NA,NA,NA,NA,NA,NA,NA,NA,NA,NA,NA,NA,NA,NA,NA,NA,NA,NA,NA,NA,NA,NA,NA,0.971157633314995,59
"9635","Koeye-Sockeye","Sockeye",1974,24984,5000,NA,NA,NA,NA,NA,NA,NA,NA,NA,NA,NA,NA,NA,NA,NA,NA,NA,NA,NA,NA,NA,NA,NA,NA,NA,NA,NA,NA,NA,NA,NA,1.60879770754668,59
"9636","Koeye-Sockeye","Sockeye",1975,58854,7000,NA,NA,NA,NA,NA,NA,NA,NA,NA,NA,NA,NA,NA,NA,NA,NA,NA,NA,NA,NA,NA,NA,NA,NA,NA,NA,NA,NA,NA,NA,NA,2.12914965175492,59
"9637","Koeye-Sockeye","Sockeye",1976,26735,18000,NA,NA,NA,NA,NA,NA,NA,NA,NA,NA,NA,NA,NA,NA,NA,NA,NA,NA,NA,NA,NA,NA,NA,NA,NA,NA,NA,NA,NA,NA,NA,0.39560181050453,59
"9638","Koeye-Sockeye","Sockeye",1980,5562,5000,NA,NA,NA,NA,NA,NA,NA,NA,NA,NA,NA,NA,NA,NA,NA,NA,NA,NA,NA,NA,NA,NA,NA,NA,NA,NA,NA,NA,NA,NA,NA,0.106519843377673,59
"9639","Koeye-Sockeye","Sockeye",1981,9443,10000,NA,NA,NA,NA,NA,NA,NA,NA,NA,NA,NA,NA,NA,NA,NA,NA,NA,NA,NA,NA,NA,NA,NA,NA,NA,NA,NA,NA,NA,NA,NA,-0.0573113667131135,59
"9640","Koeye-Sockeye","Sockeye",1982,15713,4000,NA,NA,NA,NA,NA,NA,NA,NA,NA,NA,NA,NA,NA,NA,NA,NA,NA,NA,NA,NA,NA,NA,NA,NA,NA,NA,NA,NA,NA,NA,NA,1.3681940340881,59
"9641","Koeye-Sockeye","Sockeye",1987,1678,5000,NA,NA,NA,NA,NA,NA,NA,NA,NA,NA,NA,NA,NA,NA,NA,NA,NA,NA,NA,NA,NA,NA,NA,NA,NA,NA,NA,NA,NA,NA,NA,-1.09183530438909,59
"9642","Koeye-Sockeye","Sockeye",1988,2028,5000,NA,NA,NA,NA,NA,NA,NA,NA,NA,NA,NA,NA,NA,NA,NA,NA,NA,NA,NA,NA,NA,NA,NA,NA,NA,NA,NA,NA,NA,NA,NA,-0.902387826705164,59
"9643","Koeye-Sockeye","Sockeye",1996,2179,600,NA,NA,NA,NA,NA,NA,NA,NA,NA,NA,NA,NA,NA,NA,NA,NA,NA,NA,NA,NA,NA,NA,NA,NA,NA,NA,NA,NA,NA,NA,NA,1.28969167972847,59
"9644","Koeye-Sockeye","Sockeye",1999,4837,2400,NA,NA,NA,NA,NA,NA,NA,NA,NA,NA,NA,NA,NA,NA,NA,NA,NA,NA,NA,NA,NA,NA,NA,NA,NA,NA,NA,NA,NA,NA,NA,0.700825956486946,59
"9645","Koeye-Sockeye","Sockeye",2000,3846,2000,NA,NA,NA,NA,NA,NA,NA,NA,NA,NA,NA,NA,NA,NA,NA,NA,NA,NA,NA,NA,NA,NA,NA,NA,NA,NA,NA,NA,NA,NA,NA,0.653886466606643,59
"9646","Koeye-Sockeye","Sockeye",2009,9718,3400,NA,NA,NA,NA,NA,NA,NA,NA,NA,NA,NA,NA,NA,NA,NA,NA,NA,NA,NA,NA,NA,NA,NA,NA,NA,NA,NA,NA,NA,NA,NA,1.0502044043616,59
"9647","Koeye-Sockeye","Sockeye",2012,20392,17676,NA,NA,NA,NA,NA,NA,NA,NA,NA,NA,NA,NA,NA,NA,NA,NA,NA,NA,NA,NA,NA,NA,NA,NA,NA,NA,NA,NA,NA,NA,NA,0.142934879805321,59
"9648","Koeye-Sockeye","Sockeye",2013,17326,7252,NA,NA,NA,NA,NA,NA,NA,NA,NA,NA,NA,NA,NA,NA,NA,NA,NA,NA,NA,NA,NA,NA,NA,NA,NA,NA,NA,NA,NA,NA,NA,0.870930970575344,59
"9649","Koeye-Sockeye","Sockeye",2014,13765,9072,NA,NA,NA,NA,NA,NA,NA,NA,NA,NA,NA,NA,NA,NA,NA,NA,NA,NA,NA,NA,NA,NA,NA,NA,NA,NA,NA,NA,NA,NA,NA,0.416936391609174,59
"9650","Koeye-Sockeye","Sockeye",2015,13565,13232,NA,NA,NA,NA,NA,NA,NA,NA,NA,NA,NA,NA,NA,NA,NA,NA,NA,NA,NA,NA,NA,NA,NA,NA,NA,NA,NA,NA,NA,NA,NA,0.0248548078295596,59
"9651","Kooryet-Sockeye","Sockeye",1960,9806,7000,NA,NA,NA,NA,NA,NA,NA,NA,NA,NA,NA,NA,NA,NA,NA,NA,NA,NA,NA,NA,NA,NA,NA,NA,NA,NA,NA,NA,NA,NA,NA,0.337084294173728,60
"9652","Kooryet-Sockeye","Sockeye",1961,8258,7000,NA,NA,NA,NA,NA,NA,NA,NA,NA,NA,NA,NA,NA,NA,NA,NA,NA,NA,NA,NA,NA,NA,NA,NA,NA,NA,NA,NA,NA,NA,NA,0.165272278408585,60
"9653","Kooryet-Sockeye","Sockeye",1962,8709,7000,NA,NA,NA,NA,NA,NA,NA,NA,NA,NA,NA,NA,NA,NA,NA,NA,NA,NA,NA,NA,NA,NA,NA,NA,NA,NA,NA,NA,NA,NA,NA,0.218446824655289,60
"9654","Kooryet-Sockeye","Sockeye",1963,10508,30000,NA,NA,NA,NA,NA,NA,NA,NA,NA,NA,NA,NA,NA,NA,NA,NA,NA,NA,NA,NA,NA,NA,NA,NA,NA,NA,NA,NA,NA,NA,NA,-1.04906050983886,60
"9655","Kooryet-Sockeye","Sockeye",1964,15477,7000,NA,NA,NA,NA,NA,NA,NA,NA,NA,NA,NA,NA,NA,NA,NA,NA,NA,NA,NA,NA,NA,NA,NA,NA,NA,NA,NA,NA,NA,NA,NA,0.793444901875309,60
"9656","Kooryet-Sockeye","Sockeye",1965,3986,7000,NA,NA,NA,NA,NA,NA,NA,NA,NA,NA,NA,NA,NA,NA,NA,NA,NA,NA,NA,NA,NA,NA,NA,NA,NA,NA,NA,NA,NA,NA,NA,-0.56312192726471,60
"9657","Kooryet-Sockeye","Sockeye",1966,1545,7000,NA,NA,NA,NA,NA,NA,NA,NA,NA,NA,NA,NA,NA,NA,NA,NA,NA,NA,NA,NA,NA,NA,NA,NA,NA,NA,NA,NA,NA,NA,NA,-1.5108862387056,60
"9658","Kooryet-Sockeye","Sockeye",1967,3164,7000,NA,NA,NA,NA,NA,NA,NA,NA,NA,NA,NA,NA,NA,NA,NA,NA,NA,NA,NA,NA,NA,NA,NA,NA,NA,NA,NA,NA,NA,NA,NA,-0.794073099149906,60
"9659","Kooryet-Sockeye","Sockeye",1968,2240,15000,NA,NA,NA,NA,NA,NA,NA,NA,NA,NA,NA,NA,NA,NA,NA,NA,NA,NA,NA,NA,NA,NA,NA,NA,NA,NA,NA,NA,NA,NA,NA,-1.90157433523526,60
"9660","Kooryet-Sockeye","Sockeye",1980,2005,1000,NA,NA,NA,NA,NA,NA,NA,NA,NA,NA,NA,NA,NA,NA,NA,NA,NA,NA,NA,NA,NA,NA,NA,NA,NA,NA,NA,NA,NA,NA,NA,0.695644060758532,60
"9661","Kooryet-Sockeye","Sockeye",1981,5173,1400,NA,NA,NA,NA,NA,NA,NA,NA,NA,NA,NA,NA,NA,NA,NA,NA,NA,NA,NA,NA,NA,NA,NA,NA,NA,NA,NA,NA,NA,NA,NA,1.30698055440017,60
"9662","Kooryet-Sockeye","Sockeye",1983,9934,1000,NA,NA,NA,NA,NA,NA,NA,NA,NA,NA,NA,NA,NA,NA,NA,NA,NA,NA,NA,NA,NA,NA,NA,NA,NA,NA,NA,NA,NA,NA,NA,2.29596321668516,60
"9663","Kooryet-Sockeye","Sockeye",1984,11640,1000,NA,NA,NA,NA,NA,NA,NA,NA,NA,NA,NA,NA,NA,NA,NA,NA,NA,NA,NA,NA,NA,NA,NA,NA,NA,NA,NA,NA,NA,NA,NA,2.45444744230329,60
"9664","Kooryet-Sockeye","Sockeye",1985,4294,5000,NA,NA,NA,NA,NA,NA,NA,NA,NA,NA,NA,NA,NA,NA,NA,NA,NA,NA,NA,NA,NA,NA,NA,NA,NA,NA,NA,NA,NA,NA,NA,-0.152219212977511,60
"9665","Kooryet-Sockeye","Sockeye",1986,1797,1000,NA,NA,NA,NA,NA,NA,NA,NA,NA,NA,NA,NA,NA,NA,NA,NA,NA,NA,NA,NA,NA,NA,NA,NA,NA,NA,NA,NA,NA,NA,NA,0.586118607801422,60
"9666","Kooryet-Sockeye","Sockeye",1987,8183,9000,NA,NA,NA,NA,NA,NA,NA,NA,NA,NA,NA,NA,NA,NA,NA,NA,NA,NA,NA,NA,NA,NA,NA,NA,NA,NA,NA,NA,NA,NA,NA,-0.0951657457909747,60
"9667","Kooryet-Sockeye","Sockeye",1988,6881,9200,NA,NA,NA,NA,NA,NA,NA,NA,NA,NA,NA,NA,NA,NA,NA,NA,NA,NA,NA,NA,NA,NA,NA,NA,NA,NA,NA,NA,NA,NA,NA,-0.290439493834652,60
"9668","Kooryet-Sockeye","Sockeye",1993,7119,1000,NA,NA,NA,NA,NA,NA,NA,NA,NA,NA,NA,NA,NA,NA,NA,NA,NA,NA,NA,NA,NA,NA,NA,NA,NA,NA,NA,NA,NA,NA,NA,1.96276726612174,60
"9669","Kooryet-Sockeye","Sockeye",1994,3417,2400,NA,NA,NA,NA,NA,NA,NA,NA,NA,NA,NA,NA,NA,NA,NA,NA,NA,NA,NA,NA,NA,NA,NA,NA,NA,NA,NA,NA,NA,NA,NA,0.353294235779255,60
"9670","Lowe-Simpson-Weir-Sockeye","Sockeye",1960,16010,2400,NA,NA,NA,NA,NA,NA,NA,NA,NA,NA,NA,NA,NA,NA,NA,NA,NA,NA,NA,NA,NA,NA,NA,NA,NA,NA,NA,NA,NA,NA,NA,1.89774478965472,61
"9671","Lowe-Simpson-Weir-Sockeye","Sockeye",1961,28889,15000,NA,NA,NA,NA,NA,NA,NA,NA,NA,NA,NA,NA,NA,NA,NA,NA,NA,NA,NA,NA,NA,NA,NA,NA,NA,NA,NA,NA,NA,NA,NA,0.655410698723548,61
"9672","Lowe-Simpson-Weir-Sockeye","Sockeye",1962,70020,7000,NA,NA,NA,NA,NA,NA,NA,NA,NA,NA,NA,NA,NA,NA,NA,NA,NA,NA,NA,NA,NA,NA,NA,NA,NA,NA,NA,NA,NA,NA,NA,2.30287076647121,61
"9673","Lowe-Simpson-Weir-Sockeye","Sockeye",1963,15028,30000,NA,NA,NA,NA,NA,NA,NA,NA,NA,NA,NA,NA,NA,NA,NA,NA,NA,NA,NA,NA,NA,NA,NA,NA,NA,NA,NA,NA,NA,NA,NA,-0.691282253950433,61
"9674","Lowe-Simpson-Weir-Sockeye","Sockeye",1964,16268,12000,NA,NA,NA,NA,NA,NA,NA,NA,NA,NA,NA,NA,NA,NA,NA,NA,NA,NA,NA,NA,NA,NA,NA,NA,NA,NA,NA,NA,NA,NA,NA,0.304293338256978,61
"9675","Lowe-Simpson-Weir-Sockeye","Sockeye",1965,8890,15000,NA,NA,NA,NA,NA,NA,NA,NA,NA,NA,NA,NA,NA,NA,NA,NA,NA,NA,NA,NA,NA,NA,NA,NA,NA,NA,NA,NA,NA,NA,NA,-0.523123151576397,61
"9676","Lowe-Simpson-Weir-Sockeye","Sockeye",1966,8331,70000,NA,NA,NA,NA,NA,NA,NA,NA,NA,NA,NA,NA,NA,NA,NA,NA,NA,NA,NA,NA,NA,NA,NA,NA,NA,NA,NA,NA,NA,NA,NA,-2.12851174505659,61
"9677","Lowe-Simpson-Weir-Sockeye","Sockeye",1967,9250,7000,NA,NA,NA,NA,NA,NA,NA,NA,NA,NA,NA,NA,NA,NA,NA,NA,NA,NA,NA,NA,NA,NA,NA,NA,NA,NA,NA,NA,NA,NA,NA,0.27871340246902,61
"9678","Lowe-Simpson-Weir-Sockeye","Sockeye",1968,13109,15000,NA,NA,NA,NA,NA,NA,NA,NA,NA,NA,NA,NA,NA,NA,NA,NA,NA,NA,NA,NA,NA,NA,NA,NA,NA,NA,NA,NA,NA,NA,NA,-0.134751183886538,61
"9679","Lowe-Simpson-Weir-Sockeye","Sockeye",1969,15175,7000,NA,NA,NA,NA,NA,NA,NA,NA,NA,NA,NA,NA,NA,NA,NA,NA,NA,NA,NA,NA,NA,NA,NA,NA,NA,NA,NA,NA,NA,NA,NA,0.773739187890249,61
"9680","Lowe-Simpson-Weir-Sockeye","Sockeye",1973,6910,11000,NA,NA,NA,NA,NA,NA,NA,NA,NA,NA,NA,NA,NA,NA,NA,NA,NA,NA,NA,NA,NA,NA,NA,NA,NA,NA,NA,NA,NA,NA,NA,-0.464925635018792,61
"9681","Lowe-Simpson-Weir-Sockeye","Sockeye",1974,6556,18000,NA,NA,NA,NA,NA,NA,NA,NA,NA,NA,NA,NA,NA,NA,NA,NA,NA,NA,NA,NA,NA,NA,NA,NA,NA,NA,NA,NA,NA,NA,NA,-1.00999109701458,61
"9682","Lowe-Simpson-Weir-Sockeye","Sockeye",1975,3125,70000,NA,NA,NA,NA,NA,NA,NA,NA,NA,NA,NA,NA,NA,NA,NA,NA,NA,NA,NA,NA,NA,NA,NA,NA,NA,NA,NA,NA,NA,NA,NA,-3.10906095886099,61
"9683","Lowe-Simpson-Weir-Sockeye","Sockeye",1977,2968,6000,NA,NA,NA,NA,NA,NA,NA,NA,NA,NA,NA,NA,NA,NA,NA,NA,NA,NA,NA,NA,NA,NA,NA,NA,NA,NA,NA,NA,NA,NA,NA,-0.703871143922921,61
"9684","Lowe-Simpson-Weir-Sockeye","Sockeye",1978,4918,6000,NA,NA,NA,NA,NA,NA,NA,NA,NA,NA,NA,NA,NA,NA,NA,NA,NA,NA,NA,NA,NA,NA,NA,NA,NA,NA,NA,NA,NA,NA,NA,-0.198857525434054,61
"9685","Lowe-Simpson-Weir-Sockeye","Sockeye",1979,6633,2000,NA,NA,NA,NA,NA,NA,NA,NA,NA,NA,NA,NA,NA,NA,NA,NA,NA,NA,NA,NA,NA,NA,NA,NA,NA,NA,NA,NA,NA,NA,NA,1.19891000998347,61
"9686","Lowe-Simpson-Weir-Sockeye","Sockeye",1980,9967,4000,NA,NA,NA,NA,NA,NA,NA,NA,NA,NA,NA,NA,NA,NA,NA,NA,NA,NA,NA,NA,NA,NA,NA,NA,NA,NA,NA,NA,NA,NA,NA,0.912985274865429,61
"9687","Lowe-Simpson-Weir-Sockeye","Sockeye",1981,17570,2000,NA,NA,NA,NA,NA,NA,NA,NA,NA,NA,NA,NA,NA,NA,NA,NA,NA,NA,NA,NA,NA,NA,NA,NA,NA,NA,NA,NA,NA,NA,NA,2.17304572163906,61
"9688","Lowe-Simpson-Weir-Sockeye","Sockeye",1982,8835,4000,NA,NA,NA,NA,NA,NA,NA,NA,NA,NA,NA,NA,NA,NA,NA,NA,NA,NA,NA,NA,NA,NA,NA,NA,NA,NA,NA,NA,NA,NA,NA,0.792426744651769,61
"9689","Lowe-Simpson-Weir-Sockeye","Sockeye",1983,7274,6000,NA,NA,NA,NA,NA,NA,NA,NA,NA,NA,NA,NA,NA,NA,NA,NA,NA,NA,NA,NA,NA,NA,NA,NA,NA,NA,NA,NA,NA,NA,NA,0.192546877336742,61
"9690","Lowe-Simpson-Weir-Sockeye","Sockeye",1984,9697,7000,NA,NA,NA,NA,NA,NA,NA,NA,NA,NA,NA,NA,NA,NA,NA,NA,NA,NA,NA,NA,NA,NA,NA,NA,NA,NA,NA,NA,NA,NA,NA,0.325906410267096,61
"9691","Lowe-Simpson-Weir-Sockeye","Sockeye",1985,8076,16000,NA,NA,NA,NA,NA,NA,NA,NA,NA,NA,NA,NA,NA,NA,NA,NA,NA,NA,NA,NA,NA,NA,NA,NA,NA,NA,NA,NA,NA,NA,NA,-0.68369202178919,61
"9692","Lowe-Simpson-Weir-Sockeye","Sockeye",1986,4509,7000,NA,NA,NA,NA,NA,NA,NA,NA,NA,NA,NA,NA,NA,NA,NA,NA,NA,NA,NA,NA,NA,NA,NA,NA,NA,NA,NA,NA,NA,NA,NA,-0.439834749616366,61
"9693","Lowe-Simpson-Weir-Sockeye","Sockeye",1987,5069,6000,NA,NA,NA,NA,NA,NA,NA,NA,NA,NA,NA,NA,NA,NA,NA,NA,NA,NA,NA,NA,NA,NA,NA,NA,NA,NA,NA,NA,NA,NA,NA,-0.168615909737843,61
"9694","Lowe-Simpson-Weir-Sockeye","Sockeye",1991,7311,4400,NA,NA,NA,NA,NA,NA,NA,NA,NA,NA,NA,NA,NA,NA,NA,NA,NA,NA,NA,NA,NA,NA,NA,NA,NA,NA,NA,NA,NA,NA,NA,0.507775522386963,61
"9695","Lowe-Simpson-Weir-Sockeye","Sockeye",1995,1397,5000,NA,NA,NA,NA,NA,NA,NA,NA,NA,NA,NA,NA,NA,NA,NA,NA,NA,NA,NA,NA,NA,NA,NA,NA,NA,NA,NA,NA,NA,NA,NA,-1.27511083215928,61
"9696","Mary Cove Creek-Sockeye","Sockeye",1954,8723,3000,NA,NA,NA,NA,NA,NA,NA,NA,NA,NA,NA,NA,NA,NA,NA,NA,NA,NA,NA,NA,NA,NA,NA,NA,NA,NA,NA,NA,NA,NA,NA,1.06735092678297,62
"9697","Mary Cove Creek-Sockeye","Sockeye",1955,2487,1500,NA,NA,NA,NA,NA,NA,NA,NA,NA,NA,NA,NA,NA,NA,NA,NA,NA,NA,NA,NA,NA,NA,NA,NA,NA,NA,NA,NA,NA,NA,NA,0.505612056713103,62
"9698","Mary Cove Creek-Sockeye","Sockeye",1956,2523,1500,NA,NA,NA,NA,NA,NA,NA,NA,NA,NA,NA,NA,NA,NA,NA,NA,NA,NA,NA,NA,NA,NA,NA,NA,NA,NA,NA,NA,NA,NA,NA,0.519983561550756,62
"9699","Mary Cove Creek-Sockeye","Sockeye",1957,4869,3000,NA,NA,NA,NA,NA,NA,NA,NA,NA,NA,NA,NA,NA,NA,NA,NA,NA,NA,NA,NA,NA,NA,NA,NA,NA,NA,NA,NA,NA,NA,NA,0.484276288532454,62
"9700","Mary Cove Creek-Sockeye","Sockeye",1958,8795,7000,NA,NA,NA,NA,NA,NA,NA,NA,NA,NA,NA,NA,NA,NA,NA,NA,NA,NA,NA,NA,NA,NA,NA,NA,NA,NA,NA,NA,NA,NA,NA,0.228273229134208,62
"9701","Mary Cove Creek-Sockeye","Sockeye",1959,2524,1500,NA,NA,NA,NA,NA,NA,NA,NA,NA,NA,NA,NA,NA,NA,NA,NA,NA,NA,NA,NA,NA,NA,NA,NA,NA,NA,NA,NA,NA,NA,NA,0.520379836570802,62
"9702","Mary Cove Creek-Sockeye","Sockeye",1960,5436,1500,NA,NA,NA,NA,NA,NA,NA,NA,NA,NA,NA,NA,NA,NA,NA,NA,NA,NA,NA,NA,NA,NA,NA,NA,NA,NA,NA,NA,NA,NA,NA,1.28757838818073,62
"9703","Mary Cove Creek-Sockeye","Sockeye",1961,26265,800,NA,NA,NA,NA,NA,NA,NA,NA,NA,NA,NA,NA,NA,NA,NA,NA,NA,NA,NA,NA,NA,NA,NA,NA,NA,NA,NA,NA,NA,NA,NA,3.49138080572013,62
"9704","Mary Cove Creek-Sockeye","Sockeye",1962,49538,7000,NA,NA,NA,NA,NA,NA,NA,NA,NA,NA,NA,NA,NA,NA,NA,NA,NA,NA,NA,NA,NA,NA,NA,NA,NA,NA,NA,NA,NA,NA,NA,1.95682990277392,62
"9705","Mary Cove Creek-Sockeye","Sockeye",1963,13872,800,NA,NA,NA,NA,NA,NA,NA,NA,NA,NA,NA,NA,NA,NA,NA,NA,NA,NA,NA,NA,NA,NA,NA,NA,NA,NA,NA,NA,NA,NA,NA,2.8530159713524,62
"9706","Mary Cove Creek-Sockeye","Sockeye",1964,6742,1500,NA,NA,NA,NA,NA,NA,NA,NA,NA,NA,NA,NA,NA,NA,NA,NA,NA,NA,NA,NA,NA,NA,NA,NA,NA,NA,NA,NA,NA,NA,NA,1.5028915087037,62
"9707","Mary Cove Creek-Sockeye","Sockeye",1965,4837,1500,NA,NA,NA,NA,NA,NA,NA,NA,NA,NA,NA,NA,NA,NA,NA,NA,NA,NA,NA,NA,NA,NA,NA,NA,NA,NA,NA,NA,NA,NA,NA,1.17082958573268,62
"9708","Mary Cove Creek-Sockeye","Sockeye",1966,7918,44000,NA,NA,NA,NA,NA,NA,NA,NA,NA,NA,NA,NA,NA,NA,NA,NA,NA,NA,NA,NA,NA,NA,NA,NA,NA,NA,NA,NA,NA,NA,NA,-1.71505098523432,62
"9709","Mary Cove Creek-Sockeye","Sockeye",1967,11303,7000,NA,NA,NA,NA,NA,NA,NA,NA,NA,NA,NA,NA,NA,NA,NA,NA,NA,NA,NA,NA,NA,NA,NA,NA,NA,NA,NA,NA,NA,NA,NA,0.479158028153281,62
"9710","Mary Cove Creek-Sockeye","Sockeye",1968,14572,3000,NA,NA,NA,NA,NA,NA,NA,NA,NA,NA,NA,NA,NA,NA,NA,NA,NA,NA,NA,NA,NA,NA,NA,NA,NA,NA,NA,NA,NA,NA,NA,1.58048959047821,62
"9711","Mary Cove Creek-Sockeye","Sockeye",1969,8964,2000,NA,NA,NA,NA,NA,NA,NA,NA,NA,NA,NA,NA,NA,NA,NA,NA,NA,NA,NA,NA,NA,NA,NA,NA,NA,NA,NA,NA,NA,NA,NA,1.50006937537874,62
"9712","Mary Cove Creek-Sockeye","Sockeye",1970,8226,2000,NA,NA,NA,NA,NA,NA,NA,NA,NA,NA,NA,NA,NA,NA,NA,NA,NA,NA,NA,NA,NA,NA,NA,NA,NA,NA,NA,NA,NA,NA,NA,1.41415268924829,62
"9713","Mary Cove Creek-Sockeye","Sockeye",1971,3540,4000,NA,NA,NA,NA,NA,NA,NA,NA,NA,NA,NA,NA,NA,NA,NA,NA,NA,NA,NA,NA,NA,NA,NA,NA,NA,NA,NA,NA,NA,NA,NA,-0.122167633974208,62
"9714","Mary Cove Creek-Sockeye","Sockeye",1972,4324,4000,NA,NA,NA,NA,NA,NA,NA,NA,NA,NA,NA,NA,NA,NA,NA,NA,NA,NA,NA,NA,NA,NA,NA,NA,NA,NA,NA,NA,NA,NA,NA,0.0778865386570712,62
"9715","Mary Cove Creek-Sockeye","Sockeye",1973,7940,3000,NA,NA,NA,NA,NA,NA,NA,NA,NA,NA,NA,NA,NA,NA,NA,NA,NA,NA,NA,NA,NA,NA,NA,NA,NA,NA,NA,NA,NA,NA,NA,0.973300986590935,62
"9716","Mary Cove Creek-Sockeye","Sockeye",1974,6149,1600,NA,NA,NA,NA,NA,NA,NA,NA,NA,NA,NA,NA,NA,NA,NA,NA,NA,NA,NA,NA,NA,NA,NA,NA,NA,NA,NA,NA,NA,NA,NA,1.3462858377256,62
"9717","Mary Cove Creek-Sockeye","Sockeye",1975,2607,1200,NA,NA,NA,NA,NA,NA,NA,NA,NA,NA,NA,NA,NA,NA,NA,NA,NA,NA,NA,NA,NA,NA,NA,NA,NA,NA,NA,NA,NA,NA,NA,0.77587857815741,62
"9718","Mary Cove Creek-Sockeye","Sockeye",1980,946,200,NA,NA,NA,NA,NA,NA,NA,NA,NA,NA,NA,NA,NA,NA,NA,NA,NA,NA,NA,NA,NA,NA,NA,NA,NA,NA,NA,NA,NA,NA,NA,1.55392520250384,62
"9719","Mary Cove Creek-Sockeye","Sockeye",1981,788,1000,NA,NA,NA,NA,NA,NA,NA,NA,NA,NA,NA,NA,NA,NA,NA,NA,NA,NA,NA,NA,NA,NA,NA,NA,NA,NA,NA,NA,NA,NA,NA,-0.238257189124258,62
"9720","Mary Cove Creek-Sockeye","Sockeye",1987,254,140,NA,NA,NA,NA,NA,NA,NA,NA,NA,NA,NA,NA,NA,NA,NA,NA,NA,NA,NA,NA,NA,NA,NA,NA,NA,NA,NA,NA,NA,NA,NA,0.595691844409232,62
"9721","Mary Cove Creek-Sockeye","Sockeye",1988,372,300,NA,NA,NA,NA,NA,NA,NA,NA,NA,NA,NA,NA,NA,NA,NA,NA,NA,NA,NA,NA,NA,NA,NA,NA,NA,NA,NA,NA,NA,NA,NA,0.215111379616945,62
"9722","Mary Cove Creek-Sockeye","Sockeye",1989,570,300,NA,NA,NA,NA,NA,NA,NA,NA,NA,NA,NA,NA,NA,NA,NA,NA,NA,NA,NA,NA,NA,NA,NA,NA,NA,NA,NA,NA,NA,NA,NA,0.641853886172395,62
"9723","Mary Cove Creek-Sockeye","Sockeye",1991,443,66,NA,NA,NA,NA,NA,NA,NA,NA,NA,NA,NA,NA,NA,NA,NA,NA,NA,NA,NA,NA,NA,NA,NA,NA,NA,NA,NA,NA,NA,NA,NA,1.90391502801871,62
"9724","Mary Cove Creek-Sockeye","Sockeye",1992,718,160,NA,NA,NA,NA,NA,NA,NA,NA,NA,NA,NA,NA,NA,NA,NA,NA,NA,NA,NA,NA,NA,NA,NA,NA,NA,NA,NA,NA,NA,NA,NA,1.5012957538144,62
"9725","Mary Cove Creek-Sockeye","Sockeye",1993,791,210,NA,NA,NA,NA,NA,NA,NA,NA,NA,NA,NA,NA,NA,NA,NA,NA,NA,NA,NA,NA,NA,NA,NA,NA,NA,NA,NA,NA,NA,NA,NA,1.32619043705019,62
"9726","Mary Cove Creek-Sockeye","Sockeye",1994,550,360,NA,NA,NA,NA,NA,NA,NA,NA,NA,NA,NA,NA,NA,NA,NA,NA,NA,NA,NA,NA,NA,NA,NA,NA,NA,NA,NA,NA,NA,NA,NA,0.423814246776361,62
"9727","Mary Cove Creek-Sockeye","Sockeye",1995,1286,200,NA,NA,NA,NA,NA,NA,NA,NA,NA,NA,NA,NA,NA,NA,NA,NA,NA,NA,NA,NA,NA,NA,NA,NA,NA,NA,NA,NA,NA,NA,NA,1.86097453824953,62
"9728","Mary Cove Creek-Sockeye","Sockeye",1996,869,550,NA,NA,NA,NA,NA,NA,NA,NA,NA,NA,NA,NA,NA,NA,NA,NA,NA,NA,NA,NA,NA,NA,NA,NA,NA,NA,NA,NA,NA,NA,NA,0.457424847038875,62
"9729","Mikado-Sockeye","Sockeye",1960,8064,7000,NA,NA,NA,NA,NA,NA,NA,NA,NA,NA,NA,NA,NA,NA,NA,NA,NA,NA,NA,NA,NA,NA,NA,NA,NA,NA,NA,NA,NA,NA,NA,0.141499562273699,63
"9730","Mikado-Sockeye","Sockeye",1961,8258,3000,NA,NA,NA,NA,NA,NA,NA,NA,NA,NA,NA,NA,NA,NA,NA,NA,NA,NA,NA,NA,NA,NA,NA,NA,NA,NA,NA,NA,NA,NA,NA,1.01257013879579,63
"9731","Mikado-Sockeye","Sockeye",1962,7860,3000,NA,NA,NA,NA,NA,NA,NA,NA,NA,NA,NA,NA,NA,NA,NA,NA,NA,NA,NA,NA,NA,NA,NA,NA,NA,NA,NA,NA,NA,NA,NA,0.963174317773006,63
"9732","Mikado-Sockeye","Sockeye",1963,4908,3000,NA,NA,NA,NA,NA,NA,NA,NA,NA,NA,NA,NA,NA,NA,NA,NA,NA,NA,NA,NA,NA,NA,NA,NA,NA,NA,NA,NA,NA,NA,NA,0.492254238180555,63
"9733","Mikado-Sockeye","Sockeye",1964,7519,7000,NA,NA,NA,NA,NA,NA,NA,NA,NA,NA,NA,NA,NA,NA,NA,NA,NA,NA,NA,NA,NA,NA,NA,NA,NA,NA,NA,NA,NA,NA,NA,0.0715230013405765,63
"9734","Mikado-Sockeye","Sockeye",1965,3851,7000,NA,NA,NA,NA,NA,NA,NA,NA,NA,NA,NA,NA,NA,NA,NA,NA,NA,NA,NA,NA,NA,NA,NA,NA,NA,NA,NA,NA,NA,NA,NA,-0.597577294222541,63
"9735","Mikado-Sockeye","Sockeye",1966,4375,7000,NA,NA,NA,NA,NA,NA,NA,NA,NA,NA,NA,NA,NA,NA,NA,NA,NA,NA,NA,NA,NA,NA,NA,NA,NA,NA,NA,NA,NA,NA,NA,-0.470003629245736,63
"9736","Mikado-Sockeye","Sockeye",1967,7562,3000,NA,NA,NA,NA,NA,NA,NA,NA,NA,NA,NA,NA,NA,NA,NA,NA,NA,NA,NA,NA,NA,NA,NA,NA,NA,NA,NA,NA,NA,NA,NA,0.924523416800631,63
"9737","Mikado-Sockeye","Sockeye",1968,5077,7000,NA,NA,NA,NA,NA,NA,NA,NA,NA,NA,NA,NA,NA,NA,NA,NA,NA,NA,NA,NA,NA,NA,NA,NA,NA,NA,NA,NA,NA,NA,NA,-0.321189613090056,63
"9738","Mikado-Sockeye","Sockeye",1969,4558,3000,NA,NA,NA,NA,NA,NA,NA,NA,NA,NA,NA,NA,NA,NA,NA,NA,NA,NA,NA,NA,NA,NA,NA,NA,NA,NA,NA,NA,NA,NA,NA,0.418271642155383,63
"9739","Mikado-Sockeye","Sockeye",1970,4173,3000,NA,NA,NA,NA,NA,NA,NA,NA,NA,NA,NA,NA,NA,NA,NA,NA,NA,NA,NA,NA,NA,NA,NA,NA,NA,NA,NA,NA,NA,NA,NA,0.330022912941306,63
"9740","Mikado-Sockeye","Sockeye",1971,9383,7000,NA,NA,NA,NA,NA,NA,NA,NA,NA,NA,NA,NA,NA,NA,NA,NA,NA,NA,NA,NA,NA,NA,NA,NA,NA,NA,NA,NA,NA,NA,NA,0.292989392252599,63
"9741","Mikado-Sockeye","Sockeye",1972,2284,4000,NA,NA,NA,NA,NA,NA,NA,NA,NA,NA,NA,NA,NA,NA,NA,NA,NA,NA,NA,NA,NA,NA,NA,NA,NA,NA,NA,NA,NA,NA,NA,-0.560366069326127,63
"9742","Mikado-Sockeye","Sockeye",1973,2283,4000,NA,NA,NA,NA,NA,NA,NA,NA,NA,NA,NA,NA,NA,NA,NA,NA,NA,NA,NA,NA,NA,NA,NA,NA,NA,NA,NA,NA,NA,NA,NA,-0.560803993572232,63
"9743","Mikado-Sockeye","Sockeye",1974,6083,2000,NA,NA,NA,NA,NA,NA,NA,NA,NA,NA,NA,NA,NA,NA,NA,NA,NA,NA,NA,NA,NA,NA,NA,NA,NA,NA,NA,NA,NA,NA,NA,1.11235081477862,63
"9744","Mikado-Sockeye","Sockeye",1975,2152,10000,NA,NA,NA,NA,NA,NA,NA,NA,NA,NA,NA,NA,NA,NA,NA,NA,NA,NA,NA,NA,NA,NA,NA,NA,NA,NA,NA,NA,NA,NA,NA,-1.53618745069451,63
"9745","Mikado-Sockeye","Sockeye",1976,2286,1500,NA,NA,NA,NA,NA,NA,NA,NA,NA,NA,NA,NA,NA,NA,NA,NA,NA,NA,NA,NA,NA,NA,NA,NA,NA,NA,NA,NA,NA,NA,NA,0.421338457264455,63
"9746","Mikado-Sockeye","Sockeye",1977,3054,1000,NA,NA,NA,NA,NA,NA,NA,NA,NA,NA,NA,NA,NA,NA,NA,NA,NA,NA,NA,NA,NA,NA,NA,NA,NA,NA,NA,NA,NA,NA,NA,1.11645220679644,63
"9747","Mikado-Sockeye","Sockeye",1978,8323,6000,NA,NA,NA,NA,NA,NA,NA,NA,NA,NA,NA,NA,NA,NA,NA,NA,NA,NA,NA,NA,NA,NA,NA,NA,NA,NA,NA,NA,NA,NA,NA,0.327263297535903,63
"9748","Mikado-Sockeye","Sockeye",1979,5240,1400,NA,NA,NA,NA,NA,NA,NA,NA,NA,NA,NA,NA,NA,NA,NA,NA,NA,NA,NA,NA,NA,NA,NA,NA,NA,NA,NA,NA,NA,NA,NA,1.31984926171174,63
"9749","Mikado-Sockeye","Sockeye",1980,4618,2000,NA,NA,NA,NA,NA,NA,NA,NA,NA,NA,NA,NA,NA,NA,NA,NA,NA,NA,NA,NA,NA,NA,NA,NA,NA,NA,NA,NA,NA,NA,NA,0.836814530372358,63
"9750","Mikado-Sockeye","Sockeye",1981,3060,1400,NA,NA,NA,NA,NA,NA,NA,NA,NA,NA,NA,NA,NA,NA,NA,NA,NA,NA,NA,NA,NA,NA,NA,NA,NA,NA,NA,NA,NA,NA,NA,0.781942679343076,63
"9751","Mikado-Sockeye","Sockeye",1982,4997,8000,NA,NA,NA,NA,NA,NA,NA,NA,NA,NA,NA,NA,NA,NA,NA,NA,NA,NA,NA,NA,NA,NA,NA,NA,NA,NA,NA,NA,NA,NA,NA,-0.470603809317768,63
"9752","Mikado-Sockeye","Sockeye",1983,6823,4600,NA,NA,NA,NA,NA,NA,NA,NA,NA,NA,NA,NA,NA,NA,NA,NA,NA,NA,NA,NA,NA,NA,NA,NA,NA,NA,NA,NA,NA,NA,NA,0.394242954338237,63
"9753","Mikado-Sockeye","Sockeye",1984,7737,4400,NA,NA,NA,NA,NA,NA,NA,NA,NA,NA,NA,NA,NA,NA,NA,NA,NA,NA,NA,NA,NA,NA,NA,NA,NA,NA,NA,NA,NA,NA,NA,0.564409474643102,63
"9754","Mikado-Sockeye","Sockeye",1985,3604,2000,NA,NA,NA,NA,NA,NA,NA,NA,NA,NA,NA,NA,NA,NA,NA,NA,NA,NA,NA,NA,NA,NA,NA,NA,NA,NA,NA,NA,NA,NA,NA,0.588897159186146,63
"9755","Mikado-Sockeye","Sockeye",1986,3355,4000,NA,NA,NA,NA,NA,NA,NA,NA,NA,NA,NA,NA,NA,NA,NA,NA,NA,NA,NA,NA,NA,NA,NA,NA,NA,NA,NA,NA,NA,NA,NA,-0.175842590696245,63
"9756","Mikado-Sockeye","Sockeye",1987,11687,6000,NA,NA,NA,NA,NA,NA,NA,NA,NA,NA,NA,NA,NA,NA,NA,NA,NA,NA,NA,NA,NA,NA,NA,NA,NA,NA,NA,NA,NA,NA,NA,0.666717643722965,63
"9757","Mikado-Sockeye","Sockeye",1992,10231,3200,NA,NA,NA,NA,NA,NA,NA,NA,NA,NA,NA,NA,NA,NA,NA,NA,NA,NA,NA,NA,NA,NA,NA,NA,NA,NA,NA,NA,NA,NA,NA,1.16227151709112,63
"9758","Mikado-Sockeye","Sockeye",1993,7340,6000,NA,NA,NA,NA,NA,NA,NA,NA,NA,NA,NA,NA,NA,NA,NA,NA,NA,NA,NA,NA,NA,NA,NA,NA,NA,NA,NA,NA,NA,NA,NA,0.201579373398369,63
"9759","Mikado-Sockeye","Sockeye",1996,8040,8000,NA,NA,NA,NA,NA,NA,NA,NA,NA,NA,NA,NA,NA,NA,NA,NA,NA,NA,NA,NA,NA,NA,NA,NA,NA,NA,NA,NA,NA,NA,NA,0.00498754151103897,63
"9760","Mikado-Sockeye","Sockeye",1997,6626,4000,NA,NA,NA,NA,NA,NA,NA,NA,NA,NA,NA,NA,NA,NA,NA,NA,NA,NA,NA,NA,NA,NA,NA,NA,NA,NA,NA,NA,NA,NA,NA,0.504706942757814,63
"9761","Mikado-Sockeye","Sockeye",2001,8186,6000,NA,NA,NA,NA,NA,NA,NA,NA,NA,NA,NA,NA,NA,NA,NA,NA,NA,NA,NA,NA,NA,NA,NA,NA,NA,NA,NA,NA,NA,NA,NA,0.310665908842156,63
"9762","Namu-Sockeye","Sockeye",1954,15152,9000,NA,NA,NA,NA,NA,NA,NA,NA,NA,NA,NA,NA,NA,NA,NA,NA,NA,NA,NA,NA,NA,NA,NA,NA,NA,NA,NA,NA,NA,NA,NA,0.520907959107503,64
"9763","Namu-Sockeye","Sockeye",1955,17531,2000,NA,NA,NA,NA,NA,NA,NA,NA,NA,NA,NA,NA,NA,NA,NA,NA,NA,NA,NA,NA,NA,NA,NA,NA,NA,NA,NA,NA,NA,NA,NA,2.17082356181179,64
"9764","Namu-Sockeye","Sockeye",1956,13883,7000,NA,NA,NA,NA,NA,NA,NA,NA,NA,NA,NA,NA,NA,NA,NA,NA,NA,NA,NA,NA,NA,NA,NA,NA,NA,NA,NA,NA,NA,NA,NA,0.684754920997352,64
"9765","Namu-Sockeye","Sockeye",1957,12056,1500,NA,NA,NA,NA,NA,NA,NA,NA,NA,NA,NA,NA,NA,NA,NA,NA,NA,NA,NA,NA,NA,NA,NA,NA,NA,NA,NA,NA,NA,NA,NA,2.08409735321603,64
"9766","Namu-Sockeye","Sockeye",1958,6593,3000,NA,NA,NA,NA,NA,NA,NA,NA,NA,NA,NA,NA,NA,NA,NA,NA,NA,NA,NA,NA,NA,NA,NA,NA,NA,NA,NA,NA,NA,NA,NA,0.787396191463053,64
"9767","Namu-Sockeye","Sockeye",1959,5869,15000,NA,NA,NA,NA,NA,NA,NA,NA,NA,NA,NA,NA,NA,NA,NA,NA,NA,NA,NA,NA,NA,NA,NA,NA,NA,NA,NA,NA,NA,NA,NA,-0.938365939526013,64
"9768","Namu-Sockeye","Sockeye",1960,6813,7000,NA,NA,NA,NA,NA,NA,NA,NA,NA,NA,NA,NA,NA,NA,NA,NA,NA,NA,NA,NA,NA,NA,NA,NA,NA,NA,NA,NA,NA,NA,NA,-0.0270775972637822,64
"9769","Namu-Sockeye","Sockeye",1961,7978,7000,NA,NA,NA,NA,NA,NA,NA,NA,NA,NA,NA,NA,NA,NA,NA,NA,NA,NA,NA,NA,NA,NA,NA,NA,NA,NA,NA,NA,NA,NA,NA,0.130777604427902,64
"9770","Namu-Sockeye","Sockeye",1962,8321,3000,NA,NA,NA,NA,NA,NA,NA,NA,NA,NA,NA,NA,NA,NA,NA,NA,NA,NA,NA,NA,NA,NA,NA,NA,NA,NA,NA,NA,NA,NA,NA,1.02017015125018,64
"9771","Namu-Sockeye","Sockeye",1963,10033,3000,NA,NA,NA,NA,NA,NA,NA,NA,NA,NA,NA,NA,NA,NA,NA,NA,NA,NA,NA,NA,NA,NA,NA,NA,NA,NA,NA,NA,NA,NA,NA,1.20726737127537,64
"9772","Namu-Sockeye","Sockeye",1978,6766,700,NA,NA,NA,NA,NA,NA,NA,NA,NA,NA,NA,NA,NA,NA,NA,NA,NA,NA,NA,NA,NA,NA,NA,NA,NA,NA,NA,NA,NA,NA,NA,2.26858501429725,64
"9773","Namu-Sockeye","Sockeye",1979,8326,7000,NA,NA,NA,NA,NA,NA,NA,NA,NA,NA,NA,NA,NA,NA,NA,NA,NA,NA,NA,NA,NA,NA,NA,NA,NA,NA,NA,NA,NA,NA,NA,0.17347299971747,64
"9774","Namu-Sockeye","Sockeye",1981,7889,3000,NA,NA,NA,NA,NA,NA,NA,NA,NA,NA,NA,NA,NA,NA,NA,NA,NA,NA,NA,NA,NA,NA,NA,NA,NA,NA,NA,NA,NA,NA,NA,0.966857095444843,64
"9775","Namu-Sockeye","Sockeye",1982,6572,4000,NA,NA,NA,NA,NA,NA,NA,NA,NA,NA,NA,NA,NA,NA,NA,NA,NA,NA,NA,NA,NA,NA,NA,NA,NA,NA,NA,NA,NA,NA,NA,0.496523839055131,64
"9776","Namu-Sockeye","Sockeye",1983,4083,3000,NA,NA,NA,NA,NA,NA,NA,NA,NA,NA,NA,NA,NA,NA,NA,NA,NA,NA,NA,NA,NA,NA,NA,NA,NA,NA,NA,NA,NA,NA,NA,0.308219723669329,64
"9777","Namu-Sockeye","Sockeye",1984,6386,8000,NA,NA,NA,NA,NA,NA,NA,NA,NA,NA,NA,NA,NA,NA,NA,NA,NA,NA,NA,NA,NA,NA,NA,NA,NA,NA,NA,NA,NA,NA,NA,-0.225333447387246,64
"9778","Namu-Sockeye","Sockeye",1985,2801,3600,NA,NA,NA,NA,NA,NA,NA,NA,NA,NA,NA,NA,NA,NA,NA,NA,NA,NA,NA,NA,NA,NA,NA,NA,NA,NA,NA,NA,NA,NA,NA,-0.250957349184093,64
"9779","Namu-Sockeye","Sockeye",1986,815,2900,NA,NA,NA,NA,NA,NA,NA,NA,NA,NA,NA,NA,NA,NA,NA,NA,NA,NA,NA,NA,NA,NA,NA,NA,NA,NA,NA,NA,NA,NA,NA,-1.2692779027337,64
"9780","Namu-Sockeye","Sockeye",1987,1488,320,NA,NA,NA,NA,NA,NA,NA,NA,NA,NA,NA,NA,NA,NA,NA,NA,NA,NA,NA,NA,NA,NA,NA,NA,NA,NA,NA,NA,NA,NA,NA,1.53686721959926,64
"9781","Namu-Sockeye","Sockeye",1988,2573,3400,NA,NA,NA,NA,NA,NA,NA,NA,NA,NA,NA,NA,NA,NA,NA,NA,NA,NA,NA,NA,NA,NA,NA,NA,NA,NA,NA,NA,NA,NA,NA,-0.278702898322509,64
"9782","Namu-Sockeye","Sockeye",1999,2389,4000,NA,NA,NA,NA,NA,NA,NA,NA,NA,NA,NA,NA,NA,NA,NA,NA,NA,NA,NA,NA,NA,NA,NA,NA,NA,NA,NA,NA,NA,NA,NA,-0.515419492776218,64
"9783","Namu-Sockeye","Sockeye",2000,1487,2000,NA,NA,NA,NA,NA,NA,NA,NA,NA,NA,NA,NA,NA,NA,NA,NA,NA,NA,NA,NA,NA,NA,NA,NA,NA,NA,NA,NA,NA,NA,NA,-0.296386513081927,64
"9784","Namu-Sockeye","Sockeye",2011,4437,5100,NA,NA,NA,NA,NA,NA,NA,NA,NA,NA,NA,NA,NA,NA,NA,NA,NA,NA,NA,NA,NA,NA,NA,NA,NA,NA,NA,NA,NA,NA,NA,-0.139262067333508,64
"9785","Namu-Sockeye","Sockeye",2012,4282,6000,NA,NA,NA,NA,NA,NA,NA,NA,NA,NA,NA,NA,NA,NA,NA,NA,NA,NA,NA,NA,NA,NA,NA,NA,NA,NA,NA,NA,NA,NA,NA,-0.337339279060564,64
"9786","Namu-Sockeye","Sockeye",2015,3239,5000,NA,NA,NA,NA,NA,NA,NA,NA,NA,NA,NA,NA,NA,NA,NA,NA,NA,NA,NA,NA,NA,NA,NA,NA,NA,NA,NA,NA,NA,NA,NA,-0.434173272244908,64
"9787","Port John-Sockeye","Sockeye",1954,9195,1500,NA,NA,NA,NA,NA,NA,NA,NA,NA,NA,NA,NA,NA,NA,NA,NA,NA,NA,NA,NA,NA,NA,NA,NA,NA,NA,NA,NA,NA,NA,NA,1.81319474994812,65
"9788","Port John-Sockeye","Sockeye",1955,3577,5132,NA,NA,NA,NA,NA,NA,NA,NA,NA,NA,NA,NA,NA,NA,NA,NA,NA,NA,NA,NA,NA,NA,NA,NA,NA,NA,NA,NA,NA,NA,NA,-0.360970986476509,65
"9789","Port John-Sockeye","Sockeye",1973,2210,1500,NA,NA,NA,NA,NA,NA,NA,NA,NA,NA,NA,NA,NA,NA,NA,NA,NA,NA,NA,NA,NA,NA,NA,NA,NA,NA,NA,NA,NA,NA,NA,0.387527407421497,65
"9790","Port John-Sockeye","Sockeye",1974,1789,600,NA,NA,NA,NA,NA,NA,NA,NA,NA,NA,NA,NA,NA,NA,NA,NA,NA,NA,NA,NA,NA,NA,NA,NA,NA,NA,NA,NA,NA,NA,NA,1.09248242829257,65
"9791","Port John-Sockeye","Sockeye",1975,3235,800,NA,NA,NA,NA,NA,NA,NA,NA,NA,NA,NA,NA,NA,NA,NA,NA,NA,NA,NA,NA,NA,NA,NA,NA,NA,NA,NA,NA,NA,NA,NA,1.39717247926707,65
"9792","Port John-Sockeye","Sockeye",1976,4144,500,NA,NA,NA,NA,NA,NA,NA,NA,NA,NA,NA,NA,NA,NA,NA,NA,NA,NA,NA,NA,NA,NA,NA,NA,NA,NA,NA,NA,NA,NA,NA,2.11480868551713,65
"9793","Port John-Sockeye","Sockeye",1977,1398,1500,NA,NA,NA,NA,NA,NA,NA,NA,NA,NA,NA,NA,NA,NA,NA,NA,NA,NA,NA,NA,NA,NA,NA,NA,NA,NA,NA,NA,NA,NA,NA,-0.0704224642965458,65
"9794","Port John-Sockeye","Sockeye",1978,1402,600,NA,NA,NA,NA,NA,NA,NA,NA,NA,NA,NA,NA,NA,NA,NA,NA,NA,NA,NA,NA,NA,NA,NA,NA,NA,NA,NA,NA,NA,NA,NA,0.848725412378389,65
"9795","Port John-Sockeye","Sockeye",1979,1666,800,NA,NA,NA,NA,NA,NA,NA,NA,NA,NA,NA,NA,NA,NA,NA,NA,NA,NA,NA,NA,NA,NA,NA,NA,NA,NA,NA,NA,NA,NA,NA,0.733569095058861,65
"9796","Port John-Sockeye","Sockeye",1980,1662,2000,NA,NA,NA,NA,NA,NA,NA,NA,NA,NA,NA,NA,NA,NA,NA,NA,NA,NA,NA,NA,NA,NA,NA,NA,NA,NA,NA,NA,NA,NA,NA,-0.185125484126689,65
"9797","Port John-Sockeye","Sockeye",1981,1284,150,NA,NA,NA,NA,NA,NA,NA,NA,NA,NA,NA,NA,NA,NA,NA,NA,NA,NA,NA,NA,NA,NA,NA,NA,NA,NA,NA,NA,NA,NA,NA,2.14710019015365,65
"9798","Port John-Sockeye","Sockeye",1982,1201,1000,NA,NA,NA,NA,NA,NA,NA,NA,NA,NA,NA,NA,NA,NA,NA,NA,NA,NA,NA,NA,NA,NA,NA,NA,NA,NA,NA,NA,NA,NA,NA,0.183154543097847,65
"9799","Port John-Sockeye","Sockeye",1983,666,600,NA,NA,NA,NA,NA,NA,NA,NA,NA,NA,NA,NA,NA,NA,NA,NA,NA,NA,NA,NA,NA,NA,NA,NA,NA,NA,NA,NA,NA,NA,NA,0.104360015324243,65
"9800","Port John-Sockeye","Sockeye",1984,1051,1500,NA,NA,NA,NA,NA,NA,NA,NA,NA,NA,NA,NA,NA,NA,NA,NA,NA,NA,NA,NA,NA,NA,NA,NA,NA,NA,NA,NA,NA,NA,NA,-0.35572301621335,65
"9801","Port John-Sockeye","Sockeye",1985,372,500,NA,NA,NA,NA,NA,NA,NA,NA,NA,NA,NA,NA,NA,NA,NA,NA,NA,NA,NA,NA,NA,NA,NA,NA,NA,NA,NA,NA,NA,NA,NA,-0.295714244149045,65
"9802","Port John-Sockeye","Sockeye",1986,232,570,NA,NA,NA,NA,NA,NA,NA,NA,NA,NA,NA,NA,NA,NA,NA,NA,NA,NA,NA,NA,NA,NA,NA,NA,NA,NA,NA,NA,NA,NA,NA,-0.898898989162286,65
"9803","Port John-Sockeye","Sockeye",1987,346,20,NA,NA,NA,NA,NA,NA,NA,NA,NA,NA,NA,NA,NA,NA,NA,NA,NA,NA,NA,NA,NA,NA,NA,NA,NA,NA,NA,NA,NA,NA,NA,2.85070650150373,65
"9804","Port John-Sockeye","Sockeye",2010,1665,100,NA,NA,NA,NA,NA,NA,NA,NA,NA,NA,NA,NA,NA,NA,NA,NA,NA,NA,NA,NA,NA,NA,NA,NA,NA,NA,NA,NA,NA,NA,NA,2.81241021642645,65
"9805","Tankeeah River-Sockeye","Sockeye",1954,7293,11000,NA,NA,NA,NA,NA,NA,NA,NA,NA,NA,NA,NA,NA,NA,NA,NA,NA,NA,NA,NA,NA,NA,NA,NA,NA,NA,NA,NA,NA,NA,NA,-0.410980288796275,66
"9806","Tankeeah River-Sockeye","Sockeye",1955,11289,11000,NA,NA,NA,NA,NA,NA,NA,NA,NA,NA,NA,NA,NA,NA,NA,NA,NA,NA,NA,NA,NA,NA,NA,NA,NA,NA,NA,NA,NA,NA,NA,0.0259335274810393,66
"9807","Tankeeah River-Sockeye","Sockeye",1956,5955,7000,NA,NA,NA,NA,NA,NA,NA,NA,NA,NA,NA,NA,NA,NA,NA,NA,NA,NA,NA,NA,NA,NA,NA,NA,NA,NA,NA,NA,NA,NA,NA,-0.16167894624805,66
"9808","Tankeeah River-Sockeye","Sockeye",1957,12284,5000,NA,NA,NA,NA,NA,NA,NA,NA,NA,NA,NA,NA,NA,NA,NA,NA,NA,NA,NA,NA,NA,NA,NA,NA,NA,NA,NA,NA,NA,NA,NA,0.898859690144476,66
"9809","Tankeeah River-Sockeye","Sockeye",1958,17090,3000,NA,NA,NA,NA,NA,NA,NA,NA,NA,NA,NA,NA,NA,NA,NA,NA,NA,NA,NA,NA,NA,NA,NA,NA,NA,NA,NA,NA,NA,NA,NA,1.73988120845939,66
"9810","Tankeeah River-Sockeye","Sockeye",1959,15802,12000,NA,NA,NA,NA,NA,NA,NA,NA,NA,NA,NA,NA,NA,NA,NA,NA,NA,NA,NA,NA,NA,NA,NA,NA,NA,NA,NA,NA,NA,NA,NA,0.275229864512541,66
"9811","Tankeeah River-Sockeye","Sockeye",1960,16600,2000,NA,NA,NA,NA,NA,NA,NA,NA,NA,NA,NA,NA,NA,NA,NA,NA,NA,NA,NA,NA,NA,NA,NA,NA,NA,NA,NA,NA,NA,NA,NA,2.11625551480255,66
"9812","Tankeeah River-Sockeye","Sockeye",1961,9164,6000,NA,NA,NA,NA,NA,NA,NA,NA,NA,NA,NA,NA,NA,NA,NA,NA,NA,NA,NA,NA,NA,NA,NA,NA,NA,NA,NA,NA,NA,NA,NA,0.423523295363194,66
"9813","Tankeeah River-Sockeye","Sockeye",1962,14398,10000,NA,NA,NA,NA,NA,NA,NA,NA,NA,NA,NA,NA,NA,NA,NA,NA,NA,NA,NA,NA,NA,NA,NA,NA,NA,NA,NA,NA,NA,NA,NA,0.364504215053065,66
"9814","Tankeeah River-Sockeye","Sockeye",1963,10888,8000,NA,NA,NA,NA,NA,NA,NA,NA,NA,NA,NA,NA,NA,NA,NA,NA,NA,NA,NA,NA,NA,NA,NA,NA,NA,NA,NA,NA,NA,NA,NA,0.308219723669329,66
"9815","Tankeeah River-Sockeye","Sockeye",1964,7549,10000,NA,NA,NA,NA,NA,NA,NA,NA,NA,NA,NA,NA,NA,NA,NA,NA,NA,NA,NA,NA,NA,NA,NA,NA,NA,NA,NA,NA,NA,NA,NA,-0.281169988836558,66
"9816","Tankeeah River-Sockeye","Sockeye",1965,9187,1200,NA,NA,NA,NA,NA,NA,NA,NA,NA,NA,NA,NA,NA,NA,NA,NA,NA,NA,NA,NA,NA,NA,NA,NA,NA,NA,NA,NA,NA,NA,NA,2.03546788449537,66
"9817","Tankeeah River-Sockeye","Sockeye",1966,19929,10000,NA,NA,NA,NA,NA,NA,NA,NA,NA,NA,NA,NA,NA,NA,NA,NA,NA,NA,NA,NA,NA,NA,NA,NA,NA,NA,NA,NA,NA,NA,NA,0.689590864357168,66
"9818","Tankeeah River-Sockeye","Sockeye",1967,13346,6000,NA,NA,NA,NA,NA,NA,NA,NA,NA,NA,NA,NA,NA,NA,NA,NA,NA,NA,NA,NA,NA,NA,NA,NA,NA,NA,NA,NA,NA,NA,NA,0.79945724525336,66
"9819","Tankeeah River-Sockeye","Sockeye",1968,14104,3000,NA,NA,NA,NA,NA,NA,NA,NA,NA,NA,NA,NA,NA,NA,NA,NA,NA,NA,NA,NA,NA,NA,NA,NA,NA,NA,NA,NA,NA,NA,NA,1.54784615642746,66
"9820","Tankeeah River-Sockeye","Sockeye",1969,16491,3000,NA,NA,NA,NA,NA,NA,NA,NA,NA,NA,NA,NA,NA,NA,NA,NA,NA,NA,NA,NA,NA,NA,NA,NA,NA,NA,NA,NA,NA,NA,NA,1.70420248887852,66
"9821","Tankeeah River-Sockeye","Sockeye",1970,18291,6000,NA,NA,NA,NA,NA,NA,NA,NA,NA,NA,NA,NA,NA,NA,NA,NA,NA,NA,NA,NA,NA,NA,NA,NA,NA,NA,NA,NA,NA,NA,NA,1.11464966636573,66
"9822","Tankeeah River-Sockeye","Sockeye",1971,14889,6000,NA,NA,NA,NA,NA,NA,NA,NA,NA,NA,NA,NA,NA,NA,NA,NA,NA,NA,NA,NA,NA,NA,NA,NA,NA,NA,NA,NA,NA,NA,NA,0.908863216045358,66
"9823","Tankeeah River-Sockeye","Sockeye",1972,14639,3000,NA,NA,NA,NA,NA,NA,NA,NA,NA,NA,NA,NA,NA,NA,NA,NA,NA,NA,NA,NA,NA,NA,NA,NA,NA,NA,NA,NA,NA,NA,NA,1.58507691152117,66
"9824","Tankeeah River-Sockeye","Sockeye",1973,8869,6000,NA,NA,NA,NA,NA,NA,NA,NA,NA,NA,NA,NA,NA,NA,NA,NA,NA,NA,NA,NA,NA,NA,NA,NA,NA,NA,NA,NA,NA,NA,NA,0.39080258116626,66
"9825","Tankeeah River-Sockeye","Sockeye",1974,12601,3000,NA,NA,NA,NA,NA,NA,NA,NA,NA,NA,NA,NA,NA,NA,NA,NA,NA,NA,NA,NA,NA,NA,NA,NA,NA,NA,NA,NA,NA,NA,NA,1.43516388721945,66
"9826","Tankeeah River-Sockeye","Sockeye",1975,28020,4800,NA,NA,NA,NA,NA,NA,NA,NA,NA,NA,NA,NA,NA,NA,NA,NA,NA,NA,NA,NA,NA,NA,NA,NA,NA,NA,NA,NA,NA,NA,NA,1.76430262299502,66
"9827","Tankeeah River-Sockeye","Sockeye",1976,35480,2800,NA,NA,NA,NA,NA,NA,NA,NA,NA,NA,NA,NA,NA,NA,NA,NA,NA,NA,NA,NA,NA,NA,NA,NA,NA,NA,NA,NA,NA,NA,NA,2.53934974026022,66
"9828","Tankeeah River-Sockeye","Sockeye",1977,47459,2000,NA,NA,NA,NA,NA,NA,NA,NA,NA,NA,NA,NA,NA,NA,NA,NA,NA,NA,NA,NA,NA,NA,NA,NA,NA,NA,NA,NA,NA,NA,NA,3.16671899985064,66
"9829","Tankeeah River-Sockeye","Sockeye",1978,36253,2400,NA,NA,NA,NA,NA,NA,NA,NA,NA,NA,NA,NA,NA,NA,NA,NA,NA,NA,NA,NA,NA,NA,NA,NA,NA,NA,NA,NA,NA,NA,NA,2.71505339914317,66
"9830","Tankeeah River-Sockeye","Sockeye",1979,8418,4500,NA,NA,NA,NA,NA,NA,NA,NA,NA,NA,NA,NA,NA,NA,NA,NA,NA,NA,NA,NA,NA,NA,NA,NA,NA,NA,NA,NA,NA,NA,NA,0.626294873572105,66
"9831","Tankeeah River-Sockeye","Sockeye",1980,7030,3800,NA,NA,NA,NA,NA,NA,NA,NA,NA,NA,NA,NA,NA,NA,NA,NA,NA,NA,NA,NA,NA,NA,NA,NA,NA,NA,NA,NA,NA,NA,NA,0.615185639090233,66
"9832","Tankeeah River-Sockeye","Sockeye",1981,4752,3400,NA,NA,NA,NA,NA,NA,NA,NA,NA,NA,NA,NA,NA,NA,NA,NA,NA,NA,NA,NA,NA,NA,NA,NA,NA,NA,NA,NA,NA,NA,NA,0.334790150438228,66
"9833","Tankeeah River-Sockeye","Sockeye",1982,7716,3400,NA,NA,NA,NA,NA,NA,NA,NA,NA,NA,NA,NA,NA,NA,NA,NA,NA,NA,NA,NA,NA,NA,NA,NA,NA,NA,NA,NA,NA,NA,NA,0.819520663421367,66
"9834","Tankeeah River-Sockeye","Sockeye",1983,6952,2000,NA,NA,NA,NA,NA,NA,NA,NA,NA,NA,NA,NA,NA,NA,NA,NA,NA,NA,NA,NA,NA,NA,NA,NA,NA,NA,NA,NA,NA,NA,NA,1.24588220740315,66
"9835","Tankeeah River-Sockeye","Sockeye",1984,5574,2400,NA,NA,NA,NA,NA,NA,NA,NA,NA,NA,NA,NA,NA,NA,NA,NA,NA,NA,NA,NA,NA,NA,NA,NA,NA,NA,NA,NA,NA,NA,NA,0.842644191705856,66
"9836","Tankeeah River-Sockeye","Sockeye",1985,2006,1750,NA,NA,NA,NA,NA,NA,NA,NA,NA,NA,NA,NA,NA,NA,NA,NA,NA,NA,NA,NA,NA,NA,NA,NA,NA,NA,NA,NA,NA,NA,NA,0.136526901604321,66
"9837","Tankeeah River-Sockeye","Sockeye",1986,2463,2000,NA,NA,NA,NA,NA,NA,NA,NA,NA,NA,NA,NA,NA,NA,NA,NA,NA,NA,NA,NA,NA,NA,NA,NA,NA,NA,NA,NA,NA,NA,NA,0.208232938578456,66
"9838","Tankeeah River-Sockeye","Sockeye",1987,1743,1700,NA,NA,NA,NA,NA,NA,NA,NA,NA,NA,NA,NA,NA,NA,NA,NA,NA,NA,NA,NA,NA,NA,NA,NA,NA,NA,NA,NA,NA,NA,NA,0.0249795154757136,66
"9839","Tankeeah River-Sockeye","Sockeye",1988,712,6000,NA,NA,NA,NA,NA,NA,NA,NA,NA,NA,NA,NA,NA,NA,NA,NA,NA,NA,NA,NA,NA,NA,NA,NA,NA,NA,NA,NA,NA,NA,NA,-2.13143683679822,66
"9840","Tankeeah River-Sockeye","Sockeye",2001,3848,2000,NA,NA,NA,NA,NA,NA,NA,NA,NA,NA,NA,NA,NA,NA,NA,NA,NA,NA,NA,NA,NA,NA,NA,NA,NA,NA,NA,NA,NA,NA,NA,0.654406352243515,66
"9841","Tankeeah River-Sockeye","Sockeye",2008,5363,7000,NA,NA,NA,NA,NA,NA,NA,NA,NA,NA,NA,NA,NA,NA,NA,NA,NA,NA,NA,NA,NA,NA,NA,NA,NA,NA,NA,NA,NA,NA,NA,-0.266386629054525,66
"9842","Tsimtack-Moore-Roger-Sockeye","Sockeye",1960,8064,3000,NA,NA,NA,NA,NA,NA,NA,NA,NA,NA,NA,NA,NA,NA,NA,NA,NA,NA,NA,NA,NA,NA,NA,NA,NA,NA,NA,NA,NA,NA,NA,0.988797422660903,67
"9843","Tsimtack-Moore-Roger-Sockeye","Sockeye",1961,7429,3000,NA,NA,NA,NA,NA,NA,NA,NA,NA,NA,NA,NA,NA,NA,NA,NA,NA,NA,NA,NA,NA,NA,NA,NA,NA,NA,NA,NA,NA,NA,NA,0.90677897150156,67
"9844","Tsimtack-Moore-Roger-Sockeye","Sockeye",1962,3683,1500,NA,NA,NA,NA,NA,NA,NA,NA,NA,NA,NA,NA,NA,NA,NA,NA,NA,NA,NA,NA,NA,NA,NA,NA,NA,NA,NA,NA,NA,NA,NA,0.898262529354764,67
"9845","Tsimtack-Moore-Roger-Sockeye","Sockeye",1963,2315,3000,NA,NA,NA,NA,NA,NA,NA,NA,NA,NA,NA,NA,NA,NA,NA,NA,NA,NA,NA,NA,NA,NA,NA,NA,NA,NA,NA,NA,NA,NA,NA,-0.259202601129912,67
"9846","Tsimtack-Moore-Roger-Sockeye","Sockeye",1967,1484,1500,NA,NA,NA,NA,NA,NA,NA,NA,NA,NA,NA,NA,NA,NA,NA,NA,NA,NA,NA,NA,NA,NA,NA,NA,NA,NA,NA,NA,NA,NA,NA,-0.0107239633629757,67
"9847","Tsimtack-Moore-Roger-Sockeye","Sockeye",1980,9445,3000,NA,NA,NA,NA,NA,NA,NA,NA,NA,NA,NA,NA,NA,NA,NA,NA,NA,NA,NA,NA,NA,NA,NA,NA,NA,NA,NA,NA,NA,NA,NA,1.14687321228536,67
"9848","Tsimtack-Moore-Roger-Sockeye","Sockeye",1981,16791,6000,NA,NA,NA,NA,NA,NA,NA,NA,NA,NA,NA,NA,NA,NA,NA,NA,NA,NA,NA,NA,NA,NA,NA,NA,NA,NA,NA,NA,NA,NA,NA,1.02908355934928,67
"9849","Tsimtack-Moore-Roger-Sockeye","Sockeye",1983,9411,1000,NA,NA,NA,NA,NA,NA,NA,NA,NA,NA,NA,NA,NA,NA,NA,NA,NA,NA,NA,NA,NA,NA,NA,NA,NA,NA,NA,NA,NA,NA,NA,2.24187921787665,67
"9850","Tsimtack-Moore-Roger-Sockeye","Sockeye",1984,7853,7000,NA,NA,NA,NA,NA,NA,NA,NA,NA,NA,NA,NA,NA,NA,NA,NA,NA,NA,NA,NA,NA,NA,NA,NA,NA,NA,NA,NA,NA,NA,NA,0.114985475337424,67
"9851","Tsimtack-Moore-Roger-Sockeye","Sockeye",1985,8488,15000,NA,NA,NA,NA,NA,NA,NA,NA,NA,NA,NA,NA,NA,NA,NA,NA,NA,NA,NA,NA,NA,NA,NA,NA,NA,NA,NA,NA,NA,NA,NA,-0.569396799790528,67
"9852","Tsimtack-Moore-Roger-Sockeye","Sockeye",1986,1853,8000,NA,NA,NA,NA,NA,NA,NA,NA,NA,NA,NA,NA,NA,NA,NA,NA,NA,NA,NA,NA,NA,NA,NA,NA,NA,NA,NA,NA,NA,NA,NA,-1.46263559437661,67
"9853","Tsimtack-Moore-Roger-Sockeye","Sockeye",1987,424,9000,NA,NA,NA,NA,NA,NA,NA,NA,NA,NA,NA,NA,NA,NA,NA,NA,NA,NA,NA,NA,NA,NA,NA,NA,NA,NA,NA,NA,NA,NA,NA,-3.0552464010864,67
"9854","Tsimtack-Moore-Roger-Sockeye","Sockeye",2007,3351,100,NA,NA,NA,NA,NA,NA,NA,NA,NA,NA,NA,NA,NA,NA,NA,NA,NA,NA,NA,NA,NA,NA,NA,NA,NA,NA,NA,NA,NA,NA,NA,3.51184390174922,67
"9855","Tsimtack-Moore-Roger-Sockeye","Sockeye",2009,14920,70,NA,NA,NA,NA,NA,NA,NA,NA,NA,NA,NA,NA,NA,NA,NA,NA,NA,NA,NA,NA,NA,NA,NA,NA,NA,NA,NA,NA,NA,NA,NA,5.36196263170839,67
"9856","Tsimtack-Moore-Roger-Sockeye","Sockeye",2010,8393,200,NA,NA,NA,NA,NA,NA,NA,NA,NA,NA,NA,NA,NA,NA,NA,NA,NA,NA,NA,NA,NA,NA,NA,NA,NA,NA,NA,NA,NA,NA,NA,3.73683593753479,67
"9857","Tsimtack-Moore-Roger-Sockeye","Sockeye",2011,4735,3520,NA,NA,NA,NA,NA,NA,NA,NA,NA,NA,NA,NA,NA,NA,NA,NA,NA,NA,NA,NA,NA,NA,NA,NA,NA,NA,NA,NA,NA,NA,NA,0.296520737028036,67
"9858","Yeo-Sockeye","Sockeye",1954,1561,1500,NA,NA,NA,NA,NA,NA,NA,NA,NA,NA,NA,NA,NA,NA,NA,NA,NA,NA,NA,NA,NA,NA,NA,NA,NA,NA,NA,NA,NA,NA,NA,0.0398615334251306,68
"9859","Yeo-Sockeye","Sockeye",1955,2171,1100,NA,NA,NA,NA,NA,NA,NA,NA,NA,NA,NA,NA,NA,NA,NA,NA,NA,NA,NA,NA,NA,NA,NA,NA,NA,NA,NA,NA,NA,NA,NA,0.67987771109183,68
"9860","Yeo-Sockeye","Sockeye",1956,2457,800,NA,NA,NA,NA,NA,NA,NA,NA,NA,NA,NA,NA,NA,NA,NA,NA,NA,NA,NA,NA,NA,NA,NA,NA,NA,NA,NA,NA,NA,NA,NA,1.12208464485325,68
"9861","Yeo-Sockeye","Sockeye",1957,3644,3000,NA,NA,NA,NA,NA,NA,NA,NA,NA,NA,NA,NA,NA,NA,NA,NA,NA,NA,NA,NA,NA,NA,NA,NA,NA,NA,NA,NA,NA,NA,NA,0.194469690729602,68
"9862","Yeo-Sockeye","Sockeye",1958,5250,600,NA,NA,NA,NA,NA,NA,NA,NA,NA,NA,NA,NA,NA,NA,NA,NA,NA,NA,NA,NA,NA,NA,NA,NA,NA,NA,NA,NA,NA,NA,NA,2.16905370036952,68
"9863","Yeo-Sockeye","Sockeye",1959,6995,2000,NA,NA,NA,NA,NA,NA,NA,NA,NA,NA,NA,NA,NA,NA,NA,NA,NA,NA,NA,NA,NA,NA,NA,NA,NA,NA,NA,NA,NA,NA,NA,1.2520484275575,68
"9864","Yeo-Sockeye","Sockeye",1960,2939,1000,NA,NA,NA,NA,NA,NA,NA,NA,NA,NA,NA,NA,NA,NA,NA,NA,NA,NA,NA,NA,NA,NA,NA,NA,NA,NA,NA,NA,NA,NA,NA,1.07806938743678,68
"9865","Yeo-Sockeye","Sockeye",1961,2125,2000,NA,NA,NA,NA,NA,NA,NA,NA,NA,NA,NA,NA,NA,NA,NA,NA,NA,NA,NA,NA,NA,NA,NA,NA,NA,NA,NA,NA,NA,NA,NA,0.0606246218164348,68
"9866","Yeo-Sockeye","Sockeye",1962,2420,2000,NA,NA,NA,NA,NA,NA,NA,NA,NA,NA,NA,NA,NA,NA,NA,NA,NA,NA,NA,NA,NA,NA,NA,NA,NA,NA,NA,NA,NA,NA,NA,0.19062035960865,68
"9867","Yeo-Sockeye","Sockeye",1963,2212,5000,NA,NA,NA,NA,NA,NA,NA,NA,NA,NA,NA,NA,NA,NA,NA,NA,NA,NA,NA,NA,NA,NA,NA,NA,NA,NA,NA,NA,NA,NA,NA,-0.815540828774012,68
"9868","Yeo-Sockeye","Sockeye",1964,3695,1600,NA,NA,NA,NA,NA,NA,NA,NA,NA,NA,NA,NA,NA,NA,NA,NA,NA,NA,NA,NA,NA,NA,NA,NA,NA,NA,NA,NA,NA,NA,NA,0.83697692515443,68
"9869","Yeo-Sockeye","Sockeye",1965,1573,300,NA,NA,NA,NA,NA,NA,NA,NA,NA,NA,NA,NA,NA,NA,NA,NA,NA,NA,NA,NA,NA,NA,NA,NA,NA,NA,NA,NA,NA,NA,NA,1.65695742840208,68
"9870","Yeo-Sockeye","Sockeye",1966,2682,2000,NA,NA,NA,NA,NA,NA,NA,NA,NA,NA,NA,NA,NA,NA,NA,NA,NA,NA,NA,NA,NA,NA,NA,NA,NA,NA,NA,NA,NA,NA,NA,0.293415604299541,68
"9871","Yeo-Sockeye","Sockeye",1967,2051,400,NA,NA,NA,NA,NA,NA,NA,NA,NA,NA,NA,NA,NA,NA,NA,NA,NA,NA,NA,NA,NA,NA,NA,NA,NA,NA,NA,NA,NA,NA,NA,1.6346182109644,68
"9872","Yeo-Sockeye","Sockeye",1968,1727,2000,NA,NA,NA,NA,NA,NA,NA,NA,NA,NA,NA,NA,NA,NA,NA,NA,NA,NA,NA,NA,NA,NA,NA,NA,NA,NA,NA,NA,NA,NA,NA,-0.146761381395404,68
"9873","Yeo-Sockeye","Sockeye",1972,2881,400,NA,NA,NA,NA,NA,NA,NA,NA,NA,NA,NA,NA,NA,NA,NA,NA,NA,NA,NA,NA,NA,NA,NA,NA,NA,NA,NA,NA,NA,NA,NA,1.97442818797655,68
"9874","Yeo-Sockeye","Sockeye",1973,3155,600,NA,NA,NA,NA,NA,NA,NA,NA,NA,NA,NA,NA,NA,NA,NA,NA,NA,NA,NA,NA,NA,NA,NA,NA,NA,NA,NA,NA,NA,NA,NA,1.65981411975917,68
"9875","Yeo-Sockeye","Sockeye",1982,1361,50,NA,NA,NA,NA,NA,NA,NA,NA,NA,NA,NA,NA,NA,NA,NA,NA,NA,NA,NA,NA,NA,NA,NA,NA,NA,NA,NA,NA,NA,NA,NA,3.30395199722332,68
"9876","Yeo-Sockeye","Sockeye",1984,1230,100,NA,NA,NA,NA,NA,NA,NA,NA,NA,NA,NA,NA,NA,NA,NA,NA,NA,NA,NA,NA,NA,NA,NA,NA,NA,NA,NA,NA,NA,NA,NA,2.50959926237837,68
"9877","Yeo-Sockeye","Sockeye",1985,213,260,NA,NA,NA,NA,NA,NA,NA,NA,NA,NA,NA,NA,NA,NA,NA,NA,NA,NA,NA,NA,NA,NA,NA,NA,NA,NA,NA,NA,NA,NA,NA,-0.199389465306103,68
"9878","Yeo-Sockeye","Sockeye",1986,247,260,NA,NA,NA,NA,NA,NA,NA,NA,NA,NA,NA,NA,NA,NA,NA,NA,NA,NA,NA,NA,NA,NA,NA,NA,NA,NA,NA,NA,NA,NA,NA,-0.0512932943875506,68
"9879","Yeo-Sockeye","Sockeye",2003,1988,1000,NA,NA,NA,NA,NA,NA,NA,NA,NA,NA,NA,NA,NA,NA,NA,NA,NA,NA,NA,NA,NA,NA,NA,NA,NA,NA,NA,NA,NA,NA,NA,0.687129108234382,68
"9880","Yeo-Sockeye","Sockeye",2004,2037,1600,NA,NA,NA,NA,NA,NA,NA,NA,NA,NA,NA,NA,NA,NA,NA,NA,NA,NA,NA,NA,NA,NA,NA,NA,NA,NA,NA,NA,NA,NA,NA,0.241474507998933,68
"9881","Yeo-Sockeye","Sockeye",2005,3154,1300,NA,NA,NA,NA,NA,NA,NA,NA,NA,NA,NA,NA,NA,NA,NA,NA,NA,NA,NA,NA,NA,NA,NA,NA,NA,NA,NA,NA,NA,NA,NA,0.886307224073356,68
"9882","Yeo-Sockeye","Sockeye",2006,2028,1000,NA,NA,NA,NA,NA,NA,NA,NA,NA,NA,NA,NA,NA,NA,NA,NA,NA,NA,NA,NA,NA,NA,NA,NA,NA,NA,NA,NA,NA,NA,NA,0.707050085728937,68
"9883","Yeo-Sockeye","Sockeye",2007,1947,2400,NA,NA,NA,NA,NA,NA,NA,NA,NA,NA,NA,NA,NA,NA,NA,NA,NA,NA,NA,NA,NA,NA,NA,NA,NA,NA,NA,NA,NA,NA,NA,-0.209179010963837,68
"9884","Yeo-Sockeye","Sockeye",2008,448,1120,NA,NA,NA,NA,NA,NA,NA,NA,NA,NA,NA,NA,NA,NA,NA,NA,NA,NA,NA,NA,NA,NA,NA,NA,NA,NA,NA,NA,NA,NA,NA,-0.916290731874155,68
"9885","Nimpkish-Sockeye","Sockeye",1970,157854,50000,NA,NA,NA,NA,NA,NA,NA,NA,NA,NA,NA,NA,NA,NA,NA,NA,NA,NA,NA,NA,NA,NA,NA,NA,NA,NA,NA,NA,NA,NA,NA,1.14964754976793,69
"9886","Nimpkish-Sockeye","Sockeye",1971,86312,75000,NA,NA,NA,NA,NA,NA,NA,NA,NA,NA,NA,NA,NA,NA,NA,NA,NA,NA,NA,NA,NA,NA,NA,NA,NA,NA,NA,NA,NA,NA,NA,0.140480524712729,69
"9887","Nimpkish-Sockeye","Sockeye",1972,68384,60000,NA,NA,NA,NA,NA,NA,NA,NA,NA,NA,NA,NA,NA,NA,NA,NA,NA,NA,NA,NA,NA,NA,NA,NA,NA,NA,NA,NA,NA,NA,NA,0.130794316914636,69
"9888","Nimpkish-Sockeye","Sockeye",1973,42985,1e+05,NA,NA,NA,NA,NA,NA,NA,NA,NA,NA,NA,NA,NA,NA,NA,NA,NA,NA,NA,NA,NA,NA,NA,NA,NA,NA,NA,NA,NA,NA,NA,-0.844318968361684,69
"9889","Nimpkish-Sockeye","Sockeye",1974,28773,150000,NA,NA,NA,NA,NA,NA,NA,NA,NA,NA,NA,NA,NA,NA,NA,NA,NA,NA,NA,NA,NA,NA,NA,NA,NA,NA,NA,NA,NA,NA,NA,-1.65119784668233,69
"9890","Nimpkish-Sockeye","Sockeye",1975,27406,40000,NA,NA,NA,NA,NA,NA,NA,NA,NA,NA,NA,NA,NA,NA,NA,NA,NA,NA,NA,NA,NA,NA,NA,NA,NA,NA,NA,NA,NA,NA,NA,-0.378117486589927,69
"9891","Nimpkish-Sockeye","Sockeye",1976,51168,35000,NA,NA,NA,NA,NA,NA,NA,NA,NA,NA,NA,NA,NA,NA,NA,NA,NA,NA,NA,NA,NA,NA,NA,NA,NA,NA,NA,NA,NA,NA,NA,0.37976627516213,69
"9892","Nimpkish-Sockeye","Sockeye",1977,72864,15000,NA,NA,NA,NA,NA,NA,NA,NA,NA,NA,NA,NA,NA,NA,NA,NA,NA,NA,NA,NA,NA,NA,NA,NA,NA,NA,NA,NA,NA,NA,NA,1.58054448877912,69
"9893","Nimpkish-Sockeye","Sockeye",1978,70598,8500,NA,NA,NA,NA,NA,NA,NA,NA,NA,NA,NA,NA,NA,NA,NA,NA,NA,NA,NA,NA,NA,NA,NA,NA,NA,NA,NA,NA,NA,NA,NA,2.11693565198977,69
"9894","Nimpkish-Sockeye","Sockeye",1979,62285,20000,NA,NA,NA,NA,NA,NA,NA,NA,NA,NA,NA,NA,NA,NA,NA,NA,NA,NA,NA,NA,NA,NA,NA,NA,NA,NA,NA,NA,NA,NA,NA,1.13598835278407,69
"9895","Nimpkish-Sockeye","Sockeye",1980,46781,24000,NA,NA,NA,NA,NA,NA,NA,NA,NA,NA,NA,NA,NA,NA,NA,NA,NA,NA,NA,NA,NA,NA,NA,NA,NA,NA,NA,NA,NA,NA,NA,0.667423307236301,69
"9896","Nimpkish-Sockeye","Sockeye",1981,43642,60000,NA,NA,NA,NA,NA,NA,NA,NA,NA,NA,NA,NA,NA,NA,NA,NA,NA,NA,NA,NA,NA,NA,NA,NA,NA,NA,NA,NA,NA,NA,NA,-0.318324572793164,69
"9897","Nimpkish-Sockeye","Sockeye",1982,114375,60000,NA,NA,NA,NA,NA,NA,NA,NA,NA,NA,NA,NA,NA,NA,NA,NA,NA,NA,NA,NA,NA,NA,NA,NA,NA,NA,NA,NA,NA,NA,NA,0.645137961373585,69
"9898","Nimpkish-Sockeye","Sockeye",1983,200279,70000,NA,NA,NA,NA,NA,NA,NA,NA,NA,NA,NA,NA,NA,NA,NA,NA,NA,NA,NA,NA,NA,NA,NA,NA,NA,NA,NA,NA,NA,NA,NA,1.05121615239013,69
"9899","Nimpkish-Sockeye","Sockeye",1984,33772,50500,NA,NA,NA,NA,NA,NA,NA,NA,NA,NA,NA,NA,NA,NA,NA,NA,NA,NA,NA,NA,NA,NA,NA,NA,NA,NA,NA,NA,NA,NA,NA,-0.402341279474061,69
"9900","Nimpkish-Sockeye","Sockeye",1985,20444,40000,NA,NA,NA,NA,NA,NA,NA,NA,NA,NA,NA,NA,NA,NA,NA,NA,NA,NA,NA,NA,NA,NA,NA,NA,NA,NA,NA,NA,NA,NA,NA,-0.671190013207903,69
"9901","Nimpkish-Sockeye","Sockeye",1986,20920,40000,NA,NA,NA,NA,NA,NA,NA,NA,NA,NA,NA,NA,NA,NA,NA,NA,NA,NA,NA,NA,NA,NA,NA,NA,NA,NA,NA,NA,NA,NA,NA,-0.648173814917214,69
"9902","Nimpkish-Sockeye","Sockeye",1987,148407,125000,NA,NA,NA,NA,NA,NA,NA,NA,NA,NA,NA,NA,NA,NA,NA,NA,NA,NA,NA,NA,NA,NA,NA,NA,NA,NA,NA,NA,NA,NA,NA,0.171644762129839,69
"9903","Nimpkish-Sockeye","Sockeye",1988,140697,180000,NA,NA,NA,NA,NA,NA,NA,NA,NA,NA,NA,NA,NA,NA,NA,NA,NA,NA,NA,NA,NA,NA,NA,NA,NA,NA,NA,NA,NA,NA,NA,-0.246348208958804,69
"9904","Nimpkish-Sockeye","Sockeye",1989,57550,22000,NA,NA,NA,NA,NA,NA,NA,NA,NA,NA,NA,NA,NA,NA,NA,NA,NA,NA,NA,NA,NA,NA,NA,NA,NA,NA,NA,NA,NA,NA,NA,0.961611681809576,69
"9905","Nimpkish-Sockeye","Sockeye",1990,18020,25000,NA,NA,NA,NA,NA,NA,NA,NA,NA,NA,NA,NA,NA,NA,NA,NA,NA,NA,NA,NA,NA,NA,NA,NA,NA,NA,NA,NA,NA,NA,NA,-0.327393572688009,69
"9906","Nimpkish-Sockeye","Sockeye",1991,19447,40000,NA,NA,NA,NA,NA,NA,NA,NA,NA,NA,NA,NA,NA,NA,NA,NA,NA,NA,NA,NA,NA,NA,NA,NA,NA,NA,NA,NA,NA,NA,NA,-0.721186637591191,69
"9907","Nimpkish-Sockeye","Sockeye",1992,51584,237000,NA,NA,NA,NA,NA,NA,NA,NA,NA,NA,NA,NA,NA,NA,NA,NA,NA,NA,NA,NA,NA,NA,NA,NA,NA,NA,NA,NA,NA,NA,NA,-1.52484859425097,69
"9908","Nimpkish-Sockeye","Sockeye",1993,53410,60000,NA,NA,NA,NA,NA,NA,NA,NA,NA,NA,NA,NA,NA,NA,NA,NA,NA,NA,NA,NA,NA,NA,NA,NA,NA,NA,NA,NA,NA,NA,NA,-0.116346567870422,69
"9909","Nimpkish-Sockeye","Sockeye",1994,22303,20000,NA,NA,NA,NA,NA,NA,NA,NA,NA,NA,NA,NA,NA,NA,NA,NA,NA,NA,NA,NA,NA,NA,NA,NA,NA,NA,NA,NA,NA,NA,NA,0.10898892501183,69
"9910","Nimpkish-Sockeye","Sockeye",1995,14137,15000,NA,NA,NA,NA,NA,NA,NA,NA,NA,NA,NA,NA,NA,NA,NA,NA,NA,NA,NA,NA,NA,NA,NA,NA,NA,NA,NA,NA,NA,NA,NA,-0.0592547272173146,69
"9911","Nimpkish-Sockeye","Sockeye",1996,21818,23000,NA,NA,NA,NA,NA,NA,NA,NA,NA,NA,NA,NA,NA,NA,NA,NA,NA,NA,NA,NA,NA,NA,NA,NA,NA,NA,NA,NA,NA,NA,NA,-0.0527588987535847,69
"9912","Nimpkish-Sockeye","Sockeye",1997,44081,80000,NA,NA,NA,NA,NA,NA,NA,NA,NA,NA,NA,NA,NA,NA,NA,NA,NA,NA,NA,NA,NA,NA,NA,NA,NA,NA,NA,NA,NA,NA,NA,-0.595997784061138,69
"9913","Nimpkish-Sockeye","Sockeye",1998,114859,22000,NA,NA,NA,NA,NA,NA,NA,NA,NA,NA,NA,NA,NA,NA,NA,NA,NA,NA,NA,NA,NA,NA,NA,NA,NA,NA,NA,NA,NA,NA,NA,1.65266283578885,69
"9914","Nimpkish-Sockeye","Sockeye",1999,28922,21000,NA,NA,NA,NA,NA,NA,NA,NA,NA,NA,NA,NA,NA,NA,NA,NA,NA,NA,NA,NA,NA,NA,NA,NA,NA,NA,NA,NA,NA,NA,NA,0.320080113469177,69
"9915","Nimpkish-Sockeye","Sockeye",2000,25603,5800,NA,NA,NA,NA,NA,NA,NA,NA,NA,NA,NA,NA,NA,NA,NA,NA,NA,NA,NA,NA,NA,NA,NA,NA,NA,NA,NA,NA,NA,NA,NA,1.48485161456722,69
"9916","Nimpkish-Sockeye","Sockeye",2001,49488,38000,NA,NA,NA,NA,NA,NA,NA,NA,NA,NA,NA,NA,NA,NA,NA,NA,NA,NA,NA,NA,NA,NA,NA,NA,NA,NA,NA,NA,NA,NA,NA,0.264144056216328,69
"9917","Nimpkish-Sockeye","Sockeye",2002,43846,115990,NA,NA,NA,NA,NA,NA,NA,NA,NA,NA,NA,NA,NA,NA,NA,NA,NA,NA,NA,NA,NA,NA,NA,NA,NA,NA,NA,NA,NA,NA,NA,-0.972820485904811,69
"9918","Nimpkish-Sockeye","Sockeye",2003,2030,39582,NA,NA,NA,NA,NA,NA,NA,NA,NA,NA,NA,NA,NA,NA,NA,NA,NA,NA,NA,NA,NA,NA,NA,NA,NA,NA,NA,NA,NA,NA,NA,-2.97033867641509,69
"9919","Nimpkish-Sockeye","Sockeye",2004,50866,22621,NA,NA,NA,NA,NA,NA,NA,NA,NA,NA,NA,NA,NA,NA,NA,NA,NA,NA,NA,NA,NA,NA,NA,NA,NA,NA,NA,NA,NA,NA,NA,0.810316045560767,69
"9920","Nimpkish-Sockeye","Sockeye",2005,21161,34001,NA,NA,NA,NA,NA,NA,NA,NA,NA,NA,NA,NA,NA,NA,NA,NA,NA,NA,NA,NA,NA,NA,NA,NA,NA,NA,NA,NA,NA,NA,NA,-0.474230071095715,69
"9921","Nimpkish-Sockeye","Sockeye",2006,229463,42953,NA,NA,NA,NA,NA,NA,NA,NA,NA,NA,NA,NA,NA,NA,NA,NA,NA,NA,NA,NA,NA,NA,NA,NA,NA,NA,NA,NA,NA,NA,NA,1.67563530180748,69
"9922","Nimpkish-Sockeye","Sockeye",2007,73977,25054,NA,NA,NA,NA,NA,NA,NA,NA,NA,NA,NA,NA,NA,NA,NA,NA,NA,NA,NA,NA,NA,NA,NA,NA,NA,NA,NA,NA,NA,NA,NA,1.08272073865967,69
"9923","Nimpkish-Sockeye","Sockeye",2008,73699,36237,NA,NA,NA,NA,NA,NA,NA,NA,NA,NA,NA,NA,NA,NA,NA,NA,NA,NA,NA,NA,NA,NA,NA,NA,NA,NA,NA,NA,NA,NA,NA,0.709908534290955,69
"9924","Nimpkish-Sockeye","Sockeye",2009,89868,15080,NA,NA,NA,NA,NA,NA,NA,NA,NA,NA,NA,NA,NA,NA,NA,NA,NA,NA,NA,NA,NA,NA,NA,NA,NA,NA,NA,NA,NA,NA,NA,1.78497256447542,69
"9925","Nimpkish-Sockeye","Sockeye",2010,155054,139662,NA,NA,NA,NA,NA,NA,NA,NA,NA,NA,NA,NA,NA,NA,NA,NA,NA,NA,NA,NA,NA,NA,NA,NA,NA,NA,NA,NA,NA,NA,NA,0.104548225535351,69
"9926","Nimpkish-Sockeye","Sockeye",2011,96986,154265,NA,NA,NA,NA,NA,NA,NA,NA,NA,NA,NA,NA,NA,NA,NA,NA,NA,NA,NA,NA,NA,NA,NA,NA,NA,NA,NA,NA,NA,NA,NA,-0.464105264600198,69
"9927","Nimpkish-Sockeye","Sockeye",2012,19519,72886,NA,NA,NA,NA,NA,NA,NA,NA,NA,NA,NA,NA,NA,NA,NA,NA,NA,NA,NA,NA,NA,NA,NA,NA,NA,NA,NA,NA,NA,NA,NA,-1.3175082265116,69
"9928","Awun-Sockeye","Sockeye",1957,1381,800,NA,NA,NA,NA,NA,NA,NA,NA,NA,NA,NA,NA,NA,NA,NA,NA,NA,NA,NA,NA,NA,NA,NA,NA,NA,NA,NA,NA,NA,NA,NA,0.545951425741365,70
"9929","Awun-Sockeye","Sockeye",1959,2133,1500,NA,NA,NA,NA,NA,NA,NA,NA,NA,NA,NA,NA,NA,NA,NA,NA,NA,NA,NA,NA,NA,NA,NA,NA,NA,NA,NA,NA,NA,NA,NA,0.352064331381049,70
"9930","Awun-Sockeye","Sockeye",1961,1007,800,NA,NA,NA,NA,NA,NA,NA,NA,NA,NA,NA,NA,NA,NA,NA,NA,NA,NA,NA,NA,NA,NA,NA,NA,NA,NA,NA,NA,NA,NA,NA,0.230119165050635,70
"9931","Awun-Sockeye","Sockeye",1962,931,3000,NA,NA,NA,NA,NA,NA,NA,NA,NA,NA,NA,NA,NA,NA,NA,NA,NA,NA,NA,NA,NA,NA,NA,NA,NA,NA,NA,NA,NA,NA,NA,-1.17010829037318,70
"9932","Awun-Sockeye","Sockeye",1963,706,1500,NA,NA,NA,NA,NA,NA,NA,NA,NA,NA,NA,NA,NA,NA,NA,NA,NA,NA,NA,NA,NA,NA,NA,NA,NA,NA,NA,NA,NA,NA,NA,-0.753605149597059,70
"9933","Awun-Sockeye","Sockeye",1964,3432,3000,NA,NA,NA,NA,NA,NA,NA,NA,NA,NA,NA,NA,NA,NA,NA,NA,NA,NA,NA,NA,NA,NA,NA,NA,NA,NA,NA,NA,NA,NA,NA,0.134530892957606,70
"9934","Awun-Sockeye","Sockeye",1968,3908,800,NA,NA,NA,NA,NA,NA,NA,NA,NA,NA,NA,NA,NA,NA,NA,NA,NA,NA,NA,NA,NA,NA,NA,NA,NA,NA,NA,NA,NA,NA,NA,1.58616928549475,70
"9935","Awun-Sockeye","Sockeye",1969,4805,15000,NA,NA,NA,NA,NA,NA,NA,NA,NA,NA,NA,NA,NA,NA,NA,NA,NA,NA,NA,NA,NA,NA,NA,NA,NA,NA,NA,NA,NA,NA,NA,-1.13839315867995,70
"9936","Awun-Sockeye","Sockeye",1972,2074,3000,NA,NA,NA,NA,NA,NA,NA,NA,NA,NA,NA,NA,NA,NA,NA,NA,NA,NA,NA,NA,NA,NA,NA,NA,NA,NA,NA,NA,NA,NA,NA,-0.369133178860774,70
"9937","Awun-Sockeye","Sockeye",1973,2526,4000,NA,NA,NA,NA,NA,NA,NA,NA,NA,NA,NA,NA,NA,NA,NA,NA,NA,NA,NA,NA,NA,NA,NA,NA,NA,NA,NA,NA,NA,NA,NA,-0.459657337191591,70
"9938","Awun-Sockeye","Sockeye",1974,3174,3000,NA,NA,NA,NA,NA,NA,NA,NA,NA,NA,NA,NA,NA,NA,NA,NA,NA,NA,NA,NA,NA,NA,NA,NA,NA,NA,NA,NA,NA,NA,NA,0.0563803334361077,70
"9939","Awun-Sockeye","Sockeye",1975,8634,2000,NA,NA,NA,NA,NA,NA,NA,NA,NA,NA,NA,NA,NA,NA,NA,NA,NA,NA,NA,NA,NA,NA,NA,NA,NA,NA,NA,NA,NA,NA,NA,1.46256071657334,70
"9940","Awun-Sockeye","Sockeye",1976,21022,1600,NA,NA,NA,NA,NA,NA,NA,NA,NA,NA,NA,NA,NA,NA,NA,NA,NA,NA,NA,NA,NA,NA,NA,NA,NA,NA,NA,NA,NA,NA,NA,2.57556587915543,70
"9941","Awun-Sockeye","Sockeye",1977,6138,2000,NA,NA,NA,NA,NA,NA,NA,NA,NA,NA,NA,NA,NA,NA,NA,NA,NA,NA,NA,NA,NA,NA,NA,NA,NA,NA,NA,NA,NA,NA,NA,1.1213517756376,70
"9942","Awun-Sockeye","Sockeye",1978,12128,2000,NA,NA,NA,NA,NA,NA,NA,NA,NA,NA,NA,NA,NA,NA,NA,NA,NA,NA,NA,NA,NA,NA,NA,NA,NA,NA,NA,NA,NA,NA,NA,1.80236964834007,70
"9943","Awun-Sockeye","Sockeye",1979,10613,5000,NA,NA,NA,NA,NA,NA,NA,NA,NA,NA,NA,NA,NA,NA,NA,NA,NA,NA,NA,NA,NA,NA,NA,NA,NA,NA,NA,NA,NA,NA,NA,0.752641752345585,70
"9944","Awun-Sockeye","Sockeye",1980,16942,19000,NA,NA,NA,NA,NA,NA,NA,NA,NA,NA,NA,NA,NA,NA,NA,NA,NA,NA,NA,NA,NA,NA,NA,NA,NA,NA,NA,NA,NA,NA,NA,-0.114643233157081,70
"9945","Awun-Sockeye","Sockeye",1981,39753,4000,NA,NA,NA,NA,NA,NA,NA,NA,NA,NA,NA,NA,NA,NA,NA,NA,NA,NA,NA,NA,NA,NA,NA,NA,NA,NA,NA,NA,NA,NA,NA,2.29639094883072,70
"9946","Awun-Sockeye","Sockeye",1982,9175,10000,NA,NA,NA,NA,NA,NA,NA,NA,NA,NA,NA,NA,NA,NA,NA,NA,NA,NA,NA,NA,NA,NA,NA,NA,NA,NA,NA,NA,NA,NA,NA,-0.0861026990534117,70
"9947","Awun-Sockeye","Sockeye",1983,4106,8000,NA,NA,NA,NA,NA,NA,NA,NA,NA,NA,NA,NA,NA,NA,NA,NA,NA,NA,NA,NA,NA,NA,NA,NA,NA,NA,NA,NA,NA,NA,NA,-0.666992223083094,70
"9948","Awun-Sockeye","Sockeye",1984,9412,10000,NA,NA,NA,NA,NA,NA,NA,NA,NA,NA,NA,NA,NA,NA,NA,NA,NA,NA,NA,NA,NA,NA,NA,NA,NA,NA,NA,NA,NA,NA,NA,-0.0605996221289296,70
"9949","Awun-Sockeye","Sockeye",1985,310,36000,NA,NA,NA,NA,NA,NA,NA,NA,NA,NA,NA,NA,NA,NA,NA,NA,NA,NA,NA,NA,NA,NA,NA,NA,NA,NA,NA,NA,NA,NA,NA,-4.75470191995906,70
"9950","Awun-Sockeye","Sockeye",1986,710,8000,NA,NA,NA,NA,NA,NA,NA,NA,NA,NA,NA,NA,NA,NA,NA,NA,NA,NA,NA,NA,NA,NA,NA,NA,NA,NA,NA,NA,NA,NA,NA,-2.42193185062661,70
"9951","Awun-Sockeye","Sockeye",1987,4112,2400,NA,NA,NA,NA,NA,NA,NA,NA,NA,NA,NA,NA,NA,NA,NA,NA,NA,NA,NA,NA,NA,NA,NA,NA,NA,NA,NA,NA,NA,NA,NA,0.538440790798964,70
"9952","Awun-Sockeye","Sockeye",1988,9783,8800,NA,NA,NA,NA,NA,NA,NA,NA,NA,NA,NA,NA,NA,NA,NA,NA,NA,NA,NA,NA,NA,NA,NA,NA,NA,NA,NA,NA,NA,NA,NA,0.105894463991131,70
"9953","Awun-Sockeye","Sockeye",1989,1546,200,NA,NA,NA,NA,NA,NA,NA,NA,NA,NA,NA,NA,NA,NA,NA,NA,NA,NA,NA,NA,NA,NA,NA,NA,NA,NA,NA,NA,NA,NA,NA,2.04510886259933,70
"9954","Awun-Sockeye","Sockeye",1990,3177,200,NA,NA,NA,NA,NA,NA,NA,NA,NA,NA,NA,NA,NA,NA,NA,NA,NA,NA,NA,NA,NA,NA,NA,NA,NA,NA,NA,NA,NA,NA,NA,2.76537526772148,70
"9955","Awun-Sockeye","Sockeye",1991,5160,2400,NA,NA,NA,NA,NA,NA,NA,NA,NA,NA,NA,NA,NA,NA,NA,NA,NA,NA,NA,NA,NA,NA,NA,NA,NA,NA,NA,NA,NA,NA,NA,0.765467842139571,70
"9956","Awun-Sockeye","Sockeye",1992,12997,9000,NA,NA,NA,NA,NA,NA,NA,NA,NA,NA,NA,NA,NA,NA,NA,NA,NA,NA,NA,NA,NA,NA,NA,NA,NA,NA,NA,NA,NA,NA,NA,0.367493984263232,70
"9957","Awun-Sockeye","Sockeye",1993,8950,1000,NA,NA,NA,NA,NA,NA,NA,NA,NA,NA,NA,NA,NA,NA,NA,NA,NA,NA,NA,NA,NA,NA,NA,NA,NA,NA,NA,NA,NA,NA,NA,2.19165353228676,70
"9958","Awun-Sockeye","Sockeye",1994,10005,2400,NA,NA,NA,NA,NA,NA,NA,NA,NA,NA,NA,NA,NA,NA,NA,NA,NA,NA,NA,NA,NA,NA,NA,NA,NA,NA,NA,NA,NA,NA,NA,1.4276162306818,70
"9959","Awun-Sockeye","Sockeye",1995,10116,3000,NA,NA,NA,NA,NA,NA,NA,NA,NA,NA,NA,NA,NA,NA,NA,NA,NA,NA,NA,NA,NA,NA,NA,NA,NA,NA,NA,NA,NA,NA,NA,1.21550604013961,70
"9960","Awun-Sockeye","Sockeye",1996,10047,11000,NA,NA,NA,NA,NA,NA,NA,NA,NA,NA,NA,NA,NA,NA,NA,NA,NA,NA,NA,NA,NA,NA,NA,NA,NA,NA,NA,NA,NA,NA,NA,-0.0906211903181933,70
"9961","Awun-Sockeye","Sockeye",1997,3876,7000,NA,NA,NA,NA,NA,NA,NA,NA,NA,NA,NA,NA,NA,NA,NA,NA,NA,NA,NA,NA,NA,NA,NA,NA,NA,NA,NA,NA,NA,NA,NA,-0.591106455026793,70
"9962","Awun-Sockeye","Sockeye",1998,11294,8000,NA,NA,NA,NA,NA,NA,NA,NA,NA,NA,NA,NA,NA,NA,NA,NA,NA,NA,NA,NA,NA,NA,NA,NA,NA,NA,NA,NA,NA,NA,NA,0.344830069570809,70
"9963","Awun-Sockeye","Sockeye",1999,7182,8000,NA,NA,NA,NA,NA,NA,NA,NA,NA,NA,NA,NA,NA,NA,NA,NA,NA,NA,NA,NA,NA,NA,NA,NA,NA,NA,NA,NA,NA,NA,NA,-0.107863645875945,70
"9964","Awun-Sockeye","Sockeye",2000,5711,9000,NA,NA,NA,NA,NA,NA,NA,NA,NA,NA,NA,NA,NA,NA,NA,NA,NA,NA,NA,NA,NA,NA,NA,NA,NA,NA,NA,NA,NA,NA,NA,-0.454830437653494,70
"9965","Awun-Sockeye","Sockeye",2001,11659,2000,NA,NA,NA,NA,NA,NA,NA,NA,NA,NA,NA,NA,NA,NA,NA,NA,NA,NA,NA,NA,NA,NA,NA,NA,NA,NA,NA,NA,NA,NA,NA,1.76293123339121,70
"9966","Awun-Sockeye","Sockeye",2002,26840,9600,NA,NA,NA,NA,NA,NA,NA,NA,NA,NA,NA,NA,NA,NA,NA,NA,NA,NA,NA,NA,NA,NA,NA,NA,NA,NA,NA,NA,NA,NA,NA,1.02813021362969,70
"9967","Awun-Sockeye","Sockeye",2003,8857,6000,NA,NA,NA,NA,NA,NA,NA,NA,NA,NA,NA,NA,NA,NA,NA,NA,NA,NA,NA,NA,NA,NA,NA,NA,NA,NA,NA,NA,NA,NA,NA,0.389448637599391,70
"9968","Awun-Sockeye","Sockeye",2004,9331,4000,NA,NA,NA,NA,NA,NA,NA,NA,NA,NA,NA,NA,NA,NA,NA,NA,NA,NA,NA,NA,NA,NA,NA,NA,NA,NA,NA,NA,NA,NA,NA,0.847047829131994,70
"9969","Awun-Sockeye","Sockeye",2005,13137,7000,NA,NA,NA,NA,NA,NA,NA,NA,NA,NA,NA,NA,NA,NA,NA,NA,NA,NA,NA,NA,NA,NA,NA,NA,NA,NA,NA,NA,NA,NA,NA,0.629522527432058,70
"9970","Awun-Sockeye","Sockeye",2006,16020,24000,NA,NA,NA,NA,NA,NA,NA,NA,NA,NA,NA,NA,NA,NA,NA,NA,NA,NA,NA,NA,NA,NA,NA,NA,NA,NA,NA,NA,NA,NA,NA,-0.404215888707733,70
"9971","Awun-Sockeye","Sockeye",2007,7335,7000,NA,NA,NA,NA,NA,NA,NA,NA,NA,NA,NA,NA,NA,NA,NA,NA,NA,NA,NA,NA,NA,NA,NA,NA,NA,NA,NA,NA,NA,NA,NA,0.0467472625396317,70
"9972","Awun-Sockeye","Sockeye",2008,6340,7000,NA,NA,NA,NA,NA,NA,NA,NA,NA,NA,NA,NA,NA,NA,NA,NA,NA,NA,NA,NA,NA,NA,NA,NA,NA,NA,NA,NA,NA,NA,NA,-0.0990313806061788,70
"9973","Awun-Sockeye","Sockeye",2009,8820,10000,NA,NA,NA,NA,NA,NA,NA,NA,NA,NA,NA,NA,NA,NA,NA,NA,NA,NA,NA,NA,NA,NA,NA,NA,NA,NA,NA,NA,NA,NA,NA,-0.125563222975346,70
"9974","Awun-Sockeye","Sockeye",2010,13131,14000,NA,NA,NA,NA,NA,NA,NA,NA,NA,NA,NA,NA,NA,NA,NA,NA,NA,NA,NA,NA,NA,NA,NA,NA,NA,NA,NA,NA,NA,NA,NA,-0.0640814827383906,70
"9975","Awun-Sockeye","Sockeye",2011,8044,6000,NA,NA,NA,NA,NA,NA,NA,NA,NA,NA,NA,NA,NA,NA,NA,NA,NA,NA,NA,NA,NA,NA,NA,NA,NA,NA,NA,NA,NA,NA,NA,0.293167002682351,70
"9976","Awun-Sockeye","Sockeye",2012,6982,4800,NA,NA,NA,NA,NA,NA,NA,NA,NA,NA,NA,NA,NA,NA,NA,NA,NA,NA,NA,NA,NA,NA,NA,NA,NA,NA,NA,NA,NA,NA,NA,0.374719490768999,70
"9977","Awun-Sockeye","Sockeye",2013,9378,6400,NA,NA,NA,NA,NA,NA,NA,NA,NA,NA,NA,NA,NA,NA,NA,NA,NA,NA,NA,NA,NA,NA,NA,NA,NA,NA,NA,NA,NA,NA,NA,0.382068530301768,70
"9978","Awun-Sockeye","Sockeye",2014,5942,11200,NA,NA,NA,NA,NA,NA,NA,NA,NA,NA,NA,NA,NA,NA,NA,NA,NA,NA,NA,NA,NA,NA,NA,NA,NA,NA,NA,NA,NA,NA,NA,-0.633868001260633,70
"9979","Awun-Sockeye","Sockeye",2015,7353,6600,NA,NA,NA,NA,NA,NA,NA,NA,NA,NA,NA,NA,NA,NA,NA,NA,NA,NA,NA,NA,NA,NA,NA,NA,NA,NA,NA,NA,NA,NA,NA,0.108038744181705,70
"9980","Awun-Sockeye","Sockeye",2016,10730,5200,NA,NA,NA,NA,NA,NA,NA,NA,NA,NA,NA,NA,NA,NA,NA,NA,NA,NA,NA,NA,NA,NA,NA,NA,NA,NA,NA,NA,NA,NA,NA,0.724384931055226,70
"9981","Marian-Eden-Sockeye","Sockeye",1954,75771,15000,NA,NA,NA,NA,NA,NA,NA,NA,NA,NA,NA,NA,NA,NA,NA,NA,NA,NA,NA,NA,NA,NA,NA,NA,NA,NA,NA,NA,NA,NA,NA,1.61966543258954,71
"9982","Marian-Eden-Sockeye","Sockeye",1956,10339,7000,NA,NA,NA,NA,NA,NA,NA,NA,NA,NA,NA,NA,NA,NA,NA,NA,NA,NA,NA,NA,NA,NA,NA,NA,NA,NA,NA,NA,NA,NA,NA,0.390013003549243,71
"9983","Marian-Eden-Sockeye","Sockeye",1957,21217,3000,NA,NA,NA,NA,NA,NA,NA,NA,NA,NA,NA,NA,NA,NA,NA,NA,NA,NA,NA,NA,NA,NA,NA,NA,NA,NA,NA,NA,NA,NA,NA,1.95619045846287,71
"9984","Marian-Eden-Sockeye","Sockeye",1958,33336,70000,NA,NA,NA,NA,NA,NA,NA,NA,NA,NA,NA,NA,NA,NA,NA,NA,NA,NA,NA,NA,NA,NA,NA,NA,NA,NA,NA,NA,NA,NA,NA,-0.741857347929207,71
"9985","Marian-Eden-Sockeye","Sockeye",1959,10195,7000,NA,NA,NA,NA,NA,NA,NA,NA,NA,NA,NA,NA,NA,NA,NA,NA,NA,NA,NA,NA,NA,NA,NA,NA,NA,NA,NA,NA,NA,NA,NA,0.375987254971105,71
"9986","Marian-Eden-Sockeye","Sockeye",1960,16524,7000,NA,NA,NA,NA,NA,NA,NA,NA,NA,NA,NA,NA,NA,NA,NA,NA,NA,NA,NA,NA,NA,NA,NA,NA,NA,NA,NA,NA,NA,NA,NA,0.858903720479205,71
"9987","Marian-Eden-Sockeye","Sockeye",1961,3527,15000,NA,NA,NA,NA,NA,NA,NA,NA,NA,NA,NA,NA,NA,NA,NA,NA,NA,NA,NA,NA,NA,NA,NA,NA,NA,NA,NA,NA,NA,NA,NA,-1.4476025498483,71
"9988","Marian-Eden-Sockeye","Sockeye",1962,1813,30000,NA,NA,NA,NA,NA,NA,NA,NA,NA,NA,NA,NA,NA,NA,NA,NA,NA,NA,NA,NA,NA,NA,NA,NA,NA,NA,NA,NA,NA,NA,NA,-2.80621444988944,71
"9989","Marian-Eden-Sockeye","Sockeye",1963,2341,7000,NA,NA,NA,NA,NA,NA,NA,NA,NA,NA,NA,NA,NA,NA,NA,NA,NA,NA,NA,NA,NA,NA,NA,NA,NA,NA,NA,NA,NA,NA,NA,-1.09533196054654,71
"9990","Marian-Eden-Sockeye","Sockeye",1964,12625,15000,NA,NA,NA,NA,NA,NA,NA,NA,NA,NA,NA,NA,NA,NA,NA,NA,NA,NA,NA,NA,NA,NA,NA,NA,NA,NA,NA,NA,NA,NA,NA,-0.172371225940787,71
"9991","Marian-Eden-Sockeye","Sockeye",1965,32400,3000,NA,NA,NA,NA,NA,NA,NA,NA,NA,NA,NA,NA,NA,NA,NA,NA,NA,NA,NA,NA,NA,NA,NA,NA,NA,NA,NA,NA,NA,NA,NA,2.37954613413017,71
"9992","Marian-Eden-Sockeye","Sockeye",1966,5360,1500,NA,NA,NA,NA,NA,NA,NA,NA,NA,NA,NA,NA,NA,NA,NA,NA,NA,NA,NA,NA,NA,NA,NA,NA,NA,NA,NA,NA,NA,NA,NA,1.27349886697455,71
"9993","Marian-Eden-Sockeye","Sockeye",1967,25100,800,NA,NA,NA,NA,NA,NA,NA,NA,NA,NA,NA,NA,NA,NA,NA,NA,NA,NA,NA,NA,NA,NA,NA,NA,NA,NA,NA,NA,NA,NA,NA,3.44601139745195,71
"9994","Marian-Eden-Sockeye","Sockeye",1968,28625,7000,NA,NA,NA,NA,NA,NA,NA,NA,NA,NA,NA,NA,NA,NA,NA,NA,NA,NA,NA,NA,NA,NA,NA,NA,NA,NA,NA,NA,NA,NA,NA,1.40837031281909,71
"9995","Marian-Eden-Sockeye","Sockeye",1969,49591,30000,NA,NA,NA,NA,NA,NA,NA,NA,NA,NA,NA,NA,NA,NA,NA,NA,NA,NA,NA,NA,NA,NA,NA,NA,NA,NA,NA,NA,NA,NA,NA,0.502611983991488,71
"9996","Marian-Eden-Sockeye","Sockeye",1970,44340,1500,NA,NA,NA,NA,NA,NA,NA,NA,NA,NA,NA,NA,NA,NA,NA,NA,NA,NA,NA,NA,NA,NA,NA,NA,NA,NA,NA,NA,NA,NA,NA,3.38642209608,71
"9997","Marian-Eden-Sockeye","Sockeye",1971,17258,20000,NA,NA,NA,NA,NA,NA,NA,NA,NA,NA,NA,NA,NA,NA,NA,NA,NA,NA,NA,NA,NA,NA,NA,NA,NA,NA,NA,NA,NA,NA,NA,-0.147456469467875,71
"9998","Marian-Eden-Sockeye","Sockeye",1972,70846,20000,NA,NA,NA,NA,NA,NA,NA,NA,NA,NA,NA,NA,NA,NA,NA,NA,NA,NA,NA,NA,NA,NA,NA,NA,NA,NA,NA,NA,NA,NA,NA,1.26477623368476,71
"9999","Marian-Eden-Sockeye","Sockeye",1973,44665,40000,NA,NA,NA,NA,NA,NA,NA,NA,NA,NA,NA,NA,NA,NA,NA,NA,NA,NA,NA,NA,NA,NA,NA,NA,NA,NA,NA,NA,NA,NA,NA,0.110310743039866,71
"10000","Marian-Eden-Sockeye","Sockeye",1974,12806,40000,NA,NA,NA,NA,NA,NA,NA,NA,NA,NA,NA,NA,NA,NA,NA,NA,NA,NA,NA,NA,NA,NA,NA,NA,NA,NA,NA,NA,NA,NA,NA,-1.13896564301733,71
"10001","Marian-Eden-Sockeye","Sockeye",1975,13442,6000,NA,NA,NA,NA,NA,NA,NA,NA,NA,NA,NA,NA,NA,NA,NA,NA,NA,NA,NA,NA,NA,NA,NA,NA,NA,NA,NA,NA,NA,NA,NA,0.806624664319719,71
"10002","Marian-Eden-Sockeye","Sockeye",1976,11522,60000,NA,NA,NA,NA,NA,NA,NA,NA,NA,NA,NA,NA,NA,NA,NA,NA,NA,NA,NA,NA,NA,NA,NA,NA,NA,NA,NA,NA,NA,NA,NA,-1.65008631091191,71
"10003","Marian-Eden-Sockeye","Sockeye",1977,10313,40000,NA,NA,NA,NA,NA,NA,NA,NA,NA,NA,NA,NA,NA,NA,NA,NA,NA,NA,NA,NA,NA,NA,NA,NA,NA,NA,NA,NA,NA,NA,NA,-1.35547421878,71
"10004","Marian-Eden-Sockeye","Sockeye",1978,11385,10000,NA,NA,NA,NA,NA,NA,NA,NA,NA,NA,NA,NA,NA,NA,NA,NA,NA,NA,NA,NA,NA,NA,NA,NA,NA,NA,NA,NA,NA,NA,NA,0.129711606521657,71
"10005","Marian-Eden-Sockeye","Sockeye",1979,4725,11000,NA,NA,NA,NA,NA,NA,NA,NA,NA,NA,NA,NA,NA,NA,NA,NA,NA,NA,NA,NA,NA,NA,NA,NA,NA,NA,NA,NA,NA,NA,NA,-0.845027711852664,71
"10006","Marian-Eden-Sockeye","Sockeye",1980,3610,9400,NA,NA,NA,NA,NA,NA,NA,NA,NA,NA,NA,NA,NA,NA,NA,NA,NA,NA,NA,NA,NA,NA,NA,NA,NA,NA,NA,NA,NA,NA,NA,-0.957001916931169,71
"10007","Marian-Eden-Sockeye","Sockeye",1981,9329,8000,NA,NA,NA,NA,NA,NA,NA,NA,NA,NA,NA,NA,NA,NA,NA,NA,NA,NA,NA,NA,NA,NA,NA,NA,NA,NA,NA,NA,NA,NA,NA,0.153686286298988,71
"10008","Marian-Eden-Sockeye","Sockeye",1982,2939,10000,NA,NA,NA,NA,NA,NA,NA,NA,NA,NA,NA,NA,NA,NA,NA,NA,NA,NA,NA,NA,NA,NA,NA,NA,NA,NA,NA,NA,NA,NA,NA,-1.22451570555727,71
"10009","Marian-Eden-Sockeye","Sockeye",1983,5813,4000,NA,NA,NA,NA,NA,NA,NA,NA,NA,NA,NA,NA,NA,NA,NA,NA,NA,NA,NA,NA,NA,NA,NA,NA,NA,NA,NA,NA,NA,NA,NA,0.373802427599323,71
"10010","Marian-Eden-Sockeye","Sockeye",1986,509,2000,NA,NA,NA,NA,NA,NA,NA,NA,NA,NA,NA,NA,NA,NA,NA,NA,NA,NA,NA,NA,NA,NA,NA,NA,NA,NA,NA,NA,NA,NA,NA,-1.36845444299156,71
"10011","Marian-Eden-Sockeye","Sockeye",1987,2522,4000,NA,NA,NA,NA,NA,NA,NA,NA,NA,NA,NA,NA,NA,NA,NA,NA,NA,NA,NA,NA,NA,NA,NA,NA,NA,NA,NA,NA,NA,NA,NA,-0.461242123577163,71
"10012","Marian-Eden-Sockeye","Sockeye",1990,9085,200,NA,NA,NA,NA,NA,NA,NA,NA,NA,NA,NA,NA,NA,NA,NA,NA,NA,NA,NA,NA,NA,NA,NA,NA,NA,NA,NA,NA,NA,NA,NA,3.81606261428223,71
"10013","Marian-Eden-Sockeye","Sockeye",1991,4261,1400,NA,NA,NA,NA,NA,NA,NA,NA,NA,NA,NA,NA,NA,NA,NA,NA,NA,NA,NA,NA,NA,NA,NA,NA,NA,NA,NA,NA,NA,NA,NA,1.11303163789656,71
"10014","Marian-Eden-Sockeye","Sockeye",1994,12138,8000,NA,NA,NA,NA,NA,NA,NA,NA,NA,NA,NA,NA,NA,NA,NA,NA,NA,NA,NA,NA,NA,NA,NA,NA,NA,NA,NA,NA,NA,NA,NA,0.416899485733827,71
"10015","Marian-Eden-Sockeye","Sockeye",1995,10802,3000,NA,NA,NA,NA,NA,NA,NA,NA,NA,NA,NA,NA,NA,NA,NA,NA,NA,NA,NA,NA,NA,NA,NA,NA,NA,NA,NA,NA,NA,NA,NA,1.28111901350259,71
"10016","Marian-Eden-Sockeye","Sockeye",1996,14023,6000,NA,NA,NA,NA,NA,NA,NA,NA,NA,NA,NA,NA,NA,NA,NA,NA,NA,NA,NA,NA,NA,NA,NA,NA,NA,NA,NA,NA,NA,NA,NA,0.848939369516459,71
"10017","Marian-Eden-Sockeye","Sockeye",1998,2269,10000,NA,NA,NA,NA,NA,NA,NA,NA,NA,NA,NA,NA,NA,NA,NA,NA,NA,NA,NA,NA,NA,NA,NA,NA,NA,NA,NA,NA,NA,NA,NA,-1.48324588719634,71
"10018","Marian-Eden-Sockeye","Sockeye",1999,4059,8000,NA,NA,NA,NA,NA,NA,NA,NA,NA,NA,NA,NA,NA,NA,NA,NA,NA,NA,NA,NA,NA,NA,NA,NA,NA,NA,NA,NA,NA,NA,NA,-0.678504903823075,71
"10019","Marian-Eden-Sockeye","Sockeye",2008,27243,5000,NA,NA,NA,NA,NA,NA,NA,NA,NA,NA,NA,NA,NA,NA,NA,NA,NA,NA,NA,NA,NA,NA,NA,NA,NA,NA,NA,NA,NA,NA,NA,1.6953586949417,71
"10020","Marian-Eden-Sockeye","Sockeye",2010,16989,9000,NA,NA,NA,NA,NA,NA,NA,NA,NA,NA,NA,NA,NA,NA,NA,NA,NA,NA,NA,NA,NA,NA,NA,NA,NA,NA,NA,NA,NA,NA,NA,0.635341498463558,71
"10021","Marian-Eden-Sockeye","Sockeye",2012,17672,24000,NA,NA,NA,NA,NA,NA,NA,NA,NA,NA,NA,NA,NA,NA,NA,NA,NA,NA,NA,NA,NA,NA,NA,NA,NA,NA,NA,NA,NA,NA,NA,-0.30607236423013,71
"10022","Marian-Eden-Sockeye","Sockeye",2013,4317,9200,NA,NA,NA,NA,NA,NA,NA,NA,NA,NA,NA,NA,NA,NA,NA,NA,NA,NA,NA,NA,NA,NA,NA,NA,NA,NA,NA,NA,NA,NA,NA,-0.756642767481654,71
"10023","Marian-Eden-Sockeye","Sockeye",2014,6750,13200,NA,NA,NA,NA,NA,NA,NA,NA,NA,NA,NA,NA,NA,NA,NA,NA,NA,NA,NA,NA,NA,NA,NA,NA,NA,NA,NA,NA,NA,NA,NA,-0.670674324707887,71
"10024","Marian-Eden-Sockeye","Sockeye",2015,2312,16000,NA,NA,NA,NA,NA,NA,NA,NA,NA,NA,NA,NA,NA,NA,NA,NA,NA,NA,NA,NA,NA,NA,NA,NA,NA,NA,NA,NA,NA,NA,NA,-1.93447577142965,71
"10025","Marian-Eden-Sockeye","Sockeye",2016,1204,16000,NA,NA,NA,NA,NA,NA,NA,NA,NA,NA,NA,NA,NA,NA,NA,NA,NA,NA,NA,NA,NA,NA,NA,NA,NA,NA,NA,NA,NA,NA,NA,-2.58693937535315,71
"10026","Mercer-Sockeye","Sockeye",1954,15976,800,NA,NA,NA,NA,NA,NA,NA,NA,NA,NA,NA,NA,NA,NA,NA,NA,NA,NA,NA,NA,NA,NA,NA,NA,NA,NA,NA,NA,NA,NA,NA,2.99423114742772,72
"10027","Mercer-Sockeye","Sockeye",1955,13576,800,NA,NA,NA,NA,NA,NA,NA,NA,NA,NA,NA,NA,NA,NA,NA,NA,NA,NA,NA,NA,NA,NA,NA,NA,NA,NA,NA,NA,NA,NA,NA,2.83144707924613,72
"10028","Mercer-Sockeye","Sockeye",1956,14026,7000,NA,NA,NA,NA,NA,NA,NA,NA,NA,NA,NA,NA,NA,NA,NA,NA,NA,NA,NA,NA,NA,NA,NA,NA,NA,NA,NA,NA,NA,NA,NA,0.695002601059405,72
"10029","Mercer-Sockeye","Sockeye",1958,12474,15000,NA,NA,NA,NA,NA,NA,NA,NA,NA,NA,NA,NA,NA,NA,NA,NA,NA,NA,NA,NA,NA,NA,NA,NA,NA,NA,NA,NA,NA,NA,NA,-0.184403722998279,72
"10030","Mercer-Sockeye","Sockeye",1959,13044,10000,NA,NA,NA,NA,NA,NA,NA,NA,NA,NA,NA,NA,NA,NA,NA,NA,NA,NA,NA,NA,NA,NA,NA,NA,NA,NA,NA,NA,NA,NA,NA,0.265743164933027,72
"10031","Mercer-Sockeye","Sockeye",1960,9592,12000,NA,NA,NA,NA,NA,NA,NA,NA,NA,NA,NA,NA,NA,NA,NA,NA,NA,NA,NA,NA,NA,NA,NA,NA,NA,NA,NA,NA,NA,NA,NA,-0.223977232062787,72
"10032","Mercer-Sockeye","Sockeye",1961,18342,10000,NA,NA,NA,NA,NA,NA,NA,NA,NA,NA,NA,NA,NA,NA,NA,NA,NA,NA,NA,NA,NA,NA,NA,NA,NA,NA,NA,NA,NA,NA,NA,0.606608419142707,72
"10033","Mercer-Sockeye","Sockeye",1962,18297,7000,NA,NA,NA,NA,NA,NA,NA,NA,NA,NA,NA,NA,NA,NA,NA,NA,NA,NA,NA,NA,NA,NA,NA,NA,NA,NA,NA,NA,NA,NA,NA,0.960826962927116,72
"10034","Mercer-Sockeye","Sockeye",1963,17534,15000,NA,NA,NA,NA,NA,NA,NA,NA,NA,NA,NA,NA,NA,NA,NA,NA,NA,NA,NA,NA,NA,NA,NA,NA,NA,NA,NA,NA,NA,NA,NA,0.156091652064184,72
"10035","Mercer-Sockeye","Sockeye",1964,18406,3000,NA,NA,NA,NA,NA,NA,NA,NA,NA,NA,NA,NA,NA,NA,NA,NA,NA,NA,NA,NA,NA,NA,NA,NA,NA,NA,NA,NA,NA,NA,NA,1.81406440974856,72
"10036","Mercer-Sockeye","Sockeye",1965,14951,15000,NA,NA,NA,NA,NA,NA,NA,NA,NA,NA,NA,NA,NA,NA,NA,NA,NA,NA,NA,NA,NA,NA,NA,NA,NA,NA,NA,NA,NA,NA,NA,-0.00327201387041927,72
"10037","Mercer-Sockeye","Sockeye",1966,7077,15000,NA,NA,NA,NA,NA,NA,NA,NA,NA,NA,NA,NA,NA,NA,NA,NA,NA,NA,NA,NA,NA,NA,NA,NA,NA,NA,NA,NA,NA,NA,NA,-0.751200112008562,72
"10038","Mercer-Sockeye","Sockeye",1967,9277,14000,NA,NA,NA,NA,NA,NA,NA,NA,NA,NA,NA,NA,NA,NA,NA,NA,NA,NA,NA,NA,NA,NA,NA,NA,NA,NA,NA,NA,NA,NA,NA,-0.411519110944124,72
"10039","Mercer-Sockeye","Sockeye",1968,11458,14000,NA,NA,NA,NA,NA,NA,NA,NA,NA,NA,NA,NA,NA,NA,NA,NA,NA,NA,NA,NA,NA,NA,NA,NA,NA,NA,NA,NA,NA,NA,NA,-0.200369153628873,72
"10040","Mercer-Sockeye","Sockeye",1969,8257,16000,NA,NA,NA,NA,NA,NA,NA,NA,NA,NA,NA,NA,NA,NA,NA,NA,NA,NA,NA,NA,NA,NA,NA,NA,NA,NA,NA,NA,NA,NA,NA,-0.66152739680449,72
"10041","Mercer-Sockeye","Sockeye",1974,6390,4000,NA,NA,NA,NA,NA,NA,NA,NA,NA,NA,NA,NA,NA,NA,NA,NA,NA,NA,NA,NA,NA,NA,NA,NA,NA,NA,NA,NA,NA,NA,NA,0.468439907269553,72
"10042","Mercer-Sockeye","Sockeye",1976,7885,2000,NA,NA,NA,NA,NA,NA,NA,NA,NA,NA,NA,NA,NA,NA,NA,NA,NA,NA,NA,NA,NA,NA,NA,NA,NA,NA,NA,NA,NA,NA,NA,1.37181503985506,72
"10043","Mercer-Sockeye","Sockeye",1978,9060,6000,NA,NA,NA,NA,NA,NA,NA,NA,NA,NA,NA,NA,NA,NA,NA,NA,NA,NA,NA,NA,NA,NA,NA,NA,NA,NA,NA,NA,NA,NA,NA,0.412109650826833,72
"10044","Mercer-Sockeye","Sockeye",1979,6210,4000,NA,NA,NA,NA,NA,NA,NA,NA,NA,NA,NA,NA,NA,NA,NA,NA,NA,NA,NA,NA,NA,NA,NA,NA,NA,NA,NA,NA,NA,NA,NA,0.439866534825497,72
"10045","Mercer-Sockeye","Sockeye",1980,3399,6000,NA,NA,NA,NA,NA,NA,NA,NA,NA,NA,NA,NA,NA,NA,NA,NA,NA,NA,NA,NA,NA,NA,NA,NA,NA,NA,NA,NA,NA,NA,NA,-0.568278198514076,72
"10046","Mercer-Sockeye","Sockeye",1981,4345,7000,NA,NA,NA,NA,NA,NA,NA,NA,NA,NA,NA,NA,NA,NA,NA,NA,NA,NA,NA,NA,NA,NA,NA,NA,NA,NA,NA,NA,NA,NA,NA,-0.476884390337958,72
"10047","Mercer-Sockeye","Sockeye",1982,7364,8000,NA,NA,NA,NA,NA,NA,NA,NA,NA,NA,NA,NA,NA,NA,NA,NA,NA,NA,NA,NA,NA,NA,NA,NA,NA,NA,NA,NA,NA,NA,NA,-0.0828382783090045,72
"10048","Mercer-Sockeye","Sockeye",1983,5508,6000,NA,NA,NA,NA,NA,NA,NA,NA,NA,NA,NA,NA,NA,NA,NA,NA,NA,NA,NA,NA,NA,NA,NA,NA,NA,NA,NA,NA,NA,NA,NA,-0.0855578883616465,72
"10049","Mercer-Sockeye","Sockeye",1994,8822,3000,NA,NA,NA,NA,NA,NA,NA,NA,NA,NA,NA,NA,NA,NA,NA,NA,NA,NA,NA,NA,NA,NA,NA,NA,NA,NA,NA,NA,NA,NA,NA,1.07863631301464,72
"10050","Mercer-Sockeye","Sockeye",1995,7568,3600,NA,NA,NA,NA,NA,NA,NA,NA,NA,NA,NA,NA,NA,NA,NA,NA,NA,NA,NA,NA,NA,NA,NA,NA,NA,NA,NA,NA,NA,NA,NA,0.742994986287513,72
"10051","Mercer-Sockeye","Sockeye",1998,5629,8000,NA,NA,NA,NA,NA,NA,NA,NA,NA,NA,NA,NA,NA,NA,NA,NA,NA,NA,NA,NA,NA,NA,NA,NA,NA,NA,NA,NA,NA,NA,NA,-0.351509735197946,72
"10052","Mercer-Sockeye","Sockeye",1999,6350,6000,NA,NA,NA,NA,NA,NA,NA,NA,NA,NA,NA,NA,NA,NA,NA,NA,NA,NA,NA,NA,NA,NA,NA,NA,NA,NA,NA,NA,NA,NA,NA,0.0566953436765453,72
"10053","Mercer-Sockeye","Sockeye",2000,4481,6000,NA,NA,NA,NA,NA,NA,NA,NA,NA,NA,NA,NA,NA,NA,NA,NA,NA,NA,NA,NA,NA,NA,NA,NA,NA,NA,NA,NA,NA,NA,NA,-0.291913233424049,72
"10054","Mercer-Sockeye","Sockeye",2001,7364,5000,NA,NA,NA,NA,NA,NA,NA,NA,NA,NA,NA,NA,NA,NA,NA,NA,NA,NA,NA,NA,NA,NA,NA,NA,NA,NA,NA,NA,NA,NA,NA,0.387165350936731,72
"10055","Mercer-Sockeye","Sockeye",2002,7047,3000,NA,NA,NA,NA,NA,NA,NA,NA,NA,NA,NA,NA,NA,NA,NA,NA,NA,NA,NA,NA,NA,NA,NA,NA,NA,NA,NA,NA,NA,NA,NA,0.853989705676776,72
"10056","Mercer-Sockeye","Sockeye",2003,5378,7000,NA,NA,NA,NA,NA,NA,NA,NA,NA,NA,NA,NA,NA,NA,NA,NA,NA,NA,NA,NA,NA,NA,NA,NA,NA,NA,NA,NA,NA,NA,NA,-0.26359359120864,72
"10057","Mercer-Sockeye","Sockeye",2008,13971,3000,NA,NA,NA,NA,NA,NA,NA,NA,NA,NA,NA,NA,NA,NA,NA,NA,NA,NA,NA,NA,NA,NA,NA,NA,NA,NA,NA,NA,NA,NA,NA,1.53837146400024,72
"10058","Mercer-Sockeye","Sockeye",2010,5340,10000,NA,NA,NA,NA,NA,NA,NA,NA,NA,NA,NA,NA,NA,NA,NA,NA,NA,NA,NA,NA,NA,NA,NA,NA,NA,NA,NA,NA,NA,NA,NA,-0.627359440021942,72
"10059","Mercer-Sockeye","Sockeye",2012,10032,10000,NA,NA,NA,NA,NA,NA,NA,NA,NA,NA,NA,NA,NA,NA,NA,NA,NA,NA,NA,NA,NA,NA,NA,NA,NA,NA,NA,NA,NA,NA,NA,0.00319489089651929,72
"10060","Mercer-Sockeye","Sockeye",2013,5967,14000,NA,NA,NA,NA,NA,NA,NA,NA,NA,NA,NA,NA,NA,NA,NA,NA,NA,NA,NA,NA,NA,NA,NA,NA,NA,NA,NA,NA,NA,NA,NA,-0.852813041075314,72
"10061","Skidegate-Sockeye","Sockeye",1956,36214,30000,NA,NA,NA,NA,NA,NA,NA,NA,NA,NA,NA,NA,NA,NA,NA,NA,NA,NA,NA,NA,NA,NA,NA,NA,NA,NA,NA,NA,NA,NA,NA,0.188248402736296,73
"10062","Skidegate-Sockeye","Sockeye",1957,47357,70000,NA,NA,NA,NA,NA,NA,NA,NA,NA,NA,NA,NA,NA,NA,NA,NA,NA,NA,NA,NA,NA,NA,NA,NA,NA,NA,NA,NA,NA,NA,NA,-0.390780598074557,73
"10063","Skidegate-Sockeye","Sockeye",1958,83321,30000,NA,NA,NA,NA,NA,NA,NA,NA,NA,NA,NA,NA,NA,NA,NA,NA,NA,NA,NA,NA,NA,NA,NA,NA,NA,NA,NA,NA,NA,NA,NA,1.0215032365789,73
"10064","Skidegate-Sockeye","Sockeye",1960,41250,30000,NA,NA,NA,NA,NA,NA,NA,NA,NA,NA,NA,NA,NA,NA,NA,NA,NA,NA,NA,NA,NA,NA,NA,NA,NA,NA,NA,NA,NA,NA,NA,0.318453731118535,73
"10065","Skidegate-Sockeye","Sockeye",1961,52036,30000,NA,NA,NA,NA,NA,NA,NA,NA,NA,NA,NA,NA,NA,NA,NA,NA,NA,NA,NA,NA,NA,NA,NA,NA,NA,NA,NA,NA,NA,NA,NA,0.550738405077157,73
"10066","Skidegate-Sockeye","Sockeye",1962,55664,70000,NA,NA,NA,NA,NA,NA,NA,NA,NA,NA,NA,NA,NA,NA,NA,NA,NA,NA,NA,NA,NA,NA,NA,NA,NA,NA,NA,NA,NA,NA,NA,-0.229161623639773,73
"10067","Skidegate-Sockeye","Sockeye",1963,42450,60000,NA,NA,NA,NA,NA,NA,NA,NA,NA,NA,NA,NA,NA,NA,NA,NA,NA,NA,NA,NA,NA,NA,NA,NA,NA,NA,NA,NA,NA,NA,NA,-0.346017649464744,73
"10068","Skidegate-Sockeye","Sockeye",1964,85529,30000,NA,NA,NA,NA,NA,NA,NA,NA,NA,NA,NA,NA,NA,NA,NA,NA,NA,NA,NA,NA,NA,NA,NA,NA,NA,NA,NA,NA,NA,NA,NA,1.04765811805814,73
"10069","Skidegate-Sockeye","Sockeye",1965,80107,40000,NA,NA,NA,NA,NA,NA,NA,NA,NA,NA,NA,NA,NA,NA,NA,NA,NA,NA,NA,NA,NA,NA,NA,NA,NA,NA,NA,NA,NA,NA,NA,0.694483786903575,73
"10070","Skidegate-Sockeye","Sockeye",1966,51286,50000,NA,NA,NA,NA,NA,NA,NA,NA,NA,NA,NA,NA,NA,NA,NA,NA,NA,NA,NA,NA,NA,NA,NA,NA,NA,NA,NA,NA,NA,NA,NA,0.025394805019942,73
"10071","Skidegate-Sockeye","Sockeye",1967,41621,24000,NA,NA,NA,NA,NA,NA,NA,NA,NA,NA,NA,NA,NA,NA,NA,NA,NA,NA,NA,NA,NA,NA,NA,NA,NA,NA,NA,NA,NA,NA,NA,0.550551017239041,73
"10072","Skidegate-Sockeye","Sockeye",1968,12407,70000,NA,NA,NA,NA,NA,NA,NA,NA,NA,NA,NA,NA,NA,NA,NA,NA,NA,NA,NA,NA,NA,NA,NA,NA,NA,NA,NA,NA,NA,NA,NA,-1.73023441258862,73
"10073","Skidegate-Sockeye","Sockeye",1969,23414,70000,NA,NA,NA,NA,NA,NA,NA,NA,NA,NA,NA,NA,NA,NA,NA,NA,NA,NA,NA,NA,NA,NA,NA,NA,NA,NA,NA,NA,NA,NA,NA,-1.09516110799188,73
"10074","Skidegate-Sockeye","Sockeye",1970,24854,40000,NA,NA,NA,NA,NA,NA,NA,NA,NA,NA,NA,NA,NA,NA,NA,NA,NA,NA,NA,NA,NA,NA,NA,NA,NA,NA,NA,NA,NA,NA,NA,-0.475860748730134,73
"10075","Skidegate-Sockeye","Sockeye",1971,39732,40000,NA,NA,NA,NA,NA,NA,NA,NA,NA,NA,NA,NA,NA,NA,NA,NA,NA,NA,NA,NA,NA,NA,NA,NA,NA,NA,NA,NA,NA,NA,NA,-0.00672254576082681,73
"10076","Skidegate-Sockeye","Sockeye",1972,27564,6000,NA,NA,NA,NA,NA,NA,NA,NA,NA,NA,NA,NA,NA,NA,NA,NA,NA,NA,NA,NA,NA,NA,NA,NA,NA,NA,NA,NA,NA,NA,NA,1.52475110426691,73
"10077","Skidegate-Sockeye","Sockeye",1973,23114,20000,NA,NA,NA,NA,NA,NA,NA,NA,NA,NA,NA,NA,NA,NA,NA,NA,NA,NA,NA,NA,NA,NA,NA,NA,NA,NA,NA,NA,NA,NA,NA,0.144706220999259,73
"10078","Skidegate-Sockeye","Sockeye",1974,14850,16000,NA,NA,NA,NA,NA,NA,NA,NA,NA,NA,NA,NA,NA,NA,NA,NA,NA,NA,NA,NA,NA,NA,NA,NA,NA,NA,NA,NA,NA,NA,NA,-0.0745888569910726,73
"10079","Skidegate-Sockeye","Sockeye",1975,12408,35000,NA,NA,NA,NA,NA,NA,NA,NA,NA,NA,NA,NA,NA,NA,NA,NA,NA,NA,NA,NA,NA,NA,NA,NA,NA,NA,NA,NA,NA,NA,NA,-1.03700663561518,73
"10080","Skidegate-Sockeye","Sockeye",1976,10330,22000,NA,NA,NA,NA,NA,NA,NA,NA,NA,NA,NA,NA,NA,NA,NA,NA,NA,NA,NA,NA,NA,NA,NA,NA,NA,NA,NA,NA,NA,NA,NA,-0.755990170226769,73
"10081","Skidegate-Sockeye","Sockeye",1977,4758,20000,NA,NA,NA,NA,NA,NA,NA,NA,NA,NA,NA,NA,NA,NA,NA,NA,NA,NA,NA,NA,NA,NA,NA,NA,NA,NA,NA,NA,NA,NA,NA,-1.43590486167323,73
"10082","Skidegate-Sockeye","Sockeye",1978,6132,12000,NA,NA,NA,NA,NA,NA,NA,NA,NA,NA,NA,NA,NA,NA,NA,NA,NA,NA,NA,NA,NA,NA,NA,NA,NA,NA,NA,NA,NA,NA,NA,-0.671385688778433,73
"10083","Skidegate-Sockeye","Sockeye",1979,20390,10000,NA,NA,NA,NA,NA,NA,NA,NA,NA,NA,NA,NA,NA,NA,NA,NA,NA,NA,NA,NA,NA,NA,NA,NA,NA,NA,NA,NA,NA,NA,NA,0.712459491592318,73
"10084","Skidegate-Sockeye","Sockeye",1980,28771,9280,NA,NA,NA,NA,NA,NA,NA,NA,NA,NA,NA,NA,NA,NA,NA,NA,NA,NA,NA,NA,NA,NA,NA,NA,NA,NA,NA,NA,NA,NA,NA,1.13150638859021,73
"10085","Skidegate-Sockeye","Sockeye",1981,36921,4000,NA,NA,NA,NA,NA,NA,NA,NA,NA,NA,NA,NA,NA,NA,NA,NA,NA,NA,NA,NA,NA,NA,NA,NA,NA,NA,NA,NA,NA,NA,NA,2.22248613373842,73
"10086","Skidegate-Sockeye","Sockeye",1982,13221,2100,NA,NA,NA,NA,NA,NA,NA,NA,NA,NA,NA,NA,NA,NA,NA,NA,NA,NA,NA,NA,NA,NA,NA,NA,NA,NA,NA,NA,NA,NA,NA,1.83986912979858,73
"10087","Skidegate-Sockeye","Sockeye",1983,31693,16000,NA,NA,NA,NA,NA,NA,NA,NA,NA,NA,NA,NA,NA,NA,NA,NA,NA,NA,NA,NA,NA,NA,NA,NA,NA,NA,NA,NA,NA,NA,NA,0.683507114069812,73
"10088","Skidegate-Sockeye","Sockeye",1984,35319,20000,NA,NA,NA,NA,NA,NA,NA,NA,NA,NA,NA,NA,NA,NA,NA,NA,NA,NA,NA,NA,NA,NA,NA,NA,NA,NA,NA,NA,NA,NA,NA,0.568688789210178,73
"10089","Skidegate-Sockeye","Sockeye",1985,10262,36000,NA,NA,NA,NA,NA,NA,NA,NA,NA,NA,NA,NA,NA,NA,NA,NA,NA,NA,NA,NA,NA,NA,NA,NA,NA,NA,NA,NA,NA,NA,NA,-1.25507118593634,73
"10090","Skidegate-Sockeye","Sockeye",1986,11369,6000,NA,NA,NA,NA,NA,NA,NA,NA,NA,NA,NA,NA,NA,NA,NA,NA,NA,NA,NA,NA,NA,NA,NA,NA,NA,NA,NA,NA,NA,NA,NA,0.639130883918915,73
"10091","Skidegate-Sockeye","Sockeye",1987,8766,24000,NA,NA,NA,NA,NA,NA,NA,NA,NA,NA,NA,NA,NA,NA,NA,NA,NA,NA,NA,NA,NA,NA,NA,NA,NA,NA,NA,NA,NA,NA,NA,-1.00717322835133,73
"10092","Skidegate-Sockeye","Sockeye",1988,15301,34000,NA,NA,NA,NA,NA,NA,NA,NA,NA,NA,NA,NA,NA,NA,NA,NA,NA,NA,NA,NA,NA,NA,NA,NA,NA,NA,NA,NA,NA,NA,NA,-0.798442338876485,73
"10093","Skidegate-Sockeye","Sockeye",1989,20980,6600,NA,NA,NA,NA,NA,NA,NA,NA,NA,NA,NA,NA,NA,NA,NA,NA,NA,NA,NA,NA,NA,NA,NA,NA,NA,NA,NA,NA,NA,NA,NA,1.15649995393577,73
"10094","Skidegate-Sockeye","Sockeye",1990,5306,10000,NA,NA,NA,NA,NA,NA,NA,NA,NA,NA,NA,NA,NA,NA,NA,NA,NA,NA,NA,NA,NA,NA,NA,NA,NA,NA,NA,NA,NA,NA,NA,-0.633746837278498,73
"10095","Skidegate-Sockeye","Sockeye",1991,10166,6000,NA,NA,NA,NA,NA,NA,NA,NA,NA,NA,NA,NA,NA,NA,NA,NA,NA,NA,NA,NA,NA,NA,NA,NA,NA,NA,NA,NA,NA,NA,NA,0.527289349796656,73
"10096","Skidegate-Sockeye","Sockeye",1992,35725,10440,NA,NA,NA,NA,NA,NA,NA,NA,NA,NA,NA,NA,NA,NA,NA,NA,NA,NA,NA,NA,NA,NA,NA,NA,NA,NA,NA,NA,NA,NA,NA,1.23020614136144,73
"10097","Skidegate-Sockeye","Sockeye",1993,29271,20346,NA,NA,NA,NA,NA,NA,NA,NA,NA,NA,NA,NA,NA,NA,NA,NA,NA,NA,NA,NA,NA,NA,NA,NA,NA,NA,NA,NA,NA,NA,NA,0.363712932422366,73
"10098","Skidegate-Sockeye","Sockeye",1994,28968,4000,NA,NA,NA,NA,NA,NA,NA,NA,NA,NA,NA,NA,NA,NA,NA,NA,NA,NA,NA,NA,NA,NA,NA,NA,NA,NA,NA,NA,NA,NA,NA,1.97989741134345,73
"10099","Skidegate-Sockeye","Sockeye",1995,23323,2400,NA,NA,NA,NA,NA,NA,NA,NA,NA,NA,NA,NA,NA,NA,NA,NA,NA,NA,NA,NA,NA,NA,NA,NA,NA,NA,NA,NA,NA,NA,NA,2.27397126079431,73
"10100","Skidegate-Sockeye","Sockeye",1996,16057,31200,NA,NA,NA,NA,NA,NA,NA,NA,NA,NA,NA,NA,NA,NA,NA,NA,NA,NA,NA,NA,NA,NA,NA,NA,NA,NA,NA,NA,NA,NA,NA,-0.664273203247889,73
"10101","Skidegate-Sockeye","Sockeye",1997,15686,22920,NA,NA,NA,NA,NA,NA,NA,NA,NA,NA,NA,NA,NA,NA,NA,NA,NA,NA,NA,NA,NA,NA,NA,NA,NA,NA,NA,NA,NA,NA,NA,-0.379241297056064,73
"10102","Skidegate-Sockeye","Sockeye",1998,13587,24000,NA,NA,NA,NA,NA,NA,NA,NA,NA,NA,NA,NA,NA,NA,NA,NA,NA,NA,NA,NA,NA,NA,NA,NA,NA,NA,NA,NA,NA,NA,NA,-0.568940377105759,73
"10103","Skidegate-Sockeye","Sockeye",1999,12965,20000,NA,NA,NA,NA,NA,NA,NA,NA,NA,NA,NA,NA,NA,NA,NA,NA,NA,NA,NA,NA,NA,NA,NA,NA,NA,NA,NA,NA,NA,NA,NA,-0.433478854563363,73
"10104","Skidegate-Sockeye","Sockeye",2000,12649,12500,NA,NA,NA,NA,NA,NA,NA,NA,NA,NA,NA,NA,NA,NA,NA,NA,NA,NA,NA,NA,NA,NA,NA,NA,NA,NA,NA,NA,NA,NA,NA,0.0118495163571492,73
"10105","Skidegate-Sockeye","Sockeye",2001,6633,12948,NA,NA,NA,NA,NA,NA,NA,NA,NA,NA,NA,NA,NA,NA,NA,NA,NA,NA,NA,NA,NA,NA,NA,NA,NA,NA,NA,NA,NA,NA,NA,-0.668884145520579,73
"10106","Skidegate-Sockeye","Sockeye",2002,10603,11000,NA,NA,NA,NA,NA,NA,NA,NA,NA,NA,NA,NA,NA,NA,NA,NA,NA,NA,NA,NA,NA,NA,NA,NA,NA,NA,NA,NA,NA,NA,NA,-0.0367582928547094,73
"10107","Skidegate-Sockeye","Sockeye",2003,7348,10000,NA,NA,NA,NA,NA,NA,NA,NA,NA,NA,NA,NA,NA,NA,NA,NA,NA,NA,NA,NA,NA,NA,NA,NA,NA,NA,NA,NA,NA,NA,NA,-0.308156925641166,73
"10108","Skidegate-Sockeye","Sockeye",2004,11426,11712,NA,NA,NA,NA,NA,NA,NA,NA,NA,NA,NA,NA,NA,NA,NA,NA,NA,NA,NA,NA,NA,NA,NA,NA,NA,NA,NA,NA,NA,NA,NA,-0.024722496916685,73
"10109","Skidegate-Sockeye","Sockeye",2005,17679,3932,NA,NA,NA,NA,NA,NA,NA,NA,NA,NA,NA,NA,NA,NA,NA,NA,NA,NA,NA,NA,NA,NA,NA,NA,NA,NA,NA,NA,NA,NA,NA,1.50322929223897,73
"10110","Skidegate-Sockeye","Sockeye",2006,25397,9549,NA,NA,NA,NA,NA,NA,NA,NA,NA,NA,NA,NA,NA,NA,NA,NA,NA,NA,NA,NA,NA,NA,NA,NA,NA,NA,NA,NA,NA,NA,NA,0.978194619844642,73
"10111","Skidegate-Sockeye","Sockeye",2007,33258,5116,NA,NA,NA,NA,NA,NA,NA,NA,NA,NA,NA,NA,NA,NA,NA,NA,NA,NA,NA,NA,NA,NA,NA,NA,NA,NA,NA,NA,NA,NA,NA,1.87192245594913,73
"10112","Skidegate-Sockeye","Sockeye",2008,13280,8212,NA,NA,NA,NA,NA,NA,NA,NA,NA,NA,NA,NA,NA,NA,NA,NA,NA,NA,NA,NA,NA,NA,NA,NA,NA,NA,NA,NA,NA,NA,NA,0.480662644891601,73
"10113","Skidegate-Sockeye","Sockeye",2009,13664,13463,NA,NA,NA,NA,NA,NA,NA,NA,NA,NA,NA,NA,NA,NA,NA,NA,NA,NA,NA,NA,NA,NA,NA,NA,NA,NA,NA,NA,NA,NA,NA,0.0148194550491162,73
"10114","Skidegate-Sockeye","Sockeye",2010,24539,17825,NA,NA,NA,NA,NA,NA,NA,NA,NA,NA,NA,NA,NA,NA,NA,NA,NA,NA,NA,NA,NA,NA,NA,NA,NA,NA,NA,NA,NA,NA,NA,0.319661722355859,73
"10115","Skidegate-Sockeye","Sockeye",2011,28992,31226,NA,NA,NA,NA,NA,NA,NA,NA,NA,NA,NA,NA,NA,NA,NA,NA,NA,NA,NA,NA,NA,NA,NA,NA,NA,NA,NA,NA,NA,NA,NA,-0.0742311512587597,73
"10116","Skidegate-Sockeye","Sockeye",2012,18461,10122,NA,NA,NA,NA,NA,NA,NA,NA,NA,NA,NA,NA,NA,NA,NA,NA,NA,NA,NA,NA,NA,NA,NA,NA,NA,NA,NA,NA,NA,NA,NA,0.600949125996546,73
"10117","Skidegate-Sockeye","Sockeye",2013,15129,9000,NA,NA,NA,NA,NA,NA,NA,NA,NA,NA,NA,NA,NA,NA,NA,NA,NA,NA,NA,NA,NA,NA,NA,NA,NA,NA,NA,NA,NA,NA,NA,0.519388854426479,73
"10118","Skidegate-Sockeye","Sockeye",2014,15000,18600,NA,NA,NA,NA,NA,NA,NA,NA,NA,NA,NA,NA,NA,NA,NA,NA,NA,NA,NA,NA,NA,NA,NA,NA,NA,NA,NA,NA,NA,NA,NA,-0.215111379616946,73
"10119","Skidegate-Sockeye","Sockeye",2015,13891,25500,NA,NA,NA,NA,NA,NA,NA,NA,NA,NA,NA,NA,NA,NA,NA,NA,NA,NA,NA,NA,NA,NA,NA,NA,NA,NA,NA,NA,NA,NA,NA,-0.607437303749128,73
"10120","Skidegate-Sockeye","Sockeye",2016,11046,15000,NA,NA,NA,NA,NA,NA,NA,NA,NA,NA,NA,NA,NA,NA,NA,NA,NA,NA,NA,NA,NA,NA,NA,NA,NA,NA,NA,NA,NA,NA,NA,-0.305981829623214,73
"10121","Yakoun-Sockeye","Sockeye",1957,18344,1500,NA,NA,NA,NA,NA,NA,NA,NA,NA,NA,NA,NA,NA,NA,NA,NA,NA,NA,NA,NA,NA,NA,NA,NA,NA,NA,NA,NA,NA,NA,NA,2.50383743744744,74
"10122","Yakoun-Sockeye","Sockeye",1958,31406,7000,NA,NA,NA,NA,NA,NA,NA,NA,NA,NA,NA,NA,NA,NA,NA,NA,NA,NA,NA,NA,NA,NA,NA,NA,NA,NA,NA,NA,NA,NA,NA,1.50108880840745,74
"10123","Yakoun-Sockeye","Sockeye",1959,24844,15000,NA,NA,NA,NA,NA,NA,NA,NA,NA,NA,NA,NA,NA,NA,NA,NA,NA,NA,NA,NA,NA,NA,NA,NA,NA,NA,NA,NA,NA,NA,NA,0.504566073594847,74
"10124","Yakoun-Sockeye","Sockeye",1960,30688,15000,NA,NA,NA,NA,NA,NA,NA,NA,NA,NA,NA,NA,NA,NA,NA,NA,NA,NA,NA,NA,NA,NA,NA,NA,NA,NA,NA,NA,NA,NA,NA,0.715821497598818,74
"10125","Yakoun-Sockeye","Sockeye",1961,15500,7000,NA,NA,NA,NA,NA,NA,NA,NA,NA,NA,NA,NA,NA,NA,NA,NA,NA,NA,NA,NA,NA,NA,NA,NA,NA,NA,NA,NA,NA,NA,NA,0.794929874869888,74
"10126","Yakoun-Sockeye","Sockeye",1962,12719,30000,NA,NA,NA,NA,NA,NA,NA,NA,NA,NA,NA,NA,NA,NA,NA,NA,NA,NA,NA,NA,NA,NA,NA,NA,NA,NA,NA,NA,NA,NA,NA,-0.858100443192808,74
"10127","Yakoun-Sockeye","Sockeye",1963,25312,15000,NA,NA,NA,NA,NA,NA,NA,NA,NA,NA,NA,NA,NA,NA,NA,NA,NA,NA,NA,NA,NA,NA,NA,NA,NA,NA,NA,NA,NA,NA,NA,0.523228390483033,74
"10128","Yakoun-Sockeye","Sockeye",1964,38125,30000,NA,NA,NA,NA,NA,NA,NA,NA,NA,NA,NA,NA,NA,NA,NA,NA,NA,NA,NA,NA,NA,NA,NA,NA,NA,NA,NA,NA,NA,NA,NA,0.23967285326542,74
"10129","Yakoun-Sockeye","Sockeye",1965,45062,15000,NA,NA,NA,NA,NA,NA,NA,NA,NA,NA,NA,NA,NA,NA,NA,NA,NA,NA,NA,NA,NA,NA,NA,NA,NA,NA,NA,NA,NA,NA,NA,1.09998911818098,74
"10130","Yakoun-Sockeye","Sockeye",1966,45812,7000,NA,NA,NA,NA,NA,NA,NA,NA,NA,NA,NA,NA,NA,NA,NA,NA,NA,NA,NA,NA,NA,NA,NA,NA,NA,NA,NA,NA,NA,NA,NA,1.87863591648016,74
"10131","Yakoun-Sockeye","Sockeye",1967,14562,15000,NA,NA,NA,NA,NA,NA,NA,NA,NA,NA,NA,NA,NA,NA,NA,NA,NA,NA,NA,NA,NA,NA,NA,NA,NA,NA,NA,NA,NA,NA,NA,-0.0296348051296907,74
"10132","Yakoun-Sockeye","Sockeye",1968,18812,30000,NA,NA,NA,NA,NA,NA,NA,NA,NA,NA,NA,NA,NA,NA,NA,NA,NA,NA,NA,NA,NA,NA,NA,NA,NA,NA,NA,NA,NA,NA,NA,-0.466702417579354,74
"10133","Yakoun-Sockeye","Sockeye",1969,32281,30000,NA,NA,NA,NA,NA,NA,NA,NA,NA,NA,NA,NA,NA,NA,NA,NA,NA,NA,NA,NA,NA,NA,NA,NA,NA,NA,NA,NA,NA,NA,NA,0.0732814401940801,74
"10134","Yakoun-Sockeye","Sockeye",1970,32594,50000,NA,NA,NA,NA,NA,NA,NA,NA,NA,NA,NA,NA,NA,NA,NA,NA,NA,NA,NA,NA,NA,NA,NA,NA,NA,NA,NA,NA,NA,NA,NA,-0.427894783074349,74
"10135","Yakoun-Sockeye","Sockeye",1971,22750,12000,NA,NA,NA,NA,NA,NA,NA,NA,NA,NA,NA,NA,NA,NA,NA,NA,NA,NA,NA,NA,NA,NA,NA,NA,NA,NA,NA,NA,NA,NA,NA,0.639658495608959,74
"10136","Yakoun-Sockeye","Sockeye",1972,24312,10000,NA,NA,NA,NA,NA,NA,NA,NA,NA,NA,NA,NA,NA,NA,NA,NA,NA,NA,NA,NA,NA,NA,NA,NA,NA,NA,NA,NA,NA,NA,NA,0.888384962620446,74
"10137","Yakoun-Sockeye","Sockeye",1973,31469,24000,NA,NA,NA,NA,NA,NA,NA,NA,NA,NA,NA,NA,NA,NA,NA,NA,NA,NA,NA,NA,NA,NA,NA,NA,NA,NA,NA,NA,NA,NA,NA,0.270949103928609,74
"10138","Yakoun-Sockeye","Sockeye",1974,28312,30000,NA,NA,NA,NA,NA,NA,NA,NA,NA,NA,NA,NA,NA,NA,NA,NA,NA,NA,NA,NA,NA,NA,NA,NA,NA,NA,NA,NA,NA,NA,NA,-0.0579116386189931,74
"10139","Yakoun-Sockeye","Sockeye",1975,30625,19000,NA,NA,NA,NA,NA,NA,NA,NA,NA,NA,NA,NA,NA,NA,NA,NA,NA,NA,NA,NA,NA,NA,NA,NA,NA,NA,NA,NA,NA,NA,NA,0.477377689698451,74
"10140","Yakoun-Sockeye","Sockeye",1976,42094,16000,NA,NA,NA,NA,NA,NA,NA,NA,NA,NA,NA,NA,NA,NA,NA,NA,NA,NA,NA,NA,NA,NA,NA,NA,NA,NA,NA,NA,NA,NA,NA,0.967316490477199,74
"10141","Yakoun-Sockeye","Sockeye",1977,39750,26000,NA,NA,NA,NA,NA,NA,NA,NA,NA,NA,NA,NA,NA,NA,NA,NA,NA,NA,NA,NA,NA,NA,NA,NA,NA,NA,NA,NA,NA,NA,NA,0.424513303078859,74
"10142","Yakoun-Sockeye","Sockeye",1978,38062,24000,NA,NA,NA,NA,NA,NA,NA,NA,NA,NA,NA,NA,NA,NA,NA,NA,NA,NA,NA,NA,NA,NA,NA,NA,NA,NA,NA,NA,NA,NA,NA,0.46116257874689,74
"10143","Yakoun-Sockeye","Sockeye",1979,29375,19000,NA,NA,NA,NA,NA,NA,NA,NA,NA,NA,NA,NA,NA,NA,NA,NA,NA,NA,NA,NA,NA,NA,NA,NA,NA,NA,NA,NA,NA,NA,NA,0.435704993297883,74
"10144","Yakoun-Sockeye","Sockeye",1980,30500,35000,NA,NA,NA,NA,NA,NA,NA,NA,NA,NA,NA,NA,NA,NA,NA,NA,NA,NA,NA,NA,NA,NA,NA,NA,NA,NA,NA,NA,NA,NA,NA,-0.137621377876048,74
"10145","Yakoun-Sockeye","Sockeye",1981,30344,31000,NA,NA,NA,NA,NA,NA,NA,NA,NA,NA,NA,NA,NA,NA,NA,NA,NA,NA,NA,NA,NA,NA,NA,NA,NA,NA,NA,NA,NA,NA,NA,-0.0213884000985484,74
"10146","Yakoun-Sockeye","Sockeye",1982,15766,34000,NA,NA,NA,NA,NA,NA,NA,NA,NA,NA,NA,NA,NA,NA,NA,NA,NA,NA,NA,NA,NA,NA,NA,NA,NA,NA,NA,NA,NA,NA,NA,-0.768504801978445,74
"10147","Yakoun-Sockeye","Sockeye",1983,17484,24000,NA,NA,NA,NA,NA,NA,NA,NA,NA,NA,NA,NA,NA,NA,NA,NA,NA,NA,NA,NA,NA,NA,NA,NA,NA,NA,NA,NA,NA,NA,NA,-0.316767653346877,74
"10148","Yakoun-Sockeye","Sockeye",1984,27219,22000,NA,NA,NA,NA,NA,NA,NA,NA,NA,NA,NA,NA,NA,NA,NA,NA,NA,NA,NA,NA,NA,NA,NA,NA,NA,NA,NA,NA,NA,NA,NA,0.212872805497286,74
"10149","Yakoun-Sockeye","Sockeye",1987,7231,9000,NA,NA,NA,NA,NA,NA,NA,NA,NA,NA,NA,NA,NA,NA,NA,NA,NA,NA,NA,NA,NA,NA,NA,NA,NA,NA,NA,NA,NA,NA,NA,-0.218847238143405,74
"10150","Yakoun-Sockeye","Sockeye",1991,15562,4500,NA,NA,NA,NA,NA,NA,NA,NA,NA,NA,NA,NA,NA,NA,NA,NA,NA,NA,NA,NA,NA,NA,NA,NA,NA,NA,NA,NA,NA,NA,NA,1.24075464841846,74
"10151","Yakoun-Sockeye","Sockeye",1992,24281,8800,NA,NA,NA,NA,NA,NA,NA,NA,NA,NA,NA,NA,NA,NA,NA,NA,NA,NA,NA,NA,NA,NA,NA,NA,NA,NA,NA,NA,NA,NA,NA,1.01494243002046,74
"10152","Yakoun-Sockeye","Sockeye",1994,14719,7000,NA,NA,NA,NA,NA,NA,NA,NA,NA,NA,NA,NA,NA,NA,NA,NA,NA,NA,NA,NA,NA,NA,NA,NA,NA,NA,NA,NA,NA,NA,NA,0.743229027155136,74
"10153","Yakoun-Sockeye","Sockeye",1995,18844,8000,NA,NA,NA,NA,NA,NA,NA,NA,NA,NA,NA,NA,NA,NA,NA,NA,NA,NA,NA,NA,NA,NA,NA,NA,NA,NA,NA,NA,NA,NA,NA,0.856753019157959,74
"10154","Yakoun-Sockeye","Sockeye",1996,15284,21000,NA,NA,NA,NA,NA,NA,NA,NA,NA,NA,NA,NA,NA,NA,NA,NA,NA,NA,NA,NA,NA,NA,NA,NA,NA,NA,NA,NA,NA,NA,NA,-0.317715908138769,74
"10155","Yakoun-Sockeye","Sockeye",1997,7541,17000,NA,NA,NA,NA,NA,NA,NA,NA,NA,NA,NA,NA,NA,NA,NA,NA,NA,NA,NA,NA,NA,NA,NA,NA,NA,NA,NA,NA,NA,NA,NA,-0.812858544835706,74
"10156","Yakoun-Sockeye","Sockeye",1998,9362,10000,NA,NA,NA,NA,NA,NA,NA,NA,NA,NA,NA,NA,NA,NA,NA,NA,NA,NA,NA,NA,NA,NA,NA,NA,NA,NA,NA,NA,NA,NA,NA,-0.0659261501161668,74
"10157","Yakoun-Sockeye","Sockeye",1999,9438,15000,NA,NA,NA,NA,NA,NA,NA,NA,NA,NA,NA,NA,NA,NA,NA,NA,NA,NA,NA,NA,NA,NA,NA,NA,NA,NA,NA,NA,NA,NA,NA,-0.463306107798014,74
"10158","Yakoun-Sockeye","Sockeye",2000,10781,16000,NA,NA,NA,NA,NA,NA,NA,NA,NA,NA,NA,NA,NA,NA,NA,NA,NA,NA,NA,NA,NA,NA,NA,NA,NA,NA,NA,NA,NA,NA,NA,-0.3948033966828,74
"10159","Yakoun-Sockeye","Sockeye",2001,10781,5000,NA,NA,NA,NA,NA,NA,NA,NA,NA,NA,NA,NA,NA,NA,NA,NA,NA,NA,NA,NA,NA,NA,NA,NA,NA,NA,NA,NA,NA,NA,NA,0.768347413122881,74
"10160","Yakoun-Sockeye","Sockeye",2002,19288,8100,NA,NA,NA,NA,NA,NA,NA,NA,NA,NA,NA,NA,NA,NA,NA,NA,NA,NA,NA,NA,NA,NA,NA,NA,NA,NA,NA,NA,NA,NA,NA,0.867619079200477,74
"10161","Yakoun-Sockeye","Sockeye",2003,8362,6000,NA,NA,NA,NA,NA,NA,NA,NA,NA,NA,NA,NA,NA,NA,NA,NA,NA,NA,NA,NA,NA,NA,NA,NA,NA,NA,NA,NA,NA,NA,NA,0.331938163706318,74
"10162","Yakoun-Sockeye","Sockeye",2004,7475,11000,NA,NA,NA,NA,NA,NA,NA,NA,NA,NA,NA,NA,NA,NA,NA,NA,NA,NA,NA,NA,NA,NA,NA,NA,NA,NA,NA,NA,NA,NA,NA,-0.38633115352162,74
"10163","Yakoun-Sockeye","Sockeye",2005,9594,3000,NA,NA,NA,NA,NA,NA,NA,NA,NA,NA,NA,NA,NA,NA,NA,NA,NA,NA,NA,NA,NA,NA,NA,NA,NA,NA,NA,NA,NA,NA,NA,1.16252561441176,74
"10164","Yakoun-Sockeye","Sockeye",2006,14094,20000,NA,NA,NA,NA,NA,NA,NA,NA,NA,NA,NA,NA,NA,NA,NA,NA,NA,NA,NA,NA,NA,NA,NA,NA,NA,NA,NA,NA,NA,NA,NA,-0.34998309864916,74
"10165","Yakoun-Sockeye","Sockeye",2007,10231,7000,NA,NA,NA,NA,NA,NA,NA,NA,NA,NA,NA,NA,NA,NA,NA,NA,NA,NA,NA,NA,NA,NA,NA,NA,NA,NA,NA,NA,NA,NA,NA,0.37951217784149,74
"10166","Yakoun-Sockeye","Sockeye",2008,8762,6200,NA,NA,NA,NA,NA,NA,NA,NA,NA,NA,NA,NA,NA,NA,NA,NA,NA,NA,NA,NA,NA,NA,NA,NA,NA,NA,NA,NA,NA,NA,NA,0.345874897340661,74
"10167","Yakoun-Sockeye","Sockeye",2009,8325,5000,NA,NA,NA,NA,NA,NA,NA,NA,NA,NA,NA,NA,NA,NA,NA,NA,NA,NA,NA,NA,NA,NA,NA,NA,NA,NA,NA,NA,NA,NA,NA,0.509825123432407,74
"10168","Yakoun-Sockeye","Sockeye",2010,15138,13000,NA,NA,NA,NA,NA,NA,NA,NA,NA,NA,NA,NA,NA,NA,NA,NA,NA,NA,NA,NA,NA,NA,NA,NA,NA,NA,NA,NA,NA,NA,NA,0.152258781425439,74
"10169","Yakoun-Sockeye","Sockeye",2011,8075,8000,NA,NA,NA,NA,NA,NA,NA,NA,NA,NA,NA,NA,NA,NA,NA,NA,NA,NA,NA,NA,NA,NA,NA,NA,NA,NA,NA,NA,NA,NA,NA,0.00933132742888422,74
"10170","Yakoun-Sockeye","Sockeye",2012,10656,9000,NA,NA,NA,NA,NA,NA,NA,NA,NA,NA,NA,NA,NA,NA,NA,NA,NA,NA,NA,NA,NA,NA,NA,NA,NA,NA,NA,NA,NA,NA,NA,0.168898536461814,74
"10171","Yakoun-Sockeye","Sockeye",2013,12731,2400,NA,NA,NA,NA,NA,NA,NA,NA,NA,NA,NA,NA,NA,NA,NA,NA,NA,NA,NA,NA,NA,NA,NA,NA,NA,NA,NA,NA,NA,NA,NA,1.66857122672561,74
"10172","Yakoun-Sockeye","Sockeye",2014,4419,15200,NA,NA,NA,NA,NA,NA,NA,NA,NA,NA,NA,NA,NA,NA,NA,NA,NA,NA,NA,NA,NA,NA,NA,NA,NA,NA,NA,NA,NA,NA,NA,-1.23538200170363,74
"10173","Yakoun-Sockeye","Sockeye",2015,6175,6400,NA,NA,NA,NA,NA,NA,NA,NA,NA,NA,NA,NA,NA,NA,NA,NA,NA,NA,NA,NA,NA,NA,NA,NA,NA,NA,NA,NA,NA,NA,NA,-0.0357891078515853,74
"10174","Yakoun-Sockeye","Sockeye",2016,6094,6000,NA,NA,NA,NA,NA,NA,NA,NA,NA,NA,NA,NA,NA,NA,NA,NA,NA,NA,NA,NA,NA,NA,NA,NA,NA,NA,NA,NA,NA,NA,NA,0.0155452113354624,74
"10175","Kvichak-Sockeye","Sockeye",1963,1388216,338760,NA,NA,NA,NA,NA,NA,NA,NA,0,0,606,0,0,0,31231,80023,0,0,113,925528,336813,0,NA,0,0,13902,0,NA,NA,NA,NA,1.41048285650242,75
"10176","Kvichak-Sockeye","Sockeye",1964,5763515,957120,NA,NA,NA,NA,NA,NA,NA,NA,0,0,0,0,0,3244,2288423,288371,3941,0,111882,2613881,446099,0,NA,0,6606,1068,0,NA,NA,NA,NA,1.79537403518133,75
"10177","Kvichak-Sockeye","Sockeye",1965,45820689,24325926,NA,NA,NA,NA,NA,NA,NA,NA,0,0,0,0,0,23983,10321864,299793,0,0,485629,33528681,1159447,0,NA,0,1292,0,0,NA,NA,NA,NA,0.633193018835039,75
"10178","Kvichak-Sockeye","Sockeye",1966,6522062,3755185,NA,NA,NA,NA,NA,NA,NA,NA,0,4763,0,0,0,3429,524322,885878,0,0,16342,4568771,517436,1122,NA,0,0,0,0,NA,NA,NA,NA,0.552053031962728,75
"10179","Kvichak-Sockeye","Sockeye",1967,1784048,3216208,NA,NA,NA,NA,NA,NA,NA,NA,0,0,14745,968,0,0,342819,321956,65,0,2299,991239,109957,0,NA,0,0,0,0,NA,NA,NA,NA,-0.589318086216734,75
"10180","Kvichak-Sockeye","Sockeye",1968,635324,2557440,NA,NA,NA,NA,NA,NA,NA,NA,0,1788,0,0,0,0,300687,38561,4514,0,0,104011,176512,0,NA,0,7305,1946,0,NA,NA,NA,NA,-1.3926269321531,75
"10181","Kvichak-Sockeye","Sockeye",1969,5513626,8394204,NA,NA,NA,NA,NA,NA,NA,NA,0,0,748,0,0,0,149287,321597,0,0,6124,4476992,546728,0,NA,0,12149,0,0,NA,NA,NA,NA,-0.420318984737049,75
"10182","Kvichak-Sockeye","Sockeye",1970,15363872,13935306,NA,NA,NA,NA,NA,NA,NA,NA,0,0,0,0,0,611,45471,40280,0,0,28962,15247973,0,0,NA,0,0,575,0,NA,NA,NA,NA,0.0975931594965786,75
"10183","Kvichak-Sockeye","Sockeye",1971,2036285,2387392,NA,NA,NA,NA,NA,NA,NA,NA,0,0,0,0,0,0,321013,653575,0,0,45182,919844,95529,0,NA,0,1142,0,0,NA,NA,NA,NA,-0.159074487501918,75
"10184","Kvichak-Sockeye","Sockeye",1972,3248671,1009962,NA,NA,NA,NA,NA,NA,NA,NA,0,0,0,0,0,4360,1971913,142305,10886,0,0,886252,232955,0,NA,0,0,0,0,NA,NA,NA,NA,1.16833328324988,75
"10185","Kvichak-Sockeye","Sockeye",1973,2203241,226554,NA,NA,NA,NA,NA,NA,NA,NA,0,0,1204,0,0,0,531509,1048800,0,0,2634,252857,351748,0,NA,0,14490,0,0,NA,NA,NA,NA,2.27470140999298,75
"10186","Kvichak-Sockeye","Sockeye",1974,25784407,4433844,NA,NA,NA,NA,NA,NA,NA,NA,0,0,0,0,0,14322,6047999,1845015,0,0,319232,16927229,616516,0,NA,0,14093,0,0,NA,NA,NA,NA,1.76050300147559,75
"10187","Kvichak-Sockeye","Sockeye",1975,37439011,13140450,NA,NA,NA,NA,NA,NA,NA,NA,0,0,0,0,0,6365,5468931,1305049,0,0,314282,29958382,382348,0,NA,0,3654,0,0,NA,NA,NA,NA,1.0470179766168,75
"10188","Kvichak-Sockeye","Sockeye",1976,10716323,1965282,NA,NA,NA,NA,NA,NA,NA,NA,0,0,16621,0,0,5347,5940228,675758,3355,0,37502,3806686,230826,0,NA,0,0,0,0,NA,NA,NA,NA,1.69613234659725,75
"10189","Kvichak-Sockeye","Sockeye",1977,3089502,1341144,NA,NA,NA,NA,NA,NA,NA,NA,0,6590,4899,0,0,36699,2024758,718010,0,0,2130,174744,121674,0,NA,0,0,0,0,NA,NA,NA,NA,0.834486931787845,75
"10190","Kvichak-Sockeye","Sockeye",1978,5055228,4149288,NA,NA,NA,NA,NA,NA,NA,NA,0,0,0,0,0,1122,1613301,1063136,0,0,15273,1372783,987655,0,NA,0,0,1957,0,NA,NA,NA,NA,0.197486202054482,75
"10191","Kvichak-Sockeye","Sockeye",1979,43049770,11218434,NA,NA,NA,NA,NA,NA,NA,NA,0,2381,0,0,0,53985,18868217,2470065,0,0,69687,17920528,3664906,0,NA,0,0,0,0,NA,NA,NA,NA,1.34479857007368,75
"10192","Kvichak-Sockeye","Sockeye",1980,12597313,22505268,NA,NA,NA,NA,NA,NA,NA,NA,0,0,0,0,0,1374,2539067,1385037,2963,0,13603,8291131,364137,0,NA,0,0,0,0,NA,NA,NA,NA,-0.580265877891459,75
"10193","Kvichak-Sockeye","Sockeye",1981,2048789,1754358,NA,NA,NA,NA,NA,NA,NA,NA,0,0,5261,0,0,0,745205,188998,0,0,0,962185,147140,0,NA,0,0,0,0,NA,NA,NA,NA,0.155145908865782,75
"10194","Kvichak-Sockeye","Sockeye",1982,1509246,1134840,NA,NA,NA,NA,NA,NA,NA,NA,0,0,0,0,0,0,492725,385823,4844,0,531,514201,111122,0,NA,0,0,0,0,NA,NA,NA,NA,0.285118516534594,75
"10195","Kvichak-Sockeye","Sockeye",1983,13775451,3569982,NA,NA,NA,NA,NA,NA,NA,NA,0,0,0,0,0,909,9267005,2995170,4092,0,2976,1111077,386132,8090,NA,0,0,0,0,NA,NA,NA,NA,1.35032754121286,75
"10196","Kvichak-Sockeye","Sockeye",1984,23287185,10490670,NA,NA,NA,NA,NA,NA,NA,NA,0,0,1184,0,0,0,2578693,1438443,0,0,46572,17559242,1663051,0,NA,0,0,0,0,NA,NA,NA,NA,0.797416918544875,75
"10197","Kvichak-Sockeye","Sockeye",1985,18314833,7211046,NA,NA,NA,NA,NA,NA,NA,NA,969,3827,6641,0,0,7559,1051305,959016,3134,0,36966,14851621,1382907,8513,NA,0,1296,1079,0,NA,NA,NA,NA,0.932097260922837,75
"10198","Kvichak-Sockeye","Sockeye",1986,4114460,1179322,NA,NA,NA,NA,NA,NA,NA,NA,0,1588,22027,371,0,0,652917,868159,22540,0,0,1539424,1007436,0,NA,0,0,0,0,NA,NA,NA,NA,1.24956790122631,75
"10199","Kvichak-Sockeye","Sockeye",1987,11648130,6065880,NA,NA,NA,NA,NA,NA,NA,NA,0,28974,55116,6575,0,7294,4715392,2193831,3168,0,32612,4276086,329082,0,NA,0,0,0,0,NA,NA,NA,NA,0.65246602542929,75
"10200","Kvichak-Sockeye","Sockeye",1988,9205714,4065216,NA,NA,NA,NA,NA,NA,NA,NA,0,8518,23769,981,0,6198,3035792,1958434,1920,0,17858,3698337,453907,0,NA,0,0,0,0,NA,NA,NA,NA,0.817357500097393,75
"10201","Kvichak-Sockeye","Sockeye",1989,24800933,8317500,NA,NA,NA,NA,NA,NA,NA,NA,0,31828,59852,1910,0,3333,1860644,1072383,0,0,146493,18335389,3276621,0,NA,0,12480,0,0,NA,NA,NA,NA,1.09251954452053,75
"10202","Kvichak-Sockeye","Sockeye",1990,26298686,6970020,NA,NA,NA,NA,NA,NA,NA,NA,0,5138,7656,0,0,2741,1635680,890767,0,0,82363,22046414,1626784,1145,NA,0,0,0,0,NA,NA,NA,NA,1.32790088174962,75
"10203","Kvichak-Sockeye","Sockeye",1991,4637250,4222788,NA,NA,NA,NA,NA,NA,NA,NA,0,0,2556,0,0,1130,2192435,1181693,12027,0,1940,1008516,236952,0,NA,0,0,0,0,NA,NA,NA,NA,0.0936259447116825,75
"10204","Kvichak-Sockeye","Sockeye",1992,1875603,4725864,NA,NA,NA,NA,NA,NA,NA,NA,0,3450,3727,0,0,0,651583,300635,0,0,2138,751845,162224,0,NA,0,0,0,0,NA,NA,NA,NA,-0.924120193652055,75
"10205","Kvichak-Sockeye","Sockeye",1993,3130470,4025166,NA,NA,NA,NA,NA,NA,NA,NA,0,0,0,2571,0,230,1087088,873116,4918,0,678,683919,477949,0,NA,0,0,0,0,NA,NA,NA,NA,-0.251382999232489,75
"10206","Kvichak-Sockeye","Sockeye",1994,7303050,8355936,NA,NA,NA,NA,NA,NA,NA,NA,0,0,0,0,0,1847,2023631,1062072,94,0,47953,3920261,247105,88,NA,0,0,0,0,NA,NA,NA,NA,-0.134680115381949,75
"10207","Kvichak-Sockeye","Sockeye",1995,10636782,10038720,NA,NA,NA,NA,NA,NA,NA,NA,0,0,0,16,0,17605,7737952,2098056,7703,0,0,677133,96802,1501,NA,0,0,14,0,NA,NA,NA,NA,0.0578683784629871,75
"10208","Kvichak-Sockeye","Sockeye",1996,2260607,1450578,NA,NA,NA,NA,NA,NA,NA,NA,0,0,0,0,0,0,547556,1651818,9155,0,0,24302,27656,62,NA,0,50,0,8,NA,NA,NA,NA,0.443671263598728,75
"10209","Kvichak-Sockeye","Sockeye",1997,816242,1503732,NA,NA,NA,NA,NA,NA,NA,NA,0,0,73,0,0,0,159365,140516,576,0,15,342017,173309,123,NA,0,249,0,0,NA,NA,NA,NA,-0.610994417518658,75
"10210","Kvichak-Sockeye","Sockeye",1998,1254500,2296074,NA,NA,NA,NA,NA,NA,NA,NA,0,0,0,0,0,59,375942,422187,18296,0,638,343819,93559,0,NA,0,0,0,0,NA,NA,NA,NA,-0.604463621078763,75
"10211","Kvichak-Sockeye","Sockeye",1999,7378835,6196914,NA,NA,NA,NA,NA,NA,NA,NA,0,14,0,0,0,370,1010493,278784,12362,0,51079,5815823,208249,61,NA,0,1538,61,0,NA,NA,NA,NA,0.17456434087181,75
"10212","Kvichak-Sockeye","Sockeye",2000,4261675,1827780,NA,NA,NA,NA,NA,NA,NA,NA,0,0,18,0,0,16,1884668,1264567,1992,0,0,742843,367259,0,NA,0,312,0,0,NA,NA,NA,NA,0.846560159809739,75
"10213","Kvichak-Sockeye","Sockeye",2001,4421265,1095348,NA,NA,NA,NA,NA,NA,NA,NA,0,0,19,1784,0,0,633259,2051098,12834,0,1450,819689,901131,0,NA,0,0,0,0,NA,NA,NA,NA,1.39535373324017,75
"10214","Kvichak-Sockeye","Sockeye",2002,3881254,703884,NA,NA,NA,NA,NA,NA,NA,NA,0,0,0,0,0,3391,2456932,1265247,624,0,2386,142426,10249,0,NA,0,0,0,0,NA,NA,NA,NA,1.70730000642282,75
"10215","Kvichak-Sockeye","Sockeye",2003,4966630,1686804,NA,NA,NA,NA,NA,NA,NA,NA,0,9969,0,0,0,3847,3595854,1186521,9277,0,0,31399,129764,0,NA,0,0,0,0,NA,NA,NA,NA,1.07990592746422,75
"10216","Kvichak-Sockeye","Sockeye",2004,10919652,5500134,NA,NA,NA,NA,NA,NA,NA,NA,0,0,0,0,0,0,4799244,2931164,0,0,0,2634426,554819,0,NA,0,0,0,0,NA,NA,NA,NA,0.685791646099091,75
"10217","Kvichak-Sockeye","Sockeye",2005,9582841,2320332,NA,NA,NA,NA,NA,NA,NA,NA,0,0,0,0,0,4316,1254243,2033447,8367,0,0,4527248,1754061,1159,NA,0,0,0,0,NA,NA,NA,NA,1.41826382445435,75
"10218","Kvichak-Sockeye","Sockeye",2006,8319505,3068226,NA,NA,NA,NA,NA,NA,NA,NA,0,0,0,0,0,2911,3663815,2701997,1879,0,0,1197115,746953,4285,NA,0,290,260,0,NA,NA,NA,NA,0.997503213454411,75
"10219","Kvichak-Sockeye","Sockeye",2007,12799402,2810208,NA,NA,NA,NA,NA,NA,NA,NA,0,0,0,1768,0,0,1542520,1853139,5956,0,24305,6975695,2380397,15623,NA,0,0,0,0,NA,NA,NA,NA,1.51613994912569,75
"10220","Kvichak-Sockeye","Sockeye",2008,6579393,2757912,NA,NA,NA,NA,NA,NA,NA,NA,0,0,5362,0,0,0,2680277,1931316,30158,0,2521,1247831,679368,0,NA,0,2561,0,0,NA,NA,NA,NA,0.869468620158931,75
"10221","Kvichak-Sockeye","Sockeye",2009,12895287,2266140,NA,NA,NA,NA,NA,NA,NA,NA,0,0,0,0,0,0,741127,1002140,5284,0,11614,9731029,1396185,0,NA,0,7908,0,0,NA,NA,NA,NA,1.73878395219962,75
"10222","Kvichak-Sockeye","Sockeye",2010,25777818,4207410,NA,NA,NA,NA,NA,NA,NA,NA,0,0,303,0,0,3047,6056269,5544928,0,0,87433,13230425,851679,0,NA,0,3730,4,0,NA,NA,NA,NA,1.81266709819399,75
"10223","Kvichak-Sockeye","Sockeye",2011,8130508,2264352,NA,NA,NA,NA,NA,NA,NA,NA,0,0,36,0,0,4591,2846069,2168999,49,9,43950,2573729,491950,553,NA,0,252,322,0,NA,NA,NA,NA,1.27833478094505,75
"10224","Kvichak-Sockeye","Sockeye",2012,11800940,4164444,NA,NA,NA,NA,NA,NA,NA,NA,0,7703,0,0,0,21301,8590994,2635003,1908,0,3702,397153,143170,0,NA,0,0,6,0,NA,NA,NA,NA,1.04159641600539,75
"10225","Kvichak-Sockeye","Sockeye",2013,6591647,2088576,NA,NA,NA,NA,NA,NA,NA,NA,0,0,0,0,0,2616,3713931,2789274,13159,0,2155,38269,32243,0,NA,0,0,0,0,NA,NA,NA,NA,1.14932074736964,75
"10226","Kvichak-Sockeye","Sockeye",2014,6661126,4458540,NA,NA,NA,NA,NA,NA,NA,NA,0,0,0,0,0,9832,4484066,2072930,14260,0,4883,71802,3353,0,NA,0,0,0,0,NA,NA,NA,NA,0.401467181151021,75
"10227","Alagnak-Sockeye","Sockeye",1963,414873,203304,NA,NA,NA,NA,NA,NA,NA,NA,0,0,0,0,0,0,231002,151684,0,0,415,30953,819,0,NA,0,0,0,0,NA,NA,NA,NA,0.713270053502024,76
"10228","Alagnak-Sockeye","Sockeye",1964,381900,248700,NA,NA,NA,NA,NA,NA,NA,NA,0,0,0,0,0,6377,97650,90731,0,0,1880,112243,73018,0,NA,0,0,0,0,NA,NA,NA,NA,0.428911443422112,76
"10229","Alagnak-Sockeye","Sockeye",1965,259729,175020,NA,NA,NA,NA,NA,NA,NA,NA,0,0,0,0,0,8480,110323,88348,5497,0,510,29040,17531,0,NA,0,0,0,0,NA,NA,NA,NA,0.394738526635121,76
"10230","Alagnak-Sockeye","Sockeye",1966,565584,174336,NA,NA,NA,NA,NA,NA,NA,NA,0,0,0,0,0,9662,304544,229248,0,0,0,13317,8812,0,NA,0,0,0,0,NA,NA,NA,NA,1.17687435399216,76
"10231","Alagnak-Sockeye","Sockeye",1967,389349,202626,NA,NA,NA,NA,NA,NA,NA,NA,0,0,461,0,0,5830,260360,52163,0,0,2325,59200,9010,0,NA,0,0,0,0,NA,NA,NA,NA,0.653114198367662,76
"10232","Alagnak-Sockeye","Sockeye",1968,249192,193872,NA,NA,NA,NA,NA,NA,NA,NA,0,411,0,0,0,8143,182414,52504,2130,0,0,685,2904,0,NA,0,0,0,0,NA,NA,NA,NA,0.251025536180096,76
"10233","Alagnak-Sockeye","Sockeye",1969,180185,182490,NA,NA,NA,NA,NA,NA,NA,NA,0,0,0,0,0,0,1354,54757,0,0,0,108529,15545,0,NA,0,0,0,0,NA,NA,NA,NA,-0.0127112761347046,76
"10234","Alagnak-Sockeye","Sockeye",1970,145642,177060,NA,NA,NA,NA,NA,NA,NA,NA,0,0,0,0,0,0,78027,58491,0,0,0,8320,803,0,NA,0,0,0,0,NA,NA,NA,NA,-0.195337102478886,76
"10235","Alagnak-Sockeye","Sockeye",1971,324752,187302,NA,NA,NA,NA,NA,NA,NA,NA,0,0,0,0,0,1233,28838,56204,0,0,0,30123,207343,0,NA,0,0,1012,0,NA,NA,NA,NA,0.550339526665644,76
"10236","Alagnak-Sockeye","Sockeye",1972,124168,151188,NA,NA,NA,NA,NA,NA,NA,NA,0,0,0,0,0,1462,70320,27572,0,0,0,0,0,0,NA,0,24814,0,0,NA,NA,NA,NA,-0.19688860816761,76
"10237","Alagnak-Sockeye","Sockeye",1973,512940,35280,NA,NA,NA,NA,NA,NA,NA,NA,0,0,0,3099,0,0,0,6687,1378,0,0,350600,0,0,NA,0,67512,83665,0,NA,NA,NA,NA,2.67684264812761,76
"10238","Alagnak-Sockeye","Sockeye",1974,2290909,214848,NA,NA,NA,NA,NA,NA,NA,NA,0,0,1911,0,0,0,722581,0,1867,0,0,1551297,0,0,NA,0,0,13252,0,NA,NA,NA,NA,2.36677315966103,76
"10239","Alagnak-Sockeye","Sockeye",1975,1022274,100480,NA,NA,NA,NA,NA,NA,NA,NA,0,0,0,0,0,0,0,467275,0,0,0,0,492798,0,NA,62201,0,0,0,NA,NA,NA,NA,2.31982613387216,76
"10240","Alagnak-Sockeye","Sockeye",1976,344709,81822,NA,NA,NA,NA,NA,NA,NA,NA,0,0,77257,0,0,0,0,157897,0,0,1,0,94649,14903,NA,0,0,0,0,NA,NA,NA,NA,1.43815442673879,76
"10241","Alagnak-Sockeye","Sockeye",1977,1002659,108911,NA,NA,NA,NA,NA,NA,NA,NA,0,0,3287,0,0,163394,0,689175,0,0,0,0,145046,0,NA,0,0,1758,0,NA,NA,NA,NA,2.21987971515704,76
"10242","Alagnak-Sockeye","Sockeye",1978,2175584,584970,NA,NA,NA,NA,NA,NA,NA,NA,0,0,0,0,0,0,561752,1026219,15371,0,0,512955,0,16537,NA,0,42750,0,0,NA,NA,NA,NA,1.31349184936309,76
"10243","Alagnak-Sockeye","Sockeye",1979,2108488,750210,NA,NA,NA,NA,NA,NA,NA,NA,0,0,1045,0,0,0,947783,81155,14173,0,16623,1047577,0,132,NA,0,0,0,0,NA,NA,NA,NA,1.03337321458304,76
"10244","Alagnak-Sockeye","Sockeye",1980,643095,759645,NA,NA,NA,NA,NA,NA,NA,NA,0,0,4640,0,0,0,0,368591,0,0,0,269864,0,0,NA,0,0,0,0,NA,NA,NA,NA,-0.166558760619594,76
"10245","Alagnak-Sockeye","Sockeye",1981,1182706,209636,NA,NA,NA,NA,NA,NA,NA,NA,0,0,0,0,0,0,174415,1008292,0,0,0,0,0,0,NA,0,0,0,0,NA,NA,NA,NA,1.73018761895819,76
"10246","Alagnak-Sockeye","Sockeye",1982,773488,610215,NA,NA,NA,NA,NA,NA,NA,NA,0,0,6007,0,0,0,0,767481,0,0,0,0,0,0,NA,0,0,0,0,NA,NA,NA,NA,0.23709880191025,76
"10247","Alagnak-Sockeye","Sockeye",1983,456604,245361,NA,NA,NA,NA,NA,NA,NA,NA,0,0,12695,0,0,6508,0,434065,0,0,0,0,1247,0,NA,0,0,2088,0,NA,NA,NA,NA,0.621085899018659,76
"10248","Alagnak-Sockeye","Sockeye",1984,2467947,549194,NA,NA,NA,NA,NA,NA,NA,NA,0,561,6532,1632,0,0,403722,1250870,25116,0,0,0,772146,4441,NA,0,0,2926,0,NA,NA,NA,NA,1.5026901610639,76
"10249","Alagnak-Sockeye","Sockeye",1985,1645393,300977,NA,NA,NA,NA,NA,NA,NA,NA,0,0,39051,0,0,6815,86570,792074,0,0,0,0,720017,0,NA,0,0,865,0,NA,NA,NA,NA,1.69870069057191,76
"10250","Alagnak-Sockeye","Sockeye",1986,2032311,586959,NA,NA,NA,NA,NA,NA,NA,NA,0,0,0,2446,0,0,0,954824,0,0,0,0,1066241,0,NA,0,0,8799,0,NA,NA,NA,NA,1.24197387745766,76
"10251","Alagnak-Sockeye","Sockeye",1987,770409,393236,NA,NA,NA,NA,NA,NA,NA,NA,0,0,0,0,0,0,0,394532,0,0,0,0,374484,0,NA,0,1393,0,0,NA,NA,NA,NA,0.672511602116878,76
"10252","Alagnak-Sockeye","Sockeye",1988,1273821,496307,NA,NA,NA,NA,NA,NA,NA,NA,0,0,0,0,0,0,0,638576,19834,0,0,615411,0,0,NA,0,0,0,0,NA,NA,NA,NA,0.942581637039655,76
"10253","Alagnak-Sockeye","Sockeye",1989,2741825,501738,NA,NA,NA,NA,NA,NA,NA,NA,0,0,0,1365,0,0,712705,1322637,12148,0,0,691212,0,1759,NA,0,0,0,0,NA,NA,NA,NA,1.69830096496036,76
"10254","Alagnak-Sockeye","Sockeye",1990,1283665,430338,NA,NA,NA,NA,NA,NA,NA,NA,0,0,3138,241,0,100366,0,1174115,4215,0,0,0,0,0,NA,0,0,1590,0,NA,NA,NA,NA,1.09290360035542,76
"10255","Alagnak-Sockeye","Sockeye",1991,3434249,707852,NA,NA,NA,NA,NA,NA,NA,NA,0,0,0,0,0,23838,1012274,2341905,0,0,0,0,53630,0,NA,0,2601,0,0,NA,NA,NA,NA,1.57931851672699,76
"10256","Alagnak-Sockeye","Sockeye",1992,186844,577940,NA,NA,NA,NA,NA,NA,NA,NA,0,0,35663,825,0,0,0,150356,0,0,0,0,0,0,NA,0,0,0,0,NA,NA,NA,NA,-1.12919601295909,76
"10257","Alagnak-Sockeye","Sockeye",1993,1506977,887336,NA,NA,NA,NA,NA,NA,NA,NA,0,0,10457,0,0,0,1464,957262,39,0,0,226713,311042,0,NA,0,0,0,0,NA,NA,NA,NA,0.529637220858241,76
"10258","Alagnak-Sockeye","Sockeye",1994,1563841,618464,NA,NA,NA,NA,NA,NA,NA,NA,0,0,1616,0,0,593413,0,688616,11053,0,0,1107,259857,66,NA,0,8112,0,0,NA,NA,NA,NA,0.927661268730135,76
"10259","Alagnak-Sockeye","Sockeye",1995,3896349,550068,NA,NA,NA,NA,NA,NA,NA,NA,0,0,0,12,0,0,2028132,1861832,974,0,0,1923,3422,43,NA,0,0,11,0,NA,NA,NA,NA,1.9577533328581,76
"10260","Alagnak-Sockeye","Sockeye",1996,1421615,782213,NA,NA,NA,NA,NA,NA,NA,NA,0,0,0,0,0,0,40387,1167710,204768,0,0,1163,7234,47,NA,0,38,0,269,NA,NA,NA,NA,0.597421746302411,76
"10261","Alagnak-Sockeye","Sockeye",1997,1391085,556193,NA,NA,NA,NA,NA,NA,NA,NA,0,0,55,0,0,5994,1871,625825,41422,0,11,85372,620197,10149,NA,0,188,0,0,NA,NA,NA,NA,0.916723940853928,76
"10262","Alagnak-Sockeye","Sockeye",1998,2777780,643110,NA,NA,NA,NA,NA,NA,NA,NA,0,0,0,0,0,11639,9903,2422102,85,0,8096,269435,56520,0,NA,0,0,0,0,NA,NA,NA,NA,1.46309154381264,76
"10263","Alagnak-Sockeye","Sockeye",1999,3726509,1182180,NA,NA,NA,NA,NA,NA,NA,NA,0,11,0,0,0,0,802309,1213013,277,0,47,646231,1053967,10608,NA,0,0,46,0,NA,NA,NA,NA,1.14811167881775,76
"10264","Alagnak-Sockeye","Sockeye",2000,9751335,1150815,NA,NA,NA,NA,NA,NA,NA,NA,0,0,13,288,0,2051,5559715,4007258,31486,0,0,34671,115780,0,NA,0,72,0,0,NA,NA,NA,NA,2.13693381169242,76
"10265","Alagnak-Sockeye","Sockeye",2001,1677184,680850,NA,NA,NA,NA,NA,NA,NA,NA,0,0,307,0,0,39954,127915,1366723,12341,0,18,37517,92410,0,NA,0,0,0,0,NA,NA,NA,NA,0.901529457971481,76
"10266","Alagnak-Sockeye","Sockeye",2002,3727488,766962,NA,NA,NA,NA,NA,NA,NA,NA,0,0,6015,0,0,15,1774632,1836231,4218,0,0,67960,38417,0,NA,0,0,0,0,NA,NA,NA,NA,1.58105257085455,76
"10267","Alagnak-Sockeye","Sockeye",2003,6701447,3676146,NA,NA,NA,NA,NA,NA,NA,NA,0,0,0,0,0,0,2760469,3797307,116854,0,0,5381,21436,0,NA,0,0,0,0,NA,NA,NA,NA,0.600458552439454,76
"10268","Alagnak-Sockeye","Sockeye",2004,2514459,5396592,NA,NA,NA,NA,NA,NA,NA,NA,0,0,0,0,0,1822,860688,1378015,15868,0,0,109724,148341,0,NA,0,0,0,0,NA,NA,NA,NA,-0.763709972156237,76
"10269","Alagnak-Sockeye","Sockeye",2005,2840332,4218990,NA,NA,NA,NA,NA,NA,NA,NA,0,0,0,0,0,0,741790,1855297,7216,0,0,127546,108098,385,NA,0,0,0,0,NA,NA,NA,NA,-0.395674816160352,76
"10270","Alagnak-Sockeye","Sockeye",2006,2439921,1773966,NA,NA,NA,NA,NA,NA,NA,NA,0,0,0,0,0,1340,666876,1577882,624,0,0,54791,138225,0,NA,0,96,86,0,NA,NA,NA,NA,0.31874794375523,76
"10271","Alagnak-Sockeye","Sockeye",2007,2209680,2466414,NA,NA,NA,NA,NA,NA,NA,NA,0,0,0,0,0,1625,500487,1099434,259,0,0,481558,126217,101,NA,0,0,0,0,NA,NA,NA,NA,-0.109917565197459,76
"10272","Alagnak-Sockeye","Sockeye",2008,1924725,2180502,NA,NA,NA,NA,NA,NA,NA,NA,0,0,96,0,0,827,507010,1252746,3907,0,0,89672,70467,0,NA,0,0,0,0,NA,NA,NA,NA,-0.124772025129248,76
"10273","Alagnak-Sockeye","Sockeye",2009,1405166,970818,NA,NA,NA,NA,NA,NA,NA,NA,0,0,0,0,0,0,461080,693020,848,0,173,117646,132394,0,NA,0,6,0,0,NA,NA,NA,NA,0.369771709165236,76
"10274","Alagnak-Sockeye","Sockeye",2010,6499066,1187730,NA,NA,NA,NA,NA,NA,NA,NA,0,0,101,0,0,0,735455,3182986,12833,0,240,1800823,766628,0,NA,0,0,0,0,NA,NA,NA,NA,1.69961455188635,76
"10275","Alagnak-Sockeye","Sockeye",2011,6167987,883794,NA,NA,NA,NA,NA,NA,NA,NA,0,0,0,0,0,120,3087316,2498861,3,41,0,533353,48131,112,NA,0,1,49,0,NA,NA,NA,NA,1.94290380378121,76
"10276","Alagnak-Sockeye","Sockeye",2012,2828305,861747,NA,NA,NA,NA,NA,NA,NA,NA,0,0,0,0,0,39748,1123765,1614661,10640,0,0,22311,17181,0,NA,0,0,0,0,NA,NA,NA,NA,1.18847114716895,76
"10277","Alagnak-Sockeye","Sockeye",2013,3928289,1095950,NA,NA,NA,NA,NA,NA,NA,NA,0,0,0,0,0,2702,2677121,1235290,458,0,0,3198,9522,0,NA,0,0,0,0,NA,NA,NA,NA,1.27658239507662,76
"10278","Alagnak-Sockeye","Sockeye",2014,2284294,200500,NA,NA,NA,NA,NA,NA,NA,NA,0,0,0,0,0,68088,1604307,586591,0,0,35,24204,1068,1,NA,0,0,0,0,NA,NA,NA,NA,2.43299803728653,76
"10279","Naknek-Sockeye","Sockeye",1963,1706836,905358,NA,NA,NA,NA,NA,NA,NA,NA,0,0,0,0,0,0,141944,416187,0,0,23215,700970,418190,0,NA,0,6330,0,0,NA,NA,NA,NA,0.63406619760435,77
"10280","Naknek-Sockeye","Sockeye",1964,2223531,1349604,NA,NA,NA,NA,NA,NA,NA,NA,0,0,0,0,0,743,342531,256174,0,0,34421,1275540,309692,0,NA,0,4430,0,0,NA,NA,NA,NA,0.499285256768418,77
"10281","Naknek-Sockeye","Sockeye",1965,2654768,717798,NA,NA,NA,NA,NA,NA,NA,NA,0,0,0,0,0,12877,634432,600345,0,0,37064,854535,515515,0,NA,0,0,0,0,NA,NA,NA,NA,1.30792435514225,77
"10282","Naknek-Sockeye","Sockeye",1966,4205622,1016445,NA,NA,NA,NA,NA,NA,NA,NA,0,0,0,0,0,13371,918493,2573070,3000,0,2025,209618,485528,519,NA,0,0,0,0,NA,NA,NA,NA,1.42011095623811,77
"10283","Naknek-Sockeye","Sockeye",1967,1552168,755640,NA,NA,NA,NA,NA,NA,NA,NA,0,0,0,0,0,0,352459,522757,0,0,3787,330689,342019,457,NA,0,0,0,0,NA,NA,NA,NA,0.719842870018863,77
"10284","Naknek-Sockeye","Sockeye",1968,638312,1023222,NA,NA,NA,NA,NA,NA,NA,NA,0,0,0,0,0,3585,126410,202857,257,0,0,88011,216580,0,NA,0,611,0,0,NA,NA,NA,NA,-0.471884559183649,77
"10285","Naknek-Sockeye","Sockeye",1969,2143778,1331202,NA,NA,NA,NA,NA,NA,NA,NA,0,0,0,0,0,0,45889,240153,0,0,4366,837021,1007865,0,NA,0,2051,6434,0,NA,NA,NA,NA,0.476487399583781,77
"10286","Naknek-Sockeye","Sockeye",1970,2535306,732502,NA,NA,NA,NA,NA,NA,NA,NA,0,0,0,0,0,597,161583,281376,0,0,17756,1549928,504895,0,NA,0,17444,1726,0,NA,NA,NA,NA,1.24160354753666,77
"10287","Naknek-Sockeye","Sockeye",1971,4350422,935754,NA,NA,NA,NA,NA,NA,NA,NA,0,0,0,0,0,225,349684,630688,1478,0,17309,1777140,1537578,25170,NA,0,1979,9172,0,NA,NA,NA,NA,1.53667550945026,77
"10288","Naknek-Sockeye","Sockeye",1972,1715207,586518,NA,NA,NA,NA,NA,NA,NA,NA,0,0,0,0,0,2938,228954,397108,5084,0,35046,359615,676509,2647,NA,0,3618,3690,0,NA,NA,NA,NA,1.0730856938652,77
"10289","Naknek-Sockeye","Sockeye",1973,2742669,356676,NA,NA,NA,NA,NA,NA,NA,NA,0,0,1257,0,0,0,610280,715809,0,0,255,564689,850378,0,NA,0,0,0,0,NA,NA,NA,NA,2.03985900618814,77
"10290","Naknek-Sockeye","Sockeye",1974,2642513,1241058,NA,NA,NA,NA,NA,NA,NA,NA,0,0,0,0,0,1544,253899,393360,0,0,1832,1103750,880690,0,NA,0,7439,0,0,NA,NA,NA,NA,0.755766116700708,77
"10291","Naknek-Sockeye","Sockeye",1975,5195705,2026686,NA,NA,NA,NA,NA,NA,NA,NA,0,0,0,0,0,1029,456699,1630147,0,0,11804,1539430,1547266,4744,NA,0,4586,0,0,NA,NA,NA,NA,0.941430376016595,77
"10292","Naknek-Sockeye","Sockeye",1976,8991732,1320750,NA,NA,NA,NA,NA,NA,NA,NA,0,0,0,0,0,4277,1013493,4461321,24292,0,4423,1950161,1520144,10680,NA,0,0,2941,0,NA,NA,NA,NA,1.91810573137443,77
"10293","Naknek-Sockeye","Sockeye",1977,3721059,1085856,NA,NA,NA,NA,NA,NA,NA,NA,0,0,4313,0,0,4429,788791,2456928,74909,0,0,145844,242959,1394,NA,0,0,1493,0,NA,NA,NA,NA,1.23163968915654,77
"10294","Naknek-Sockeye","Sockeye",1978,2788295,813378,NA,NA,NA,NA,NA,NA,NA,NA,0,0,0,0,0,393,490174,949602,2206,0,9731,631141,704090,0,NA,0,958,0,0,NA,NA,NA,NA,1.23198963075581,77
"10295","Naknek-Sockeye","Sockeye",1979,3965088,925362,NA,NA,NA,NA,NA,NA,NA,NA,0,0,0,0,0,8951,1389279,1322934,5050,0,5950,761179,464177,0,NA,0,6070,1499,0,NA,NA,NA,NA,1.45509831571609,77
"10296","Naknek-Sockeye","Sockeye",1980,4930476,2644698,NA,NA,NA,NA,NA,NA,NA,NA,0,0,0,0,0,803,1059833,1633506,11988,0,17349,1344991,860504,1502,NA,0,0,0,0,NA,NA,NA,NA,0.622878654020187,77
"10297","Naknek-Sockeye","Sockeye",1981,4703787,1796220,NA,NA,NA,NA,NA,NA,NA,NA,0,0,0,0,0,4917,772538,2360631,18751,0,5873,592812,943847,4417,NA,0,0,0,0,NA,NA,NA,NA,0.962683472148634,77
"10298","Naknek-Sockeye","Sockeye",1982,1849206,1155552,NA,NA,NA,NA,NA,NA,NA,NA,0,0,0,0,0,5105,163881,941345,27630,683,0,225872,477076,7614,NA,0,0,0,0,NA,NA,NA,NA,0.470178205889706,77
"10299","Naknek-Sockeye","Sockeye",1983,1482526,888294,NA,NA,NA,NA,NA,NA,NA,NA,0,0,0,0,0,0,179536,556012,5897,0,7909,351039,382133,0,NA,0,0,0,0,NA,NA,NA,NA,0.512199899382753,77
"10300","Naknek-Sockeye","Sockeye",1984,4489760,1242474,NA,NA,NA,NA,NA,NA,NA,NA,0,0,0,0,0,249,513736,827819,12060,0,30951,1575844,1527672,1430,NA,0,0,0,0,NA,NA,NA,NA,1.28469469499335,77
"10301","Naknek-Sockeye","Sockeye",1985,7264391,1849938,NA,NA,NA,NA,NA,NA,NA,NA,0,0,1526,3713,0,2110,828787,3274445,54935,0,31777,1612753,1407689,37992,NA,0,0,8662,0,NA,NA,NA,NA,1.36783234192775,77
"10302","Naknek-Sockeye","Sockeye",1986,12744734,1977645,NA,NA,NA,NA,NA,NA,NA,NA,0,0,5555,0,0,7752,1858984,6684279,439131,743,2489,1219365,2484591,41845,NA,0,0,0,0,NA,NA,NA,NA,1.86321142380379,77
"10303","Naknek-Sockeye","Sockeye",1987,5533716,1061806,NA,NA,NA,NA,NA,NA,NA,NA,0,2660,14665,3069,0,0,369590,1244918,119539,0,2472,616859,3148640,11304,NA,0,0,0,0,NA,NA,NA,NA,1.65088832899652,77
"10304","Naknek-Sockeye","Sockeye",1988,3025871,1037862,NA,NA,NA,NA,NA,NA,NA,NA,0,0,0,0,0,0,354738,1120895,18881,0,31753,780077,716195,3330,NA,0,0,0,0,NA,NA,NA,NA,1.07003615599364,77
"10305","Naknek-Sockeye","Sockeye",1989,3133263,1161984,NA,NA,NA,NA,NA,NA,NA,NA,0,0,0,0,0,1192,360910,819387,0,0,4536,1406719,537975,0,NA,0,2545,0,0,NA,NA,NA,NA,0.991946064575651,77
"10306","Naknek-Sockeye","Sockeye",1990,3997626,2092578,NA,NA,NA,NA,NA,NA,NA,NA,0,0,0,0,0,0,659727,911101,5005,0,54894,1531081,819654,16164,NA,0,0,0,0,NA,NA,NA,NA,0.647303886256625,77
"10307","Naknek-Sockeye","Sockeye",1991,4629239,3578508,NA,NA,NA,NA,NA,NA,NA,NA,0,2265,0,0,0,11437,451505,3533616,62714,0,2603,139216,424425,1458,NA,0,0,0,0,NA,NA,NA,NA,0.257446537970536,77
"10308","Naknek-Sockeye","Sockeye",1992,1481553,1606650,NA,NA,NA,NA,NA,NA,NA,NA,0,0,5618,0,0,0,158743,751849,11956,0,487,282465,265278,0,NA,1617,3539,0,0,NA,NA,NA,NA,-0.0810604039522043,77
"10309","Naknek-Sockeye","Sockeye",1993,2704804,1535658,NA,NA,NA,NA,NA,NA,NA,NA,0,0,0,0,0,122,352181,1121938,24034,0,14445,430639,761445,0,NA,0,0,0,0,NA,NA,NA,NA,0.566070497578959,77
"10310","Naknek-Sockeye","Sockeye",1994,2396222,990810,NA,NA,NA,NA,NA,NA,NA,NA,0,0,0,0,0,4950,504531,758142,1696,0,17069,730719,376373,2743,NA,0,0,0,0,NA,NA,NA,NA,0.883125818948693,77
"10311","Naknek-Sockeye","Sockeye",1995,5927766,1111140,NA,NA,NA,NA,NA,NA,NA,NA,0,0,0,283,0,8708,2425255,3130745,68798,0,502,117754,172128,3335,NA,0,0,257,0,NA,NA,NA,NA,1.67426089821064,77
"10312","Naknek-Sockeye","Sockeye",1996,6473144,1078098,NA,NA,NA,NA,NA,NA,NA,NA,0,0,0,0,0,1386,340635,5591154,107359,0,0,49654,379240,2676,NA,0,898,0,143,NA,NA,NA,NA,1.79246354812386,77
"10313","Naknek-Sockeye","Sockeye",1997,3457636,1025664,NA,NA,NA,NA,NA,NA,NA,NA,0,0,1331,0,0,0,97471,899636,15456,0,6841,825500,1604687,2229,NA,0,4485,0,0,NA,NA,NA,NA,1.21524491082924,77
"10314","Naknek-Sockeye","Sockeye",1998,3869577,1202172,NA,NA,NA,NA,NA,NA,NA,NA,0,0,0,0,0,1065,595642,1957154,17916,0,1475,553805,742520,0,NA,0,0,0,0,NA,NA,NA,NA,1.16901527802432,77
"10315","Naknek-Sockeye","Sockeye",1999,3762454,1625364,NA,NA,NA,NA,NA,NA,NA,NA,0,257,0,0,0,0,713060,1388588,14887,0,7566,707967,927939,1095,NA,0,0,1095,0,NA,NA,NA,NA,0.839339613389189,77
"10316","Naknek-Sockeye","Sockeye",2000,9024558,1375488,NA,NA,NA,NA,NA,NA,NA,NA,0,0,317,0,0,2966,1207029,6824909,79277,0,0,453897,454432,0,NA,0,1732,0,0,NA,NA,NA,NA,1.88114095070626,77
"10317","Naknek-Sockeye","Sockeye",2001,4633414,1830360,NA,NA,NA,NA,NA,NA,NA,NA,0,0,350,0,0,0,484233,2926493,50779,3420,10588,396239,761312,0,NA,0,0,0,0,NA,NA,NA,NA,0.92878129257122,77
"10318","Naknek-Sockeye","Sockeye",2002,5780281,1263918,NA,NA,NA,NA,NA,NA,NA,NA,0,0,0,0,0,48569,1471106,3683676,93384,0,1829,250688,209238,21792,NA,0,0,0,0,NA,NA,NA,NA,1.52023587721695,77
"10319","Naknek-Sockeye","Sockeye",2003,12398892,1831170,NA,NA,NA,NA,NA,NA,NA,NA,0,0,0,0,0,8942,3692037,7549812,279026,0,0,247183,615269,4967,NA,0,1657,0,0,NA,NA,NA,NA,1.91265200695775,77
"10320","Naknek-Sockeye","Sockeye",2004,4303987,1939674,NA,NA,NA,NA,NA,NA,NA,NA,0,0,0,0,0,0,986911,1652173,15655,0,3321,979063,665454,1409,NA,0,0,0,0,NA,NA,NA,NA,0.797021884691212,77
"10321","Naknek-Sockeye","Sockeye",2005,5386610,2744622,NA,NA,NA,NA,NA,NA,NA,NA,0,0,0,0,0,36672,1302925,2255795,24685,0,10574,801427,947785,4194,NA,0,0,2553,0,NA,NA,NA,NA,0.674272884006258,77
"10322","Naknek-Sockeye","Sockeye",2006,4907393,1953228,NA,NA,NA,NA,NA,NA,NA,NA,0,0,0,0,0,50442,1657238,1928248,33266,1169,18821,717671,499064,1305,NA,0,89,79,0,NA,NA,NA,NA,0.921259455016446,77
"10323","Naknek-Sockeye","Sockeye",2007,4635097,2945304,NA,NA,NA,NA,NA,NA,NA,NA,0,0,994,0,0,17541,1861895,1539525,31152,0,14339,645374,524184,93,NA,0,0,0,0,NA,NA,NA,NA,0.453445088940092,77
"10324","Naknek-Sockeye","Sockeye",2008,3267803,2472690,NA,NA,NA,NA,NA,NA,NA,NA,0,0,89,0,0,23087,580269,1595287,6352,0,13080,360751,688888,0,NA,0,0,0,0,NA,NA,NA,NA,0.278811266802442,77
"10325","Naknek-Sockeye","Sockeye",2009,1915298,1169466,NA,NA,NA,NA,NA,NA,NA,NA,0,0,0,0,0,5415,457482,889894,564,0,5756,396536,157950,1701,NA,0,0,0,0,NA,NA,NA,NA,0.493325989736705,77
"10326","Naknek-Sockeye","Sockeye",2010,7421321,1463928,NA,NA,NA,NA,NA,NA,NA,NA,0,0,93,0,0,97717,3220885,2291356,1563,0,37969,1371747,399927,0,NA,0,0,65,0,NA,NA,NA,NA,1.62323383967657,77
"10327","Naknek-Sockeye","Sockeye",2011,5088588,1177074,NA,NA,NA,NA,NA,NA,NA,NA,0,0,0,0,0,82431,2215738,1311129,75,34,41339,864072,571249,1968,NA,0,13,540,0,NA,NA,NA,NA,1.46396868738879,77
"10328","Naknek-Sockeye","Sockeye",2012,5422205,900312,NA,NA,NA,NA,NA,NA,NA,NA,0,0,0,0,0,11744,2391537,2012814,14098,0,5727,616530,369748,0,NA,0,0,7,0,NA,NA,NA,NA,1.79551646835449,77
"10329","Naknek-Sockeye","Sockeye",2013,6508687,938160,NA,NA,NA,NA,NA,NA,NA,NA,0,0,0,0,0,61369,2742095,3315115,3882,0,0,228372,157853,0,NA,0,0,0,0,NA,NA,NA,NA,1.93697251499956,77
"10330","Naknek-Sockeye","Sockeye",2014,6519492,1474428,NA,NA,NA,NA,NA,NA,NA,NA,0,0,0,0,0,32824,2955138,3159370,0,0,2346,240535,112679,16599,NA,0,0,0,0,NA,NA,NA,NA,1.48652634082361,77
"10331","Ugashik-Sockeye","Sockeye",1963,132741,388254,NA,NA,NA,NA,NA,NA,NA,NA,0,0,0,0,0,0,10884,21608,2126,0,49,77497,20578,0,NA,0,0,0,0,NA,NA,NA,NA,-1.07325990340219,78
"10332","Ugashik-Sockeye","Sockeye",1964,274733,472770,NA,NA,NA,NA,NA,NA,NA,NA,0,0,102,0,0,134,18938,8226,0,0,10590,220163,16285,0,NA,0,0,294,0,NA,NA,NA,NA,-0.542809295363961,78
"10333","Ugashik-Sockeye","Sockeye",1965,392954,996612,NA,NA,NA,NA,NA,NA,NA,NA,0,0,0,0,0,0,47512,51187,549,0,2815,212640,76458,0,NA,0,1794,0,0,NA,NA,NA,NA,-0.930668970041493,78
"10334","Ugashik-Sockeye","Sockeye",1966,2388187,704436,NA,NA,NA,NA,NA,NA,NA,NA,0,373,407,117,0,101,772416,1554969,228,0,0,42250,17326,0,NA,0,0,0,0,NA,NA,NA,NA,1.22089229701277,78
"10335","Ugashik-Sockeye","Sockeye",1967,230351,238830,NA,NA,NA,NA,NA,NA,NA,NA,0,0,0,0,0,0,98166,54844,0,0,0,42254,34932,114,NA,0,42,0,0,NA,NA,NA,NA,-0.0361477691762108,78
"10336","Ugashik-Sockeye","Sockeye",1968,45088,70896,NA,NA,NA,NA,NA,NA,NA,NA,0,0,0,0,0,0,16985,10063,0,0,0,13508,4394,138,NA,0,0,0,0,NA,NA,NA,NA,-0.452597878740864,78
"10337","Ugashik-Sockeye","Sockeye",1969,89243,160380,NA,NA,NA,NA,NA,NA,NA,NA,0,0,0,0,0,111,4548,5661,0,0,319,52668,24458,0,NA,0,1479,0,0,NA,NA,NA,NA,-0.586183013167584,78
"10338","Ugashik-Sockeye","Sockeye",1970,355709,735024,NA,NA,NA,NA,NA,NA,NA,NA,0,0,0,0,0,0,3709,2799,0,0,206,303316,0,0,NA,0,44928,751,0,NA,NA,NA,NA,-0.725790170885675,78
"10339","Ugashik-Sockeye","Sockeye",1971,935802,529752,NA,NA,NA,NA,NA,NA,NA,NA,0,0,0,0,0,0,193376,0,0,0,0,573773,165880,1723,NA,0,85,966,0,NA,NA,NA,NA,0.568994943131617,78
"10340","Ugashik-Sockeye","Sockeye",1972,276170,79428,NA,NA,NA,NA,NA,NA,NA,NA,0,0,0,0,0,0,0,87271,0,0,0,145198,39458,0,NA,0,1744,2499,0,NA,NA,NA,NA,1.24616566720692,78
"10341","Ugashik-Sockeye","Sockeye",1973,102308,38988,NA,NA,NA,NA,NA,NA,NA,NA,0,0,4467,0,0,0,26045,6764,322,0,0,21377,37294,0,NA,0,6039,0,0,NA,NA,NA,NA,0.964733964793574,78
"10342","Ugashik-Sockeye","Sockeye",1974,757907,61854,NA,NA,NA,NA,NA,NA,NA,NA,0,0,0,0,0,0,9986,8385,0,0,14010,660052,65474,0,NA,0,0,0,0,NA,NA,NA,NA,2.50578391748,78
"10343","Ugashik-Sockeye","Sockeye",1975,4125834,429336,NA,NA,NA,NA,NA,NA,NA,NA,0,0,0,0,0,1088,1565299,578240,0,0,5169,1608268,365466,790,NA,0,1513,0,0,NA,NA,NA,NA,2.26278363099395,78
"10344","Ugashik-Sockeye","Sockeye",1976,5801029,356308,NA,NA,NA,NA,NA,NA,NA,NA,0,1672,0,0,0,0,2328527,1705028,8660,0,61272,1352579,341624,0,NA,0,0,1667,0,NA,NA,NA,NA,2.78999506924287,78
"10345","Ugashik-Sockeye","Sockeye",1977,2853151,201520,NA,NA,NA,NA,NA,NA,NA,NA,0,0,11008,0,0,792,642643,1822598,5813,0,0,230133,138885,1279,NA,0,0,0,0,NA,NA,NA,NA,2.65029064451235,78
"10346","Ugashik-Sockeye","Sockeye",1978,1194448,82435,NA,NA,NA,NA,NA,NA,NA,NA,0,0,7170,0,0,0,245524,336577,4513,0,3163,343912,253589,0,NA,0,0,0,0,NA,NA,NA,NA,2.6734293289462,78
"10347","Ugashik-Sockeye","Sockeye",1979,6480880,1706904,NA,NA,NA,NA,NA,NA,NA,NA,0,0,0,0,0,22988,3310049,786900,23149,0,10427,1672861,649603,4903,NA,0,0,0,0,NA,NA,NA,NA,1.33417510039798,78
"10348","Ugashik-Sockeye","Sockeye",1980,8062937,3335284,NA,NA,NA,NA,NA,NA,NA,NA,0,0,5236,0,0,1117,1405682,2168628,14429,0,35830,3340398,1090176,1322,NA,0,118,0,0,NA,NA,NA,NA,0.882720049040239,78
"10349","Ugashik-Sockeye","Sockeye",1981,7976426,1327699,NA,NA,NA,NA,NA,NA,NA,NA,0,241,4923,0,0,862,1742861,3026320,3536,0,6623,2261031,929012,840,NA,0,176,0,0,NA,NA,NA,NA,1.79304307272671,78
"10350","Ugashik-Sockeye","Sockeye",1982,2359985,1185551,NA,NA,NA,NA,NA,NA,NA,NA,0,0,4886,1156,0,4612,325145,680801,8558,0,266,543095,788806,2661,NA,0,0,0,0,NA,NA,NA,NA,0.68844761766426,78
"10351","Ugashik-Sockeye","Sockeye",1983,1789220,1001364,NA,NA,NA,NA,NA,NA,NA,NA,0,0,11993,728,0,0,733503,252201,2966,0,3616,562362,221167,0,NA,0,683,0,0,NA,NA,NA,NA,0.580416700097232,78
"10352","Ugashik-Sockeye","Sockeye",1984,5529834,1270318,NA,NA,NA,NA,NA,NA,NA,NA,0,1456,9753,0,0,74,479103,605094,12416,0,50457,3868563,500632,0,NA,0,0,2285,0,NA,NA,NA,NA,1.47089053417249,78
"10353","Ugashik-Sockeye","Sockeye",1985,2823866,1006407,NA,NA,NA,NA,NA,NA,NA,NA,271,1890,8788,0,0,446,646743,807793,2117,0,1022,878254,470703,5839,NA,0,0,0,0,NA,NA,NA,NA,1.03172030565551,78
"10354","Ugashik-Sockeye","Sockeye",1986,7142617,1015582,NA,NA,NA,NA,NA,NA,NA,NA,0,5098,48370,47,0,555,459250,2678329,77768,0,791,1927859,1925221,17549,NA,0,1780,0,0,NA,NA,NA,NA,1.95061738862954,78
"10355","Ugashik-Sockeye","Sockeye",1987,7164347,686894,NA,NA,NA,NA,NA,NA,NA,NA,0,5014,7801,0,0,97,856334,1811306,13745,0,11201,1998211,2421157,39039,NA,0,0,441,0,NA,NA,NA,NA,2.34469221234939,78
"10356","Ugashik-Sockeye","Sockeye",1988,5544646,654412,NA,NA,NA,NA,NA,NA,NA,NA,0,569,7709,0,0,1792,470688,795903,19276,0,33263,2017209,2182844,1267,NA,0,6051,8074,0,NA,NA,NA,NA,2.13685093391934,78
"10357","Ugashik-Sockeye","Sockeye",1989,4913114,1713287,NA,NA,NA,NA,NA,NA,NA,NA,0,3612,8149,0,0,5841,928150,407114,10738,0,13863,2510466,1024309,872,NA,0,0,0,0,NA,NA,NA,NA,1.05349420903073,78
"10358","Ugashik-Sockeye","Sockeye",1990,3858559,749478,NA,NA,NA,NA,NA,NA,NA,NA,0,0,10683,1407,0,973,374220,787821,2495,0,12551,2004495,662361,1553,NA,0,0,0,0,NA,NA,NA,NA,1.638672112487,78
"10359","Ugashik-Sockeye","Sockeye",1991,6680927,2482016,NA,NA,NA,NA,NA,NA,NA,NA,0,443,264,0,0,6843,2063056,3857991,19160,0,420,452474,276442,3835,NA,0,0,0,0,NA,NA,NA,NA,0.990185617199818,78
"10360","Ugashik-Sockeye","Sockeye",1992,3149041,2194927,NA,NA,NA,NA,NA,NA,NA,NA,0,4731,59370,1048,0,6376,322825,839605,691,0,9211,935884,940448,27507,NA,0,0,1345,0,NA,NA,NA,NA,0.360949173469573,78
"10361","Ugashik-Sockeye","Sockeye",1993,1357580,1413454,NA,NA,NA,NA,NA,NA,NA,NA,0,1082,2503,0,0,1970,408126,391217,29347,0,5033,273290,244594,0,NA,0,0,417,0,NA,NA,NA,NA,-0.0403326513402316,78
"10362","Ugashik-Sockeye","Sockeye",1994,1586318,1095068,NA,NA,NA,NA,NA,NA,NA,NA,0,0,1013,0,0,19397,260833,521900,8350,97,7830,596048,168387,2367,NA,0,0,96,0,NA,NA,NA,NA,0.37059914573102,78
"10363","Ugashik-Sockeye","Sockeye",1995,5773750,1321108,NA,NA,NA,NA,NA,NA,NA,NA,0,2857,0,0,0,10261,3803140,1732035,31424,0,0,130226,63024,783,NA,0,0,0,0,NA,NA,NA,NA,1.47485100431908,78
"10364","Ugashik-Sockeye","Sockeye",1996,1353867,692167,NA,NA,NA,NA,NA,NA,NA,NA,0,0,0,0,0,0,260684,1050833,1055,140,0,31801,9008,345,NA,0,0,0,0,NA,NA,NA,NA,0.670892965191272,78
"10365","Ugashik-Sockeye","Sockeye",1997,3025123,656641,NA,NA,NA,NA,NA,NA,NA,NA,0,0,0,0,0,0,283828,647818,11946,0,2867,1657638,418908,2116,NA,0,2,0,0,NA,NA,NA,NA,1.52756958478971,78
"10366","Ugashik-Sockeye","Sockeye",1998,1247107,924853,NA,NA,NA,NA,NA,NA,NA,NA,0,0,0,0,0,1237,179053,302211,4402,0,21,524716,235001,0,NA,0,465,0,0,NA,NA,NA,NA,0.298946941968603,78
"10367","Ugashik-Sockeye","Sockeye",1999,3674159,1662042,NA,NA,NA,NA,NA,NA,NA,NA,0,0,0,0,0,3671,1255075,907859,4844,0,24648,1185603,289264,3194,NA,0,0,0,0,NA,NA,NA,NA,0.793277296066628,78
"10368","Ugashik-Sockeye","Sockeye",2000,4355278,638420,NA,NA,NA,NA,NA,NA,NA,NA,0,0,0,0,0,2249,1866357,2342567,25206,0,397,44274,74227,0,NA,0,1,0,0,NA,NA,NA,NA,1.92014734795637,78
"10369","Ugashik-Sockeye","Sockeye",2001,2184180,866368,NA,NA,NA,NA,NA,NA,NA,NA,0,0,0,410,0,629,399298,1437912,52170,347,2009,130861,160042,502,NA,0,0,0,0,NA,NA,NA,NA,0.92468599048775,78
"10370","Ugashik-Sockeye","Sockeye",2002,4599328,905584,NA,NA,NA,NA,NA,NA,NA,NA,0,0,7693,0,0,7745,2071289,2167493,13089,0,242,305594,26176,0,NA,0,8,0,0,NA,NA,NA,NA,1.62508544540061,78
"10371","Ugashik-Sockeye","Sockeye",2003,6373082,790202,NA,NA,NA,NA,NA,NA,NA,NA,0,17204,0,753,0,10938,4701778,1532813,12797,0,0,35668,61131,0,NA,0,0,0,0,NA,NA,NA,NA,2.08754985303436,78
"10372","Ugashik-Sockeye","Sockeye",2004,4531616,815104,NA,NA,NA,NA,NA,NA,NA,NA,0,0,522,0,0,12627,1319887,1594092,2921,0,373,1238126,363069,0,NA,0,0,0,0,NA,NA,NA,NA,1.71551817529316,78
"10373","Ugashik-Sockeye","Sockeye",2005,5265098,799612,NA,NA,NA,NA,NA,NA,NA,NA,0,0,0,931,0,650,876221,2314050,6212,0,1957,1174215,887536,2700,NA,0,625,0,0,NA,NA,NA,NA,1.88472842786274,78
"10374","Ugashik-Sockeye","Sockeye",2006,3402250,1003158,NA,NA,NA,NA,NA,NA,NA,NA,0,0,2987,354,0,66930,1066920,1077436,7477,0,21808,935099,223238,0,NA,0,0,0,0,NA,NA,NA,NA,1.22128395346689,78
"10375","Ugashik-Sockeye","Sockeye",2007,3140559,2599186,NA,NA,NA,NA,NA,NA,NA,NA,0,0,0,0,0,41843,1274646,930355,1858,0,13505,697800,180552,0,NA,0,0,0,0,NA,NA,NA,NA,0.189202490467666,78
"10376","Ugashik-Sockeye","Sockeye",2008,3163445,596332,NA,NA,NA,NA,NA,NA,NA,NA,0,0,2818,1716,0,7974,1047222,1729138,798,0,1656,332241,39882,0,NA,0,0,0,0,NA,NA,NA,NA,1.6686193436768,78
"10377","Ugashik-Sockeye","Sockeye",2009,982891,1364338,NA,NA,NA,NA,NA,NA,NA,NA,0,0,0,0,0,8826,376290,317253,19,0,2519,144373,132472,0,NA,0,0,1139,0,NA,NA,NA,NA,-0.327926379339236,78
"10378","Ugashik-Sockeye","Sockeye",2010,2113278,830886,NA,NA,NA,NA,NA,NA,NA,NA,0,0,1096,0,0,10045,579294,790144,0,0,6942,441781,283973,0,NA,0,0,2,0,NA,NA,NA,NA,0.933502974125759,78
"10379","Ugashik-Sockeye","Sockeye",2011,6745931,1029853,NA,NA,NA,NA,NA,NA,NA,NA,0,949,0,0,0,64067,2738466,2087482,8425,306,41288,1304626,495528,4395,NA,0,133,265,0,NA,NA,NA,NA,1.87952343469403,78
"10380","Ugashik-Sockeye","Sockeye",2012,5917715,670578,NA,NA,NA,NA,NA,NA,NA,NA,0,0,0,0,0,104687,3480574,1582991,6249,0,5117,653764,84332,0,NA,0,0,0,0,NA,NA,NA,NA,2.17756564658698,78
"10381","Ugashik-Sockeye","Sockeye",2013,5990616,898110,NA,NA,NA,NA,NA,NA,NA,NA,0,0,0,0,0,29906,3860507,2008451,2522,0,978,56488,31764,0,NA,0,0,0,0,NA,NA,NA,NA,1.89765696865302,78
"10382","Ugashik-Sockeye","Sockeye",2014,4326726,640158,NA,NA,NA,NA,NA,NA,NA,NA,0,0,0,0,0,70410,2596182,1576519,1572,0,0,53209,28826,7,NA,0,0,0,0,NA,NA,NA,NA,1.91085139401608,78
"10383","Egegik-Sockeye","Sockeye",1963,993872,997602,NA,NA,NA,NA,NA,NA,NA,NA,0,0,1025,0,0,0,2667,85597,0,0,2264,513647,298367,0,NA,0,82831,7475,0,NA,NA,NA,NA,-0.00374597344651331,79
"10384","Egegik-Sockeye","Sockeye",1964,1937882,849576,NA,NA,NA,NA,NA,NA,NA,NA,0,0,0,0,0,229,61058,36450,0,0,5946,1534887,222304,0,NA,0,72732,4276,0,NA,NA,NA,NA,0.824613501582987,79
"10385","Egegik-Sockeye","Sockeye",1965,2388485,1444608,NA,NA,NA,NA,NA,NA,NA,NA,0,0,0,0,0,0,24284,10867,1594,0,24472,1485854,811266,1013,NA,0,6338,22797,0,NA,NA,NA,NA,0.502821269251623,79
"10386","Egegik-Sockeye","Sockeye",1966,2058271,804246,NA,NA,NA,NA,NA,NA,NA,NA,0,0,177,0,0,0,145854,550528,1040,0,105,563055,781194,0,NA,0,9642,6675,0,NA,NA,NA,NA,0.939716396439807,79
"10387","Egegik-Sockeye","Sockeye",1967,1631431,636864,NA,NA,NA,NA,NA,NA,NA,NA,0,0,1901,0,0,0,56673,188696,0,0,470,748745,630902,1833,NA,0,669,1542,0,NA,NA,NA,NA,0.940656690777345,79
"10388","Egegik-Sockeye","Sockeye",1968,377056,338654,NA,NA,NA,NA,NA,NA,NA,NA,0,0,1006,0,0,0,20399,46666,0,0,0,90534,200828,8546,NA,0,0,9076,0,NA,NA,NA,NA,0.107414780334872,79
"10389","Egegik-Sockeye","Sockeye",1969,2755728,1015554,NA,NA,NA,NA,NA,NA,NA,NA,0,0,0,0,0,0,8738,103338,0,0,3358,1090569,1178715,0,NA,0,371010,0,0,NA,NA,NA,NA,0.998247378121791,79
"10390","Egegik-Sockeye","Sockeye",1970,1202584,919734,NA,NA,NA,NA,NA,NA,NA,NA,0,0,0,0,0,0,106127,81045,0,0,0,565760,0,0,NA,0,415534,34119,0,NA,NA,NA,NA,0.26814335620802,79
"10391","Egegik-Sockeye","Sockeye",1971,2700676,634014,NA,NA,NA,NA,NA,NA,NA,NA,0,0,0,0,0,0,21238,0,0,0,3282,1289361,1266965,0,NA,0,55646,64037,147,NA,NA,NA,NA,1.44918635481301,79
"10392","Egegik-Sockeye","Sockeye",1972,2909902,546402,NA,NA,NA,NA,NA,NA,NA,NA,0,0,0,0,0,0,0,72018,186,0,0,1532500,1234294,0,NA,0,56930,13973,0,NA,NA,NA,NA,1.67251971405052,79
"10393","Egegik-Sockeye","Sockeye",1973,1451686,328842,NA,NA,NA,NA,NA,NA,NA,NA,0,0,0,0,0,0,35038,75611,0,0,438,585165,724246,0,NA,0,23869,7319,0,NA,NA,NA,NA,1.48490352630447,79
"10394","Egegik-Sockeye","Sockeye",1974,2441308,1275630,NA,NA,NA,NA,NA,NA,NA,NA,0,1443,0,0,0,0,49638,88787,0,0,12430,1666319,561290,0,NA,0,58939,2462,0,NA,NA,NA,NA,0.649093787025538,79
"10395","Egegik-Sockeye","Sockeye",1975,3040169,1173840,NA,NA,NA,NA,NA,NA,NA,NA,0,0,0,0,0,0,55085,151116,0,0,7279,2234183,580804,1090,NA,0,8921,1690,0,NA,NA,NA,NA,0.951632680061135,79
"10396","Egegik-Sockeye","Sockeye",1976,4480475,509160,NA,NA,NA,NA,NA,NA,NA,NA,0,148,0,0,0,0,381107,452344,586,0,53443,2772401,820445,0,NA,0,0,0,0,NA,NA,NA,NA,2.17472203757207,79
"10397","Egegik-Sockeye","Sockeye",1977,4167610,692514,NA,NA,NA,NA,NA,NA,NA,NA,0,0,0,0,0,2322,823006,1935491,11696,0,1846,628139,698975,0,NA,0,58420,7714,0,NA,NA,NA,NA,1.79476955453403,79
"10398","Egegik-Sockeye","Sockeye",1978,9914902,895698,NA,NA,NA,NA,NA,NA,NA,NA,0,0,0,0,0,0,387998,422635,860,0,6741,6590350,2484585,0,NA,0,13141,8593,0,NA,NA,NA,NA,2.40419085430275,79
"10399","Egegik-Sockeye","Sockeye",1979,4039741,1032042,NA,NA,NA,NA,NA,NA,NA,NA,0,0,0,6465,0,2849,657110,219731,0,0,2251,1973576,1176189,1570,NA,0,0,0,0,NA,NA,NA,NA,1.36464121710144,79
"10400","Egegik-Sockeye","Sockeye",1980,8222418,1060860,NA,NA,NA,NA,NA,NA,NA,NA,0,0,23353,0,0,4870,706929,2450118,4963,0,22072,4056129,948854,0,NA,363,4766,0,0,NA,NA,NA,NA,2.04778442645937,79
"10401","Egegik-Sockeye","Sockeye",1981,5441586,694680,NA,NA,NA,NA,NA,NA,NA,NA,0,0,0,0,0,0,593439,432086,3247,0,45078,2883766,1470066,0,NA,0,6290,7613,0,NA,NA,NA,NA,2.05837453359799,79
"10402","Egegik-Sockeye","Sockeye",1982,6435075,1034628,NA,NA,NA,NA,NA,NA,NA,NA,0,0,897,0,0,1756,1215619,1929109,6501,0,11565,1689007,1557303,0,NA,0,22290,1028,0,NA,NA,NA,NA,1.8277215541713,79
"10403","Egegik-Sockeye","Sockeye",1983,10811633,792282,NA,NA,NA,NA,NA,NA,NA,NA,0,0,0,3,0,2413,1279753,2553114,6397,0,7273,3484608,3439217,16752,NA,0,13729,8373,0,NA,NA,NA,NA,2.6134605740081,79
"10404","Egegik-Sockeye","Sockeye",1984,11766356,1165345,NA,NA,NA,NA,NA,NA,NA,NA,0,0,1314,0,0,484,398396,637988,5627,0,85549,5245774,5130350,8675,NA,1895,213206,37097,0,NA,NA,NA,NA,2.31222709213959,79
"10405","Egegik-Sockeye","Sockeye",1985,6382683,1095192,NA,NA,NA,NA,NA,NA,NA,NA,0,437,144,0,0,435,425955,781318,2769,0,33925,4020183,1102467,0,NA,0,4119,10932,0,NA,NA,NA,NA,1.76265885150935,79
"10406","Egegik-Sockeye","Sockeye",1986,14207134,1152180,NA,NA,NA,NA,NA,NA,NA,NA,0,0,2035,0,0,1409,2415527,3246243,68373,0,10807,4062145,4210470,56070,NA,0,95077,38976,0,NA,NA,NA,NA,2.51208843274768,79
"10407","Egegik-Sockeye","Sockeye",1987,25731443,1273553,NA,NA,NA,NA,NA,NA,NA,NA,0,1250,2368,0,0,0,699119,4224764,134447,0,69292,8870957,11458635,44044,NA,5631,154846,66090,0,NA,NA,NA,NA,3.00590307495448,79
"10408","Egegik-Sockeye","Sockeye",1988,19465142,1612745,NA,NA,NA,NA,NA,NA,NA,NA,0,0,2318,0,0,1176,296195,1049594,5737,0,106274,11121318,6458564,3861,NA,0,257264,162841,0,NA,NA,NA,NA,2.49068758005006,79
"10409","Egegik-Sockeye","Sockeye",1989,10134483,1611566,NA,NA,NA,NA,NA,NA,NA,NA,0,0,0,0,0,0,199212,251240,4115,0,37449,5179386,4242641,436,NA,2128,189471,28405,0,NA,NA,NA,NA,1.83873739018993,79
"10410","Egegik-Sockeye","Sockeye",1990,16060318,2191582,NA,NA,NA,NA,NA,NA,NA,NA,0,0,0,0,0,0,393971,729603,5082,0,73046,8809855,5980914,32458,NA,2910,13130,19350,0,NA,NA,NA,NA,1.99172785159897,79
"10411","Egegik-Sockeye","Sockeye",1991,9948962,2786925,NA,NA,NA,NA,NA,NA,NA,NA,0,4437,742,312,0,1450,1208929,2874741,25215,0,18657,3223466,2573855,136,NA,0,9062,7960,0,NA,NA,NA,NA,1.27252938663949,79
"10412","Egegik-Sockeye","Sockeye",1992,8668647,1945632,NA,NA,NA,NA,NA,NA,NA,NA,955,1243,10943,1620,0,63,239877,531796,2781,0,38891,4580343,3190112,9411,NA,2397,38919,19296,0,NA,NA,NA,NA,1.49412586322835,79
"10413","Egegik-Sockeye","Sockeye",1993,1936034,1517000,NA,NA,NA,NA,NA,NA,NA,NA,0,0,0,0,0,0,117629,329344,1,0,30535,800145,653288,0,NA,0,1218,3874,0,NA,NA,NA,NA,0.243906850317251,79
"10414","Egegik-Sockeye","Sockeye",1994,7979479,1897977,NA,NA,NA,NA,NA,NA,NA,NA,0,131,0,0,0,7732,249363,493716,3,0,67291,3805469,3299276,21867,NA,0,26806,7825,0,NA,NA,NA,NA,1.43608453901445,79
"10415","Egegik-Sockeye","Sockeye",1995,7522881,1266692,NA,NA,NA,NA,NA,NA,NA,NA,0,0,0,0,0,3546,1495268,2696124,18707,0,3043,1726750,1539472,13866,NA,0,11312,14791,0,NA,NA,NA,NA,1.78154039843109,79
"10416","Egegik-Sockeye","Sockeye",1996,4161328,1076460,NA,NA,NA,NA,NA,NA,NA,NA,0,0,0,0,0,363,412383,1386366,21944,0,3484,542540,1749165,3088,NA,2446,30409,9140,0,NA,NA,NA,NA,1.35215637442189,79
"10417","Egegik-Sockeye","Sockeye",1997,6063053,1104004,NA,NA,NA,NA,NA,NA,NA,NA,0,0,2,0,0,0,17162,177855,16,0,18742,3493431,2069386,2145,NA,9876,233787,40652,0,NA,NA,NA,NA,1.70326989756173,79
"10418","Egegik-Sockeye","Sockeye",1998,1270514,1110938,NA,NA,NA,NA,NA,NA,NA,NA,0,0,0,0,0,2,20335,76434,3,0,12649,490761,654092,954,NA,89,15139,56,0,NA,NA,NA,NA,0.134216839481371,79
"10419","Egegik-Sockeye","Sockeye",1999,13004574,1728397,NA,NA,NA,NA,NA,NA,NA,NA,0,0,0,0,0,0,162300,395983,207,0,171814,9207076,3035602,2035,NA,0,18602,10954,0,NA,NA,NA,NA,2.01810675236723,79
"10420","Egegik-Sockeye","Sockeye",2000,12037969,1032138,NA,NA,NA,NA,NA,NA,NA,NA,0,0,0,0,0,542,1302474,2432554,33426,0,25105,3546271,4647481,23090,NA,0,18902,8124,0,NA,NA,NA,NA,2.45643335889391,79
"10421","Egegik-Sockeye","Sockeye",2001,4786180,968872,NA,NA,NA,NA,NA,NA,NA,NA,0,0,1,1765,0,0,292656,797158,459,0,47659,1585957,2059102,0,NA,0,920,505,0,NA,NA,NA,NA,1.59735536923381,79
"10422","Egegik-Sockeye","Sockeye",2002,5292215,1036092,NA,NA,NA,NA,NA,NA,NA,NA,0,0,246,0,0,27641,1450971,2203108,1520,0,45866,1050682,511618,0,NA,0,562,0,0,NA,NA,NA,NA,1.63078092980616,79
"10423","Egegik-Sockeye","Sockeye",2003,8801516,1152120,NA,NA,NA,NA,NA,NA,NA,NA,0,0,0,0,0,19081,1984956,2552431,18806,0,41159,1926995,2245896,5191,NA,0,4979,2022,0,NA,NA,NA,NA,2.0333202558588,79
"10424","Egegik-Sockeye","Sockeye",2004,14139681,1290144,NA,NA,NA,NA,NA,NA,NA,NA,0,0,0,0,0,23434,2789827,3459266,0,0,39827,6022979,1767627,375,NA,2270,26667,7408,0,NA,NA,NA,NA,2.39423126005016,79
"10425","Egegik-Sockeye","Sockeye",2005,6185027,1621734,NA,NA,NA,NA,NA,NA,NA,NA,0,0,0,0,0,4350,470726,202329,19,0,36929,2866201,2550953,6193,NA,740,33876,12711,0,NA,NA,NA,NA,1.33863542405834,79
"10426","Egegik-Sockeye","Sockeye",2006,3573976,1465158,NA,NA,NA,NA,NA,NA,NA,NA,0,0,0,0,0,7820,144943,253936,1720,0,121161,1632027,1370541,0,NA,317,29958,11553,0,NA,NA,NA,NA,0.891715615066601,79
"10427","Egegik-Sockeye","Sockeye",2007,6442429,1432500,NA,NA,NA,NA,NA,NA,NA,NA,0,0,0,0,0,8769,53088,429490,14,0,71868,3377632,2457309,4011,NA,2175,21920,16152,0,NA,NA,NA,NA,1.50348447331035,79
"10428","Egegik-Sockeye","Sockeye",2008,3831436,1259568,NA,NA,NA,NA,NA,NA,NA,NA,0,0,1042,0,0,317,630408,1090911,16,0,58270,1104842,943565,0,NA,1582,484,0,0,NA,NA,NA,NA,1.11247086261636,79
"10429","Egegik-Sockeye","Sockeye",2009,4507821,1146276,NA,NA,NA,NA,NA,NA,NA,NA,0,0,0,0,0,5486,305234,488975,8428,0,122199,2763498,785872,0,NA,7960,20169,0,0,NA,NA,NA,NA,1.36929546120982,79
"10430","Egegik-Sockeye","Sockeye",2010,9911387,927054,NA,NA,NA,NA,NA,NA,NA,NA,0,0,991,0,0,10192,537683,671672,0,0,274216,5984740,2345584,0,NA,18841,54556,12913,0,NA,NA,NA,NA,2.3694277608709,79
"10431","Egegik-Sockeye","Sockeye",2011,9363509,961200,NA,NA,NA,NA,NA,NA,NA,NA,0,7212,1970,0,0,36548,444734,1095740,4107,0,532951,3901938,3275009,17,NA,1227,42413,19642,0,NA,NA,NA,NA,2.27639288851683,79
"10432","Egegik-Sockeye","Sockeye",2012,9571849,1233900,NA,NA,NA,NA,NA,NA,NA,NA,0,0,0,0,0,38197,1977511,1278331,2657,0,353152,4775925,1137567,0,NA,2470,3722,2316,0,NA,NA,NA,NA,2.04864650982175,79
"10433","Egegik-Sockeye","Sockeye",2013,6020572,1113630,NA,NA,NA,NA,NA,NA,NA,NA,0,0,0,0,0,162141,2859582,1945681,18,0,88059,467780,495689,0,NA,1622,0,0,0,NA,NA,NA,NA,1.68755732152791,79
"10434","Egegik-Sockeye","Sockeye",2014,5818459,1382466,NA,NA,NA,NA,NA,NA,NA,NA,0,0,0,0,0,102286,2156591,2005941,0,0,73755,1280264,198214,0,NA,0,1408,0,0,NA,NA,NA,NA,1.43716658906798,79
"10435","Nushagak-Sockeye","Sockeye",1963,214841,234821,NA,NA,NA,NA,NA,NA,NA,NA,0,0,40442,38789,0,0,0,0,226,0,0,124685,10698,0,NA,0,0,0,0,NA,NA,NA,NA,-0.088925302120914,80
"10436","Nushagak-Sockeye","Sockeye",1964,93342,134853,NA,NA,NA,NA,NA,NA,NA,NA,0,13964,9661,1351,0,0,0,51330,0,0,0,15074,1963,0,NA,0,0,0,0,NA,NA,NA,NA,-0.367915128946286,80
"10437","Nushagak-Sockeye","Sockeye",1965,779754,255794,NA,NA,NA,NA,NA,NA,NA,NA,0,2117,13934,0,0,0,86140,672474,0,0,0,5089,0,0,NA,0,0,0,0,NA,NA,NA,NA,1.11460605227928,80
"10438","Nushagak-Sockeye","Sockeye",1966,701566,233578,NA,NA,NA,NA,NA,NA,NA,NA,0,4968,83443,1061,0,670,91353,520071,0,0,0,0,0,0,NA,0,0,0,0,NA,NA,NA,NA,1.09979891078553,80
"10439","Nushagak-Sockeye","Sockeye",1967,227033,74003,NA,NA,NA,NA,NA,NA,NA,NA,0,9148,26640,0,0,2290,118677,47474,4048,0,7843,4510,6403,0,NA,0,0,0,0,NA,NA,NA,NA,1.12098974844194,80
"10440","Nushagak-Sockeye","Sockeye",1968,344179,142360,NA,NA,NA,NA,NA,NA,NA,NA,0,0,0,7854,0,0,35190,293845,2760,0,0,0,4530,0,NA,0,0,0,0,NA,NA,NA,NA,0.882802810234105,80
"10441","Nushagak-Sockeye","Sockeye",1969,493692,95805,NA,NA,NA,NA,NA,NA,NA,NA,0,0,97507,5026,0,0,4815,66889,4045,0,0,36821,278589,0,NA,0,0,0,0,NA,NA,NA,NA,1.63959696527929,80
"10442","Nushagak-Sockeye","Sockeye",1970,988764,452892,NA,NA,NA,NA,NA,NA,NA,NA,0,2654,3370,0,0,0,127285,12169,3442,0,486,745793,93565,0,NA,0,0,0,0,NA,NA,NA,NA,0.780801991810974,80
"10443","Nushagak-Sockeye","Sockeye",1971,1010999,312699,NA,NA,NA,NA,NA,NA,NA,NA,0,1211,9601,0,0,3816,1,807916,2596,0,1,28355,157501,0,NA,0,0,0,0,NA,NA,NA,NA,1.17345316339493,80
"10444","Nushagak-Sockeye","Sockeye",1972,1147980,39851,NA,NA,NA,NA,NA,NA,NA,NA,0,3598,75229,887,128,0,71034,863255,0,0,0,46130,87718,0,NA,0,0,0,0,NA,NA,NA,NA,3.36061165610071,80
"10445","Nushagak-Sockeye","Sockeye",1973,1380189,210601,NA,NA,NA,NA,NA,NA,NA,NA,0,4046,25302,1816,0,0,0,1231778,12062,0,0,61562,43019,0,NA,0,605,0,0,NA,NA,NA,NA,1.88001037726862,80
"10446","Nushagak-Sockeye","Sockeye",1974,383623,204190,NA,NA,NA,NA,NA,NA,NA,NA,0,1112,0,0,0,0,0,70,0,0,0,347528,34914,0,NA,0,0,0,0,NA,NA,NA,NA,0.630609366566799,80
"10447","Nushagak-Sockeye","Sockeye",1975,5995149,832093,NA,NA,NA,NA,NA,NA,NA,NA,0,15231,16604,13548,0,33598,622880,4934293,95363,0,0,154757,108875,0,NA,0,0,0,0,NA,NA,NA,NA,1.97476170777722,80
"10448","Nushagak-Sockeye","Sockeye",1976,4351924,520303,NA,NA,NA,NA,NA,NA,NA,NA,0,6033,62381,0,2596,0,190047,3422923,57970,0,0,203260,406715,0,NA,0,0,0,0,NA,NA,NA,NA,2.12396199096408,80
"10449","Nushagak-Sockeye","Sockeye",1977,3236089,611588,NA,NA,NA,NA,NA,NA,NA,NA,0,0,16136,63770,0,0,21274,3028330,92537,0,7964,0,6077,0,NA,0,0,0,0,NA,NA,NA,NA,1.6660619276951,80
"10450","Nushagak-Sockeye","Sockeye",1978,1513725,734040,NA,NA,NA,NA,NA,NA,NA,NA,0,0,345825,133718,0,0,89106,933192,0,0,0,11883,0,0,NA,0,0,0,0,NA,NA,NA,NA,0.723765256411819,80
"10451","Nushagak-Sockeye","Sockeye",1979,1846153,551272,NA,NA,NA,NA,NA,NA,NA,NA,0,72863,529084,0,0,0,430997,767683,45526,0,0,0,0,0,NA,0,0,0,0,NA,NA,NA,NA,1.20863095827335,80
"10452","Nushagak-Sockeye","Sockeye",1980,1210266,3669136,NA,NA,NA,NA,NA,NA,NA,NA,0,22436,523065,34504,0,0,19768,312947,8820,0,0,167393,121331,0,NA,0,0,0,0,NA,NA,NA,NA,-1.10911604184768,80
"10453","Nushagak-Sockeye","Sockeye",1981,1976757,1118873,NA,NA,NA,NA,NA,NA,NA,NA,0,30304,101602,8931,0,0,250006,1576925,5804,0,0,2612,0,573,NA,0,0,0,0,NA,NA,NA,NA,0.569135694431092,80
"10454","Nushagak-Sockeye","Sockeye",1982,1335148,664580,NA,NA,NA,NA,NA,NA,NA,NA,0,82470,420279,34031,0,1195,125109,594091,71345,0,0,0,6628,0,NA,0,0,0,0,NA,NA,NA,NA,0.697642163934412,80
"10455","Nushagak-Sockeye","Sockeye",1983,1548738,446845,NA,NA,NA,NA,NA,NA,NA,NA,0,115055,502453,111520,0,276,233673,543194,17210,0,0,5890,19467,0,NA,0,0,0,0,NA,NA,NA,NA,1.24298390640169,80
"10456","Nushagak-Sockeye","Sockeye",1984,761247,655739,NA,NA,NA,NA,NA,NA,NA,NA,0,10147,218564,26533,0,0,46771,432523,20858,0,0,3962,1890,0,NA,0,0,0,0,NA,NA,NA,NA,0.14919503420883,80
"10457","Nushagak-Sockeye","Sockeye",1985,1416870,551319,NA,NA,NA,NA,NA,NA,NA,NA,0,85591,533285,63475,0,0,63478,638819,18464,0,0,2858,10900,0,NA,0,0,0,0,NA,NA,NA,NA,0.943891903366793,80
"10458","Nushagak-Sockeye","Sockeye",1986,2092574,1095241,NA,NA,NA,NA,NA,NA,NA,NA,0,94281,803990,54040,0,0,98020,791155,200174,0,0,0,50092,820,NA,0,0,0,0,NA,NA,NA,NA,0.64742045677672,80
"10459","Nushagak-Sockeye","Sockeye",1987,1905456,429182,NA,NA,NA,NA,NA,NA,NA,NA,0,174615,667893,217691,0,0,32994,660535,122522,0,0,15735,11517,1955,NA,0,0,0,0,NA,NA,NA,NA,1.49059555760821,80
"10460","Nushagak-Sockeye","Sockeye",1988,2557339,534460,NA,NA,NA,NA,NA,NA,NA,NA,0,53520,450950,110430,0,0,206199,1651453,72229,0,0,5343,7214,0,NA,0,0,0,0,NA,NA,NA,NA,1.56546565237343,80
"10461","Nushagak-Sockeye","Sockeye",1989,1398722,567863,NA,NA,NA,NA,NA,NA,NA,NA,0,87497,463980,19981,0,0,105904,693606,22475,0,0,1126,3920,0,NA,0,232,0,0,NA,NA,NA,NA,0.90143404910734,80
"10462","Nushagak-Sockeye","Sockeye",1990,1189247,752513,NA,NA,NA,NA,NA,NA,NA,NA,0,108080,588590,113335,0,0,37828,292042,8433,0,0,13239,21791,5910,NA,0,0,0,0,NA,NA,NA,NA,0.457657340489618,80
"10463","Nushagak-Sockeye","Sockeye",1991,1491482,544748,NA,NA,NA,NA,NA,NA,NA,NA,0,13534,138116,4627,0,401,124515,1073215,124084,0,189,2430,10371,0,NA,0,0,0,0,NA,NA,NA,NA,1.00720223308536,80
"10464","Nushagak-Sockeye","Sockeye",1992,1212574,768816,NA,NA,NA,NA,NA,NA,NA,NA,0,102933,340638,1047,0,0,130535,567660,56242,0,0,9027,4493,0,NA,0,0,0,0,NA,NA,NA,NA,0.455648982783112,80
"10465","Nushagak-Sockeye","Sockeye",1993,1074278,790927,NA,NA,NA,NA,NA,NA,NA,NA,0,41501,49450,0,0,0,48386,828615,102422,0,0,773,3132,0,NA,0,0,0,0,NA,NA,NA,NA,0.306198411745625,80
"10466","Nushagak-Sockeye","Sockeye",1994,425915,563334,NA,NA,NA,NA,NA,NA,NA,NA,0,1504,28616,0,0,207,70182,277738,7774,0,0,5625,34269,0,NA,0,0,0,0,NA,NA,NA,NA,-0.279632906836185,80
"10467","Nushagak-Sockeye","Sockeye",1995,1198477,311136,NA,NA,NA,NA,NA,NA,NA,NA,0,2076,0,0,0,563,62891,925449,186962,0,0,13338,7199,0,NA,0,0,0,0,NA,NA,NA,NA,1.34857674740806,80
"10468","Nushagak-Sockeye","Sockeye",1996,2335512,557057,NA,NA,NA,NA,NA,NA,NA,NA,0,0,0,0,0,0,363788,1857241,99273,0,0,4811,10398,0,NA,0,0,0,0,NA,NA,NA,NA,1.43331884939172,80
"10469","Nushagak-Sockeye","Sockeye",1997,544302,412591,NA,NA,NA,NA,NA,NA,NA,NA,0,0,0,0,0,0,37572,423105,27112,3142,0,4075,49296,0,NA,0,0,0,0,NA,NA,NA,NA,0.277047452372241,80
"10470","Nushagak-Sockeye","Sockeye",1998,2665498,507532,NA,NA,NA,NA,NA,NA,NA,NA,0,0,0,0,0,0,154934,2237869,207963,0,0,7352,57381,0,NA,0,0,0,0,NA,NA,NA,NA,1.65858642281896,80
"10471","Nushagak-Sockeye","Sockeye",1999,1753730,344972,NA,NA,NA,NA,NA,NA,NA,NA,0,0,0,0,0,0,88031,1540416,77948,0,0,13098,34236,0,NA,0,0,0,0,NA,NA,NA,NA,1.62603697290018,80
"10472","Nushagak-Sockeye","Sockeye",2000,3938657,446286,NA,NA,NA,NA,NA,NA,NA,NA,0,0,0,0,0,0,240487,3299220,374845,1084,0,5167,13640,4215,NA,0,0,0,0,NA,NA,NA,NA,2.17763507913192,80
"10473","Nushagak-Sockeye","Sockeye",2001,2662843,897112,NA,NA,NA,NA,NA,NA,NA,NA,0,0,0,6241,0,0,256405,2113325,257535,363,0,4763,24210,0,NA,0,0,0,0,NA,NA,NA,NA,1.08796891310041,80
"10474","Nushagak-Sockeye","Sockeye",2002,2083235,349155,NA,NA,NA,NA,NA,NA,NA,NA,0,0,31275,0,0,0,179949,1763508,68340,0,0,30293,9871,0,NA,0,0,0,0,NA,NA,NA,NA,1.78616130326625,80
"10475","Nushagak-Sockeye","Sockeye",2003,2197159,642093,NA,NA,NA,NA,NA,NA,NA,NA,0,7788,0,18961,0,0,388618,1543092,216439,0,0,0,22260,0,NA,0,0,0,0,NA,NA,NA,NA,1.23018728816962,80
"10476","Nushagak-Sockeye","Sockeye",2004,1836176,543872,NA,NA,NA,NA,NA,NA,NA,NA,0,0,66769,0,0,0,194650,1474124,79378,0,0,5760,15494,0,NA,0,0,0,0,NA,NA,NA,NA,1.21672650210026,80
"10477","Nushagak-Sockeye","Sockeye",2005,1418241,1106703,NA,NA,NA,NA,NA,NA,NA,NA,0,5027,0,9543,0,2409,359163,975338,37100,0,0,8748,20913,0,NA,0,0,0,0,NA,NA,NA,NA,0.248032046308995,80
"10478","Nushagak-Sockeye","Sockeye",2006,1237593,548410,NA,NA,NA,NA,NA,NA,NA,NA,0,0,7279,1441,0,0,104740,1017214,94244,0,0,5282,7393,0,NA,0,0,0,0,NA,NA,NA,NA,0.813900460747295,80
"10479","Nushagak-Sockeye","Sockeye",2007,912136,518041,NA,NA,NA,NA,NA,NA,NA,NA,0,4696,53636,9825,0,1034,30883,750618,54933,0,0,0,6510,0,NA,0,0,0,0,NA,NA,NA,NA,0.565734712057257,80
"10480","Nushagak-Sockeye","Sockeye",2008,2169870,492546,NA,NA,NA,NA,NA,NA,NA,NA,0,0,10879,0,0,1273,163625,1834715,142272,0,0,4819,12286,0,NA,0,0,0,0,NA,NA,NA,NA,1.48283467964009,80
"10481","Nushagak-Sockeye","Sockeye",2009,1285173,484149,NA,NA,NA,NA,NA,NA,NA,NA,0,998,11309,3410,0,627,97922,1140500,25691,0,0,4715,0,0,NA,0,0,0,0,NA,NA,NA,NA,0.976255908037831,80
"10482","Nushagak-Sockeye","Sockeye",2010,2452554,468696,NA,NA,NA,NA,NA,NA,NA,NA,0,0,4535,0,0,0,203130,2223040,16030,0,0,2101,3717,0,NA,0,0,0,0,NA,NA,NA,NA,1.65493083889715,80
"10483","Nushagak-Sockeye","Sockeye",2011,2428917,428191,NA,NA,NA,NA,NA,NA,NA,NA,0,0,18244,0,0,0,206784,2060682,103138,0,0,3339,36731,0,NA,0,0,0,0,NA,NA,NA,NA,1.73563140025893,80
"10484","Nushagak-Sockeye","Sockeye",2012,5114329,432438,NA,NA,NA,NA,NA,NA,NA,NA,0,0,9,0,0,0,486258,4407860,70631,0,0,52482,97089,0,NA,0,0,0,0,NA,NA,NA,NA,2.47036252349,80
"10485","Nushagak-Sockeye","Sockeye",2013,11990242,894148,NA,NA,NA,NA,NA,NA,NA,NA,0,0,0,0,0,5632,3586571,8286002,38718,0,0,13702,59617,0,NA,0,0,0,0,NA,NA,NA,NA,2.59597712173374,80
"10486","Nushagak-Sockeye","Sockeye",2014,4879284,618477,NA,NA,NA,NA,NA,NA,NA,NA,0,0,0,0,0,12588,1124541,3630434,23053,0,0,65787,13477,9405,NA,0,0,0,0,NA,NA,NA,NA,2.06549376237211,80
"10487","Igushik-Sockeye","Sockeye",1963,368205,92184,NA,NA,NA,NA,NA,NA,NA,NA,0,0,292,0,0,0,196558,137346,0,0,0,22418,11591,0,NA,0,0,0,0,NA,NA,NA,NA,1.38485326857138,81
"10488","Igushik-Sockeye","Sockeye",1964,583060,128532,NA,NA,NA,NA,NA,NA,NA,NA,0,105,507,0,0,0,124313,325005,0,0,261,103991,28877,0,NA,0,0,0,0,NA,NA,NA,NA,1.51211219643649,81
"10489","Igushik-Sockeye","Sockeye",1965,810920,180840,NA,NA,NA,NA,NA,NA,NA,NA,0,0,0,0,0,299,319406,270050,0,0,0,168321,52842,0,NA,0,0,0,0,NA,NA,NA,NA,1.50055674317359,81
"10490","Igushik-Sockeye","Sockeye",1966,301093,206360,NA,NA,NA,NA,NA,NA,NA,NA,0,0,0,0,0,0,54401,232637,122,0,0,5392,8482,0,NA,0,0,61,0,NA,NA,NA,NA,0.377796970750663,81
"10491","Igushik-Sockeye","Sockeye",1967,125745,281772,NA,NA,NA,NA,NA,NA,NA,NA,0,356,430,0,0,0,43479,59861,59,0,0,10884,10676,0,NA,0,0,0,0,NA,NA,NA,NA,-0.806842186520881,81
"10492","Igushik-Sockeye","Sockeye",1968,158923,194508,NA,NA,NA,NA,NA,NA,NA,NA,0,452,167,31,0,0,48450,101707,888,0,0,513,6715,0,NA,0,0,0,0,NA,NA,NA,NA,-0.202053485127214,81
"10493","Igushik-Sockeye","Sockeye",1969,476722,512328,NA,NA,NA,NA,NA,NA,NA,NA,0,0,88,0,0,0,830,107254,1387,0,0,278332,88831,0,NA,0,0,0,0,NA,NA,NA,NA,-0.0720315331621972,81
"10494","Igushik-Sockeye","Sockeye",1970,287436,370920,NA,NA,NA,NA,NA,NA,NA,NA,0,0,321,0,0,0,36788,144568,0,0,299,62987,42459,12,NA,0,0,0,0,NA,NA,NA,NA,-0.254986179171266,81
"10495","Igushik-Sockeye","Sockeye",1971,259415,210960,NA,NA,NA,NA,NA,NA,NA,NA,0,0,1291,0,0,0,58279,131521,197,0,0,39333,28794,0,NA,0,0,0,0,NA,NA,NA,NA,0.206760553917203,81
"10496","Igushik-Sockeye","Sockeye",1972,232049,60018,NA,NA,NA,NA,NA,NA,NA,NA,0,93,913,61,0,0,93771,117097,4097,0,0,5306,10712,0,NA,0,0,0,0,NA,NA,NA,NA,1.35230403903073,81
"10497","Igushik-Sockeye","Sockeye",1973,452000,59508,NA,NA,NA,NA,NA,NA,NA,NA,0,0,1279,866,0,0,17241,399007,0,0,0,14681,18927,0,NA,0,0,0,0,NA,NA,NA,NA,2.02757142253723,81
"10498","Igushik-Sockeye","Sockeye",1974,1267130,358752,NA,NA,NA,NA,NA,NA,NA,NA,0,49,1356,0,0,0,412983,589285,1192,0,1370,240733,20162,0,NA,0,0,0,0,NA,NA,NA,NA,1.26187843766421,81
"10499","Igushik-Sockeye","Sockeye",1975,2810903,241086,NA,NA,NA,NA,NA,NA,NA,NA,0,134,0,0,0,0,543521,1835022,1199,0,0,119242,311785,0,NA,0,0,0,0,NA,NA,NA,NA,2.45610734670924,81
"10500","Igushik-Sockeye","Sockeye",1976,1354667,186120,NA,NA,NA,NA,NA,NA,NA,NA,0,0,0,0,0,0,412828,741008,8897,0,4261,106555,80921,196,NA,0,0,0,0,NA,NA,NA,NA,1.98491931967672,81
"10501","Igushik-Sockeye","Sockeye",1977,830426,95970,NA,NA,NA,NA,NA,NA,NA,NA,0,0,2917,0,0,773,174667,585308,46621,0,0,5600,14540,0,NA,0,0,0,0,NA,NA,NA,NA,2.15790317950388,81
"10502","Igushik-Sockeye","Sockeye",1978,562275,536154,NA,NA,NA,NA,NA,NA,NA,NA,0,0,0,0,0,0,36011,368460,73,0,0,146031,11700,0,NA,0,0,0,0,NA,NA,NA,NA,0.0475696208201978,81
"10503","Igushik-Sockeye","Sockeye",1979,896476,859560,NA,NA,NA,NA,NA,NA,NA,NA,0,0,196,0,0,0,611312,263565,0,0,0,10184,11078,0,NA,0,140,0,0,NA,NA,NA,NA,0.0420508914972467,81
"10504","Igushik-Sockeye","Sockeye",1980,443803,1987530,NA,NA,NA,NA,NA,NA,NA,NA,0,0,0,0,0,0,14270,353924,0,0,0,34537,41072,0,NA,0,0,0,0,NA,NA,NA,NA,-1.49926717047683,81
"10505","Igushik-Sockeye","Sockeye",1981,838645,591144,NA,NA,NA,NA,NA,NA,NA,NA,0,0,0,0,0,0,243467,502783,51416,0,0,6742,34236,0,NA,0,0,0,0,NA,NA,NA,NA,0.349727851610895,81
"10506","Igushik-Sockeye","Sockeye",1982,346608,423768,NA,NA,NA,NA,NA,NA,NA,NA,0,0,6544,0,0,0,50848,272741,1045,0,0,7067,8363,0,NA,0,0,0,0,NA,NA,NA,NA,-0.200991677291671,81
"10507","Igushik-Sockeye","Sockeye",1983,391104,180438,NA,NA,NA,NA,NA,NA,NA,NA,0,1151,0,27,0,0,105984,247075,1685,0,0,6211,28971,0,NA,0,0,0,0,NA,NA,NA,NA,0.773586280810531,81
"10508","Igushik-Sockeye","Sockeye",1984,522953,184872,NA,NA,NA,NA,NA,NA,NA,NA,0,0,232,0,0,0,30298,419161,3267,0,0,52282,16033,1680,NA,0,0,0,0,NA,NA,NA,NA,1.03982790015116,81
"10509","Igushik-Sockeye","Sockeye",1985,1138951,212454,NA,NA,NA,NA,NA,NA,NA,NA,0,0,6293,0,0,0,395498,639188,5889,0,0,50116,41160,809,NA,0,0,0,0,NA,NA,NA,NA,1.67913744798554,81
"10510","Igushik-Sockeye","Sockeye",1986,1700597,307728,NA,NA,NA,NA,NA,NA,NA,NA,0,2705,8615,2213,0,0,157348,1497275,7475,0,0,9445,15520,0,NA,0,0,0,0,NA,NA,NA,NA,1.70951836895386,81
"10511","Igushik-Sockeye","Sockeye",1987,445515,169236,NA,NA,NA,NA,NA,NA,NA,NA,0,1607,12589,0,0,0,75588,338281,5679,0,0,2145,9626,0,NA,0,0,0,0,NA,NA,NA,NA,0.967936725879608,81
"10512","Igushik-Sockeye","Sockeye",1988,614898,170454,NA,NA,NA,NA,NA,NA,NA,NA,0,0,0,91,0,0,105973,479542,1659,0,0,5734,21898,0,NA,0,0,0,0,NA,NA,NA,NA,1.28299093479172,81
"10513","Igushik-Sockeye","Sockeye",1989,991784,461610,NA,NA,NA,NA,NA,NA,NA,NA,0,145,2991,0,0,0,213200,693503,5198,0,0,48454,28293,0,NA,0,0,0,0,NA,NA,NA,NA,0.764784962902775,81
"10514","Igushik-Sockeye","Sockeye",1990,1229498,365802,NA,NA,NA,NA,NA,NA,NA,NA,0,46,3116,0,0,166,138198,883941,2186,0,0,95135,106710,0,NA,0,0,0,0,NA,NA,NA,NA,1.21226903156703,81
"10515","Igushik-Sockeye","Sockeye",1991,983939,756126,NA,NA,NA,NA,NA,NA,NA,NA,0,0,905,0,0,0,170953,798731,2464,0,0,2065,8821,0,NA,0,0,0,0,NA,NA,NA,NA,0.263355874301906,81
"10516","Igushik-Sockeye","Sockeye",1992,139561,304920,NA,NA,NA,NA,NA,NA,NA,NA,0,0,2985,0,0,0,30018,91714,323,0,0,5335,9187,0,NA,0,0,0,0,NA,NA,NA,NA,-0.781547665450272,81
"10517","Igushik-Sockeye","Sockeye",1993,358174,405564,NA,NA,NA,NA,NA,NA,NA,NA,0,0,0,0,0,0,100426,239151,0,0,0,13737,4862,0,NA,0,0,0,0,NA,NA,NA,NA,-0.124259789097133,81
"10518","Igushik-Sockeye","Sockeye",1994,659953,445920,NA,NA,NA,NA,NA,NA,NA,NA,0,0,0,0,0,0,163637,435419,1001,0,0,42976,16920,0,NA,0,0,0,0,NA,NA,NA,NA,0.392029056629918,81
"10519","Igushik-Sockeye","Sockeye",1995,1278256,473382,NA,NA,NA,NA,NA,NA,NA,NA,0,0,0,0,0,0,376062,881256,5961,0,0,6531,8446,0,NA,0,0,0,0,NA,NA,NA,NA,0.993349254323248,81
"10520","Igushik-Sockeye","Sockeye",1996,886426,400746,NA,NA,NA,NA,NA,NA,NA,NA,0,0,0,0,0,0,77032,800393,2787,0,0,807,5344,63,NA,0,0,0,0,NA,NA,NA,NA,0.793869837538046,81
"10521","Igushik-Sockeye","Sockeye",1997,99345,127704,NA,NA,NA,NA,NA,NA,NA,NA,0,0,1199,0,0,0,1927,51668,1857,0,0,9522,33171,0,NA,0,0,0,0,NA,NA,NA,NA,-0.251116445357125,81
"10522","Igushik-Sockeye","Sockeye",1998,536354,215904,NA,NA,NA,NA,NA,NA,NA,NA,0,0,0,0,0,0,130362,393266,2298,0,0,2907,7521,0,NA,0,0,0,0,NA,NA,NA,NA,0.909960526387338,81
"10523","Igushik-Sockeye","Sockeye",1999,362490,445536,NA,NA,NA,NA,NA,NA,NA,NA,0,0,0,0,0,0,60852,146841,0,0,67,58393,96336,0,NA,0,0,0,0,NA,NA,NA,NA,-0.206281164019548,81
"10524","Igushik-Sockeye","Sockeye",2000,767786,413316,NA,NA,NA,NA,NA,NA,NA,NA,0,0,0,0,0,0,53303,660546,3391,0,0,12377,38168,0,NA,0,0,0,0,NA,NA,NA,NA,0.619298614917591,81
"10525","Igushik-Sockeye","Sockeye",2001,490103,409596,NA,NA,NA,NA,NA,NA,NA,NA,0,0,0,392,0,0,31827,442820,2903,0,0,7802,4360,0,NA,0,0,0,0,NA,NA,NA,NA,0.179444265043908,81
"10526","Igushik-Sockeye","Sockeye",2002,495205,123156,NA,NA,NA,NA,NA,NA,NA,NA,0,0,0,0,0,0,235172,202313,5340,0,0,40568,11811,0,NA,0,0,0,0,NA,NA,NA,NA,1.39151997379837,81
"10527","Igushik-Sockeye","Sockeye",2003,2088078,194088,NA,NA,NA,NA,NA,NA,NA,NA,0,0,0,0,0,0,772530,1273848,756,0,0,2017,38927,0,NA,0,0,0,0,NA,NA,NA,NA,2.37568764016501,81
"10528","Igushik-Sockeye","Sockeye",2004,1835420,109650,NA,NA,NA,NA,NA,NA,NA,NA,0,0,0,0,0,0,596356,1202309,1106,0,0,16999,18650,0,NA,0,0,0,0,NA,NA,NA,NA,2.81773514226888,81
"10529","Igushik-Sockeye","Sockeye",2005,1579838,365712,NA,NA,NA,NA,NA,NA,NA,NA,0,0,0,0,0,0,326356,1169822,2298,0,0,28674,51683,0,NA,574,431,0,0,NA,NA,NA,NA,1.46323145071995,81
"10530","Igushik-Sockeye","Sockeye",2006,1005266,305268,NA,NA,NA,NA,NA,NA,NA,NA,0,0,1066,0,0,0,187979,782303,2196,0,0,18501,13221,0,NA,0,0,0,0,NA,NA,NA,NA,1.19181738277818,81
"10531","Igushik-Sockeye","Sockeye",2007,608981,415452,NA,NA,NA,NA,NA,NA,NA,NA,0,0,0,0,0,0,160642,422953,970,0,0,16133,7951,333,NA,0,0,0,0,NA,NA,NA,NA,0.382419984380387,81
"10532","Igushik-Sockeye","Sockeye",2008,663846,1054704,NA,NA,NA,NA,NA,NA,NA,NA,0,0,0,0,0,0,52687,513178,2844,0,0,38405,56732,0,NA,0,0,0,0,NA,NA,NA,NA,-0.462965242956821,81
"10533","Igushik-Sockeye","Sockeye",2009,942097,514188,NA,NA,NA,NA,NA,NA,NA,NA,0,0,0,0,0,0,132117,752041,0,0,0,56134,1805,0,NA,0,0,0,0,NA,NA,NA,NA,0.605519284337619,81
"10534","Igushik-Sockeye","Sockeye",2010,1714570,518040,NA,NA,NA,NA,NA,NA,NA,NA,0,0,0,0,0,0,567823,1132808,0,0,0,500,13439,0,NA,0,0,0,0,NA,NA,NA,NA,1.19686513994394,81
"10535","Igushik-Sockeye","Sockeye",2011,1985101,421380,NA,NA,NA,NA,NA,NA,NA,NA,0,811,0,0,0,0,507823,1460188,2027,0,0,11165,3088,0,NA,0,0,0,0,NA,NA,NA,NA,1.54989003403997,81
"10536","Igushik-Sockeye","Sockeye",2012,686079,193326,NA,NA,NA,NA,NA,NA,NA,NA,0,389,1431,0,0,0,364112,312468,3629,0,0,4050,0,0,NA,0,0,0,0,NA,NA,NA,NA,1.26661489832682,81
"10537","Igushik-Sockeye","Sockeye",2013,2092762,387036,NA,NA,NA,NA,NA,NA,NA,NA,0,0,0,0,0,0,906913,1180877,1039,0,0,678,3254,0,NA,0,0,0,0,NA,NA,NA,NA,1.68772229164647,81
"10538","Igushik-Sockeye","Sockeye",2014,1857204,340590,NA,NA,NA,NA,NA,NA,NA,NA,0,0,0,0,0,1766,734904,1115187,2,0,0,5345,0,0,NA,0,0,0,0,NA,NA,NA,NA,1.69614800207878,81
"10539","Wood-Sockeye","Sockeye",1963,1632836,721404,NA,NA,NA,NA,NA,NA,NA,NA,0,0,0,0,0,0,591145,947041,0,0,659,53835,39341,814,NA,0,0,0,0,NA,NA,NA,NA,0.816874346040143,82
"10540","Wood-Sockeye","Sockeye",1964,1286903,1076112,NA,NA,NA,NA,NA,NA,NA,NA,0,0,5167,0,0,117,492966,320746,0,0,910,386106,80891,0,NA,0,0,0,0,NA,NA,NA,NA,0.178884011156212,82
"10541","Wood-Sockeye","Sockeye",1965,2021719,675156,NA,NA,NA,NA,NA,NA,NA,NA,0,2071,2100,0,0,595,597032,1024258,4897,0,134,171819,218813,0,NA,0,0,0,0,NA,NA,NA,NA,1.0967596433259,82
"10542","Wood-Sockeye","Sockeye",1966,2290780,1208682,NA,NA,NA,NA,NA,NA,NA,NA,0,0,0,0,0,5584,959032,1205631,5650,316,223,50018,64076,248,NA,0,0,0,0,NA,NA,NA,NA,0.639361861185357,82
"10543","Wood-Sockeye","Sockeye",1967,1054264,515772,NA,NA,NA,NA,NA,NA,NA,NA,0,0,7435,328,39,1499,575431,289067,653,0,527,81500,97783,0,NA,0,0,0,0,NA,NA,NA,NA,0.714933364753793,82
"10544","Wood-Sockeye","Sockeye",1968,1154367,649344,NA,NA,NA,NA,NA,NA,NA,NA,0,0,5656,0,0,909,552272,565465,4462,0,0,3926,21677,0,NA,0,0,0,0,NA,NA,NA,NA,0.575344798268309,82
"10545","Wood-Sockeye","Sockeye",1969,989848,604338,NA,NA,NA,NA,NA,NA,NA,NA,0,0,1899,0,0,0,60777,438024,10313,0,0,383878,94957,0,NA,0,0,0,0,NA,NA,NA,NA,0.493417751922693,82
"10546","Wood-Sockeye","Sockeye",1970,2648102,1161964,NA,NA,NA,NA,NA,NA,NA,NA,0,0,0,0,0,3952,1387915,1022201,0,0,4459,179643,49931,0,NA,0,0,0,0,NA,NA,NA,NA,0.823731480087691,82
"10547","Wood-Sockeye","Sockeye",1971,1425140,851202,NA,NA,NA,NA,NA,NA,NA,NA,0,2468,19061,0,0,1697,444270,643532,0,0,0,202945,111167,0,NA,0,0,0,0,NA,NA,NA,NA,0.515375865282322,82
"10548","Wood-Sockeye","Sockeye",1972,1338679,430602,NA,NA,NA,NA,NA,NA,NA,NA,0,1695,11223,0,0,1707,802386,422945,34889,0,0,41828,22008,0,NA,0,0,0,0,NA,NA,NA,NA,1.13425435620711,82
"10549","Wood-Sockeye","Sockeye",1973,1460260,330474,NA,NA,NA,NA,NA,NA,NA,NA,0,645,1261,0,0,1245,233282,1154123,0,0,0,44714,24991,0,NA,0,0,0,0,NA,NA,NA,NA,1.48584179352603,82
"10550","Wood-Sockeye","Sockeye",1974,5893430,1708836,NA,NA,NA,NA,NA,NA,NA,NA,0,0,12417,0,0,2409,3403445,1924881,8334,0,4257,437456,100230,0,NA,0,0,0,0,NA,NA,NA,NA,1.23802573414424,82
"10551","Wood-Sockeye","Sockeye",1975,6290687,1270116,NA,NA,NA,NA,NA,NA,NA,NA,0,0,0,0,0,30667,1796332,2809724,7864,0,0,548783,1097316,0,NA,0,0,0,0,NA,NA,NA,NA,1.5999620508518,82
"10552","Wood-Sockeye","Sockeye",1976,6590536,817008,NA,NA,NA,NA,NA,NA,NA,NA,0,0,0,0,0,1967,2652958,3010833,9227,0,4013,617473,290716,3349,NA,0,0,0,0,NA,NA,NA,NA,2.08774107281189,82
"10553","Wood-Sockeye","Sockeye",1977,3824313,561828,NA,NA,NA,NA,NA,NA,NA,NA,0,0,0,0,0,19300,1275546,2444584,0,0,0,55898,27016,0,NA,0,1968,0,0,NA,NA,NA,NA,1.91793836905726,82
"10554","Wood-Sockeye","Sockeye",1978,3117207,2267238,NA,NA,NA,NA,NA,NA,NA,NA,0,0,0,0,0,0,1274166,688659,13288,0,2794,1025110,113191,0,NA,0,0,0,0,NA,NA,NA,NA,0.318375058013785,82
"10555","Wood-Sockeye","Sockeye",1979,4154669,1706352,NA,NA,NA,NA,NA,NA,NA,NA,0,0,0,10445,0,16286,2360529,1708953,1419,0,0,31620,25417,0,NA,0,0,0,0,NA,NA,NA,NA,0.889875003693437,82
"10556","Wood-Sockeye","Sockeye",1980,1471792,2969040,NA,NA,NA,NA,NA,NA,NA,NA,0,0,0,0,0,0,472216,810844,1486,0,0,72534,114712,0,NA,0,0,0,0,NA,NA,NA,NA,-0.70175796226609,82
"10557","Wood-Sockeye","Sockeye",1981,2231913,1233318,NA,NA,NA,NA,NA,NA,NA,NA,0,0,0,2310,0,0,613922,1383072,0,0,0,69787,162822,0,NA,0,0,0,0,NA,NA,NA,NA,0.593150966792406,82
"10558","Wood-Sockeye","Sockeye",1982,2085371,976470,NA,NA,NA,NA,NA,NA,NA,NA,0,0,0,0,0,3628,533178,1388423,12821,0,0,125734,21586,0,NA,0,0,0,0,NA,NA,NA,NA,0.758758028175158,82
"10559","Wood-Sockeye","Sockeye",1983,3326753,1360968,NA,NA,NA,NA,NA,NA,NA,NA,0,0,1041,0,0,1359,1839383,1353389,2818,0,0,15114,113650,0,NA,0,0,0,0,NA,NA,NA,NA,0.89380054195285,82
"10560","Wood-Sockeye","Sockeye",1984,2218822,1002792,NA,NA,NA,NA,NA,NA,NA,NA,155,0,0,1241,0,382,586695,1499000,16112,0,0,80679,34558,0,NA,0,0,0,0,NA,NA,NA,NA,0.794188314811667,82
"10561","Wood-Sockeye","Sockeye",1985,3304167,939000,NA,NA,NA,NA,NA,NA,NA,NA,0,8941,16157,563,0,1455,1380822,1822594,3605,0,0,44470,24716,843,NA,0,0,0,0,NA,NA,NA,NA,1.25812419894945,82
"10562","Wood-Sockeye","Sockeye",1986,4176305,818652,NA,NA,NA,NA,NA,NA,NA,NA,0,3188,31947,1261,0,2187,1225884,2760108,20885,0,0,52691,78155,0,NA,0,0,0,0,NA,NA,NA,NA,1.62952307816492,82
"10563","Wood-Sockeye","Sockeye",1987,2897914,1337172,NA,NA,NA,NA,NA,NA,NA,NA,0,18995,74929,16959,0,0,1579965,991109,6777,0,148,87905,121126,0,NA,0,0,0,0,NA,NA,NA,NA,0.773434231751311,82
"10564","Wood-Sockeye","Sockeye",1988,3978870,866778,NA,NA,NA,NA,NA,NA,NA,NA,0,7723,18868,4368,0,1124,1850506,1935323,12680,0,0,90117,57212,949,NA,0,0,0,0,NA,NA,NA,NA,1.52397024973825,82
"10565","Wood-Sockeye","Sockeye",1989,5106291,1186410,NA,NA,NA,NA,NA,NA,NA,NA,0,2349,19841,0,0,4110,2563487,2443447,2447,0,0,23864,46747,0,NA,0,0,0,0,NA,NA,NA,NA,1.45954136830323,82
"10566","Wood-Sockeye","Sockeye",1990,3555678,1069440,NA,NA,NA,NA,NA,NA,NA,NA,0,5651,23365,5426,0,1442,1122283,1824009,4644,911,1436,301351,264540,0,NA,0,0,619,0,NA,NA,NA,NA,1.20141061538571,82
"10567","Wood-Sockeye","Sockeye",1991,6110265,1159920,NA,NA,NA,NA,NA,NA,NA,NA,0,0,8271,0,0,12307,2739167,3167633,65018,0,0,51077,66660,132,NA,0,0,0,0,NA,NA,NA,NA,1.66161910654228,82
"10568","Wood-Sockeye","Sockeye",1992,4539123,1286250,NA,NA,NA,NA,NA,NA,NA,NA,0,8953,77658,6088,0,1295,2380886,1931609,0,0,0,85259,45424,1182,NA,0,770,0,0,NA,NA,NA,NA,1.26100281342089,82
"10569","Wood-Sockeye","Sockeye",1993,3267339,1176126,NA,NA,NA,NA,NA,NA,NA,NA,0,13405,1681,4109,0,0,1710296,1233241,2588,0,0,138581,163437,0,NA,0,0,0,0,NA,NA,NA,NA,1.02174990556348,82
"10570","Wood-Sockeye","Sockeye",1994,5887328,1471890,NA,NA,NA,NA,NA,NA,NA,NA,0,0,0,0,0,10892,2990517,2383374,2874,0,489,400066,99116,0,NA,0,0,0,0,NA,NA,NA,NA,1.3862549552249,82
"10571","Wood-Sockeye","Sockeye",1995,7844736,1482162,NA,NA,NA,NA,NA,NA,NA,NA,0,419,0,0,0,7336,4452435,3217087,9319,0,0,117398,40742,0,NA,0,0,0,0,NA,NA,NA,NA,1.66634090097041,82
"10572","Wood-Sockeye","Sockeye",1996,7529945,1649598,NA,NA,NA,NA,NA,NA,NA,NA,0,0,0,0,0,0,3104643,4383745,21333,0,0,2900,17323,0,NA,0,0,0,0,NA,NA,NA,NA,1.51835611580357,82
"10573","Wood-Sockeye","Sockeye",1997,1237317,1512396,NA,NA,NA,NA,NA,NA,NA,NA,0,0,0,0,0,0,204615,584427,25529,0,0,194836,227699,181,NA,0,0,29,0,NA,NA,NA,NA,-0.200749822490498,82
"10574","Wood-Sockeye","Sockeye",1998,6866963,1755768,NA,NA,NA,NA,NA,NA,NA,NA,0,0,749,0,0,2776,3038334,3535683,5315,0,900,148017,134875,314,NA,0,0,0,0,NA,NA,NA,NA,1.36381557350258,82
"10575","Wood-Sockeye","Sockeye",1999,5621105,1512426,NA,NA,NA,NA,NA,NA,NA,NA,0,1095,0,0,0,725,2291700,2609499,8219,0,448,399871,309514,0,NA,0,0,0,35,NA,NA,NA,NA,1.31281327968953,82
"10576","Wood-Sockeye","Sockeye",2000,7238919,1300026,NA,NA,NA,NA,NA,NA,NA,NA,0,0,0,0,0,4297,3280705,3230094,60785,0,0,112748,550290,0,NA,0,0,0,0,NA,NA,NA,NA,1.71708762159011,82
"10577","Wood-Sockeye","Sockeye",2001,8311690,1458732,NA,NA,NA,NA,NA,NA,NA,NA,0,0,0,0,0,0,2176259,5495801,13527,0,0,562702,62044,0,NA,1357,0,0,0,NA,NA,NA,NA,1.74009539241413,82
"10578","Wood-Sockeye","Sockeye",2002,8408982,1283682,NA,NA,NA,NA,NA,NA,NA,NA,0,0,27856,0,0,44386,5937284,2121063,0,0,0,236545,41849,0,NA,0,0,0,0,NA,NA,NA,NA,1.8795679092421,82
"10579","Wood-Sockeye","Sockeye",2003,8340090,1459782,NA,NA,NA,NA,NA,NA,NA,NA,0,0,0,0,0,4140,5350246,2811164,49756,0,0,37753,87032,0,NA,0,0,0,0,NA,NA,NA,NA,1.74278689817619,82
"10580","Wood-Sockeye","Sockeye",2004,8066084,1543392,NA,NA,NA,NA,NA,NA,NA,NA,0,0,0,0,0,10784,3914077,3867603,23501,0,0,112868,137251,0,NA,0,0,0,0,NA,NA,NA,NA,1.65368551881424,82
"10581","Wood-Sockeye","Sockeye",2005,6718864,1496550,NA,NA,NA,NA,NA,NA,NA,NA,0,0,0,1713,0,0,2515743,3860079,9698,0,0,235871,95463,297,NA,0,0,0,0,NA,NA,NA,NA,1.50175663358036,82
"10582","Wood-Sockeye","Sockeye",2006,8034985,4008102,NA,NA,NA,NA,NA,NA,NA,NA,0,0,405,2357,0,40677,4545900,3188318,16184,0,2334,185857,52955,0,NA,0,0,0,0,NA,NA,NA,NA,0.695487319794589,82
"10583","Wood-Sockeye","Sockeye",2007,2826071,1528086,NA,NA,NA,NA,NA,NA,NA,NA,0,107,0,0,0,2506,1466827,1145265,1276,0,0,175482,34609,0,NA,0,0,0,0,NA,NA,NA,NA,0.614871435913673,82
"10584","Wood-Sockeye","Sockeye",2008,3221129,1724676,NA,NA,NA,NA,NA,NA,NA,NA,0,687,0,0,0,0,1307146,1776720,20585,0,0,47807,67158,1026,NA,0,0,0,0,NA,NA,NA,NA,0.624692712466271,82
"10585","Wood-Sockeye","Sockeye",2009,3721140,1319232,NA,NA,NA,NA,NA,NA,NA,NA,0,0,0,0,0,1790,1383004,2057087,0,0,1627,209068,68012,553,NA,0,0,0,0,NA,NA,NA,NA,1.03698032385667,82
"10586","Wood-Sockeye","Sockeye",2010,7127173,1804344,NA,NA,NA,NA,NA,NA,NA,NA,0,0,6301,0,0,41826,4798047,1989083,13533,3883,1238,214842,58421,0,NA,0,0,0,0,NA,NA,NA,NA,1.37371757128983,82
"10587","Wood-Sockeye","Sockeye",2011,5649576,1098006,NA,NA,NA,NA,NA,NA,NA,NA,0,0,0,1229,0,10412,2666460,2859737,1099,0,2946,105680,1099,0,NA,0,0,913,0,NA,NA,NA,NA,1.63808469054132,82
"10588","Wood-Sockeye","Sockeye",2012,4655415,764211,NA,NA,NA,NA,NA,NA,NA,NA,0,0,4175,0,0,77215,3133423,1384226,0,0,0,56376,0,0,NA,0,0,0,0,NA,NA,NA,NA,1.8069424081406,82
"10589","Wood-Sockeye","Sockeye",2013,12363438,1183348,NA,NA,NA,NA,NA,NA,NA,NA,0,0,0,0,0,207823,9677410,2368581,76,0,0,57517,52030,0,NA,0,0,0,0,NA,NA,NA,NA,2.34639585958272,82
"10590","Wood-Sockeye","Sockeye",2014,24560850,2764614,NA,NA,NA,NA,NA,NA,NA,NA,0,0,3135,0,0,163321,20246492,3790599,975,0,3535,340940,11853,0,NA,0,0,0,0,NA,NA,NA,NA,2.18425268874155,82
"10591","Togiak-Sockeye","Sockeye",1956,460869,225000,NA,NA,NA,NA,NA,NA,NA,NA,0,0,3740,0,0,0,113914,306119,957,0,0,22301,13428,0,NA,0,102,308,0,NA,NA,NA,NA,0.717013435550742,83
"10592","Togiak-Sockeye","Sockeye",1957,182459,25000,NA,NA,NA,NA,NA,NA,NA,NA,0,2336,4619,0,0,0,48410,69528,0,0,225,20252,35663,0,NA,0,1426,0,0,NA,NA,NA,NA,1.98764966538081,83
"10593","Togiak-Sockeye","Sockeye",1958,269814,72000,NA,NA,NA,NA,NA,NA,NA,NA,0,491,1673,0,0,1295,68161,114719,0,0,96,58819,24560,0,NA,0,0,0,0,NA,NA,NA,NA,1.32106671370045,83
"10594","Togiak-Sockeye","Sockeye",1959,296077,209640,NA,NA,NA,NA,NA,NA,NA,NA,0,0,308,0,0,95,141475,91668,0,0,0,55503,6939,0,NA,0,0,89,0,NA,NA,NA,NA,0.345227781695952,83
"10595","Togiak-Sockeye","Sockeye",1960,541480,162810,NA,NA,NA,NA,NA,NA,NA,NA,0,0,2356,0,0,0,191282,273523,243,0,0,22044,51876,138,NA,0,0,18,0,NA,NA,NA,NA,1.20172225457416,83
"10596","Togiak-Sockeye","Sockeye",1961,340210,122254,NA,NA,NA,NA,NA,NA,NA,NA,0,915,3168,44,0,58,84542,216240,643,0,0,15400,19162,0,NA,0,0,38,0,NA,NA,NA,NA,1.02346222634749,83
"10597","Togiak-Sockeye","Sockeye",1962,170068,61952,NA,NA,NA,NA,NA,NA,NA,NA,0,0,7022,91,0,0,47953,102349,115,0,0,4431,8107,0,NA,0,0,0,0,NA,NA,NA,NA,1.00983846541748,83
"10598","Togiak-Sockeye","Sockeye",1963,152062,116196,NA,NA,NA,NA,NA,NA,NA,NA,0,0,1787,0,0,0,42570,65106,84,0,13,18386,24061,0,NA,0,55,0,0,NA,NA,NA,NA,0.269009911999281,83
"10599","Togiak-Sockeye","Sockeye",1964,174978,104874,NA,NA,NA,NA,NA,NA,NA,NA,0,106,1108,0,0,96,42747,84303,0,0,0,40549,6069,0,NA,0,0,0,0,NA,NA,NA,NA,0.511900622154092,83
"10600","Togiak-Sockeye","Sockeye",1965,405599,96486,NA,NA,NA,NA,NA,NA,NA,NA,0,169,1798,0,0,86,154117,180998,0,0,27,31234,37109,61,NA,0,0,0,0,NA,NA,NA,NA,1.43596706669076,83
"10601","Togiak-Sockeye","Sockeye",1966,641763,104198,NA,NA,NA,NA,NA,NA,NA,NA,0,1144,5546,0,0,0,199888,419478,1417,0,0,4228,9384,225,NA,0,140,313,0,NA,NA,NA,NA,1.81792614137845,83
"10602","Togiak-Sockeye","Sockeye",1967,181217,81330,NA,NA,NA,NA,NA,NA,NA,NA,0,735,5610,61,0,0,18347,98966,915,0,0,16264,40259,60,NA,0,0,0,0,NA,NA,NA,NA,0.801180256014017,83
"10603","Togiak-Sockeye","Sockeye",1968,262624,49918,NA,NA,NA,NA,NA,NA,NA,NA,0,325,1198,134,0,0,49069,189940,2995,0,0,6071,12892,0,NA,0,0,0,0,NA,NA,NA,NA,1.66034169229128,83
"10604","Togiak-Sockeye","Sockeye",1969,216333,116666,NA,NA,NA,NA,NA,NA,NA,NA,0,174,5427,0,0,0,27974,141807,3218,0,0,25045,12500,188,NA,0,0,0,0,NA,NA,NA,NA,0.617503735689435,83
"10605","Togiak-Sockeye","Sockeye",1970,408284,202896,NA,NA,NA,NA,NA,NA,NA,NA,0,53,1227,0,0,0,53906,226059,716,0,0,55277,70405,339,NA,0,136,166,0,NA,NA,NA,NA,0.699269478192763,83
"10606","Togiak-Sockeye","Sockeye",1971,558181,200242,NA,NA,NA,NA,NA,NA,NA,NA,0,185,4283,0,0,0,106131,316634,1304,0,0,62028,67616,0,NA,0,0,0,0,NA,NA,NA,NA,1.02515664745568,83
"10607","Togiak-Sockeye","Sockeye",1972,303605,78570,NA,NA,NA,NA,NA,NA,NA,NA,0,398,2076,278,0,392,93022,150134,2498,0,0,21156,33651,0,NA,0,0,0,0,NA,NA,NA,NA,1.35173756723634,83
"10608","Togiak-Sockeye","Sockeye",1973,653500,106930,NA,NA,NA,NA,NA,NA,NA,NA,0,628,9568,0,0,0,151026,441650,732,0,0,18417,31479,0,NA,0,0,0,0,NA,NA,NA,NA,1.81016811829571,83
"10609","Togiak-Sockeye","Sockeye",1974,703838,103592,NA,NA,NA,NA,NA,NA,NA,NA,0,436,2385,203,0,0,271491,307426,2693,0,0,73071,45279,651,NA,0,0,203,0,NA,NA,NA,NA,1.91608810927493,83
"10610","Togiak-Sockeye","Sockeye",1975,1199909,180562,NA,NA,NA,NA,NA,NA,NA,NA,0,709,7086,0,0,0,195448,848471,2153,0,0,86678,59364,0,NA,0,0,0,0,NA,NA,NA,NA,1.89392679046891,83
"10611","Togiak-Sockeye","Sockeye",1976,1068657,189390,NA,NA,NA,NA,NA,NA,NA,NA,0,118,1468,101,0,0,188543,558049,3712,0,0,141951,174715,0,NA,0,0,0,0,NA,NA,NA,NA,1.73034961787322,83
"10612","Togiak-Sockeye","Sockeye",1977,883990,162534,NA,NA,NA,NA,NA,NA,NA,NA,0,0,4638,0,0,0,231526,616719,3582,0,0,13954,13571,0,NA,0,0,0,0,NA,NA,NA,NA,1.69355853970315,83
"10613","Togiak-Sockeye","Sockeye",1978,681617,306176,NA,NA,NA,NA,NA,NA,NA,NA,0,0,11841,233,0,0,149178,429637,711,0,0,65010,25007,0,NA,0,0,0,0,NA,NA,NA,NA,0.800307816510628,83
"10614","Togiak-Sockeye","Sockeye",1979,582868,198238,NA,NA,NA,NA,NA,NA,NA,NA,0,1289,907,0,0,230,269778,292511,1681,0,0,11808,4627,37,NA,0,0,0,0,NA,NA,NA,NA,1.07849241657172,83
"10615","Togiak-Sockeye","Sockeye",1980,305047,526750,NA,NA,NA,NA,NA,NA,NA,NA,0,0,4755,1176,0,0,44602,224428,323,0,0,10397,19366,0,NA,0,0,0,0,NA,NA,NA,NA,-0.546260189588164,83
"10616","Togiak-Sockeye","Sockeye",1981,344617,307130,NA,NA,NA,NA,NA,NA,NA,NA,0,2290,11487,74,0,0,53352,245248,571,0,0,14991,16366,238,NA,0,0,0,0,NA,NA,NA,NA,0.115162544711403,83
"10617","Togiak-Sockeye","Sockeye",1982,425197,288674,NA,NA,NA,NA,NA,NA,NA,NA,0,0,15902,0,0,198,109251,254521,5345,0,0,14091,25531,358,NA,0,0,0,0,NA,NA,NA,NA,0.387254567210921,83
"10618","Togiak-Sockeye","Sockeye",1983,1245992,212640,NA,NA,NA,NA,NA,NA,NA,NA,0,747,2695,2223,0,215,284993,923783,1858,0,0,8526,20952,0,NA,0,0,0,0,NA,NA,NA,NA,1.76808668381611,83
"10619","Togiak-Sockeye","Sockeye",1984,167004,150978,NA,NA,NA,NA,NA,NA,NA,NA,0,0,14259,154,0,0,21414,109255,1045,0,0,4130,16598,149,NA,0,0,0,0,NA,NA,NA,NA,0.100883633389631,83
"10620","Togiak-Sockeye","Sockeye",1985,350671,153482,NA,NA,NA,NA,NA,NA,NA,NA,0,222,6667,226,0,0,35244,194360,801,0,117,35480,76815,739,NA,0,0,0,0,NA,NA,NA,NA,0.82626516565998,83
"10621","Togiak-Sockeye","Sockeye",1986,760090,203384,NA,NA,NA,NA,NA,NA,NA,NA,0,160,18328,698,0,0,77439,445395,13653,0,0,83230,121187,0,NA,0,0,0,0,NA,NA,NA,NA,1.31834102953493,83
"10622","Togiak-Sockeye","Sockeye",1987,892200,278276,NA,NA,NA,NA,NA,NA,NA,NA,0,246,7028,757,0,0,190194,574638,7258,0,0,30675,80841,416,NA,0,0,147,0,NA,NA,NA,NA,1.16507689575382,83
"10623","Togiak-Sockeye","Sockeye",1988,616260,309012,NA,NA,NA,NA,NA,NA,NA,NA,0,644,8532,2826,0,0,111428,403072,2665,0,0,33621,53472,0,NA,0,0,0,0,NA,NA,NA,NA,0.690288841310623,83
"10624","Togiak-Sockeye","Sockeye",1989,548303,104240,NA,NA,NA,NA,NA,NA,NA,NA,0,399,36452,889,0,250,132224,328310,1167,0,0,7244,41176,192,NA,0,0,0,0,NA,NA,NA,NA,1.66013212103568,83
"10625","Togiak-Sockeye","Sockeye",1990,704724,166297,NA,NA,NA,NA,NA,NA,NA,NA,0,1100,23450,1376,0,0,101370,460094,5217,0,0,75004,36743,370,NA,0,0,0,0,NA,NA,NA,NA,1.44403089044975,83
"10626","Togiak-Sockeye","Sockeye",1991,690188,254088,NA,NA,NA,NA,NA,NA,NA,NA,0,870,2681,889,0,3207,188601,428921,8146,0,0,27931,28942,0,NA,0,0,0,0,NA,NA,NA,NA,0.999283360538721,83
"10627","Togiak-Sockeye","Sockeye",1992,275227,209516,NA,NA,NA,NA,NA,NA,NA,NA,0,1193,34883,596,0,0,50305,124078,1097,0,0,32862,30213,0,NA,0,0,0,0,NA,NA,NA,NA,0.272796102950776,83
"10628","Togiak-Sockeye","Sockeye",1993,322621,188610,NA,NA,NA,NA,NA,NA,NA,NA,0,469,3965,0,0,349,63955,228924,3948,0,0,5806,15205,0,NA,0,0,0,0,NA,NA,NA,NA,0.536796868603605,83
"10629","Togiak-Sockeye","Sockeye",1994,254406,174172,NA,NA,NA,NA,NA,NA,NA,NA,0,1087,3173,0,0,239,43282,167056,917,0,0,31074,7578,0,NA,0,0,0,0,NA,NA,NA,NA,0.378888099381926,83
"10630","Togiak-Sockeye","Sockeye",1995,1440819,211226,NA,NA,NA,NA,NA,NA,NA,NA,0,0,5649,717,0,646,341277,1010256,5198,0,0,11282,65753,41,NA,0,0,0,0,NA,NA,NA,NA,1.92003833057728,83
"10631","Togiak-Sockeye","Sockeye",1996,1118048,187174,NA,NA,NA,NA,NA,NA,NA,NA,0,767,8761,326,0,258,87332,986642,7626,0,0,3850,21297,0,NA,0,787,402,0,NA,NA,NA,NA,1.78730092109514,83
"10632","Togiak-Sockeye","Sockeye",1997,462339,152223,NA,NA,NA,NA,NA,NA,NA,NA,0,0,4536,0,0,0,42835,305122,4930,0,0,15996,87351,1569,NA,0,0,0,0,NA,NA,NA,NA,1.11095183727873,83
"10633","Togiak-Sockeye","Sockeye",1998,809749,175476,NA,NA,NA,NA,NA,NA,NA,NA,0,0,1427,341,0,0,53994,633322,5289,0,0,23671,91390,315,NA,0,0,0,0,NA,NA,NA,NA,1.52922204168388,83
"10634","Togiak-Sockeye","Sockeye",1999,517983,196136,NA,NA,NA,NA,NA,NA,NA,NA,0,0,11006,0,0,0,136543,289772,1273,168,0,28896,50325,0,NA,0,0,0,0,NA,NA,NA,NA,0.971134127028313,83
"10635","Togiak-Sockeye","Sockeye",2000,706646,352245,NA,NA,NA,NA,NA,NA,NA,NA,0,0,3543,0,0,0,87218,318175,4659,0,0,140738,151831,181,NA,0,301,0,0,NA,NA,NA,NA,0.69620287707339,83
"10636","Togiak-Sockeye","Sockeye",2001,637173,303346,NA,NA,NA,NA,NA,NA,NA,NA,0,0,6695,130,0,0,63453,410426,4558,0,0,89645,62115,151,NA,0,0,0,0,NA,NA,NA,NA,0.742167136044088,83
"10637","Togiak-Sockeye","Sockeye",2002,1027566,178577,NA,NA,NA,NA,NA,NA,NA,NA,0,183,7127,0,0,171,241299,727475,7191,0,0,25451,18669,0,NA,0,0,0,0,NA,NA,NA,NA,1.74992829712982,83
"10638","Togiak-Sockeye","Sockeye",2003,998354,232302,NA,NA,NA,NA,NA,NA,NA,NA,0,0,2444,453,0,450,244748,723578,5211,0,0,8110,13360,0,NA,0,0,0,0,NA,NA,NA,NA,1.45806967353988,83
"10639","Togiak-Sockeye","Sockeye",2004,681185,135637,NA,NA,NA,NA,NA,NA,NA,NA,0,0,3572,0,0,0,106296,483311,1048,0,0,47324,39634,0,NA,0,0,0,0,NA,NA,NA,NA,1.61385172893798,83
"10640","Togiak-Sockeye","Sockeye",2005,777908,155778,NA,NA,NA,NA,NA,NA,NA,NA,0,0,3960,0,0,520,302375,372119,1661,0,0,65399,31874,0,NA,0,0,0,0,NA,NA,NA,NA,1.60817634846724,83
"10641","Togiak-Sockeye","Sockeye",2006,836553,312126,NA,NA,NA,NA,NA,NA,NA,NA,0,0,888,0,0,568,160705,615524,2402,0,0,44996,11470,0,NA,0,0,0,0,NA,NA,NA,NA,0.985882925215256,83
"10642","Togiak-Sockeye","Sockeye",2007,887883,269646,NA,NA,NA,NA,NA,NA,NA,NA,0,0,767,0,0,1211,163735,654989,1183,0,0,38261,27737,0,NA,0,0,0,0,NA,NA,NA,NA,1.19172998992565,83
"10643","Togiak-Sockeye","Sockeye",2008,609588,205680,NA,NA,NA,NA,NA,NA,NA,NA,0,0,0,0,0,0,125488,469887,2859,0,0,3072,8282,0,NA,0,0,0,0,NA,NA,NA,NA,1.08646175618168,83
"10644","Togiak-Sockeye","Sockeye",2009,490026,313946,NA,NA,NA,NA,NA,NA,NA,NA,0,0,2060,0,0,328,88287,364308,572,0,0,25841,8630,0,NA,0,0,0,0,NA,NA,NA,NA,0.445237454324818,83
"10645","Togiak-Sockeye","Sockeye",2010,483172,188298,NA,NA,NA,NA,NA,NA,NA,NA,0,537,288,0,0,0,130232,338788,1372,0,0,9047,2908,0,NA,0,0,0,0,NA,NA,NA,NA,0.942346883663956,83
"10646","Togiak-Sockeye","Sockeye",2011,733108,190970,NA,NA,NA,NA,NA,NA,NA,NA,0,0,2202,0,0,1478,166292,538658,4292,0,0,16663,3523,0,NA,0,0,0,0,NA,NA,NA,NA,1.34517668308576,83
"10647","Togiak-Sockeye","Sockeye",2012,561921,203148,NA,NA,NA,NA,NA,NA,NA,NA,0,0,687,0,0,1219,176979,357182,6864,0,0,9337,9653,0,NA,0,0,0,0,NA,NA,NA,NA,1.01742649317476,83
"10648","Togiak-Sockeye","Sockeye",2013,1065382,128118,NA,NA,NA,NA,NA,NA,NA,NA,0,0,0,0,0,671,298803,756364,2221,0,0,4547,2776,0,NA,0,0,0,0,NA,NA,NA,NA,2.11813698502346,83
"10649","Togiak-Sockeye","Sockeye",2014,1575331,151934,NA,NA,NA,NA,NA,NA,NA,NA,0,0,0,0,0,1149,583074,983763,1943,0,0,4843,559,0,NA,0,0,0,0,NA,NA,NA,NA,2.33877447188637,83
"10650","Togiak-Sockeye","Sockeye",2015,717724,218700,NA,NA,NA,NA,NA,NA,NA,NA,0,0,0,0,0,841,292933,418533,1929,0,0,3175,313,0,NA,0,0,0,NA,NA,NA,NA,NA,1.18838416635025,83
"10651","Togiak-Sockeye","Sockeye",2016,669097,200046,NA,NA,NA,NA,NA,NA,NA,NA,0,0,0,0,0,202,191935,469036,3717,NA,388,1791,2028,NA,NA,0,0,NA,NA,NA,NA,NA,NA,1.20738170204189,83
"10652","Togiak-Sockeye","Sockeye",2017,1169950,190098,NA,NA,NA,NA,NA,NA,NA,NA,0,0,0,0,NA,4517,483443,677934,NA,NA,0,4056,NA,NA,NA,0,NA,NA,NA,NA,NA,NA,NA,1.8171765631754,83
"10653","Kasilof-Sockeye","Sockeye",1968,145853,90958,NA,NA,NA,NA,NA,NA,NA,NA,NA,0,0,0,NA,0,86418,42653,0,NA,115,14079,2588,0,NA,0,0,0,NA,NA,NA,NA,NA,0.472201403666357,84
"10654","Kasilof-Sockeye","Sockeye",1969,110919,46964,NA,NA,NA,NA,NA,NA,NA,NA,NA,0,0,0,NA,231,12833,85255,0,NA,204,6389,5484,522,NA,0,0,0,NA,NA,NA,NA,NA,0.8594188544323,84
"10655","Kasilof-Sockeye","Sockeye",1970,168239,38797,NA,NA,NA,NA,NA,NA,NA,NA,NA,0,0,0,NA,0,38507,8744,0,NA,299,69392,51297,0,NA,0,0,0,NA,NA,NA,NA,NA,1.46704266343481,84
"10656","Kasilof-Sockeye","Sockeye",1971,295083,91887,NA,NA,NA,NA,NA,NA,NA,NA,NA,0,0,0,NA,0,36811,107438,0,NA,268,101308,49258,0,NA,0,0,0,NA,NA,NA,NA,NA,1.16669711145,84
"10657","Kasilof-Sockeye","Sockeye",1972,372639,115486,NA,NA,NA,NA,NA,NA,NA,NA,NA,49,0,0,NA,494,115995,103393,0,NA,0,114377,38332,0,NA,0,0,0,NA,NA,NA,NA,NA,1.1714608120834,84
"10658","Kasilof-Sockeye","Sockeye",1973,341734,40880,NA,NA,NA,NA,NA,NA,NA,NA,NA,0,0,0,NA,473,119001,176558,0,NA,2433,38748,4521,0,NA,0,0,0,NA,NA,NA,NA,NA,2.12339171076332,84
"10659","Kasilof-Sockeye","Sockeye",1974,342896,71335,NA,NA,NA,NA,NA,NA,NA,NA,NA,0,0,0,NA,2753,206299,80966,1350,NA,0,34636,16890,0,NA,0,0,0,NA,NA,NA,NA,NA,1.57004010362554,84
"10660","Kasilof-Sockeye","Sockeye",1975,321496,45687,NA,NA,NA,NA,NA,NA,NA,NA,NA,0,0,0,NA,0,180735,111456,0,NA,0,20631,8674,0,NA,0,0,0,NA,NA,NA,NA,NA,1.95117130838299,84
"10661","Kasilof-Sockeye","Sockeye",1976,691521,136595,NA,NA,NA,NA,NA,NA,NA,NA,NA,440,0,0,NA,1801,246019,368002,0,NA,0,33921,41339,0,NA,0,0,0,NA,NA,NA,NA,NA,1.62187317616156,84
"10662","Kasilof-Sockeye","Sockeye",1977,609725,156616,NA,NA,NA,NA,NA,NA,NA,NA,NA,0,0,0,NA,4087,149175,358213,0,NA,0,51526,46725,0,NA,0,0,0,NA,NA,NA,NA,NA,1.35921108637124,84
"10663","Kasilof-Sockeye","Sockeye",1978,694637,112484,NA,NA,NA,NA,NA,NA,NA,NA,NA,0,0,0,NA,0,172022,364328,0,NA,465,104561,53261,0,NA,0,0,0,NA,NA,NA,NA,NA,1.82057841765152,84
"10664","Kasilof-Sockeye","Sockeye",1979,782400,152503,NA,NA,NA,NA,NA,NA,NA,NA,NA,0,0,0,NA,2464,407157,204448,2933,NA,0,111795,52405,1198,NA,0,0,0,NA,NA,NA,NA,NA,1.63518185073549,84
"10665","Kasilof-Sockeye","Sockeye",1980,1081103,182284,NA,NA,NA,NA,NA,NA,NA,NA,NA,0,0,0,NA,0,263580,484494,3499,NA,576,257918,71037,0,NA,0,0,0,NA,NA,NA,NA,NA,1.78017118482983,84
"10666","Kasilof-Sockeye","Sockeye",1981,1850929,252460,NA,NA,NA,NA,NA,NA,NA,NA,NA,0,0,0,NA,0,853482,678387,0,NA,1740,219784,94814,2488,NA,0,234,0,NA,NA,NA,NA,NA,1.99219013386859,84
"10667","Kasilof-Sockeye","Sockeye",1982,1281861,172470,NA,NA,NA,NA,NA,NA,NA,NA,NA,0,0,0,NA,2185,529350,342715,1714,NA,266,264940,140691,0,NA,0,0,0,NA,NA,NA,NA,NA,2.00584489896199,84
"10668","Kasilof-Sockeye","Sockeye",1983,1003028,205361,NA,NA,NA,NA,NA,NA,NA,NA,NA,747,0,0,NA,0,345918,352739,239,NA,482,238804,64100,0,NA,0,0,0,NA,NA,NA,NA,NA,1.58600929777503,84
"10669","Kasilof-Sockeye","Sockeye",1984,757118,226469,NA,NA,NA,NA,NA,NA,NA,NA,NA,0,0,0,NA,702,255320,160754,1444,NA,380,248894,88707,0,NA,0,915,0,NA,NA,NA,NA,NA,1.20691104954329,84
"10670","Kasilof-Sockeye","Sockeye",1985,362906,501071,NA,NA,NA,NA,NA,NA,NA,NA,NA,0,0,0,NA,142,60918,130690,762,NA,126,120940,49327,0,NA,0,0,0,NA,NA,NA,NA,NA,-0.322603960048241,84
"10671","Kasilof-Sockeye","Sockeye",1986,668119,270559,NA,NA,NA,NA,NA,NA,NA,NA,NA,0,583,0,NA,0,99638,230784,0,NA,0,188169,148945,0,NA,0,0,0,NA,NA,NA,NA,NA,0.903976112277921,84
"10672","Kasilof-Sockeye","Sockeye",1987,882204,243244,NA,NA,NA,NA,NA,NA,NA,NA,NA,0,768,0,NA,641,132011,327504,0,NA,161,247266,173852,0,NA,0,0,0,NA,NA,NA,NA,NA,1.2883582669994,84
"10673","Kasilof-Sockeye","Sockeye",1988,662506,194322,NA,NA,NA,NA,NA,NA,NA,NA,NA,212,0,0,NA,0,159133,197095,0,NA,733,172862,132471,0,NA,0,0,0,NA,NA,NA,NA,NA,1.22651303748083,84
"10674","Kasilof-Sockeye","Sockeye",1989,508618,154070,NA,NA,NA,NA,NA,NA,NA,NA,NA,0,0,0,NA,0,63665,187733,0,NA,588,144806,111827,0,NA,0,0,0,NA,NA,NA,NA,NA,1.19429019903823,84
"10675","Kasilof-Sockeye","Sockeye",1990,498496,137317,NA,NA,NA,NA,NA,NA,NA,NA,NA,0,0,0,NA,565,146985,109223,0,NA,0,173632,68092,0,NA,0,0,0,NA,NA,NA,NA,NA,1.28930344372788,84
"10676","Kasilof-Sockeye","Sockeye",1991,942751,223492,NA,NA,NA,NA,NA,NA,NA,NA,NA,0,0,0,NA,0,220799,414143,0,NA,0,205266,102543,0,NA,0,0,0,NA,NA,NA,NA,NA,1.43942657763495,84
"10677","Kasilof-Sockeye","Sockeye",1992,813667,181394,NA,NA,NA,NA,NA,NA,NA,NA,NA,0,0,0,NA,385,185606,452323,1492,NA,0,122098,51762,0,NA,0,0,0,NA,NA,NA,NA,NA,1.5008797303339,84
"10678","Kasilof-Sockeye","Sockeye",1993,519995,142111,NA,NA,NA,NA,NA,NA,NA,NA,NA,0,0,0,NA,0,145234,155126,1795,NA,0,125492,91908,0,NA,0,440,0,NA,NA,NA,NA,NA,1.29721075376314,84
"10679","Kasilof-Sockeye","Sockeye",1994,763335,204604,NA,NA,NA,NA,NA,NA,NA,NA,NA,0,0,0,NA,0,194729,296657,0,NA,1878,196341,73731,0,NA,0,0,0,NA,NA,NA,NA,NA,1.31662058761535,84
"10680","Kasilof-Sockeye","Sockeye",1995,528759,188698,NA,NA,NA,NA,NA,NA,NA,NA,NA,681,0,0,NA,387,236558,190108,1137,NA,372,55930,42080,489,NA,0,1016,0,NA,NA,NA,NA,NA,1.03038489800802,84
"10681","Kasilof-Sockeye","Sockeye",1996,748858,252213,NA,NA,NA,NA,NA,NA,NA,NA,NA,0,0,0,NA,0,207479,376243,1951,NA,1197,109011,52977,0,NA,0,0,0,NA,NA,NA,NA,NA,1.08827541083458,84
"10682","Kasilof-Sockeye","Sockeye",1997,680347,254459,NA,NA,NA,NA,NA,NA,NA,NA,NA,0,0,0,NA,401,216921,278384,0,NA,704,118620,65317,0,NA,0,0,0,NA,NA,NA,NA,NA,0.983463239315949,84
"10683","Kasilof-Sockeye","Sockeye",1998,789866,248220,NA,NA,NA,NA,NA,NA,NA,NA,NA,0,0,0,NA,1381,206143,263290,1191,NA,4923,247723,65215,0,NA,0,0,0,NA,NA,NA,NA,NA,1.15754786111939,84
"10684","Kasilof-Sockeye","Sockeye",1999,1156326,301403,NA,NA,NA,NA,NA,NA,NA,NA,NA,0,0,0,NA,1539,278921,224140,0,NA,1338,510723,139128,0,NA,0,537,0,NA,NA,NA,NA,NA,1.3445547767033,84
"10685","Kasilof-Sockeye","Sockeye",2000,1387340,253514,NA,NA,NA,NA,NA,NA,NA,NA,NA,0,0,0,NA,2962,613202,467639,0,NA,1269,191201,111067,0,NA,0,0,0,NA,NA,NA,NA,NA,1.6997244753252,84
"10686","Kasilof-Sockeye","Sockeye",2001,1644462,308510,NA,NA,NA,NA,NA,NA,NA,NA,NA,964,0,0,NA,1284,419394,581625,0,NA,1914,522187,117094,0,NA,0,0,0,NA,NA,NA,NA,NA,1.67341430030373,84
"10687","Kasilof-Sockeye","Sockeye",2002,1273593,225184,NA,NA,NA,NA,NA,NA,NA,NA,NA,0,0,0,NA,4738,672118,300270,0,NA,7811,228613,60044,0,NA,0,0,0,NA,NA,NA,NA,NA,1.73267947305972,84
"10688","Kasilof-Sockeye","Sockeye",2003,1598617,341327,NA,NA,NA,NA,NA,NA,NA,NA,NA,0,0,0,NA,10288,530899,620190,2001,NA,1898,290026,143315,0,NA,0,0,0,NA,NA,NA,NA,NA,1.54405319736869,84
"10689","Kasilof-Sockeye","Sockeye",2004,1511138,523653,NA,NA,NA,NA,NA,NA,NA,NA,NA,0,0,0,NA,7593,639449,504549,0,NA,2913,300528,56106,0,NA,0,0,0,NA,NA,NA,NA,NA,1.05978903712704,84
"10690","Kasilof-Sockeye","Sockeye",2005,857699,360065,NA,NA,NA,NA,NA,NA,NA,NA,NA,0,0,0,NA,5826,129084,246172,0,NA,24238,246172,206207,0,NA,0,0,0,NA,NA,NA,NA,NA,0.867968651379352,84
"10691","Kasilof-Sockeye","Sockeye",2006,729084,389645,NA,NA,NA,NA,NA,NA,NA,NA,NA,0,0,0,NA,8116,218041,245564,0,NA,11584,204610,41169,0,NA,0,0,0,NA,NA,NA,NA,NA,0.626552883529567,84
"10692","Kasilof-Sockeye","Sockeye",2007,504211,365184,NA,NA,NA,NA,NA,NA,NA,NA,NA,1655,0,0,NA,8274,108891,66436,0,NA,21475,236518,60962,NA,NA,0,NA,NA,NA,NA,NA,NA,NA,0.322593495104247,84
"10693","Kasilof-Sockeye","Sockeye",2008,822795,327018,NA,NA,NA,NA,NA,NA,NA,NA,NA,0,0,0,NA,11576,213953,242772,0,NA,27907,288531,38056,NA,NA,0,NA,NA,NA,NA,NA,NA,NA,0.922691865695604,84
"10694","Kasilof-Sockeye","Sockeye",2009,1072070,326283,NA,NA,NA,NA,NA,NA,NA,NA,NA,0,0,0,NA,42552,313226,378971,0,NA,10532,231195,95595,NA,NA,0,NA,NA,NA,NA,NA,NA,NA,1.18958153505942,84
"10695","Kasilof-Sockeye","Sockeye",2010,1340285,295265,NA,NA,NA,NA,NA,NA,NA,NA,NA,1725,0,0,NA,17613,419210,480721,836,NA,21090,353959,45131,NA,NA,0,NA,NA,NA,NA,NA,NA,NA,1.51276429870752,84
"10696","Kasilof-Sockeye","Sockeye",2011,685430,245721,NA,NA,NA,NA,NA,NA,NA,NA,NA,3411,0,0,NA,12603,196670,141359,743,NA,21194,203406,106044,NA,NA,0,NA,NA,NA,NA,NA,NA,NA,1.02584963258366,84
"10697","Kasilof-Sockeye","Sockeye",2012,571458,374523,NA,NA,NA,NA,NA,NA,NA,NA,NA,4641,0,0,NA,14733,156914,173630,NA,NA,7169,208207,6164,0,NA,0,NA,0,NA,NA,NA,NA,NA,0.422537773428904,84
"10698","Kasilof-Sockeye","Sockeye",2013,649391,489654,NA,NA,NA,NA,NA,NA,NA,NA,NA,0,0,NA,NA,5601,294845,77740,0,NA,20095,247574,3536,0,NA,NA,0,0,NA,NA,NA,NA,NA,0.282335981392175,84
"10699","Kasilof-Sockeye","Sockeye",2014,711043,440192,NA,NA,NA,NA,NA,NA,NA,NA,NA,0,NA,0,NA,12365,354699,246581,0,NA,6778,85044,5576,0,NA,0,0,0,NA,NA,NA,NA,NA,0.479521910804481,84
"10700","Kasilof-Sockeye","Sockeye",2015,669412,470677,NA,NA,NA,NA,NA,NA,NA,NA,NA,79,0,0,NA,3688,320786,227581,0,NA,5242,89165,22871,0,NA,0,0,0,NA,NA,NA,NA,NA,0.352227631299595,84
"10701","Kasilof-Sockeye","Sockeye",2016,783784,239981,NA,NA,NA,NA,NA,NA,NA,NA,NA,0,700,0,NA,7936,492656,231368,384,NA,0,43477,7264,NA,NA,0,0,NA,NA,NA,NA,NA,NA,1.18357371864494,84
"10702","Kenai-Sockeye","Sockeye",1968,960169,115545,NA,NA,NA,NA,NA,NA,NA,NA,NA,NA,0,0,NA,NA,169641,657176,1456,NA,894,77265,53737,0,NA,0,0,0,NA,NA,NA,NA,NA,2.11744924616199,85
"10703","Kenai-Sockeye","Sockeye",1969,430947,72901,NA,NA,NA,NA,NA,NA,NA,NA,NA,0,0,0,NA,894,37929,209347,10719,NA,7740,94190,66771,0,NA,0,3356,0,NA,NA,NA,NA,NA,1.7768827563631,85
"10704","Kenai-Sockeye","Sockeye",1970,550923,101794,NA,NA,NA,NA,NA,NA,NA,NA,NA,0,0,0,NA,1548,65999,195322,0,NA,6143,136422,136620,0,NA,0,8869,0,NA,NA,NA,NA,NA,1.68864389018785,85
"10705","Kenai-Sockeye","Sockeye",1971,986397,406714,NA,NA,NA,NA,NA,NA,NA,NA,NA,0,0,0,NA,4472,57003,338382,10340,NA,10019,299954,266227,0,NA,0,0,0,NA,NA,NA,NA,NA,0.885948674754355,85
"10706","Kenai-Sockeye","Sockeye",1972,2547851,431058,NA,NA,NA,NA,NA,NA,NA,NA,NA,0,0,0,NA,5738,564078,1656310,1140,NA,17738,182117,120729,0,NA,0,0,0,NA,NA,NA,NA,NA,1.77676288592957,85
"10707","Kenai-Sockeye","Sockeye",1973,2125986,507072,NA,NA,NA,NA,NA,NA,NA,NA,NA,0,0,0,NA,8966,153573,1825724,0,NA,0,87313,50410,0,NA,0,0,0,NA,NA,NA,NA,NA,1.43333796840103,85
"10708","Kenai-Sockeye","Sockeye",1974,788067,209836,NA,NA,NA,NA,NA,NA,NA,NA,NA,0,0,0,NA,0,59726,488947,0,NA,1710,94517,143167,0,NA,0,0,0,NA,NA,NA,NA,NA,1.32325683838979,85
"10709","Kenai-Sockeye","Sockeye",1975,1055374,184262,NA,NA,NA,NA,NA,NA,NA,NA,NA,0,0,0,NA,0,162573,623465,0,NA,0,209203,60134,0,NA,0,0,0,NA,NA,NA,NA,NA,1.74529182760912,85
"10710","Kenai-Sockeye","Sockeye",1976,1506075,507440,NA,NA,NA,NA,NA,NA,NA,NA,NA,0,0,0,NA,1391,457669,804077,2930,NA,6092,95057,136830,888,NA,1142,0,0,NA,NA,NA,NA,NA,1.08788373059099,85
"10711","Kenai-Sockeye","Sockeye",1977,3112852,951038,NA,NA,NA,NA,NA,NA,NA,NA,NA,0,0,0,NA,41798,212814,2421422,18530,NA,3251,67322,347108,0,NA,0,0,607,NA,NA,NA,NA,NA,1.18574060706188,85
"10712","Kenai-Sockeye","Sockeye",1978,3785623,511781,NA,NA,NA,NA,NA,NA,NA,NA,NA,0,0,0,NA,0,136855,3251291,38048,NA,0,67268,285819,0,NA,0,6343,0,NA,NA,NA,NA,NA,2.00106895026066,85
"10713","Kenai-Sockeye","Sockeye",1979,1321707,373810,NA,NA,NA,NA,NA,NA,NA,NA,NA,0,29452,0,NA,1295,259220,566002,11224,NA,4699,149740,293135,2126,NA,0,4813,0,NA,NA,NA,NA,NA,1.26293171502159,85
"10714","Kenai-Sockeye","Sockeye",1980,2675007,615382,NA,NA,NA,NA,NA,NA,NA,NA,NA,0,18199,691,NA,3655,218992,1599089,14945,NA,2614,271732,545092,0,NA,0,0,0,NA,NA,NA,NA,NA,1.46946406295771,85
"10715","Kenai-Sockeye","Sockeye",1981,2465818,535524,NA,NA,NA,NA,NA,NA,NA,NA,NA,825,7824,0,NA,0,301607,1245372,6783,NA,2220,295444,605745,0,NA,0,0,0,NA,NA,NA,NA,NA,1.52703317045924,85
"10716","Kenai-Sockeye","Sockeye",1982,9591200,755672,NA,NA,NA,NA,NA,NA,NA,NA,NA,4418,36636,2978,NA,1394,804160,7663538,23317,NA,1950,298241,745085,9482,NA,0,0,0,NA,NA,NA,NA,NA,2.54099387079331,85
"10717","Kenai-Sockeye","Sockeye",1983,9489648,792765,NA,NA,NA,NA,NA,NA,NA,NA,NA,1216,22901,0,NA,0,796367,4465792,49750,NA,0,262937,3879711,10975,NA,0,0,0,NA,NA,NA,NA,NA,2.48242996452529,85
"10718","Kenai-Sockeye","Sockeye",1984,3865134,446397,NA,NA,NA,NA,NA,NA,NA,NA,NA,0,2383,0,NA,0,547677,1664505,19966,NA,4518,704461,907035,613,NA,7674,6302,0,NA,NA,NA,NA,NA,2.15854293992255,85
"10719","Kenai-Sockeye","Sockeye",1985,2592968,573836,NA,NA,NA,NA,NA,NA,NA,NA,NA,0,4862,0,NA,4130,314942,1570509,4884,NA,20065,298317,374574,0,NA,0,685,0,NA,NA,NA,NA,NA,1.50821480333491,85
"10720","Kenai-Sockeye","Sockeye",1986,2174842,555207,NA,NA,NA,NA,NA,NA,NA,NA,NA,1727,15706,2048,NA,4959,391092,840180,11419,NA,3222,141266,755024,8199,NA,0,0,0,NA,NA,NA,NA,NA,1.36537028002367,85
"10721","Kenai-Sockeye","Sockeye",1987,10378573,2011772,NA,NA,NA,NA,NA,NA,NA,NA,NA,0,48870,0,NA,5664,776685,7024019,105399,NA,4549,301848,2096053,14372,NA,0,1114,0,NA,NA,NA,NA,NA,1.64072746663508,85
"10722","Kenai-Sockeye","Sockeye",1988,2550942,1213047,NA,NA,NA,NA,NA,NA,NA,NA,NA,408,0,0,NA,1156,151779,1491124,21963,NA,7105,292377,576976,4586,NA,596,2873,0,NA,NA,NA,NA,NA,0.743327326599552,85
"10723","Kenai-Sockeye","Sockeye",1989,4480888,2026638,NA,NA,NA,NA,NA,NA,NA,NA,NA,3927,16803,0,NA,0,352264,2480626,17311,NA,77802,558602,955698,16440,NA,1416,0,0,NA,NA,NA,NA,NA,0.793442978597666,85
"10724","Kenai-Sockeye","Sockeye",1990,1518983,794753,NA,NA,NA,NA,NA,NA,NA,NA,NA,1133,5947,0,NA,3457,223830,778479,10973,NA,13944,191364,284029,3405,NA,0,2423,0,NA,NA,NA,NA,NA,0.647764936404015,85
"10725","Kenai-Sockeye","Sockeye",1991,4444531,727159,NA,NA,NA,NA,NA,NA,NA,NA,NA,1602,10371,0,NA,4371,669963,2764755,17583,NA,22972,252038,690122,2958,NA,1839,2928,3030,NA,NA,NA,NA,NA,1.81028446993446,85
"10726","Kenai-Sockeye","Sockeye",1992,4272741,1207382,NA,NA,NA,NA,NA,NA,NA,NA,NA,0,8468,0,NA,2651,345482,3443710,19993,NA,10423,140781,293962,4497,NA,0,2775,0,NA,NA,NA,NA,NA,1.26380116247034,85
"10727","Kenai-Sockeye","Sockeye",1993,1690264,997730,NA,NA,NA,NA,NA,NA,NA,NA,NA,0,14950,0,NA,0,289049,816428,12463,NA,7055,196881,330626,6306,NA,1642,14864,0,NA,NA,NA,NA,NA,0.527157310108428,85
"10728","Kenai-Sockeye","Sockeye",1994,3053461,1309695,NA,NA,NA,NA,NA,NA,NA,NA,NA,0,0,0,NA,1762,484193,1727679,17644,NA,77318,439434,291755,0,NA,1822,9532,2322,NA,NA,NA,NA,NA,0.846481415693132,85
"10729","Kenai-Sockeye","Sockeye",1995,1900509,776881,NA,NA,NA,NA,NA,NA,NA,NA,NA,0,8637,0,NA,3402,429237,1039520,15062,NA,16262,154550,230962,2266,NA,0,0,610,NA,NA,NA,NA,NA,0.894589838528634,85
"10730","Kenai-Sockeye","Sockeye",1996,2262667,963125,NA,NA,NA,NA,NA,NA,NA,NA,NA,0,13177,0,NA,0,254848,1533117,25387,NA,26314,158035,246833,2402,NA,0,2554,0,NA,NA,NA,NA,NA,0.854116278930414,85
"10731","Kenai-Sockeye","Sockeye",1997,3627321,1365746,NA,NA,NA,NA,NA,NA,NA,NA,NA,0,0,0,NA,1765,230482,2142070,16829,NA,16857,327237,873782,10985,NA,1220,0,6095,NA,NA,NA,NA,NA,0.976793559783872,85
"10732","Kenai-Sockeye","Sockeye",1998,4466351,929090,NA,NA,NA,NA,NA,NA,NA,NA,NA,0,3017,0,NA,3740,702252,2711407,30292,NA,12437,314379,677643,3477,NA,1356,6352,0,NA,NA,NA,NA,NA,1.57012141064648,85
"10733","Kenai-Sockeye","Sockeye",1999,5756040,949276,NA,NA,NA,NA,NA,NA,NA,NA,NA,1833,11713,0,NA,0,499505,3958012,18160,NA,4233,426787,807764,10770,NA,0,14996,2267,NA,NA,NA,NA,NA,1.80230542847186,85
"10734","Kenai-Sockeye","Sockeye",2000,7052657,696899,NA,NA,NA,NA,NA,NA,NA,NA,NA,4396,19641,0,NA,634,562922,4988691,66888,NA,7454,123758,1247623,23713,NA,0,2267,4671,NA,NA,NA,NA,NA,2.31451921072038,85
"10735","Kenai-Sockeye","Sockeye",2001,1691128,738229,NA,NA,NA,NA,NA,NA,NA,NA,NA,0,12693,0,NA,0,133865,1096842,52096,NA,4838,103449,279161,3513,NA,0,4671,0,NA,NA,NA,NA,NA,0.828896966318031,85
"10736","Kenai-Sockeye","Sockeye",2002,3617275,1126642,NA,NA,NA,NA,NA,NA,NA,NA,NA,1906,13037,0,NA,38,280304,2830770,94863,NA,10770,156287,225894,3406,NA,0,0,0,NA,NA,NA,NA,NA,1.16647945284281,85
"10737","Kenai-Sockeye","Sockeye",2003,1908809,1402340,NA,NA,NA,NA,NA,NA,NA,NA,NA,0,4671,0,NA,0,213053,1257606,20925,NA,23713,149425,236011,0,NA,0,3406,0,NA,NA,NA,NA,NA,0.308337217444157,85
"10738","Kenai-Sockeye","Sockeye",2004,3229758,1690547,NA,NA,NA,NA,NA,NA,NA,NA,NA,0,7234,0,NA,0,313523,1766919,8215,NA,14674,239417,852202,7967,NA,0,4286,15321,NA,NA,NA,NA,NA,0.647355066622466,85
"10739","Kenai-Sockeye","Sockeye",2005,4730093,1654003,NA,NA,NA,NA,NA,NA,NA,NA,NA,0,3406,0,NA,0,149149,1587252,23288,NA,3406,167154,2796436,0,NA,0,0,0,NA,NA,NA,NA,NA,1.05074645365955,85
"10740","Kenai-Sockeye","Sockeye",2006,4928582,1892090,NA,NA,NA,NA,NA,NA,NA,NA,NA,0,4286,0,NA,7056,835415,2386440,78935,NA,100364,333391,1161804,20893,NA,0,0,0,NA,NA,NA,NA,NA,0.957369281698546,85
"10741","Kenai-Sockeye","Sockeye",2007,4331112,964261,NA,NA,NA,NA,NA,NA,NA,NA,NA,4286,0,0,NA,8215,487829,2132179,20893,NA,69865,733099,870663,0,NA,0,0,4082,NA,NA,NA,NA,NA,1.50221759610558,85
"10742","Kenai-Sockeye","Sockeye",2008,3377348,708833,NA,NA,NA,NA,NA,NA,NA,NA,NA,0,0,0,NA,7967,586574,1973672,0,NA,11344,259722,538069,0,NA,0,0,0,NA,NA,NA,NA,NA,1.56122610935152,85
"10743","Kenai-Sockeye","Sockeye",2009,3964469,848117,NA,NA,NA,NA,NA,NA,NA,NA,NA,0,0,0,NA,22688,435512,2166785,20995,NA,14049,215122,1082101,7217,NA,0,0,0,NA,NA,NA,NA,NA,1.54210860531194,85
"10744","Kenai-Sockeye","Sockeye",2010,3676201,1038323,NA,NA,NA,NA,NA,NA,NA,NA,NA,0,14461,0,NA,6844,315514,2009131,17006,NA,16989,208301,1059388,27149,NA,0,0,1417,NA,NA,NA,NA,NA,1.26427297032163,85
"10745","Kenai-Sockeye","Sockeye",2011,4141584,1280733,NA,NA,NA,NA,NA,NA,NA,NA,NA,36,0,0,NA,7925,534467,2087270,52721,NA,17440,135923,1292976,7689,NA,0,4314,823,NA,NA,NA,NA,NA,1.17364575308033,85
"10746","Kenai-Sockeye","Sockeye",2012,1604608,1212923,NA,NA,NA,NA,NA,NA,NA,NA,NA,31,0,0,NA,111,178759,1239740,24607,NA,5334,87687,68339,0,NA,0,0,0,NA,NA,NA,NA,NA,0.279846341021903,85
"10747","Kenai-Sockeye","Sockeye",2013,1196598,980208,NA,NA,NA,NA,NA,NA,NA,NA,NA,0,2209,0,NA,964,183311,635930,5284,NA,5465,201580,160618,1237,NA,0,0,0,NA,NA,NA,NA,NA,0.199473015510413,85
"10748","Kenai-Sockeye","Sockeye",2014,4021778,1218342,NA,NA,NA,NA,NA,NA,NA,NA,NA,1728,0,0,NA,2419,692016,3119219,29973,NA,29596,91262,54677,888,NA,0,0,0,NA,NA,NA,NA,NA,1.19423317535597,85
"10749","Kenai-Sockeye","Sockeye",2015,3002571,1325673,NA,NA,NA,NA,NA,NA,NA,NA,NA,945,0,0,NA,1808,248012,2058266,19963,NA,7294,74031,582753,9500,NA,0,0,0,NA,NA,NA,NA,NA,0.817548666636796,85
"10750","Kenai-Sockeye","Sockeye",2016,3634023,1058622,NA,NA,NA,NA,NA,NA,NA,NA,NA,0,3052,0,NA,696,318080,2617996,29781,NA,9352,147793,507272,NA,NA,0,0,NA,NA,NA,NA,NA,NA,1.23337223667695,85
"10751","Goodnews-Sockeye","Sockeye",1981,71552,46441,NA,NA,NA,NA,NA,NA,NA,NA,NA,0,0,0,NA,0,7201,63081,1133,NA,NA,119,0,17,NA,NA,0,0,0,NA,NA,NA,NA,0.432241768333656,86
"10752","Goodnews-Sockeye","Sockeye",1982,44646,50232,NA,NA,NA,NA,NA,NA,NA,NA,NA,0,0,0,NA,0,4056,39363,1101,NA,NA,0,125,0,NA,NA,0,0,0,NA,NA,NA,NA,-0.117887556168629,86
"10753","Goodnews-Sockeye","Sockeye",1983,34424,25008,NA,NA,NA,NA,NA,NA,NA,NA,NA,0,0,114,NA,0,3962,27908,542,NA,NA,159,1739,0,NA,NA,0,0,0,NA,NA,NA,NA,0.319558221857178,86
"10754","Goodnews-Sockeye","Sockeye",1984,32857,30363,NA,NA,NA,NA,NA,NA,NA,NA,NA,0,508,28,NA,0,2213,25588,784,NA,NA,576,3162,0,NA,NA,0,0,0,NA,NA,NA,NA,0.0789400501574694,86
"10755","Goodnews-Sockeye","Sockeye",1985,32579,24131,NA,NA,NA,NA,NA,NA,NA,NA,NA,17,0,84,NA,0,1898,24362,1025,NA,NA,2411,2633,149,NA,NA,0,0,0,NA,NA,NA,NA,0.300170588059352,86
"10756","Goodnews-Sockeye","Sockeye",1986,67404,50181,NA,NA,NA,NA,NA,NA,NA,NA,NA,0,4212,331,NA,0,10447,48662,1564,NA,NA,1309,697,183,NA,NA,0,0,0,NA,NA,NA,NA,0.295067894340315,86
"10757","Goodnews-Sockeye","Sockeye",1987,30405,28335,NA,NA,NA,NA,NA,NA,NA,NA,NA,1593,1613,260,NA,1062,3477,17892,1297,NA,NA,322,2857,32,NA,NA,0,0,0,NA,NA,NA,NA,0.0705092789504905,86
"10758","Goodnews-Sockeye","Sockeye",1988,51015,15172,NA,NA,NA,NA,NA,NA,NA,NA,NA,468,1690,265,NA,0,10320,31033,4133,NA,NA,930,2176,0,NA,NA,0,0,0,NA,NA,NA,NA,1.21266808330062,86
"10759","Goodnews-Sockeye","Sockeye",1989,98086,21186,NA,NA,NA,NA,NA,NA,NA,NA,NA,1087,3031,64,NA,111,12051,76087,1621,NA,NA,926,3066,0,NA,NA,0,43,0,NA,NA,NA,NA,1.5325040586939,86
"10760","Goodnews-Sockeye","Sockeye",1990,52289,31232,NA,NA,NA,NA,NA,NA,NA,NA,NA,202,3446,51,NA,74,1649,41286,545,NA,NA,2413,2397,226,NA,NA,0,0,0,NA,NA,NA,NA,0.515342813670979,86
"10761","Goodnews-Sockeye","Sockeye",1991,59112,40805,NA,NA,NA,NA,NA,NA,NA,NA,NA,0,127,0,NA,0,6377,45343,1862,NA,NA,327,5010,22,NA,NA,0,43,0,NA,NA,NA,NA,0.37062932656514,86
"10762","Goodnews-Sockeye","Sockeye",1992,40993,15483,NA,NA,NA,NA,NA,NA,NA,NA,NA,0,2047,447,NA,0,1805,29943,436,NA,NA,1294,4871,149,NA,NA,0,0,0,NA,NA,NA,NA,0.973658672585974,86
"10763","Goodnews-Sockeye","Sockeye",1993,56425,24524,NA,NA,NA,NA,NA,NA,NA,NA,NA,43,849,22,NA,0,9182,39139,1226,NA,NA,2809,3156,0,NA,NA,0,0,0,NA,NA,NA,NA,0.833260092803158,86
"10764","Goodnews-Sockeye","Sockeye",1994,60691,56453,NA,NA,NA,NA,NA,NA,NA,NA,NA,128,1544,100,NA,0,9166,46234,523,NA,NA,1234,1763,0,NA,NA,0,0,0,NA,NA,NA,NA,0.0723869833320111,86
"10765","Goodnews-Sockeye","Sockeye",1995,62988,37782,NA,NA,NA,NA,NA,NA,NA,NA,NA,0,738,0,NA,0,7778,48468,2285,NA,NA,1417,2228,52,NA,NA,0,21,0,NA,NA,NA,NA,0.511111433323502,86
"10766","Goodnews-Sockeye","Sockeye",1996,32882,38343,NA,NA,NA,NA,NA,NA,NA,NA,NA,0,679,0,NA,0,2062,27659,852,NA,NA,126,1504,0,NA,NA,0,0,0,NA,NA,NA,NA,-0.153646586229002,86
"10767","Goodnews-Sockeye","Sockeye",1997,14167,34137,NA,NA,NA,NA,NA,NA,NA,NA,NA,0,238,42,NA,0,710,7584,799,NA,NA,2080,2714,0,NA,NA,0,0,0,NA,NA,NA,NA,-0.879466523645767,86
"10768","Goodnews-Sockeye","Sockeye",1998,58971,36377,NA,NA,NA,NA,NA,NA,NA,NA,NA,0,201,0,NA,0,12173,40787,3164,NA,NA,440,2206,0,NA,NA,0,0,0,NA,NA,NA,NA,0.483109090845745,86
"10769","Goodnews-Sockeye","Sockeye",1999,49371,49757,NA,NA,NA,NA,NA,NA,NA,NA,NA,0,253,0,NA,0,4019,36605,1382,NA,NA,2297,4815,0,NA,NA,0,0,0,NA,NA,NA,NA,-0.0077879499430228,86
"10770","Goodnews-Sockeye","Sockeye",2000,133439,37358,NA,NA,NA,NA,NA,NA,NA,NA,NA,0,744,0,NA,0,19241,99140,4888,NA,NA,3652,5774,0,NA,NA,0,0,0,NA,NA,NA,NA,1.27309736584045,86
"10771","Goodnews-Sockeye","Sockeye",2001,126219,21008,NA,NA,NA,NA,NA,NA,NA,NA,NA,0,173,0,NA,0,17544,99768,2958,NA,NA,887,4889,0,NA,NA,0,0,0,NA,NA,NA,NA,1.79311517588957,86
"10772","Goodnews-Sockeye","Sockeye",2002,100817,21127,NA,NA,NA,NA,NA,NA,NA,NA,NA,0,4228,296,NA,0,24885,66454,1655,NA,NA,1594,1705,0,NA,NA,0,0,0,NA,NA,NA,NA,1.56275514889288,86
"10773","Goodnews-Sockeye","Sockeye",2003,62001,37882,NA,NA,NA,NA,NA,NA,NA,NA,NA,0,6860,100,NA,0,11083,39467,1084,NA,NA,501,2904,0,NA,NA,0,0,0,NA,NA,NA,NA,0.492674448712728,86
"10774","Goodnews-Sockeye","Sockeye",2004,35575,53131,NA,NA,NA,NA,NA,NA,NA,NA,NA,445,2156,199,NA,0,4513,24171,1420,NA,NA,1019,1611,40,NA,NA,0,0,0,NA,NA,NA,NA,-0.401117418067761,86
"10775","Goodnews-Sockeye","Sockeye",2005,62404,115167,NA,NA,NA,NA,NA,NA,NA,NA,NA,0,1724,216,NA,0,10450,47598,991,NA,NA,530,751,0,NA,NA,0,95,48,NA,NA,NA,NA,-0.612753873006429,86
"10776","Goodnews-Sockeye","Sockeye",2006,41059,126734,NA,NA,NA,NA,NA,NA,NA,NA,NA,15,1177,136,NA,0,4304,25850,1170,NA,NA,484,5408,722,NA,NA,121,1670,0,NA,NA,NA,NA,-1.12708034507046,86
"10777","Goodnews-Sockeye","Sockeye",2007,58867,74111,NA,NA,NA,NA,NA,NA,NA,NA,NA,0,989,71,NA,0,2887,40157,1769,NA,NA,2579,10281,72,NA,NA,0,61,0,NA,NA,NA,NA,-0.230283307328031,86
"10778","Goodnews-Sockeye","Sockeye",2008,27551,41228,NA,NA,NA,NA,NA,NA,NA,NA,NA,36,622,24,NA,0,3866,17675,1811,NA,NA,926,2551,0,NA,NA,41,0,0,NA,NA,NA,NA,-0.403078804593713,86
"10779","Goodnews-Sockeye","Sockeye",2009,43720,26197,NA,NA,NA,NA,NA,NA,NA,NA,NA,0,826,213,NA,0,2044,36794,754,NA,NA,2104,985,0,NA,NA,0,0,0,NA,NA,NA,NA,0.512160762914143,86
"10780","Goodnews-Sockeye","Sockeye",2010,71094,37273,NA,NA,NA,NA,NA,NA,NA,NA,NA,24,285,32,NA,0,7652,55379,2374,NA,NA,770,4578,0,NA,NA,0,0,0,NA,NA,NA,NA,0.645733741116274,86
"10781","Goodnews-Sockeye","Sockeye",2011,121417,20188,NA,NA,NA,NA,NA,NA,NA,NA,NA,0,1052,0,NA,30,6530,100879,2002,NA,NA,4917,6007,0,NA,NA,0,0,0,NA,NA,NA,NA,1.79414253329261,86
"10782","Goodnews-Sockeye","Sockeye",2012,199883,30352,NA,NA,NA,NA,NA,NA,NA,NA,NA,0,848,0,NA,0,55950,143086,0,NA,NA,0,0,0,NA,NA,0,0,0,NA,NA,NA,NA,1.88486978217612,86
"10783","Goodnews-Sockeye","Sockeye",2013,39885,24117,NA,NA,NA,NA,NA,NA,NA,NA,NA,0,1638,0,NA,0,27671,0,651,NA,NA,0,9925,0,NA,NA,0,0,0,NA,NA,NA,NA,0.503083327349159,86
"10784","Goodnews-Sockeye","Sockeye",2014,143608,41473,NA,NA,NA,NA,NA,NA,NA,NA,NA,910,0,0,NA,0,0,141233,0,NA,NA,1464,0,0,NA,NA,0,0,0,NA,NA,NA,NA,1.24204475227534,86
"10785","Goodnews-Sockeye","Sockeye",2015,9112,54757,NA,NA,NA,NA,NA,NA,NA,NA,NA,0,4881,0,NA,0,4230,0,0,NA,NA,0,0,0,NA,NA,0,0,0,NA,NA,NA,NA,-1.7933129882604,86
"10786","Redoubt-Sockeye","Sockeye",1982,6876,456,NA,NA,75,1808,4632,340,21,0,NA,NA,NA,NA,NA,NA,NA,NA,NA,NA,NA,NA,NA,NA,NA,NA,NA,NA,NA,NA,NA,NA,NA,2.71329955698835,87
"10787","Redoubt-Sockeye","Sockeye",1983,12869,2540,NA,NA,69,5964,2786,4029,0,22,NA,NA,NA,NA,NA,NA,NA,NA,NA,NA,NA,NA,NA,NA,NA,NA,NA,NA,NA,NA,NA,NA,NA,1.62265723748108,87
"10788","Redoubt-Sockeye","Sockeye",1984,50161,11579,NA,NA,94,466,27275,21093,1233,0,NA,NA,NA,NA,NA,NA,NA,NA,NA,NA,NA,NA,NA,NA,NA,NA,NA,NA,NA,NA,NA,NA,NA,1.46604471969995,87
"10789","Redoubt-Sockeye","Sockeye",1985,96230,10991,NA,NA,0,2781,53426,39819,204,0,NA,NA,NA,NA,NA,NA,NA,NA,NA,NA,NA,NA,NA,NA,NA,NA,NA,NA,NA,NA,NA,NA,NA,2.16966440328155,87
"10790","Redoubt-Sockeye","Sockeye",1986,10927,9798,NA,NA,151,4224,3242,3043,267,0,NA,NA,NA,NA,NA,NA,NA,NA,NA,NA,NA,NA,NA,NA,NA,NA,NA,NA,NA,NA,NA,NA,NA,0.109058507372225,87
"10791","Redoubt-Sockeye","Sockeye",1987,14283,14251,NA,NA,466,4200,4702,4167,747,0,NA,NA,NA,NA,NA,NA,NA,NA,NA,NA,NA,NA,NA,NA,NA,NA,NA,NA,NA,NA,NA,NA,NA,0.00224293918941626,87
"10792","Redoubt-Sockeye","Sockeye",1988,32707,3252,NA,NA,101,1738,14104,16657,106,0,NA,NA,NA,NA,NA,NA,NA,NA,NA,NA,NA,NA,NA,NA,NA,NA,NA,NA,NA,NA,NA,NA,NA,2.3083189305868,87
"10793","Redoubt-Sockeye","Sockeye",1989,27682,31570,NA,NA,739,9354,15480,2093,16,0,NA,NA,NA,NA,NA,NA,NA,NA,NA,NA,NA,NA,NA,NA,NA,NA,NA,NA,NA,NA,NA,NA,NA,-0.13142492009539,87
"10794","Redoubt-Sockeye","Sockeye",1990,45395,73181,NA,NA,269,12609,29425,3092,0,0,NA,NA,NA,NA,NA,NA,NA,NA,NA,NA,NA,NA,NA,NA,NA,NA,NA,NA,NA,NA,NA,NA,NA,-0.477533857609751,87
"10795","Redoubt-Sockeye","Sockeye",1991,36354,45510,NA,NA,384,5501,14938,15308,223,0,NA,NA,NA,NA,NA,NA,NA,NA,NA,NA,NA,NA,NA,NA,NA,NA,NA,NA,NA,NA,NA,NA,NA,-0.224627842837644,87
"10796","Redoubt-Sockeye","Sockeye",1992,35765,10326,NA,NA,3174,6261,17398,8931,0,0,NA,NA,NA,NA,NA,NA,NA,NA,NA,NA,NA,NA,NA,NA,NA,NA,NA,NA,NA,NA,NA,NA,NA,1.24230477510289,87
"10797","Redoubt-Sockeye","Sockeye",1993,41747,25018,NA,NA,585,4627,25946,10589,0,0,NA,NA,NA,NA,NA,NA,NA,NA,NA,NA,NA,NA,NA,NA,NA,NA,NA,NA,NA,NA,NA,NA,NA,0.512032026635103,87
"10798","Redoubt-Sockeye","Sockeye",1994,72288,39710,NA,NA,821,12567,58664,236,0,0,NA,NA,NA,NA,NA,NA,NA,NA,NA,NA,NA,NA,NA,NA,NA,NA,NA,NA,NA,NA,NA,NA,NA,0.599055095142433,87
"10799","Redoubt-Sockeye","Sockeye",1995,5105,34798,NA,NA,1421,1064,2480,102,37,0,NA,NA,NA,NA,NA,NA,NA,NA,NA,NA,NA,NA,NA,NA,NA,NA,NA,NA,NA,NA,NA,NA,NA,-1.9193394622479,87
"10800","Redoubt-Sockeye","Sockeye",1996,7510,19209,NA,NA,131,1045,3576,2676,82,0,NA,NA,NA,NA,NA,NA,NA,NA,NA,NA,NA,NA,NA,NA,NA,NA,NA,NA,NA,NA,NA,NA,NA,-0.939143453428732,87
"10801","Redoubt-Sockeye","Sockeye",1997,27240,28898,NA,NA,80,1306,13166,12688,0,0,NA,NA,NA,NA,NA,NA,NA,NA,NA,NA,NA,NA,NA,NA,NA,NA,NA,NA,NA,NA,NA,NA,NA,-0.0590859072901078,87
"10802","Redoubt-Sockeye","Sockeye",1998,81556,40156,NA,NA,137,10750,64752,5854,62,0,NA,NA,NA,NA,NA,NA,NA,NA,NA,NA,NA,NA,NA,NA,NA,NA,NA,NA,NA,NA,NA,NA,NA,0.708518032025448,87
"10803","Redoubt-Sockeye","Sockeye",1999,62222,57754,NA,NA,45,4374,51588,6216,0,0,NA,NA,NA,NA,NA,NA,NA,NA,NA,NA,NA,NA,NA,NA,NA,NA,NA,NA,NA,NA,NA,NA,NA,0.0745160238855044,87
"10804","Redoubt-Sockeye","Sockeye",2000,91230,3032,NA,NA,35,31910,46729,12377,179,0,NA,NA,NA,NA,NA,NA,NA,NA,NA,NA,NA,NA,NA,NA,NA,NA,NA,NA,NA,NA,NA,NA,NA,3.40416132257726,87
"10805","Redoubt-Sockeye","Sockeye",2001,75082,3667,NA,NA,849,18634,44609,10940,51,0,NA,NA,NA,NA,NA,NA,NA,NA,NA,NA,NA,NA,NA,NA,NA,NA,NA,NA,NA,NA,NA,NA,NA,3.01920696052686,87
"10806","Redoubt-Sockeye","Sockeye",2002,142840,23988,NA,NA,1308,72200,66894,2439,0,0,NA,NA,NA,NA,NA,NA,NA,NA,NA,NA,NA,NA,NA,NA,NA,NA,NA,NA,NA,NA,NA,NA,NA,1.78417141741998,87
"10807","Redoubt-Sockeye","Sockeye",2003,12325,69893,NA,NA,0,4663,7240,423,0,0,NA,NA,NA,NA,NA,NA,NA,NA,NA,NA,NA,NA,NA,NA,NA,NA,NA,NA,NA,NA,NA,NA,NA,-1.73533578123484,87
"10808","Redoubt-Sockeye","Sockeye",2004,17272,77263,NA,NA,0,1772,11999,3500,0,0,NA,NA,NA,NA,NA,NA,NA,NA,NA,NA,NA,NA,NA,NA,NA,NA,NA,NA,NA,NA,NA,NA,NA,-1.4981284931967,87
"10809","Redoubt-Sockeye","Sockeye",2005,10179,65653,NA,NA,22,1633,4834,3690,0,0,NA,NA,NA,NA,NA,NA,NA,NA,NA,NA,NA,NA,NA,NA,NA,NA,NA,NA,NA,NA,NA,NA,NA,-1.86405652211191,87
"10810","Redoubt-Sockeye","Sockeye",2006,30284,103953,NA,NA,554,11850,15867,2013,0,0,NA,NA,NA,NA,NA,NA,NA,NA,NA,NA,NA,NA,NA,NA,NA,NA,NA,NA,NA,NA,NA,NA,NA,-1.23331935367538,87
"10811","Redoubt-Sockeye","Sockeye",2007,30387,66938,NA,NA,0,3381,17361,9543,102,0,NA,NA,NA,NA,NA,NA,NA,NA,NA,NA,NA,NA,NA,NA,NA,NA,NA,NA,NA,NA,NA,NA,NA,-0.789751932461829,87
"10812","Redoubt-Sockeye","Sockeye",2008,68784,10064,NA,NA,2438,24415,36650,5281,0,0,NA,NA,NA,NA,NA,NA,NA,NA,NA,NA,NA,NA,NA,NA,NA,NA,NA,NA,NA,NA,NA,NA,NA,1.92200645979584,87
"10813","Redoubt-Sockeye","Sockeye",2009,24896,12569,NA,NA,3542,10173,10969,211,0,0,NA,NA,NA,NA,NA,NA,NA,NA,NA,NA,NA,NA,NA,NA,NA,NA,NA,NA,NA,NA,NA,NA,NA,0.683473683053281,87
"10814","Redoubt-Sockeye","Sockeye",2010,18547,17156,NA,NA,1623,6463,9719,742,0,0,NA,NA,NA,NA,NA,NA,NA,NA,NA,NA,NA,NA,NA,NA,NA,NA,NA,NA,NA,NA,NA,NA,NA,0.0779600842525159,87
"10815","Redoubt-Sockeye","Sockeye",2011,26883,22720,NA,NA,2837,7053,9805,7189,0,0,NA,NA,NA,NA,NA,NA,NA,NA,NA,NA,NA,NA,NA,NA,NA,NA,NA,NA,NA,NA,NA,NA,NA,0.168248522717242,87
"10816","Redoubt-Sockeye","Sockeye",2012,42473,40944,NA,NA,1538,15684,23916,1335,0,0,NA,NA,NA,NA,NA,NA,NA,NA,NA,NA,NA,NA,NA,NA,NA,NA,NA,NA,NA,NA,NA,NA,NA,0.0366633005104745,87
"10817","Redoubt-Sockeye","Sockeye",2013,23052,49124,NA,NA,624,5306,14493,2548,81,0,NA,NA,NA,NA,NA,NA,NA,NA,NA,NA,NA,NA,NA,NA,NA,NA,NA,NA,NA,NA,NA,NA,NA,-0.756595180173718,87
"10818","Redoubt-Sockeye","Sockeye",2014,218433,19936,NA,NA,26654,89057,100863,1859,0,0,NA,NA,NA,NA,NA,NA,NA,NA,NA,NA,NA,NA,NA,NA,NA,NA,NA,NA,NA,NA,NA,NA,NA,2.39395218875252,87
"10819","Redoubt-Sockeye","Sockeye",2015,26962,13983,NA,NA,3209,7863,14789,1102,0,NA,NA,NA,NA,NA,NA,NA,NA,NA,NA,NA,NA,NA,NA,NA,NA,NA,NA,NA,NA,NA,NA,NA,NA,0.656586161210159,87
"10820","Redoubt-Sockeye","Sockeye",2016,30478,22774,NA,NA,2834,8411,17144,2089,NA,NA,NA,NA,NA,NA,NA,NA,NA,NA,NA,NA,NA,NA,NA,NA,NA,NA,NA,NA,NA,NA,NA,NA,NA,0.291385577479256,87
"10821","Chilkoot-Sockeye","Sockeye",1976,123362,71291,NA,0,0,9188,102489,14612,46,NA,NA,NA,NA,NA,NA,NA,NA,NA,NA,NA,NA,NA,NA,NA,NA,NA,NA,NA,NA,NA,NA,NA,NA,0.54835303015041,88
"10822","Chilkoot-Sockeye","Sockeye",1977,292305,97368,NA,0,0,9657,204560,79890,162,NA,NA,NA,NA,NA,NA,NA,NA,NA,NA,NA,NA,NA,NA,NA,NA,NA,NA,NA,NA,NA,NA,NA,NA,1.09930016311195,88
"10823","Chilkoot-Sockeye","Sockeye",1978,279209,35454,NA,0,24,30149,226272,23427,403,NA,NA,NA,NA,NA,NA,NA,NA,NA,NA,NA,NA,NA,NA,NA,NA,NA,NA,NA,NA,NA,NA,NA,NA,2.06372452373411,88
"10824","Chilkoot-Sockeye","Sockeye",1979,350528,96122,NA,0,0,17145,293893,36350,524,NA,NA,NA,NA,NA,NA,NA,NA,NA,NA,NA,NA,NA,NA,NA,NA,NA,NA,NA,NA,NA,NA,NA,NA,1.29382237118528,88
"10825","Chilkoot-Sockeye","Sockeye",1980,213768,98673,NA,66,84,9932,171712,31372,602,NA,NA,NA,NA,NA,NA,NA,NA,NA,NA,NA,NA,NA,NA,NA,NA,NA,NA,NA,NA,NA,NA,NA,NA,0.773079962012576,88
"10826","Chilkoot-Sockeye","Sockeye",1981,276356,84047,NA,0,0,16244,152078,107304,730,NA,NA,NA,NA,NA,NA,NA,NA,NA,NA,NA,NA,NA,NA,NA,NA,NA,NA,NA,NA,NA,NA,NA,NA,1.19031372346343,88
"10827","Chilkoot-Sockeye","Sockeye",1982,348958,103038,NA,0,120,18762,289299,38009,2767,NA,NA,NA,NA,NA,NA,NA,NA,NA,NA,NA,NA,NA,NA,NA,NA,NA,NA,NA,NA,NA,NA,NA,NA,1.2198537188912,88
"10828","Chilkoot-Sockeye","Sockeye",1983,421515,80141,NA,0,43,27235,270483,122024,1731,NA,NA,NA,NA,NA,NA,NA,NA,NA,NA,NA,NA,NA,NA,NA,NA,NA,NA,NA,NA,NA,NA,NA,NA,1.66006778070395,88
"10829","Chilkoot-Sockeye","Sockeye",1984,353233,100781,NA,0,27,22005,213098,117560,542,NA,NA,NA,NA,NA,NA,NA,NA,NA,NA,NA,NA,NA,NA,NA,NA,NA,NA,NA,NA,NA,NA,NA,NA,1.25417805004202,88
"10830","Chilkoot-Sockeye","Sockeye",1985,229111,69141,NA,0,0,12733,133183,82338,857,NA,NA,NA,NA,NA,NA,NA,NA,NA,NA,NA,NA,NA,NA,NA,NA,NA,NA,NA,NA,NA,NA,NA,NA,1.19805870447805,88
"10831","Chilkoot-Sockeye","Sockeye",1986,296514,88024,NA,0,63,9818,218053,68082,497,NA,NA,NA,NA,NA,NA,NA,NA,NA,NA,NA,NA,NA,NA,NA,NA,NA,NA,NA,NA,NA,NA,NA,NA,1.2144849302934,88
"10832","Chilkoot-Sockeye","Sockeye",1987,234011,94208,NA,0,78,25028,151180,57630,96,NA,NA,NA,NA,NA,NA,NA,NA,NA,NA,NA,NA,NA,NA,NA,NA,NA,NA,NA,NA,NA,NA,NA,NA,0.909863019133487,88
"10833","Chilkoot-Sockeye","Sockeye",1988,68424,81274,NA,0,19,4557,46318,17465,65,NA,NA,NA,NA,NA,NA,NA,NA,NA,NA,NA,NA,NA,NA,NA,NA,NA,NA,NA,NA,NA,NA,NA,NA,-0.172102521929304,88
"10834","Chilkoot-Sockeye","Sockeye",1989,52076,54900,NA,0,0,2712,45714,3651,0,NA,NA,NA,NA,NA,NA,NA,NA,NA,NA,NA,NA,NA,NA,NA,NA,NA,NA,NA,NA,NA,NA,NA,NA,-0.0528091584803343,88
"10835","Chilkoot-Sockeye","Sockeye",1990,13499,76119,NA,0,0,1062,7117,5311,8,NA,NA,NA,NA,NA,NA,NA,NA,NA,NA,NA,NA,NA,NA,NA,NA,NA,NA,NA,NA,NA,NA,NA,NA,-1.7296822965631,88
"10836","Chilkoot-Sockeye","Sockeye",1991,75513,92375,NA,0,25,6565,62890,6007,26,NA,NA,NA,NA,NA,NA,NA,NA,NA,NA,NA,NA,NA,NA,NA,NA,NA,NA,NA,NA,NA,NA,NA,NA,-0.201551552405133,88
"10837","Chilkoot-Sockeye","Sockeye",1992,79777,77601,NA,0,0,5208,70237,4298,34,NA,NA,NA,NA,NA,NA,NA,NA,NA,NA,NA,NA,NA,NA,NA,NA,NA,NA,NA,NA,NA,NA,NA,NA,0.0276549286567792,88
"10838","Chilkoot-Sockeye","Sockeye",1993,16529,52080,NA,0,0,2081,10211,4221,15,NA,NA,NA,NA,NA,NA,NA,NA,NA,NA,NA,NA,NA,NA,NA,NA,NA,NA,NA,NA,NA,NA,NA,NA,-1.1476645839651,88
"10839","Chilkoot-Sockeye","Sockeye",1994,25819,37007,NA,0,0,783,12986,12050,0,NA,NA,NA,NA,NA,NA,NA,NA,NA,NA,NA,NA,NA,NA,NA,NA,NA,NA,NA,NA,NA,NA,NA,NA,-0.359996428937837,88
"10840","Chilkoot-Sockeye","Sockeye",1995,51314,7177,NA,0,0,6789,37549,6976,0,NA,NA,NA,NA,NA,NA,NA,NA,NA,NA,NA,NA,NA,NA,NA,NA,NA,NA,NA,NA,NA,NA,NA,NA,1.96708215098056,88
"10841","Chilkoot-Sockeye","Sockeye",1996,145983,50741,NA,15,0,9175,134247,2514,33,NA,NA,NA,NA,NA,NA,NA,NA,NA,NA,NA,NA,NA,NA,NA,NA,NA,NA,NA,NA,NA,NA,NA,NA,1.05675591427886,88
"10842","Chilkoot-Sockeye","Sockeye",1997,90782,44254,NA,0,24,5258,76841,8659,0,NA,NA,NA,NA,NA,NA,NA,NA,NA,NA,NA,NA,NA,NA,NA,NA,NA,NA,NA,NA,NA,NA,NA,NA,0.718515265221319,88
"10843","Chilkoot-Sockeye","Sockeye",1998,65635,12335,NA,0,0,5968,49226,10442,0,NA,NA,NA,NA,NA,NA,NA,NA,NA,NA,NA,NA,NA,NA,NA,NA,NA,NA,NA,NA,NA,NA,NA,NA,1.67166834027405,88
"10844","Chilkoot-Sockeye","Sockeye",1999,178314,19284,NA,0,0,53194,115399,9686,34,NA,NA,NA,NA,NA,NA,NA,NA,NA,NA,NA,NA,NA,NA,NA,NA,NA,NA,NA,NA,NA,NA,NA,NA,2.22427030459265,88
"10845","Chilkoot-Sockeye","Sockeye",2000,102280,43555,NA,0,0,20972,58181,23093,35,NA,NA,NA,NA,NA,NA,NA,NA,NA,NA,NA,NA,NA,NA,NA,NA,NA,NA,NA,NA,NA,NA,NA,NA,0.853689643152131,88
"10846","Chilkoot-Sockeye","Sockeye",2001,220508,76283,NA,0,0,14580,180329,25549,49,NA,NA,NA,NA,NA,NA,NA,NA,NA,NA,NA,NA,NA,NA,NA,NA,NA,NA,NA,NA,NA,NA,NA,NA,1.06148386666036,88
"10847","Chilkoot-Sockeye","Sockeye",2002,180285,58361,NA,0,0,14747,162101,3437,0,NA,NA,NA,NA,NA,NA,NA,NA,NA,NA,NA,NA,NA,NA,NA,NA,NA,NA,NA,NA,NA,NA,NA,NA,1.12789107354109,88
"10848","Chilkoot-Sockeye","Sockeye",2003,50731,75065,NA,0,0,13785,35173,1774,0,NA,NA,NA,NA,NA,NA,NA,NA,NA,NA,NA,NA,NA,NA,NA,NA,NA,NA,NA,NA,NA,NA,NA,NA,-0.3918172412781,88
"10849","Chilkoot-Sockeye","Sockeye",2004,52919,77660,NA,0,0,4142,38573,10027,178,NA,NA,NA,NA,NA,NA,NA,NA,NA,NA,NA,NA,NA,NA,NA,NA,NA,NA,NA,NA,NA,NA,NA,NA,-0.383577881682774,88
"10850","Chilkoot-Sockeye","Sockeye",2005,119490,51178,NA,0,0,11037,91104,17338,11,NA,NA,NA,NA,NA,NA,NA,NA,NA,NA,NA,NA,NA,NA,NA,NA,NA,NA,NA,NA,NA,NA,NA,NA,0.847922933658327,88
"10851","Chilkoot-Sockeye","Sockeye",2006,82829,96203,NA,0,0,5408,51259,25893,268,NA,NA,NA,NA,NA,NA,NA,NA,NA,NA,NA,NA,NA,NA,NA,NA,NA,NA,NA,NA,NA,NA,NA,NA,-0.149682300599748,88
"10852","Chilkoot-Sockeye","Sockeye",2007,255800,72678,NA,0,0,26855,216267,12635,42,NA,NA,NA,NA,NA,NA,NA,NA,NA,NA,NA,NA,NA,NA,NA,NA,NA,NA,NA,NA,NA,NA,NA,NA,1.25835716388202,88
"10853","Chilkoot-Sockeye","Sockeye",2008,63919,33117,NA,0,0,4465,42427,17020,7,NA,NA,NA,NA,NA,NA,NA,NA,NA,NA,NA,NA,NA,NA,NA,NA,NA,NA,NA,NA,NA,NA,NA,NA,0.657569911075623,88
"10854","Chilkoot-Sockeye","Sockeye",2009,177711,33705,NA,0,0,16752,151886,9065,9,NA,NA,NA,NA,NA,NA,NA,NA,NA,NA,NA,NA,NA,NA,NA,NA,NA,NA,NA,NA,NA,NA,NA,NA,1.66251244102151,88
"10855","Chilkoot-Sockeye","Sockeye",2010,188902,71657,NA,0,0,50801,111252,26688,161,NA,NA,NA,NA,NA,NA,NA,NA,NA,NA,NA,NA,NA,NA,NA,NA,NA,NA,NA,NA,NA,NA,NA,NA,0.969337515422913,88
"10856","Chilkoot-Sockeye","Sockeye",2011,198896,65915,NA,0,0,12894,181241,4751,10,NA,NA,NA,NA,NA,NA,NA,NA,NA,NA,NA,NA,NA,NA,NA,NA,NA,NA,NA,NA,NA,NA,NA,NA,1.10441604183943,88
"10857","Chilkoot-Sockeye","Sockeye",2012,43043,118166,NA,0,0,3830,32684,6529,0,NA,NA,NA,NA,NA,NA,NA,NA,NA,NA,NA,NA,NA,NA,NA,NA,NA,NA,NA,NA,NA,NA,NA,NA,-1.00989079951257,88
"10858","Chilkoot-Sockeye","Sockeye",2013,81819,46329,NA,0,5,9654,68621,3539,0,NA,NA,NA,NA,NA,NA,NA,NA,NA,NA,NA,NA,NA,NA,NA,NA,NA,NA,NA,NA,NA,NA,NA,NA,0.568741375566967,88
"10859","Chilkoot-Sockeye","Sockeye",2014,305345,105713,NA,56,0,48709,252286,4293,0,NA,NA,NA,NA,NA,NA,NA,NA,NA,NA,NA,NA,NA,NA,NA,NA,NA,NA,NA,NA,NA,NA,NA,NA,1.06071440997626,88
"10860","Chilkoot-Sockeye","Sockeye",2015,109360,71515,NA,117,128,37881,70545,689,0,NA,NA,NA,NA,NA,NA,NA,NA,NA,NA,NA,NA,NA,NA,NA,NA,NA,NA,NA,NA,NA,NA,NA,NA,0.424737974508831,88
"10861","Chilkoot-Sockeye","Sockeye",2016,138773,86721,NA,0,0,13798,122942,2032,NA,NA,NA,NA,NA,NA,NA,NA,NA,NA,NA,NA,NA,NA,NA,NA,NA,NA,NA,NA,NA,NA,NA,NA,NA,0.470143435664519,88
"10862","Upper Station Late sockeye-Sockeye","Sockeye",1970,157665,36833,NA,NA,NA,NA,NA,NA,NA,NA,0,675,9969,0,NA,12594,81964,9161,0,NA,4431,30644,6171,0,NA,632,1424,0,NA,NA,NA,NA,NA,1.45407834646843,89
"10863","Upper Station Late sockeye-Sockeye","Sockeye",1971,105634,95150,NA,NA,NA,NA,NA,NA,NA,NA,450,5538,632,0,NA,21045,10109,16613,0,NA,1895,40346,8105,0,NA,0,901,0,NA,NA,NA,NA,NA,0.104525695405852,89
"10864","Upper Station Late sockeye-Sockeye","Sockeye",1972,156865,68351,NA,NA,NA,NA,NA,NA,NA,NA,3323,10425,17563,0,NA,11689,39397,8105,0,NA,3797,58539,4027,0,NA,0,0,0,NA,NA,NA,NA,NA,0.830729369193487,89
"10865","Upper Station Late sockeye-Sockeye","Sockeye",1973,112182,67826,NA,NA,NA,NA,NA,NA,NA,NA,1580,1424,1801,0,NA,2373,10807,6041,0,NA,2702,77528,7926,0,NA,0,0,0,NA,NA,NA,NA,NA,0.503176950148863,89
"10866","Upper Station Late sockeye-Sockeye","Sockeye",1974,463909,251234,NA,NA,NA,NA,NA,NA,NA,NA,0,0,0,0,NA,23416,107734,22645,0,NA,1007,294387,7680,0,NA,0,7040,0,NA,NA,NA,NA,NA,0.613303636548936,89
"10867","Upper Station Late sockeye-Sockeye","Sockeye",1975,184060,74456,NA,NA,NA,NA,NA,NA,NA,NA,901,3021,0,0,NA,0,61142,36479,0,NA,1132,76157,5228,0,NA,0,0,0,NA,NA,NA,NA,NA,0.905053444527301,89
"10868","Upper Station Late sockeye-Sockeye","Sockeye",1976,251559,48650,NA,NA,NA,NA,NA,NA,NA,NA,0,10190,36479,0,NA,0,38399,11501,0,NA,2560,141154,10336,0,NA,0,940,0,NA,NA,NA,NA,NA,1.6430257458406,89
"10869","Upper Station Late sockeye-Sockeye","Sockeye",1977,446445,49001,NA,NA,NA,NA,NA,NA,NA,NA,0,640,3137,0,NA,0,52279,66714,0,NA,1046,312897,9732,0,NA,0,0,0,NA,NA,NA,NA,NA,2.20947550637244,89
"10870","Upper Station Late sockeye-Sockeye","Sockeye",1978,614798,38126,NA,NA,NA,NA,NA,NA,NA,NA,0,82601,90205,0,NA,1046,134367,55146,0,NA,4698,217342,26755,0,NA,0,2638,0,NA,NA,NA,NA,NA,2.78039729447693,89
"10871","Upper Station Late sockeye-Sockeye","Sockeye",1979,621765,134579,NA,NA,NA,NA,NA,NA,NA,NA,0,31947,63256,0,NA,0,71366,103020,736,NA,0,339950,10850,0,NA,0,360,280,NA,NA,NA,NA,NA,1.53041082063688,89
"10872","Upper Station Late sockeye-Sockeye","Sockeye",1980,314522,77718,NA,NA,NA,NA,NA,NA,NA,NA,0,124890,56178,0,NA,0,35951,21758,0,NA,2131,55472,16555,0,NA,399,965,223,NA,NA,NA,NA,NA,1.39796713522302,89
"10873","Upper Station Late sockeye-Sockeye","Sockeye",1981,700035,118900,NA,NA,NA,NA,NA,NA,NA,NA,0,1294,17853,1007,NA,0,157249,149158,0,NA,12280,345506,14809,879,NA,0,0,0,NA,NA,NA,NA,NA,1.77284753009671,89
"10874","Upper Station Late sockeye-Sockeye","Sockeye",1982,1675201,306161,NA,NA,NA,NA,NA,NA,NA,NA,0,644017,324600,117,NA,5129,364312,92824,0,NA,5029,231963,5168,0,NA,0,2042,0,NA,NA,NA,NA,NA,1.69957732968163,89
"10875","Upper Station Late sockeye-Sockeye","Sockeye",1983,525000,179741,NA,NA,NA,NA,NA,NA,NA,NA,4867,182514,135177,0,NA,0,23242,53195,0,NA,1682,92799,30036,0,NA,0,0,1488,NA,NA,NA,NA,NA,1.07188133678502,89
"10876","Upper Station Late sockeye-Sockeye","Sockeye",1984,597439,239608,NA,NA,NA,NA,NA,NA,NA,NA,3012,37733,89721,0,NA,528,187451,21543,0,NA,5064,224033,23712,0,NA,0,4642,0,NA,NA,NA,NA,NA,0.913647931878178,89
"10877","Upper Station Late sockeye-Sockeye","Sockeye",1985,1196706,408409,NA,NA,NA,NA,NA,NA,NA,NA,2313,562757,309775,0,NA,1958,34924,40759,578,NA,12374,179839,45289,0,NA,0,6140,0,NA,NA,NA,NA,NA,1.07505893808871,89
"10878","Upper Station Late sockeye-Sockeye","Sockeye",1986,1056851,367922,NA,NA,NA,NA,NA,NA,NA,NA,1449,72415,94380,678,NA,1953,291815,116039,0,NA,5610,451917,17721,6,NA,0,1579,1289,NA,NA,NA,NA,NA,1.05517805175724,89
"10879","Upper Station Late sockeye-Sockeye","Sockeye",1987,360212,156274,NA,NA,NA,NA,NA,NA,NA,NA,0,68016,113821,0,NA,495,12899,17053,225,NA,127,104995,27470,0,NA,0,15072,39,NA,NA,NA,NA,NA,0.835081870190788,89
"10880","Upper Station Late sockeye-Sockeye","Sockeye",1988,271837,247647,NA,NA,NA,NA,NA,NA,NA,NA,0,9222,27793,0,NA,216,76583,71330,133,NA,1000,80102,4037,0,NA,177,1244,0,NA,NA,NA,NA,NA,0.0931982768687616,89
"10881","Upper Station Late sockeye-Sockeye","Sockeye",1989,613023,221706,NA,NA,NA,NA,NA,NA,NA,NA,401,169158,85530,142,NA,1125,83807,53928,0,NA,12864,184067,21693,0,NA,308,0,0,NA,NA,NA,NA,NA,1.01705027576834,89
"10882","Upper Station Late sockeye-Sockeye","Sockeye",1990,473411,198287,NA,NA,NA,NA,NA,NA,NA,NA,1432,56992,115907,444,NA,3904,27747,17591,0,NA,7728,237284,4315,0,NA,0,0,67,NA,NA,NA,NA,NA,0.870248456833578,89
"10883","Upper Station Late sockeye-Sockeye","Sockeye",1991,1084640,242860,NA,NA,NA,NA,NA,NA,NA,NA,6744,51810,163283,160,NA,4858,73541,44507,0,NA,6484,712676,20546,0,NA,31,0,0,NA,NA,NA,NA,NA,1.49651826805698,89
"10884","Upper Station Late sockeye-Sockeye","Sockeye",1992,447599,199067,NA,NA,NA,NA,NA,NA,NA,NA,4913,61018,15733,79,NA,1108,58923,6302,0,NA,12611,279349,7189,26,NA,0,156,192,NA,NA,NA,NA,NA,0.810256290821217,89
"10885","Upper Station Late sockeye-Sockeye","Sockeye",1993,497539,187229,NA,NA,NA,NA,NA,NA,NA,NA,5186,46015,114817,444,NA,5688,35842,10769,278,NA,45256,199820,27883,0,NA,191,5350,0,NA,NA,NA,NA,NA,0.977341478910568,89
"10886","Upper Station Late sockeye-Sockeye","Sockeye",1994,475125,221675,NA,NA,NA,NA,NA,NA,NA,NA,1417,10206,23167,44,NA,6322,90488,25603,0,NA,17439,293322,6069,0,NA,80,968,0,NA,NA,NA,NA,NA,0.762365582043342,89
"10887","Upper Station Late sockeye-Sockeye","Sockeye",1995,493960,203659,NA,NA,NA,NA,NA,NA,NA,NA,233,3020,3349,0,NA,3340,179562,13017,254,NA,24492,251855,14264,20,NA,0,307,247,NA,NA,NA,NA,NA,0.886007515662515,89
"10888","Upper Station Late sockeye-Sockeye","Sockeye",1996,162877,235727,NA,NA,NA,NA,NA,NA,NA,NA,277,1972,1335,0,NA,6536,35606,15478,1,NA,4057,88856,4856,1500,NA,121,2282,0,NA,NA,NA,NA,NA,-0.369679041053623,89
"10889","Upper Station Late sockeye-Sockeye","Sockeye",1997,177256,230793,NA,NA,NA,NA,NA,NA,NA,NA,0,347,916,0,NA,0,2842,1932,130,NA,11901,129206,8502,0,NA,1984,17554,1942,NA,NA,NA,NA,NA,-0.263926189551599,89
"10890","Upper Station Late sockeye-Sockeye","Sockeye",1998,279155,171214,NA,NA,NA,NA,NA,NA,NA,NA,0,0,0,0,NA,89,2511,3281,0,NA,13979,219890,13190,0,NA,25325,890,0,NA,NA,NA,NA,NA,0.48885294704794,89
"10891","Upper Station Late sockeye-Sockeye","Sockeye",1999,480610,210016,NA,NA,NA,NA,NA,NA,NA,NA,0,279,672,0,NA,2323,80315,20091,346,NA,15939,313886,40906,9,NA,19,5360,465,NA,NA,NA,NA,NA,0.827872412118765,89
"10892","Upper Station Late sockeye-Sockeye","Sockeye",2000,432436,176783,NA,NA,NA,NA,NA,NA,NA,NA,96,34433,36394,98,NA,5197,122248,30388,31,NA,4045,181491,16677,165,NA,0,986,187,NA,NA,NA,NA,NA,0.894511346809351,89
"10893","Upper Station Late sockeye-Sockeye","Sockeye",2001,110972,74408,NA,NA,NA,NA,NA,NA,NA,NA,0,522,1701,0,NA,215,5696,7078,78,NA,8310,77172,9900,0,NA,0,300,0,NA,NA,NA,NA,NA,0.399714454298965,89
"10894","Upper Station Late sockeye-Sockeye","Sockeye",2002,247651,150349,NA,NA,NA,NA,NA,NA,NA,NA,411,2421,7179,0,NA,3965,94543,21609,0,NA,8085,95473,13730,235,NA,0,0,0,NA,NA,NA,NA,NA,0.499061238717792,89
"10895","Upper Station Late sockeye-Sockeye","Sockeye",2003,350543,200894,NA,NA,NA,NA,NA,NA,NA,NA,43,888,337,0,NA,1667,51307,16131,357,NA,7446,256511,15308,0,NA,0,548,0,NA,NA,NA,NA,NA,0.556705975062738,89
"10896","Upper Station Late sockeye-Sockeye","Sockeye",2004,431685,177108,NA,NA,NA,NA,NA,NA,NA,NA,669,5264,24845,0,NA,1535,99160,29761,0,NA,7094,255957,5577,0,NA,181,1457,185,NA,NA,NA,NA,NA,0.890936439618491,89
"10897","Upper Station Late sockeye-Sockeye","Sockeye",2005,239187,156401,NA,NA,NA,NA,NA,NA,NA,NA,139,2828,3067,0,NA,2423,20933,6256,0,NA,20082,171458,8694,4,NA,153,3150,0,NA,NA,NA,NA,NA,0.42482245082083,89
"10898","Upper Station Late sockeye-Sockeye","Sockeye",2006,163677,153153,NA,NA,NA,NA,NA,NA,NA,NA,0,931,177,0,NA,1561,10327,5267,74,NA,8207,126317,3988,0,NA,182,6115,531,NA,NA,NA,NA,NA,0.0664575518640815,89
"10899","Upper Station Late sockeye-Sockeye","Sockeye",2007,186004,149709,NA,NA,NA,NA,NA,NA,NA,NA,218,59,287,0,NA,787,12235,10286,277,NA,11858,140872,8838,0,NA,46,241,0,NA,NA,NA,NA,NA,0.217074768999394,89
"10900","Upper Station Late sockeye-Sockeye","Sockeye",2008,172492,184856,NA,NA,NA,NA,NA,NA,NA,NA,0,0,349,0,NA,2217,40340,10196,0,NA,7761,105047,5639,0,NA,943,0,0,NA,NA,NA,NA,NA,-0.0692262850218226,89
"10901","Upper Station Late sockeye-Sockeye","Sockeye",2009,233748,161736,NA,NA,NA,NA,NA,NA,NA,NA,376,2236,5796,0,NA,1527,8546,3942,0,NA,16773,171268,23034,0,NA,0,250,0,NA,NA,NA,NA,NA,0.368278235670434,89
"10902","Upper Station Late sockeye-Sockeye","Sockeye",2010,137943,141139,NA,NA,NA,NA,NA,NA,NA,NA,58,149,38,0,NA,2066,9380,4197,0,NA,3245,115614,1408,0,NA,24,1764,0,NA,NA,NA,NA,NA,-0.0229046640309271,89
"10903","Upper Station Late sockeye-Sockeye","Sockeye",2011,156831,101893,NA,NA,NA,NA,NA,NA,NA,NA,0,7,5790,0,NA,533,26119,7460,0,NA,7436,101503,7308,0,NA,8,667,0,NA,NA,NA,NA,NA,0.431245549386803,89
"10904","Upper Station Late sockeye-Sockeye","Sockeye",2012,267679,149325,NA,NA,NA,NA,NA,NA,NA,NA,0,1699,3637,0,NA,1927,56890,45364,0,NA,5748,142715,9326,0,NA,0,373,0,NA,NA,NA,NA,NA,0.583663362809221,89
"10905","Upper Station Late sockeye-Sockeye","Sockeye",2013,294812,125573,NA,NA,NA,NA,NA,NA,NA,NA,579,7762,13053,0,NA,3278,65307,9025,0,NA,14126,178257,3425,0,NA,0,0,0,NA,NA,NA,NA,NA,0.853450602277559,89
"10906","Upper Station Late sockeye-Sockeye","Sockeye",2014,302444,181411,NA,NA,NA,NA,NA,NA,NA,NA,593,10526,4676,0,NA,2734,147013,9829,0,NA,2289,113308,11476,0,NA,0,0,0,NA,NA,NA,NA,NA,0.511130961053077,89
"10907","Upper Station Late sockeye-Sockeye","Sockeye",2015,200131,132864,NA,NA,NA,NA,NA,NA,NA,NA,3745,29948,11163,0,NA,3107,32156,20192,0,NA,6652,89334,3834,0,NA,0,0,0,NA,NA,NA,NA,NA,0.409646103465847,89
"10908","Upper Station Early Sockeye-Sockeye","Sockeye",1969,30534,22509,NA,NA,NA,NA,NA,NA,NA,NA,0,317,1406,263,NA,0,3094,9979,62,NA,281,11554,3516,0,NA,0,62,0,NA,NA,NA,NA,NA,0.304925587603049,90
"10909","Upper Station Early Sockeye-Sockeye","Sockeye",1970,11458,16168,NA,NA,NA,NA,NA,NA,NA,NA,0,375,788,0,NA,188,2889,1850,0,NA,263,3269,1469,0,NA,0,367,0,NA,NA,NA,NA,NA,-0.344345804114934,90
"10910","Upper Station Early Sockeye-Sockeye","Sockeye",1971,25904,32529,NA,NA,NA,NA,NA,NA,NA,NA,0,0,185,0,NA,0,1234,5876,0,NA,370,15976,2263,0,NA,0,0,0,NA,NA,NA,NA,NA,-0.227734602222875,90
"10911","Upper Station Early Sockeye-Sockeye","Sockeye",1972,39070,39613,NA,NA,NA,NA,NA,NA,NA,NA,0,185,1102,0,NA,62,5693,3482,0,NA,184,18977,8603,0,NA,0,574,208,NA,NA,NA,NA,NA,-0.0138024381487209,90
"10912","Upper Station Early Sockeye-Sockeye","Sockeye",1973,53756,26892,NA,NA,NA,NA,NA,NA,NA,NA,0,0,174,0,NA,0,522,3728,208,NA,696,41006,7289,133,NA,0,0,0,NA,NA,NA,NA,NA,0.692626444078028,90
"10913","Upper Station Early Sockeye-Sockeye","Sockeye",1974,93734,35319,NA,NA,NA,NA,NA,NA,NA,NA,0,0,0,0,NA,522,26382,16660,0,NA,0,38317,11720,0,NA,0,133,0,NA,NA,NA,NA,NA,0.976039920854471,90
"10914","Upper Station Early Sockeye-Sockeye","Sockeye",1975,32065,10325,NA,NA,NA,NA,NA,NA,NA,NA,0,0,0,0,NA,0,1458,6393,0,NA,208,14783,8738,0,NA,0,485,0,NA,NA,NA,NA,NA,1.13319695375373,90
"10915","Upper Station Early Sockeye-Sockeye","Sockeye",1976,94522,28567,NA,NA,NA,NA,NA,NA,NA,NA,0,0,133,0,NA,0,9722,10438,0,NA,0,47090,27139,0,NA,0,0,0,NA,NA,NA,NA,NA,1.19658040615882,90
"10916","Upper Station Early Sockeye-Sockeye","Sockeye",1977,211375,26380,NA,NA,NA,NA,NA,NA,NA,NA,0,0,0,0,NA,0,32041,48850,0,NA,243,94081,35526,0,NA,0,634,0,NA,NA,NA,NA,NA,2.08102765992958,90
"10917","Upper Station Early Sockeye-Sockeye","Sockeye",1978,154029,66157,NA,NA,NA,NA,NA,NA,NA,NA,0,243,1809,0,NA,243,28948,32354,0,NA,0,70735,19660,0,NA,0,0,37,NA,NA,NA,NA,NA,0.845110191305288,90
"10918","Upper Station Early Sockeye-Sockeye","Sockeye",1979,102074,53115,NA,NA,NA,NA,NA,NA,NA,NA,0,0,0,0,NA,0,4124,17554,46,NA,0,65300,14870,0,NA,0,38,142,NA,NA,NA,NA,NA,0.653238666207575,90
"10919","Upper Station Early Sockeye-Sockeye","Sockeye",1980,33082,37866,NA,NA,NA,NA,NA,NA,NA,NA,0,317,2341,0,NA,0,11937,4000,0,NA,0,7165,7259,0,NA,38,0,25,NA,NA,NA,NA,NA,-0.135064284010128,90
"10920","Upper Station Early Sockeye-Sockeye","Sockeye",1981,119018,77042,NA,NA,NA,NA,NA,NA,NA,NA,0,0,542,0,NA,0,2832,4370,43,NA,1498,85872,23861,0,NA,0,0,0,NA,NA,NA,NA,NA,0.434924014484134,90
"10921","Upper Station Early Sockeye-Sockeye","Sockeye",1982,249397,170610,NA,NA,NA,NA,NA,NA,NA,NA,0,2472,1006,0,NA,234,113439,75684,360,NA,781,37220,18131,0,NA,0,70,0,NA,NA,NA,NA,NA,0.379665754317484,90
"10922","Upper Station Early Sockeye-Sockeye","Sockeye",1983,150273,115890,NA,NA,NA,NA,NA,NA,NA,NA,0,285,1181,0,NA,1220,5491,11396,0,NA,1205,87555,41723,0,NA,0,217,0,NA,NA,NA,NA,NA,0.25981217455674,90
"10923","Upper Station Early Sockeye-Sockeye","Sockeye",1984,68683,96798,NA,NA,NA,NA,NA,NA,NA,NA,0,109,3443,0,NA,0,2118,1792,0,NA,66,46879,14103,0,NA,0,113,60,NA,NA,NA,NA,NA,-0.343124616998095,90
"10924","Upper Station Early Sockeye-Sockeye","Sockeye",1985,166380,27408,NA,NA,NA,NA,NA,NA,NA,NA,0,1476,2865,0,NA,4,2314,6714,0,NA,22466,86949,42895,0,NA,0,633,64,NA,NA,NA,NA,NA,1.80343938727398,90
"10925","Upper Station Early Sockeye-Sockeye","Sockeye",1986,186762,100812,NA,NA,NA,NA,NA,NA,NA,NA,0,35,449,0,NA,5680,51361,36048,18,NA,936,83179,8248,0,NA,60,340,408,NA,NA,NA,NA,NA,0.616577682805934,90
"10926","Upper Station Early Sockeye-Sockeye","Sockeye",1987,66326,74747,NA,NA,NA,NA,NA,NA,NA,NA,0,2134,1022,0,NA,46,2027,726,0,NA,3849,30417,25242,0,NA,27,779,57,NA,NA,NA,NA,NA,-0.119527100504994,90
"10927","Upper Station Early Sockeye-Sockeye","Sockeye",1988,47039,56724,NA,NA,NA,NA,NA,NA,NA,NA,0,17,71,0,NA,0,82,1607,206,NA,852,35640,7282,0,NA,210,1072,0,NA,NA,NA,NA,NA,-0.187220356738095,90
"10928","Upper Station Early Sockeye-Sockeye","Sockeye",1989,129217,64582,NA,NA,NA,NA,NA,NA,NA,NA,0,450,5823,0,NA,404,8751,5539,0,NA,6313,67810,34127,0,NA,0,0,0,NA,NA,NA,NA,NA,0.693557427449177,90
"10929","Upper Station Early Sockeye-Sockeye","Sockeye",1990,120384,56159,NA,NA,NA,NA,NA,NA,NA,NA,0,1497,0,0,NA,578,6275,19145,0,NA,3414,82269,6839,0,NA,0,361,6,NA,NA,NA,NA,NA,0.762499680387349,90
"10930","Upper Station Early Sockeye-Sockeye","Sockeye",1991,294021,50026,NA,NA,NA,NA,NA,NA,NA,NA,0,407,20467,0,NA,3258,46391,57478,0,NA,6815,131931,27274,0,NA,0,0,0,NA,NA,NA,NA,NA,1.77110832308421,90
"10931","Upper Station Early Sockeye-Sockeye","Sockeye",1992,52835,19076,NA,NA,NA,NA,NA,NA,NA,NA,52,2338,5878,0,NA,223,5959,3435,0,NA,3583,24099,7268,0,NA,0,0,0,NA,NA,NA,NA,NA,1.01874284945702,90
"10932","Upper Station Early Sockeye-Sockeye","Sockeye",1993,61866,34852,NA,NA,NA,NA,NA,NA,NA,NA,219,669,2423,0,NA,605,5189,11812,0,NA,2741,31749,5168,62,NA,0,1229,0,NA,NA,NA,NA,NA,0.573860231394821,90
"10933","Upper Station Early Sockeye-Sockeye","Sockeye",1994,119248,37645,NA,NA,NA,NA,NA,NA,NA,NA,0,229,4887,0,NA,994,53607,7176,0,NA,1320,33104,17361,0,NA,0,570,0,NA,NA,NA,NA,NA,1.15300521483725,90
"10934","Upper Station Early Sockeye-Sockeye","Sockeye",1995,155291,41492,NA,NA,NA,NA,NA,NA,NA,NA,0,185,5857,360,NA,2467,33691,44415,492,NA,1497,44608,20938,0,NA,0,689,92,NA,NA,NA,NA,NA,1.31980013855547,90
"10935","Upper Station Early Sockeye-Sockeye","Sockeye",1996,184138,58686,NA,NA,NA,NA,NA,NA,NA,NA,0,79,2723,0,NA,177,30487,81164,25,NA,1973,51987,15238,0,NA,4,281,0,NA,NA,NA,NA,NA,1.14348427896312,90
"10936","Upper Station Early Sockeye-Sockeye","Sockeye",1997,26069,47655,NA,NA,NA,NA,NA,NA,NA,NA,0,422,0,0,NA,45,972,558,0,NA,2438,11566,7233,0,NA,34,795,2006,NA,NA,NA,NA,NA,-0.603240687446082,90
"10937","Upper Station Early Sockeye-Sockeye","Sockeye",1998,69281,30713,NA,NA,NA,NA,NA,NA,NA,NA,0,0,0,0,NA,6,145,418,0,NA,6264,45950,16490,0,NA,0,8,0,NA,NA,NA,NA,NA,0.813484680599087,90
"10938","Upper Station Early Sockeye-Sockeye","Sockeye",1999,192198,36521,NA,NA,NA,NA,NA,NA,NA,NA,0,0,328,0,NA,2598,27894,34497,360,NA,6080,81382,38405,0,NA,0,626,28,NA,NA,NA,NA,NA,1.66063865304661,90
"10939","Upper Station Early Sockeye-Sockeye","Sockeye",2000,254768,55761,NA,NA,NA,NA,NA,NA,NA,NA,0,780,7338,69,NA,10912,122434,59315,121,NA,2623,40862,9843,28,NA,69,139,235,NA,NA,NA,NA,NA,1.51927862681974,90
"10940","Upper Station Early Sockeye-Sockeye","Sockeye",2001,51296,66795,NA,NA,NA,NA,NA,NA,NA,NA,0,1131,3856,0,NA,1123,6472,4335,24,NA,5116,15475,13764,0,NA,0,0,0,NA,NA,NA,NA,NA,-0.264015451014633,90
"10941","Upper Station Early Sockeye-Sockeye","Sockeye",2002,19288,36802,NA,NA,NA,NA,NA,NA,NA,NA,82,532,574,36,NA,382,1295,4890,0,NA,42,2815,8604,36,NA,0,0,0,NA,NA,NA,NA,NA,-0.646069050645313,90
"10942","Upper Station Early Sockeye-Sockeye","Sockeye",2003,71847,76175,NA,NA,NA,NA,NA,NA,NA,NA,0,75,88,0,NA,502,10903,9334,106,NA,3245,34250,13258,0,NA,0,86,0,NA,NA,NA,NA,NA,-0.0584944668718916,90
"10943","Upper Station Early Sockeye-Sockeye","Sockeye",2004,110569,78487,NA,NA,NA,NA,NA,NA,NA,NA,0,191,6398,0,NA,1553,36836,25750,0,NA,3258,32372,4211,0,NA,0,0,0,NA,NA,NA,NA,NA,0.342706754490133,90
"10944","Upper Station Early Sockeye-Sockeye","Sockeye",2005,66383,60349,NA,NA,NA,NA,NA,NA,NA,NA,0,233,0,0,NA,281,5884,3904,0,NA,3446,42706,9733,2,NA,64,130,0,NA,NA,NA,NA,NA,0.0952966222082673,90
"10945","Upper Station Early Sockeye-Sockeye","Sockeye",2006,49003,24997,NA,NA,NA,NA,NA,NA,NA,NA,0,0,0,0,NA,269,1815,4513,28,NA,2367,24439,14943,4,NA,5,620,0,NA,NA,NA,NA,NA,0.673125703058655,90
"10946","Upper Station Early Sockeye-Sockeye","Sockeye",2007,57356,31895,NA,NA,NA,NA,NA,NA,NA,NA,0,71,136,0,NA,26,3578,3112,16,NA,4849,28723,16845,0,NA,0,0,0,NA,NA,NA,NA,NA,0.586828201158874,90
"10947","Upper Station Early Sockeye-Sockeye","Sockeye",2008,48372,38800,NA,NA,NA,NA,NA,NA,NA,NA,0,0,52,0,NA,978,10317,10744,0,NA,2056,21686,2534,0,NA,5,0,0,NA,NA,NA,NA,NA,0.220500887293801,90
"10948","Upper Station Early Sockeye-Sockeye","Sockeye",2009,49495,34585,NA,NA,NA,NA,NA,NA,NA,NA,0,108,2346,0,NA,226,2774,2354,0,NA,2782,30938,7963,0,NA,4,0,0,NA,NA,NA,NA,NA,0.358451592319223,90
"10949","Upper Station Early Sockeye-Sockeye","Sockeye",2010,62615,42060,NA,NA,NA,NA,NA,NA,NA,NA,0,0,0,0,NA,228,1784,2353,0,NA,6735,45458,5892,0,NA,89,76,0,NA,NA,NA,NA,NA,0.397907695741442,90
"10950","Upper Station Early Sockeye-Sockeye","Sockeye",2011,54500,28759,NA,NA,NA,NA,NA,NA,NA,NA,0,80,0,0,NA,132,1376,696,0,NA,7241,27850,17099,0,NA,26,0,0,NA,NA,NA,NA,NA,0.639249939935464,90
"10951","Upper Station Early Sockeye-Sockeye","Sockeye",2012,71670,25487,NA,NA,NA,NA,NA,NA,NA,NA,0,0,438,0,NA,1625,15567,14540,0,NA,4505,32314,2681,0,NA,0,0,0,NA,NA,NA,NA,NA,1.03390373175722,90
"10952","Upper Station Early Sockeye-Sockeye","Sockeye",2013,84241,27712,NA,NA,NA,NA,NA,NA,NA,NA,0,319,1016,0,NA,7144,31462,8118,0,NA,2862,28517,4704,0,NA,0,99,0,NA,NA,NA,NA,NA,1.11181620622044,90
"10953","Upper Station Early Sockeye-Sockeye","Sockeye",2014,59004,36823,NA,NA,NA,NA,NA,NA,NA,NA,0,98,0,0,NA,3481,26729,8904,36,NA,1368,16940,1325,0,NA,0,123,0,NA,NA,NA,NA,NA,0.471482588274075,90
"10954","Upper Station Early Sockeye-Sockeye","Sockeye",2015,42264,54473,NA,NA,NA,NA,NA,NA,NA,NA,0,148,0,0,NA,3289,18840,7220,0,NA,2582,9210,975,0,NA,0,0,0,NA,NA,NA,NA,NA,-0.253769506205659,90
"10955","Ayakulik-Sockeye","Sockeye",1966,137385,66057,NA,NA,NA,NA,NA,NA,NA,NA,NA,0,0,0,NA,315,1173,3285,0,NA,16622,57850,51109,0,NA,0,7031,0,0,NA,NA,NA,NA,0.732269197852302,91
"10956","Ayakulik-Sockeye","Sockeye",1967,148402,227089,NA,NA,NA,NA,NA,NA,NA,NA,0,0,0,0,NA,1772,24013,16469,0,NA,3338,78834,23976,0,NA,0,0,0,0,NA,NA,NA,NA,-0.425417203395022,91
"10957","Ayakulik-Sockeye","Sockeye",1968,262665,220850,NA,NA,NA,NA,NA,NA,NA,NA,0,0,0,0,NA,83,4199,34463,0,NA,2825,89549,123053,0,NA,0,8493,0,0,NA,NA,NA,NA,0.173395717949438,91
"10958","Ayakulik-Sockeye","Sockeye",1969,105521,71160,NA,NA,NA,NA,NA,NA,NA,NA,0,0,0,0,NA,0,4756,3704,0,NA,3703,78972,13734,0,NA,0,652,0,0,NA,NA,NA,NA,0.393979122442941,91
"10959","Ayakulik-Sockeye","Sockeye",1970,39430,33863,NA,NA,NA,NA,NA,NA,NA,NA,0,0,0,0,NA,0,1084,2052,0,NA,6325,17543,9152,0,NA,0,3274,0,0,NA,NA,NA,NA,0.152203974991172,91
"10960","Ayakulik-Sockeye","Sockeye",1971,288753,109174,NA,NA,NA,NA,NA,NA,NA,NA,0,0,0,0,NA,3251,35919,26505,0,NA,18925,184053,16736,0,NA,0,3364,0,0,NA,NA,NA,NA,0.972628711668883,91
"10961","Ayakulik-Sockeye","Sockeye",1972,564194,113733,NA,NA,NA,NA,NA,NA,NA,NA,0,0,0,0,NA,5080,121160,99681,0,NA,6723,260325,71225,0,NA,0,0,0,0,NA,NA,NA,NA,1.60154456787182,91
"10962","Ayakulik-Sockeye","Sockeye",1973,330222,119993,NA,NA,NA,NA,NA,NA,NA,NA,0,0,1395,0,NA,986,79993,82532,0,NA,7548,110906,45469,0,NA,0,1393,0,0,NA,NA,NA,NA,1.01233174780644,91
"10963","Ayakulik-Sockeye","Sockeye",1974,449569,181631,NA,NA,NA,NA,NA,NA,NA,NA,0,0,0,0,NA,3364,46281,45109,0,NA,0,129000,221923,0,NA,0,3892,0,0,NA,NA,NA,NA,0.906312189579779,91
"10964","Ayakulik-Sockeye","Sockeye",1975,463564,94517,NA,NA,NA,NA,NA,NA,NA,NA,0,0,1393,0,NA,0,10982,30950,0,NA,14989,308251,96141,0,NA,0,858,0,0,NA,NA,NA,NA,1.59016474280059,91
"10965","Ayakulik-Sockeye","Sockeye",1976,836327,219047,NA,NA,NA,NA,NA,NA,NA,NA,0,0,3855,0,NA,5835,405330,164495,0,NA,8408,187009,61395,0,NA,0,0,0,0,NA,NA,NA,NA,1.33973336626868,91
"10966","Ayakulik-Sockeye","Sockeye",1977,287349,306982,NA,NA,NA,NA,NA,NA,NA,NA,0,0,0,0,NA,0,5060,18656,0,NA,3431,170721,85541,0,NA,0,3940,0,0,NA,NA,NA,NA,-0.0660916090753213,91
"10967","Ayakulik-Sockeye","Sockeye",1978,122271,132864,NA,NA,NA,NA,NA,NA,NA,NA,0,0,0,0,NA,0,1556,14937,0,NA,15799,45081,42151,0,NA,0,2747,0,0,NA,NA,NA,NA,-0.0830861559195756,91
"10968","Ayakulik-Sockeye","Sockeye",1979,254513,222270,NA,NA,NA,NA,NA,NA,NA,NA,0,0,441,0,NA,3625,16345,40958,0,NA,18352,131539,41815,0,NA,0,1438,0,0,NA,NA,NA,NA,0.135459056139434,91
"10969","Ayakulik-Sockeye","Sockeye",1980,1152537,774328,NA,NA,NA,NA,NA,NA,NA,NA,0,0,13347,0,NA,11780,402761,232583,0,NA,24781,305083,159440,0,NA,0,2762,0,0,NA,NA,NA,NA,0.397725322043659,91
"10970","Ayakulik-Sockeye","Sockeye",1981,1091985,279200,NA,NA,NA,NA,NA,NA,NA,NA,0,0,0,0,NA,17149,310784,230889,0,NA,7450,328622,168527,0,NA,0,28564,0,0,NA,NA,NA,NA,1.36382404905855,91
"10971","Ayakulik-Sockeye","Sockeye",1982,240477,169678,NA,NA,NA,NA,NA,NA,NA,NA,0,0,7500,0,NA,6857,1626,16351,0,NA,2596,123667,77129,0,NA,0,4751,0,0,NA,NA,NA,NA,0.348721927582964,91
"10972","Ayakulik-Sockeye","Sockeye",1983,383232,171415,NA,NA,NA,NA,NA,NA,NA,NA,0,0,1171,0,NA,548,20198,72231,0,NA,15116,168055,104765,0,NA,0,1148,0,0,NA,NA,NA,NA,0.804553032996788,91
"10973","Ayakulik-Sockeye","Sockeye",1984,604316,283215,NA,NA,NA,NA,NA,NA,NA,NA,0,0,3311,0,NA,7779,138185,72319,0,NA,78899,197026,103450,0,NA,0,3347,0,0,NA,NA,NA,NA,0.75789091341384,91
"10974","Ayakulik-Sockeye","Sockeye",1985,1786779,388759,NA,NA,NA,NA,NA,NA,NA,NA,0,0,3903,0,NA,61345,365489,589731,0,NA,18971,513314,229750,0,NA,0,4276,0,0,NA,NA,NA,NA,1.52521022220377,91
"10975","Ayakulik-Sockeye","Sockeye",1986,1730211,318135,NA,NA,NA,NA,NA,NA,NA,NA,0,0,38326,0,NA,4480,571371,506463,0,NA,6489,365644,231471,0,NA,0,5967,0,0,NA,NA,NA,NA,1.69352282437716,91
"10976","Ayakulik-Sockeye","Sockeye",1987,1015566,261913,NA,NA,NA,NA,NA,NA,NA,NA,0,0,15380,0,NA,12991,173341,103512,0,NA,13602,317142,341728,0,NA,0,32807,5063,0,NA,NA,NA,NA,1.35518898397508,91
"10977","Ayakulik-Sockeye","Sockeye",1988,325535,291774,NA,NA,NA,NA,NA,NA,NA,NA,0,0,3351,0,NA,2822,81584,62159,0,NA,2832,126124,27783,0,NA,0,10655,8225,0,NA,NA,NA,NA,0.109490452755631,91
"10978","Ayakulik-Sockeye","Sockeye",1989,752667,768101,NA,NA,NA,NA,NA,NA,NA,NA,0,0,5565,0,NA,2571,26297,18318,0,NA,29189,310379,254557,0,NA,0,59553,46238,0,NA,NA,NA,NA,-0.0202983360064063,91
"10979","Ayakulik-Sockeye","Sockeye",1990,600475,371282,NA,NA,NA,NA,NA,NA,NA,NA,0,0,8047,0,NA,1028,3618,59035,0,NA,14638,295167,202600,0,NA,0,16202,102,38,NA,NA,NA,NA,0.480759126991544,91
"10980","Ayakulik-Sockeye","Sockeye",1991,1265194,384859,NA,NA,NA,NA,NA,NA,NA,NA,0,640,17118,0,NA,22371,145925,393249,19,NA,36123,482187,158923,64,NA,0,5779,2796,0,NA,NA,NA,NA,1.19010371564543,91
"10981","Ayakulik-Sockeye","Sockeye",1992,582035,344184,NA,NA,NA,NA,NA,NA,NA,NA,0,4591,9900,205,NA,2578,65889,10135,2685,NA,24694,200817,230460,1983,NA,2188,19788,6010,112,NA,NA,NA,NA,0.525354185285277,91
"10982","Ayakulik-Sockeye","Sockeye",1993,772671,286170,NA,NA,NA,NA,NA,NA,NA,NA,0,0,3678,400,NA,3093,2504,176539,8075,NA,16283,409718,138504,344,NA,516,7591,5426,0,NA,NA,NA,NA,0.993267303673637,91
"10983","Ayakulik-Sockeye","Sockeye",1994,1454921,380181,NA,NA,NA,NA,NA,NA,NA,NA,0,465,7275,17036,NA,42711,555246,338728,79,NA,35908,344937,102628,401,NA,546,7224,1737,0,NA,NA,NA,NA,1.34205942749134,91
"10984","Ayakulik-Sockeye","Sockeye",1995,683796,317832,NA,NA,NA,NA,NA,NA,NA,NA,0,0,4707,516,NA,4711,101292,53759,0,NA,18181,227822,240294,1125,NA,3186,22068,6135,0,NA,NA,NA,NA,0.766136686231674,91
"10985","Ayakulik-Sockeye","Sockeye",1996,482559,337155,NA,NA,NA,NA,NA,NA,NA,NA,0,269,17050,332,NA,1770,16902,93851,0,NA,8589,198161,143934,291,NA,364,802,244,0,NA,NA,NA,NA,0.358560427831322,91
"10986","Ayakulik-Sockeye","Sockeye",1997,91801,308214,NA,NA,NA,NA,NA,NA,NA,NA,0,5,4810,597,NA,1250,14447,11767,0,NA,5395,34814,16169,0,NA,330,727,1490,0,NA,NA,NA,NA,-1.2111711560897,91
"10987","Ayakulik-Sockeye","Sockeye",1998,212285,427208,NA,NA,NA,NA,NA,NA,NA,NA,62,0,597,0,NA,4554,29683,12657,602,NA,2929,97574,46305,234,NA,1470,10818,4760,40,NA,NA,NA,NA,-0.699341302583225,91
"10988","Ayakulik-Sockeye","Sockeye",1999,474024,295717,NA,NA,NA,NA,NA,NA,NA,NA,0,0,4818,353,NA,2953,53015,124906,240,NA,8754,192030,80066,658,NA,0,4301,1930,0,NA,NA,NA,NA,0.471855037418728,91
"10989","Ayakulik-Sockeye","Sockeye",2000,291388,208651,NA,NA,NA,NA,NA,NA,NA,NA,130,0,7074,0,NA,2261,56453,40660,0,NA,5858,148872,26019,539,NA,148,893,2481,0,NA,NA,NA,NA,0.333992712664122,91
"10990","Ayakulik-Sockeye","Sockeye",2001,194604,218892,NA,NA,NA,NA,NA,NA,NA,NA,0,0,0,0,NA,97,21217,12812,315,NA,4756,57133,95615,299,NA,0,2218,142,0,NA,NA,NA,NA,-0.11761173296754,91
"10991","Ayakulik-Sockeye","Sockeye",2002,313392,229292,NA,NA,NA,NA,NA,NA,NA,NA,0,0,121,141,NA,499,13352,61713,1386,NA,4881,162634,67474,477,NA,214,189,311,0,NA,NA,NA,NA,0.312458502649132,91
"10992","Ayakulik-Sockeye","Sockeye",2003,233519,197892,NA,NA,NA,NA,NA,NA,NA,NA,0,40,1086,0,NA,2224,47900,47986,152,NA,5678,88088,36068,296,NA,0,2986,1015,0,NA,NA,NA,NA,0.165542016913602,91
"10993","Ayakulik-Sockeye","Sockeye",2004,298132,275238,NA,NA,NA,NA,NA,NA,NA,NA,0,0,3358,152,NA,2445,24944,59544,625,NA,5073,163974,34630,195,NA,0,3192,0,0,NA,NA,NA,NA,0.0799001635286311,91
"10994","Ayakulik-Sockeye","Sockeye",2005,491730,251906,NA,NA,NA,NA,NA,NA,NA,NA,0,67,694,0,NA,5423,99530,73594,307,NA,13239,260808,33847,0,NA,1059,2480,682,0,NA,NA,NA,NA,0.668873783318697,91
"10995","Ayakulik-Sockeye","Sockeye",2006,420594,87780,NA,NA,NA,NA,NA,NA,NA,NA,0,0,839,0,NA,8645,110179,77324,317,NA,16074,161777,40897,0,NA,163,4379,0,0,NA,NA,NA,NA,1.56683431357153,91
"10996","Ayakulik-Sockeye","Sockeye",2007,636871,283042,NA,NA,NA,NA,NA,NA,NA,NA,0,0,1454,0,NA,15958,101723,103711,336,NA,35354,318854,58052,0,NA,224,1205,0,0,NA,NA,NA,NA,0.810971826764373,91
"10997","Ayakulik-Sockeye","Sockeye",2008,353426,162888,NA,NA,NA,NA,NA,NA,NA,NA,0,0,866,0,NA,16912,66934,67656,666,NA,11628,149978,37279,9,NA,0,1460,38,0,NA,NA,NA,NA,0.774611280134149,91
"10998","Ayakulik-Sockeye","Sockeye",2009,480612,315184,NA,NA,NA,NA,NA,NA,NA,NA,95,0,5863,0,NA,9668,74430,74131,327,NA,21284,210247,83088,0,NA,0,1432,47,0,NA,NA,NA,NA,0.421903696505668,91
"10999","Ayakulik-Sockeye","Sockeye",2010,992537,262327,NA,NA,NA,NA,NA,NA,NA,NA,0,318,1376,0,NA,50918,277596,394285,164,NA,20472,218636,26807,0,NA,516,1449,0,0,NA,NA,NA,NA,1.33067247431817,91
"11000","Ayakulik-Sockeye","Sockeye",2011,491674,261141,NA,NA,NA,NA,NA,NA,NA,NA,0,292,12313,0,NA,3904,87310,45712,354,NA,13490,201976,125607,0,NA,58,658,0,0,NA,NA,NA,NA,0.632755403912696,91
"11001","Ayakulik-Sockeye","Sockeye",2012,339907,328254,NA,NA,NA,NA,NA,NA,NA,NA,0,1421,5419,355,NA,4859,69546,96102,131,NA,8623,136435,17016,0,NA,0,0,0,0,NA,NA,NA,NA,0.0348843518398228,91
"11002","Ayakulik-Sockeye","Sockeye",2013,272567,282164,NA,NA,NA,NA,NA,NA,NA,NA,0,462,13147,0,NA,2893,46023,15716,0,NA,9726,122167,62047,202,NA,0,0,184,0,NA,NA,NA,NA,-0.0346040067396812,91
"11003","Ayakulik-Sockeye","Sockeye",2014,694697,297711,NA,NA,NA,NA,NA,NA,NA,NA,0,0,0,0,NA,18572,264673,254873,246,NA,5747,123601,26985,0,NA,0,0,0,0,NA,NA,NA,NA,0.847352561989974,91
"11004","Ayakulik-Sockeye","Sockeye",2015,326512,326435,NA,NA,NA,NA,NA,NA,NA,NA,431,4377,23664,0,NA,14483,105645,98394,236,NA,1606,59856,17713,0,NA,107,0,0,NA,NA,NA,NA,NA,0.000235853753388688,91
"11005","Karluk Late-Sockeye","Sockeye",1982,463076,41702,NA,NA,NA,NA,NA,NA,NA,NA,NA,0,0,0,NA,0,0,5239,0,NA,1261,290631,110997,0,0,606,34711,19631,0,0,0,0,0,2.40734209819853,92
"11006","Karluk Late-Sockeye","Sockeye",1983,569699,220795,NA,NA,NA,NA,NA,NA,NA,NA,0,0,4079,0,NA,0,4160,480,31,NA,12830,241803,213452,2070,0,1268,42156,47370,0,0,0,0,0,0.947873481955993,92
"11007","Karluk Late-Sockeye","Sockeye",1984,1110598,131846,NA,NA,NA,NA,NA,NA,NA,NA,0,885,0,0,NA,0,445,30516,937,NA,6246,424123,303542,471,0,0,271018,71764,0,0,651,0,0,2.13101931314314,92
"11008","Karluk Late-Sockeye","Sockeye",1985,1838274,679260,NA,NA,NA,NA,NA,NA,NA,NA,169,0,1084,189,NA,0,30165,60235,595,NA,212,784914,493743,462,0,494,421972,43998,42,0,0,0,0,0.995578396568584,92
"11009","Karluk Late-Sockeye","Sockeye",1986,1783933,528415,NA,NA,NA,NA,NA,NA,NA,NA,0,893,15519,105,NA,0,39109,57974,0,NA,978,835214,114862,563,0,1162,655219,60240,147,0,325,1623,0,1.21669379655048,92
"11010","Karluk Late-Sockeye","Sockeye",1987,679507,412157,NA,NA,NA,NA,NA,NA,NA,NA,106,5976,17067,0,NA,201,24703,550,0,NA,1737,226552,23389,79,0,2373,320723,54451,0,0,1600,0,0,0.499963190507821,92
"11011","Karluk Late-Sockeye","Sockeye",1988,511275,282306,NA,NA,NA,NA,NA,NA,NA,NA,0,2531,2424,0,NA,111,4649,3127,0,NA,1512,189196,71078,0,0,7249,212649,16740,0,0,0,9,0,0.593916016898256,92
"11012","Karluk Late-Sockeye","Sockeye",1989,722863,758893,NA,NA,NA,NA,NA,NA,NA,NA,0,3555,3717,0,NA,799,5909,3302,0,NA,12607,308439,151212,0,0,6233,214110,12030,0,0,950,0,0,-0.0486410765304942,92
"11013","Karluk Late-Sockeye","Sockeye",1990,686721,541891,NA,NA,NA,NA,NA,NA,NA,NA,0,3591,6292,0,NA,971,16995,10310,18,NA,3241,447371,52479,591,0,1085,80226,62392,0,0,1095,64,0,0.236863221994946,92
"11014","Karluk Late-Sockeye","Sockeye",1991,675007,831970,NA,NA,NA,NA,NA,NA,NA,NA,0,7113,2879,0,NA,340,16292,8568,52,NA,3023,340535,191311,952,0,4731,85334,13107,111,0,659,0,0,-0.209073321289678,92
"11015","Karluk Late-Sockeye","Sockeye",1992,332669,614262,NA,NA,NA,NA,NA,NA,NA,NA,0,1567,0,0,NA,1923,3880,12234,0,NA,6759,57188,76196,513,0,5043,138987,28379,0,0,0,0,0,-0.613273545583187,92
"11016","Karluk Late-Sockeye","Sockeye",1993,752803,396288,NA,NA,NA,NA,NA,NA,NA,NA,0,0,2860,0,NA,1501,3550,11541,36,NA,17168,412758,202913,0,0,1362,75591,23523,0,0,0,0,0,0.641662353738342,92
"11017","Karluk Late-Sockeye","Sockeye",1994,976808,587258,NA,NA,NA,NA,NA,NA,NA,NA,0,0,1192,0,NA,198,24718,17261,0,NA,4323,616350,159094,551,0,1008,109890,41274,128,0,821,0,0,0.508825866506694,92
"11018","Karluk Late-Sockeye","Sockeye",1995,973620,504977,NA,NA,NA,NA,NA,NA,NA,NA,0,1156,3219,0,NA,0,48766,1839,0,NA,8685,353857,390880,424,0,5252,129216,28253,284,0,405,1384,0,0.656508200095781,92
"11019","Karluk Late-Sockeye","Sockeye",1996,664238,323969,NA,NA,NA,NA,NA,NA,NA,NA,0,540,0,0,NA,633,2970,469,0,NA,108,283071,149445,0,0,2817,139820,83431,0,0,0,934,0,0.717992686786893,92
"11020","Karluk Late-Sockeye","Sockeye",1997,1053806,311902,NA,NA,NA,NA,NA,NA,NA,NA,0,0,0,0,NA,407,1473,291,0,NA,21821,494043,268631,0,0,18682,235707,12330,421,0,0,0,0,1.21747461553415,92
"11021","Karluk Late-Sockeye","Sockeye",1998,1204531,384848,NA,NA,NA,NA,NA,NA,NA,NA,0,0,0,1399,NA,136,586,2716,0,NA,33787,923141,78063,0,0,8407,143454,12558,0,0,0,284,0,1.14099710740711,92
"11022","Karluk Late-Sockeye","Sockeye",1999,912050,589119,NA,NA,NA,NA,NA,NA,NA,NA,0,0,0,0,NA,0,25117,7645,85,NA,41401,403399,154603,0,0,3410,210642,65446,208,0,0,94,0,0.437066612536691,92
"11023","Karluk Late-Sockeye","Sockeye",2000,1002271,445393,NA,NA,NA,NA,NA,NA,NA,NA,155,669,3376,0,NA,51,6049,1126,0,NA,270,531303,292380,2875,0,2955,55025,100967,4014,0,1046,0,10,0.811066665669564,92
"11024","Karluk Late-Sockeye","Sockeye",2001,617873,524739,NA,NA,NA,NA,NA,NA,NA,NA,0,0,0,0,NA,0,2543,2611,0,NA,5375,132216,305575,13374,21,3786,113907,38224,231,0,0,10,0,0.163381938603218,92
"11025","Karluk Late-Sockeye","Sockeye",2002,412282,408734,NA,NA,NA,NA,NA,NA,NA,NA,0,0,2790,0,NA,62,3319,6844,361,NA,12383,183353,161086,9,0,672,25895,14881,0,0,99,528,0,0.00864300351447196,92
"11026","Karluk Late-Sockeye","Sockeye",2003,354822,626854,NA,NA,NA,NA,NA,NA,NA,NA,0,0,1750,0,NA,208,2494,1887,0,NA,1544,41395,15635,0,0,2247,269401,5707,0,348,10460,1746,0,-0.569097403376125,92
"11027","Karluk Late-Sockeye","Sockeye",2004,271351,326466,NA,NA,NA,NA,NA,NA,NA,NA,0,277,301,0,NA,5,1998,543,0,NA,510,15162,7084,0,0,10973,223546,8868,0,0,2084,0,0,-0.184912622751511,92
"11028","Karluk Late-Sockeye","Sockeye",2005,168267,498102,NA,NA,NA,NA,NA,NA,NA,NA,0,3532,0,0,NA,63,423,544,0,NA,2022,63514,20543,0,0,768,72929,3929,0,0,0,0,0,-1.08525287178966,92
"11029","Karluk Late-Sockeye","Sockeye",2006,259737,288007,NA,NA,NA,NA,NA,NA,NA,NA,0,0,0,0,NA,15,1734,1553,34,NA,2029,123394,38311,59,0,11965,73030,7613,0,0,0,0,0,-0.103315204792434,92
"11030","Karluk Late-Sockeye","Sockeye",2007,740399,251835,NA,NA,NA,NA,NA,NA,NA,NA,0,0,2235,0,NA,81,3207,6173,0,NA,18490,452112,183111,901,0,217,64437,9435,0,0,0,0,0,1.07841511892067,92
"11031","Karluk Late-Sockeye","Sockeye",2008,768690,164299,NA,NA,NA,NA,NA,NA,NA,NA,0,0,34,0,NA,0,8620,5738,159,NA,6489,464655,215642,154,0,508,60733,5958,0,0,0,0,0,1.54299982869684,92
"11032","Karluk Late-Sockeye","Sockeye",2009,1089821,277280,NA,NA,NA,NA,NA,NA,NA,NA,0,501,7,0,NA,349,14742,7407,0,NA,11322,921554,51167,0,0,6778,74985,1009,0,0,0,0,0,1.3687409155868,92
"11033","Karluk Late-Sockeye","Sockeye",2010,749265,276649,NA,NA,NA,NA,NA,NA,NA,NA,0,203,0,0,NA,1020,34359,44158,0,NA,28966,578076,29006,0,0,2578,22456,8443,0,0,0,0,0,0.996343171354392,92
"11034","Karluk Late-Sockeye","Sockeye",2011,1033373,230273,NA,NA,NA,NA,NA,NA,NA,NA,0,0,0,0,NA,2428,35700,17984,1276,NA,48035,645806,259900,223,0,1551,19783,687,0,0,0,0,0,1.50131792659617,92
"11035","Karluk Late-Sockeye","Sockeye",2012,794331,314605,NA,NA,NA,NA,NA,NA,NA,NA,0,0,77,0,NA,846,35769,67635,619,NA,21225,555033,48225,0,0,2524,55909,6469,0,0,0,0,0,0.926182367256952,92
"11036","Karluk Late-Sockeye","Sockeye",2013,1234943,336479,NA,NA,NA,NA,NA,NA,NA,NA,0,129,7261,0,NA,1571,53487,13851,0,NA,47821,889228,152903,0,0,3421,58385,6886,0,0,0,0,0,1.30024435414567,92
"11037","Karluk Late-Sockeye","Sockeye",2014,676592,543469,NA,NA,NA,NA,NA,NA,NA,NA,0,3217,47,0,NA,2948,59007,13088,0,NA,9674,411714,148917,0,0,0,23625,4151,204,0,0,0,NA,0.219095765235638,92
"11038","Karluk Late-Sockeye","Sockeye",2015,803344,368896,NA,NA,NA,NA,NA,NA,NA,NA,0,3889,19776,0,NA,1818,53276,27127,0,NA,18952,440615,192276,0,NA,4150,39277,2188,NA,0,0,NA,NA,0.77826825423979,92
"11039","Karluk Early-Sockeye","Sockeye",1982,386408,122705,NA,NA,NA,NA,NA,NA,NA,NA,0,0,841,0,NA,1244,4650,21058,0,NA,5466,197293,93560,0,0,4169,37079,20728,0,0,0,0,320,1.14711070537492,93
"11040","Karluk Early-Sockeye","Sockeye",1983,414010,215620,NA,NA,NA,NA,NA,NA,NA,NA,0,0,564,0,NA,143,8159,14244,0,NA,7032,149947,183829,337,0,1728,33945,14082,0,0,0,0,0,0.652372529011997,93
"11041","Karluk Early-Sockeye","Sockeye",1984,261977,288422,NA,NA,NA,NA,NA,NA,NA,NA,0,0,0,0,NA,0,4090,5830,0,NA,8393,97537,94258,908,0,738,30589,19634,0,0,0,0,0,-0.0961679717936434,93
"11042","Karluk Early-Sockeye","Sockeye",1985,275847,316688,NA,NA,NA,NA,NA,NA,NA,NA,0,0,24,0,NA,0,4258,3969,0,NA,2842,72857,88599,1955,0,3010,57934,40331,38,0,0,30,0,-0.13807069789488,93
"11043","Karluk Early-Sockeye","Sockeye",1986,431476,358756,NA,NA,NA,NA,NA,NA,NA,NA,0,24,337,346,NA,0,6152,6443,94,NA,2201,87691,129381,479,0,4031,131218,61223,235,0,1508,113,0,0.184569397373512,93
"11044","Karluk Early-Sockeye","Sockeye",1987,596477,354094,NA,NA,NA,NA,NA,NA,NA,NA,0,427,1456,0,NA,0,958,8503,416,NA,2884,114504,44051,285,0,19876,337905,60244,690,0,2309,1969,0,0.521478267929783,93
"11045","Karluk Early-Sockeye","Sockeye",1988,436158,296510,NA,NA,NA,NA,NA,NA,NA,NA,0,0,0,0,NA,0,8383,9708,0,NA,6297,84322,37096,320,0,13770,202729,70357,39,0,231,2906,0,0.385923618342573,93
"11046","Karluk Early-Sockeye","Sockeye",1989,487629,349753,NA,NA,NA,NA,NA,NA,NA,NA,0,0,0,0,NA,1621,8492,13979,0,NA,7624,104564,167751,1,0,5517,101296,69709,0,0,5362,1713,0,0.332327679753841,93
"11047","Karluk Early-Sockeye","Sockeye",1990,473859,196197,NA,NA,NA,NA,NA,NA,NA,NA,0,0,0,0,NA,181,18149,50649,652,NA,2780,79156,146751,269,0,6586,97063,70863,0,0,760,0,0,0.881790552593675,93
"11048","Karluk Early-Sockeye","Sockeye",1991,682826,243069,NA,NA,NA,NA,NA,NA,NA,NA,0,0,1062,0,NA,1224,26661,83430,0,NA,12015,326422,127809,107,0,7087,81364,12113,0,809,2476,247,0,1.03289471504413,93
"11049","Karluk Early-Sockeye","Sockeye",1992,241483,217152,NA,NA,NA,NA,NA,NA,NA,NA,0,0,4,0,NA,2669,9627,13159,0,NA,9642,52730,42891,769,0,14935,58375,36603,79,0,0,0,0,0.106201508078391,93
"11050","Karluk Early-Sockeye","Sockeye",1993,468044,261169,NA,NA,NA,NA,NA,NA,NA,NA,0,2,350,0,NA,1534,3309,7718,0,NA,18252,226377,128158,1752,0,2275,35029,42563,288,0,437,0,0,0.583394601234974,93
"11051","Karluk Early-Sockeye","Sockeye",1994,629060,260771,NA,NA,NA,NA,NA,NA,NA,NA,0,0,0,0,NA,1017,8956,41179,427,NA,7266,294780,182133,587,0,1857,54148,33887,1042,0,1781,0,0,0.880584014107595,93
"11052","Karluk Early-Sockeye","Sockeye",1995,689563,238079,NA,NA,NA,NA,NA,NA,NA,NA,0,0,0,0,NA,218,23268,33004,0,NA,13106,231809,245934,1405,0,3463,83559,52470,492,0,835,0,0,1.06345551225061,93
"11053","Karluk Early-Sockeye","Sockeye",1996,609241,250357,NA,NA,NA,NA,NA,NA,NA,NA,0,0,0,0,NA,0,2063,2217,0,NA,5959,253847,215129,61,0,2326,84029,42035,1461,0,0,114,0,0.889326020895368,93
"11054","Karluk Early-Sockeye","Sockeye",1997,481086,252859,NA,NA,NA,NA,NA,NA,NA,NA,0,0,1838,0,NA,0,3930,6691,0,NA,11696,233964,131879,0,0,3274,63748,24066,0,0,0,0,0,0.643214027184423,93
"11055","Karluk Early-Sockeye","Sockeye",1998,854229,252298,NA,NA,NA,NA,NA,NA,NA,NA,0,0,0,0,NA,574,4258,5410,532,NA,19885,531206,168024,0,0,4517,104530,14578,0,715,0,0,0,1.21958837918107,93
"11056","Karluk Early-Sockeye","Sockeye",1999,842682,392419,NA,NA,NA,NA,NA,NA,NA,NA,0,0,0,0,NA,898,15382,33620,76,NA,28948,432204,192314,0,0,10393,80270,48461,116,0,0,0,0,0.76425951613701,93
"11057","Karluk Early-Sockeye","Sockeye",2000,511919,291351,NA,NA,NA,NA,NA,NA,NA,NA,0,0,0,0,NA,939,9611,3393,129,NA,4286,223141,109252,483,0,6013,78082,74506,1561,0,523,0,0,0.563637683517957,93
"11058","Karluk Early-Sockeye","Sockeye",2001,605906,338799,NA,NA,NA,NA,NA,NA,NA,NA,0,0,0,0,NA,0,3223,1102,0,NA,6573,216151,274770,3144,59,5644,51394,42585,771,0,425,65,0,0.581317847346425,93
"11059","Karluk Early-Sockeye","Sockeye",2002,171904,456842,NA,NA,NA,NA,NA,NA,NA,NA,0,0,0,0,NA,78,4894,7592,99,NA,11188,69773,59363,698,0,1251,12086,4882,0,0,0,0,0,-0.977401416612465,93
"11060","Karluk Early-Sockeye","Sockeye",2003,79349,451856,NA,NA,NA,NA,NA,NA,NA,NA,0,0,286,0,NA,0,2237,1150,49,NA,9403,30926,15852,1,0,638,15878,1494,0,621,686,128,0,-1.7395077005042,93
"11061","Karluk Early-Sockeye","Sockeye",2004,71891,393468,NA,NA,NA,NA,NA,NA,NA,NA,0,760,99,0,NA,0,196,946,0,NA,390,17044,5120,0,0,4700,32065,10449,21,0,101,0,0,-1.69984866003721,93
"11062","Karluk Early-Sockeye","Sockeye",2005,54011,283860,NA,NA,NA,NA,NA,NA,NA,NA,0,0,0,0,NA,279,6029,2506,0,NA,1257,14088,7754,0,0,4245,16806,871,0,176,0,0,0,-1.65929342934792,93
"11063","Karluk Early-Sockeye","Sockeye",2006,81807,202366,NA,NA,NA,NA,NA,NA,NA,NA,0,0,23,0,NA,0,15167,4056,0,NA,5207,27614,13395,0,0,6532,8786,1027,0,0,0,0,0,-0.905715124593129,93
"11064","Karluk Early-Sockeye","Sockeye",2007,382001,294740,NA,NA,NA,NA,NA,NA,NA,NA,0,0,20,0,NA,759,3832,10030,21,NA,16049,175426,158348,700,0,1589,9584,5643,0,0,0,0,0,0.259329614619079,93
"11065","Karluk Early-Sockeye","Sockeye",2008,414945,82191,NA,NA,NA,NA,NA,NA,NA,NA,0,0,0,102,NA,338,15219,44996,137,NA,10309,184375,145950,63,0,2182,9675,1599,0,0,0,0,0,1.61910017431065,93
"11066","Karluk Early-Sockeye","Sockeye",2009,267034,52798,NA,NA,NA,NA,NA,NA,NA,NA,0,0,8,0,NA,240,20084,7071,0,NA,22414,186660,27530,0,0,978,2048,1,0,0,0,0,0,1.62090267991015,93
"11067","Karluk Early-Sockeye","Sockeye",2010,396742,71453,NA,NA,NA,NA,NA,NA,NA,NA,0,0,0,0,NA,2288,28315,23538,0,NA,41549,276983,18647,33,0,1242,3700,447,0,0,0,0,0,1.71424630447389,93
"11068","Karluk Early-Sockeye","Sockeye",2011,241488,87049,NA,NA,NA,NA,NA,NA,NA,NA,148,184,0,0,NA,1556,23576,9274,494,NA,28230,129421,46345,49,0,1155,805,251,0,0,0,0,0,1.02034860391963,93
"11069","Karluk Early-Sockeye","Sockeye",2012,412373,188085,NA,NA,NA,NA,NA,NA,NA,NA,0,0,0,280,NA,932,28938,58091,49,NA,23415,266861,29594,0,0,2089,1714,410,0,0,0,0,0,0.785034291271842,93
"11070","Karluk Early-Sockeye","Sockeye",2013,357778,234880,NA,NA,NA,NA,NA,NA,NA,NA,0,0,2883,0,NA,1208,30722,6425,0,NA,21558,187432,96900,0,0,1984,8260,406,0,0,0,0,0,0.420837936893903,93
"11071","Karluk Early-Sockeye","Sockeye",2014,124973,252097,NA,NA,NA,NA,NA,NA,NA,NA,0,362,49,0,NA,605,8380,3382,0,NA,8919,87325,13910,0,0,492,1482,67,0,0,0,0,NA,-0.70171622011246,93
"11072","Karluk Early-Sockeye","Sockeye",2015,234310,260758,NA,NA,NA,NA,NA,NA,NA,NA,80,1165,3042,0,NA,1516,20573,6718,0,NA,22131,137085,36244,0,NA,1819,3715,222,NA,0,0,NA,NA,-0.106947749211564,93
"11073","Chignik Early-Sockeye","Sockeye",1983,602061,426178,NA,NA,NA,NA,NA,NA,NA,NA,0,0,17466,193,NA,0,73043,242100,283,NA,2206,28031,236127,1970,0,0,1,641,0,0,0,0,NA,0.345501669705072,94
"11074","Chignik Early-Sockeye","Sockeye",1984,790222,597713,NA,NA,NA,NA,NA,NA,NA,NA,0,559,1323,0,NA,1778,48740,401078,2321,NA,1190,51277,278456,710,0,0,643,2147,0,0,0,0,NA,0.279203213007127,94
"11075","Chignik Early-Sockeye","Sockeye",1985,913305,376578,NA,NA,NA,NA,NA,NA,NA,NA,191,193,604,876,NA,449,50974,391503,23658,NA,464,62324,367608,1361,0,0,1783,11317,0,0,0,0,NA,0.885944691237331,94
"11076","Chignik Early-Sockeye","Sockeye",1986,2771749,498818,NA,NA,NA,NA,NA,NA,NA,NA,385,441,5048,9,NA,1731,391094,2006912,3408,NA,0,63743,277157,5196,0,9,15578,1038,0,0,0,0,NA,1.71499250810686,94
"11077","Chignik Early-Sockeye","Sockeye",1987,1596380,490454,NA,NA,NA,NA,NA,NA,NA,NA,0,956,1139,1021,NA,2259,186751,893253,10059,NA,1087,95484,393664,5049,0,44,2634,2913,67,0,0,0,NA,1.1801623521553,94
"11078","Chignik Early-Sockeye","Sockeye",1988,1469067,447972,NA,NA,NA,NA,NA,NA,NA,NA,0,0,775,0,NA,1975,94108,538727,3415,NA,2052,119891,705857,489,0,292,1298,188,0,0,0,0,NA,1.18765205393003,94
"11079","Chignik Early-Sockeye","Sockeye",1989,1293615,463544,NA,NA,NA,NA,NA,NA,NA,NA,0,47,5441,282,NA,8258,217894,713505,4811,NA,2753,91351,236100,1080,0,0,984,10919,189,0,0,1,NA,1.02629459336129,94
"11080","Chignik Early-Sockeye","Sockeye",1990,1502684,500770,NA,NA,NA,NA,NA,NA,NA,NA,0,1362,32453,758,NA,574,127729,569663,5396,NA,3094,219793,530005,3985,0,0,1,7871,0,0,0,0,NA,1.09886120763562,94
"11081","Chignik Early-Sockeye","Sockeye",1991,1470777,755846,NA,NA,NA,NA,NA,NA,NA,NA,0,1568,2526,755,NA,529,129796,1168205,1531,NA,336,31026,130140,209,0,0,1227,2929,0,0,0,0,NA,0.66570845983127,94
"11082","Chignik Early-Sockeye","Sockeye",1992,885614,435594,NA,NA,NA,NA,NA,NA,NA,NA,0,2472,114842,535,NA,684,48586,451183,1307,NA,1792,69267,189572,0,0,6,2151,3217,0,0,0,0,NA,0.709570572901634,94
"11083","Chignik Early-Sockeye","Sockeye",1993,797995,432935,NA,NA,NA,NA,NA,NA,NA,NA,0,3262,13224,183,NA,9,53727,211610,643,NA,1579,106230,404776,977,0,0,1383,392,0,0,0,0,NA,0.611514730505426,94
"11084","Chignik Early-Sockeye","Sockeye",1994,1604263,680548,NA,NA,NA,NA,NA,NA,NA,NA,0,338,0,0,NA,796,100592,1043909,7966,NA,737,171623,277779,485,0,0,0,38,0,0,0,0,NA,0.857521384098672,94
"11085","Chignik Early-Sockeye","Sockeye",1995,1623800,446160,NA,NA,NA,NA,NA,NA,NA,NA,0,1919,27999,0,NA,879,428388,1076855,6137,NA,0,12920,66992,817,0,0,0,894,0,0,0,0,NA,1.29184672834705,94
"11086","Chignik Early-Sockeye","Sockeye",1996,1606913,429463,NA,NA,NA,NA,NA,NA,NA,NA,0,7388,56447,650,NA,383,41927,1216247,12172,NA,0,10544,258814,576,0,0,536,1229,0,0,0,0,NA,1.31953463509509,94
"11087","Chignik Early-Sockeye","Sockeye",1997,739057,468840,NA,NA,NA,NA,NA,NA,NA,NA,0,7,7842,16,NA,0,52614,480563,3872,NA,826,37131,155114,57,0,0,14,1001,0,0,0,0,NA,0.455113490377217,94
"11088","Chignik Early-Sockeye","Sockeye",1998,1003163,482890,NA,NA,NA,NA,NA,NA,NA,NA,0,182,2877,0,NA,916,202127,627411,3096,NA,0,41574,123598,0,0,0,1382,0,0,0,0,0,NA,0.731124402776914,94
"11089","Chignik Early-Sockeye","Sockeye",1999,926471,424534,NA,NA,NA,NA,NA,NA,NA,NA,0,1994,19041,0,NA,56,98261,562015,779,NA,334,78024,163607,1469,0,0,0,891,0,0,0,0,NA,0.780390647869374,94
"11090","Chignik Early-Sockeye","Sockeye",2000,1510791,366082,NA,NA,NA,NA,NA,NA,NA,NA,0,1530,14222,0,NA,18,243298,972742,10559,NA,720,42599,216493,5827,0,0,0,2783,0,0,0,0,NA,1.41753128168857,94
"11091","Chignik Early-Sockeye","Sockeye",2001,975851,835060,NA,NA,NA,NA,NA,NA,NA,NA,0,2713,51309,1117,NA,7,68775,594874,13130,NA,0,18997,221082,3567,0,0,146,134,0,0,0,0,NA,0.1558063322676,94
"11092","Chignik Early-Sockeye","Sockeye",2002,391049,393196,NA,NA,NA,NA,NA,NA,NA,NA,0,0,8655,529,NA,0,39895,258918,3945,NA,0,7569,71538,0,0,0,0,0,0,0,0,0,NA,-0.00547534345468348,94
"11093","Chignik Early-Sockeye","Sockeye",2003,716630,365050,NA,NA,NA,NA,NA,NA,NA,NA,0,1704,72596,887,NA,4,56108,493454,3101,NA,0,19327,69163,59,0,0,86,141,0,0,0,0,NA,0.674525337851946,94
"11094","Chignik Early-Sockeye","Sockeye",2004,1091698,362033,NA,NA,NA,NA,NA,NA,NA,NA,0,7092,123626,869,NA,133,45878,732679,2130,NA,0,36012,140464,2426,0,0,0,389,0,0,0,0,NA,1.10375419338749,94
"11095","Chignik Early-Sockeye","Sockeye",2005,1564269,335061,NA,NA,NA,NA,NA,NA,NA,NA,0,386,25393,0,NA,128,128093,882077,2664,NA,357,12945,478930,358,0,0,6424,25975,539,0,0,0,NA,1.54086129639973,94
"11096","Chignik Early-Sockeye","Sockeye",2006,3156222,411786,NA,NA,NA,NA,NA,NA,NA,NA,0,1192,14468,0,NA,1125,205239,2184030,34706,NA,764,114347,587271,4417,0,0,0,8663,0,0,0,0,NA,2.03662722476738,94
"11097","Chignik Early-Sockeye","Sockeye",2007,855898,389781,NA,NA,NA,NA,NA,NA,NA,NA,0,2155,14513,1067,NA,251,38654,313684,1198,NA,976,71379,410848,992,0,0,0,181,0,0,0,0,NA,0.78656616722287,94
"11098","Chignik Early-Sockeye","Sockeye",2008,2347312,440697,NA,NA,NA,NA,NA,NA,NA,NA,0,354,10332,0,NA,30,423187,1840839,4822,NA,1,3871,62680,0,0,0,0,1196,0,0,0,0,NA,1.67266855820558,94
"11099","Chignik Early-Sockeye","Sockeye",2009,294918,446383,NA,NA,NA,NA,NA,NA,NA,NA,0,0,3599,544,NA,238,45188,95228,333,NA,69,38498,104941,4,0,0,1546,3535,1195,0,0,0,NA,-0.414479976306283,94
"11100","Chignik Early-Sockeye","Sockeye",2010,918041,450518,NA,NA,NA,NA,NA,NA,NA,NA,0,0,0,0,NA,1143,171035,352782,858,NA,877,70841,312747,2394,0,0,858,4506,0,0,0,0,NA,0.711844020077455,94
"11101","Chignik Early-Sockeye","Sockeye",2011,1381369,492557,NA,NA,NA,NA,NA,NA,NA,NA,0,0,537,0,NA,2824,200128,776098,6656,NA,792,68683,323775,1511,0,0,73,292,0,0,0,0,NA,1.03122012544533,94
"11102","Chignik Early-Sockeye","Sockeye",2012,727598,360709,NA,NA,NA,NA,NA,NA,NA,NA,0,0,386,0,NA,1699,107712,569061,3057,NA,430,25297,18657,864,0,0,0,435,0,0,0,0,NA,0.701677158795695,94
"11103","Chignik Early-Sockeye","Sockeye",2013,261831,404753,NA,NA,NA,NA,NA,NA,NA,NA,0,0,40025,296,NA,491,37552,57462,1097,NA,53,22330,102155,370,0,0,0,0,0,0,0,0,NA,-0.435577747046447,94
"11104","Chignik Early-Sockeye","Sockeye",2014,232929,353798,NA,NA,NA,NA,NA,NA,NA,NA,0,3832,10722,729,NA,553,50420,123219,1322,NA,0,11075,30904,0,0,0,153,0,0,0,0,0,NA,-0.417992442699687,94
"11105","Chignik Early-Sockeye","Sockeye",2015,373967,421848,NA,NA,NA,NA,NA,NA,NA,NA,0,17911,131267,361,NA,342,44160,89129,245,NA,183,29673,60187,381,NA,0,0,128,NA,0,0,NA,NA,-0.120477501351255,94
"11106","Chignik Late-Sockeye","Sockeye",1983,1213142,428034,NA,NA,NA,NA,NA,NA,NA,NA,0,0,2754,67,NA,0,11219,98450,1,NA,3531,94832,990756,10582,168,0,774,8,0,0,0,0,NA,1.04176633554124,95
"11107","Chignik Late-Sockeye","Sockeye",1984,1711284,268495,NA,NA,NA,NA,NA,NA,NA,NA,0,370,339,0,NA,1505,22986,54207,2247,NA,8673,290887,1316305,7280,0,0,1629,4856,0,0,0,0,NA,1.85216695312085,95
"11108","Chignik Late-Sockeye","Sockeye",1985,562588,369260,NA,NA,NA,NA,NA,NA,NA,NA,122,67,10,531,NA,475,6634,118217,686,NA,13543,140920,277513,2770,0,0,719,381,0,0,0,0,NA,0.421046563319267,95
"11109","Chignik Late-Sockeye","Sockeye",1986,627198,274501,NA,NA,NA,NA,NA,NA,NA,NA,133,1,12885,66,NA,1582,92066,91510,593,NA,920,120805,294513,8855,0,66,2316,585,302,0,0,0,NA,0.826307376325405,95
"11110","Chignik Late-Sockeye","Sockeye",1987,1208486,313289,NA,NA,NA,NA,NA,NA,NA,NA,0,6060,594,84,NA,97,28763,207827,3955,NA,6913,148805,716709,5896,0,203,2945,79544,91,0,0,0,NA,1.34999752824374,95
"11111","Chignik Late-Sockeye","Sockeye",1988,664478,227785,NA,NA,NA,NA,NA,NA,NA,NA,0,0,661,0,NA,1685,27011,180590,3088,NA,2190,75461,356442,8031,0,46,3370,5401,237,0,0,265,NA,1.07059956839489,95
"11112","Chignik Late-Sockeye","Sockeye",1989,1778041,477631,NA,NA,NA,NA,NA,NA,NA,NA,0,488,5869,754,NA,4818,107580,452821,1815,NA,2914,117762,983343,10600,0,377,5833,82894,36,0,137,0,NA,1.31442900758086,95
"11113","Chignik Late-Sockeye","Sockeye",1990,888009,269640,NA,NA,NA,NA,NA,NA,NA,NA,0,264,7331,6,NA,334,30010,207504,2044,NA,2741,120923,500976,1416,0,0,1202,13010,248,0,0,0,NA,1.19189414209071,95
"11114","Chignik Late-Sockeye","Sockeye",1991,838041,284252,NA,NA,NA,NA,NA,NA,NA,NA,0,154,657,125,NA,265,67777,254854,320,NA,1717,99394,401404,4990,0,0,2579,3805,0,0,0,0,NA,1.08120585663387,95
"11115","Chignik Late-Sockeye","Sockeye",1992,995042,331009,NA,NA,NA,NA,NA,NA,NA,NA,0,14,13778,5,NA,1165,18379,122108,1978,NA,10763,178486,564845,1198,0,3296,59607,19420,0,0,0,0,NA,1.10063938198327,95
"11116","Chignik Late-Sockeye","Sockeye",1993,1460665,264442,NA,NA,NA,NA,NA,NA,NA,NA,0,159,1783,2,NA,554,19487,100934,1939,NA,16258,295456,1018154,1262,0,0,4499,178,0,0,0,0,NA,1.70902514486606,95
"11117","Chignik Late-Sockeye","Sockeye",1994,1425974,286361,NA,NA,NA,NA,NA,NA,NA,NA,0,24,0,0,NA,816,41950,469141,5113,NA,7151,290796,605758,2428,0,0,270,1363,0,0,1164,0,NA,1.60535711535922,95
"11118","Chignik Late-Sockeye","Sockeye",1995,1488206,293760,NA,NA,NA,NA,NA,NA,NA,NA,0,35,5613,0,NA,2200,196988,510178,3070,NA,0,42545,688336,12267,0,132,14283,12491,0,68,0,0,NA,1.62256353923908,95
"11119","Chignik Late-Sockeye","Sockeye",1996,1297411,319674,NA,NA,NA,NA,NA,NA,NA,NA,0,950,71946,181,NA,85,57377,525710,7266,NA,268,93661,526242,3095,0,206,3736,6688,0,0,0,0,NA,1.40082429272318,95
"11120","Chignik Late-Sockeye","Sockeye",1997,870783,306778,NA,NA,NA,NA,NA,NA,NA,NA,0,3555,2053,420,NA,132,26606,187487,1693,NA,2107,106317,531344,3892,0,0,2239,2725,213,0,0,0,NA,1.04326844792257,95
"11121","Chignik Late-Sockeye","Sockeye",1998,468110,218238,NA,NA,NA,NA,NA,NA,NA,NA,0,179,2244,0,NA,1442,46062,221804,604,NA,131,35544,158613,404,0,0,256,827,0,0,0,0,NA,0.763117100644242,95
"11122","Chignik Late-Sockeye","Sockeye",1999,366158,291432,NA,NA,NA,NA,NA,NA,NA,NA,0,594,8715,0,NA,83,51382,135312,1925,NA,2501,42008,120981,1934,0,0,106,617,0,0,0,0,NA,0.228258231817768,95
"11123","Chignik Late-Sockeye","Sockeye",2000,1049835,439155,NA,NA,NA,NA,NA,NA,NA,NA,0,159,3393,0,NA,1274,62220,553117,5826,NA,1121,19690,390459,7310,0,0,0,5266,0,0,0,0,NA,0.87153586201655,95
"11124","Chignik Late-Sockeye","Sockeye",2001,746635,301858,NA,NA,NA,NA,NA,NA,NA,NA,0,17,11644,1166,NA,350,15139,272176,13990,NA,1036,41331,382954,6103,0,0,573,156,0,0,0,0,NA,0.905619736446018,95
"11125","Chignik Late-Sockeye","Sockeye",2002,614072,331120,NA,NA,NA,NA,NA,NA,NA,NA,0,0,7861,190,NA,404,28266,280212,3376,NA,0,24251,263721,3563,0,0,272,1956,0,0,0,0,NA,0.617631337675447,95
"11126","Chignik Late-Sockeye","Sockeye",2003,692725,246939,NA,NA,NA,NA,NA,NA,NA,NA,0,923,36498,45,NA,334,44298,224081,3111,NA,266,38120,339252,3127,0,0,216,2454,0,0,0,0,NA,1.03149175247234,95
"11127","Chignik Late-Sockeye","Sockeye",2004,990435,216227,NA,NA,NA,NA,NA,NA,NA,NA,0,4236,35644,221,NA,858,15899,321924,1344,NA,543,140623,452340,7906,0,0,0,8897,0,0,0,0,NA,1.52181545878875,95
"11128","Chignik Late-Sockeye","Sockeye",2005,826447,245396,NA,NA,NA,NA,NA,NA,NA,NA,0,512,11473,0,NA,0,53279,362571,2167,NA,1078,48116,283064,3177,0,0,31696,23754,5560,0,0,0,NA,1.21426255714764,95
"11129","Chignik Late-Sockeye","Sockeye",2006,1407875,323706,NA,NA,NA,NA,NA,NA,NA,NA,0,1718,10795,0,NA,757,60773,249542,4193,NA,2880,173160,855641,12506,0,188,851,34871,0,0,0,0,NA,1.47000105792626,95
"11130","Chignik Late-Sockeye","Sockeye",2007,811206,265192,NA,NA,NA,NA,NA,NA,NA,NA,0,2260,11698,17,NA,1134,13656,62119,1,NA,900,91442,622115,4651,0,0,0,1213,0,0,0,0,NA,1.11806793731508,95
"11131","Chignik Late-Sockeye","Sockeye",2008,888548,265359,NA,NA,NA,NA,NA,NA,NA,NA,0,741,2958,0,NA,2991,188796,301686,1352,NA,652,37622,342358,0,0,0,0,9392,0,0,0,0,NA,1.20850504360461,95
"11132","Chignik Late-Sockeye","Sockeye",2009,1207651,273679,NA,NA,NA,NA,NA,NA,NA,NA,0,0,178,2136,NA,1196,30764,104386,1535,NA,3036,193186,860229,575,0,0,6336,3948,146,0,0,0,NA,1.48447654270794,95
"11133","Chignik Late-Sockeye","Sockeye",2010,1180393,293395,NA,NA,NA,NA,NA,NA,NA,NA,0,0,592,0,NA,3103,62018,582703,924,NA,14992,141842,356406,12310,0,0,1114,4389,0,0,0,0,NA,1.39208288887583,95
"11134","Chignik Late-Sockeye","Sockeye",2011,958392,261259,NA,NA,NA,NA,NA,NA,NA,NA,0,0,753,0,NA,6404,118759,435909,5276,NA,11428,59868,317091,2225,0,0,223,456,0,0,0,0,NA,1.29974462763453,95
"11135","Chignik Late-Sockeye","Sockeye",2012,324331,351682,NA,NA,NA,NA,NA,NA,NA,NA,0,0,1283,0,NA,4416,35951,200028,1986,NA,1708,35511,40610,548,0,0,429,1861,0,0,0,0,NA,-0.0809627589398444,95
"11136","Chignik Late-Sockeye","Sockeye",2013,666510,351349,NA,NA,NA,NA,NA,NA,NA,NA,0,436,8181,1,NA,926,48359,100126,771,NA,4131,113014,389664,901,0,0,0,0,0,0,0,0,NA,0.640275111787783,95
"11137","Chignik Late-Sockeye","Sockeye",2014,398197,297812,NA,NA,NA,NA,NA,NA,NA,NA,0,951,10873,917,NA,2966,73532,228512,286,NA,228,26373,53489,0,0,0,70,0,0,0,0,0,NA,0.290484442760752,95
"11138","Chignik Late-Sockeye","Sockeye",2015,497448,702051,NA,NA,NA,NA,NA,NA,NA,NA,0,11834,73891,99,NA,1448,13682,37609,8,NA,17373,50036,287019,2799,NA,0,954,696,NA,0,0,NA,NA,-0.344515022436895,95
"11139","Bear-Sockeye","Sockeye",1982,280870,104503,NA,NA,NA,NA,NA,NA,NA,NA,NA,0,657,0,NA,0,1324,7344,91,0,1333,70269,197258,1259,NA,0,488,847,0,NA,NA,NA,NA,0.988676149707149,96
"11140","Bear-Sockeye","Sockeye",1983,319246,172143,NA,NA,NA,NA,NA,NA,NA,NA,0,0,147,0,NA,0,5044,16802,488,0,176,134380,160027,89,NA,0,2093,0,0,NA,NA,NA,NA,0.617636438723838,96
"11141","Bear-Sockeye","Sockeye",1984,503626,108151,NA,NA,NA,NA,NA,NA,NA,NA,0,0,429,0,NA,0,2887,23787,185,0,19898,301375,142790,1261,NA,0,11014,0,0,NA,NA,NA,NA,1.53830553034058,96
"11142","Bear-Sockeye","Sockeye",1985,939836,170739,NA,NA,NA,NA,NA,NA,NA,NA,0,0,592,0,NA,1,24407,138603,1058,0,14756,538445,217073,2789,NA,0,38,2074,0,NA,NA,NA,NA,1.70556931725099,96
"11143","Bear-Sockeye","Sockeye",1986,870243,98921,NA,NA,NA,NA,NA,NA,NA,NA,0,0,2512,0,NA,172,62610,77677,1252,0,2269,412258,301036,416,NA,0,5751,4290,0,NA,NA,NA,NA,2.17445093121233,96
"11144","Bear-Sockeye","Sockeye",1987,1088611,83395,NA,NA,NA,NA,NA,NA,NA,NA,0,0,910,57,NA,0,77886,19211,321,0,17721,451063,490594,1909,NA,1000,25598,2341,0,NA,NA,NA,NA,2.56906949514157,96
"11145","Bear-Sockeye","Sockeye",1988,690272,140660,NA,NA,NA,NA,NA,NA,NA,NA,0,0,256,77,NA,2101,15096,18515,109,0,29363,370999,250503,2886,NA,0,224,143,0,NA,NA,NA,NA,1.59074009193243,96
"11146","Bear-Sockeye","Sockeye",1989,1069218,204804,NA,NA,NA,NA,NA,NA,NA,NA,0,0,1932,0,NA,2599,6504,52714,2223,0,40756,638148,322645,439,NA,0,1191,67,0,NA,NA,NA,NA,1.65262939491527,96
"11147","Bear-Sockeye","Sockeye",1990,1188080,262946,NA,NA,NA,NA,NA,NA,NA,NA,0,0,1037,82,NA,0,35887,77905,94,0,11911,795302,250526,751,NA,0,13215,1370,0,NA,NA,NA,NA,1.50814514982053,96
"11148","Bear-Sockeye","Sockeye",1991,376415,173913,NA,NA,NA,NA,NA,NA,NA,NA,0,0,211,90,NA,1123,39738,32615,979,0,15637,192725,91586,0,NA,146,1564,1,0,NA,NA,NA,NA,0.772137083966443,96
"11149","Bear-Sockeye","Sockeye",1992,503964,195830,NA,NA,NA,NA,NA,NA,NA,NA,0,0,741,226,NA,247,7789,44890,0,0,19961,356357,73155,44,NA,0,339,215,0,NA,NA,NA,NA,0.945257901020053,96
"11150","Bear-Sockeye","Sockeye",1993,540820,197988,NA,NA,NA,NA,NA,NA,NA,NA,0,189,7940,1,NA,122,6631,6601,184,0,30910,366291,114578,100,NA,123,5819,1299,32,NA,NA,NA,NA,1.00488008349614,96
"11151","Bear-Sockeye","Sockeye",1994,787727,204441,NA,NA,NA,NA,NA,NA,NA,NA,0,316,312,0,NA,1705,20444,18139,55,32,21371,566411,156901,714,NA,0,1098,229,0,NA,NA,NA,NA,1.34887215783205,96
"11152","Bear-Sockeye","Sockeye",1995,713745,107961,NA,NA,NA,NA,NA,NA,NA,NA,0,24,497,0,NA,1279,30943,47482,860,0,27553,455680,147895,1149,NA,0,32,351,0,NA,NA,NA,NA,1.88875570489495,96
"11153","Bear-Sockeye","Sockeye",1996,503017,119629,NA,NA,NA,NA,NA,NA,NA,NA,0,217,1287,32,NA,1208,37755,15639,301,0,8026,271516,143781,423,NA,0,19931,2901,0,NA,NA,NA,NA,1.4362286797047,96
"11154","Bear-Sockeye","Sockeye",1997,348670,145311,NA,NA,NA,NA,NA,NA,NA,NA,0,0,1095,50,NA,527,5718,2606,196,0,28904,198531,103653,0,NA,201,7179,10,0,NA,NA,NA,NA,0.875249642992753,96
"11155","Bear-Sockeye","Sockeye",1998,226082,193420,NA,NA,NA,NA,NA,NA,NA,NA,0,2749,1549,0,NA,202,13224,13915,0,0,10321,163150,20433,139,NA,0,375,25,0,NA,NA,NA,NA,0.156033775034315,96
"11156","Bear-Sockeye","Sockeye",1999,114120,127890,NA,NA,NA,NA,NA,NA,NA,NA,211,2058,1316,0,NA,347,5837,1592,520,0,27362,42043,32175,579,NA,0,69,11,0,NA,NA,NA,NA,-0.113919993099929,96
"11157","Bear-Sockeye","Sockeye",2000,740756,90947,NA,NA,NA,NA,NA,NA,NA,NA,15,722,225,69,NA,7625,15160,78873,1916,0,7762,491468,134683,1062,NA,0,339,837,0,NA,NA,NA,NA,2.09739436705619,96
"11158","Bear-Sockeye","Sockeye",2001,401742,122505,NA,NA,NA,NA,NA,NA,NA,NA,134,921,3355,106,NA,540,14271,41740,816,0,10434,203429,124321,1670,NA,0,5,0,0,NA,NA,NA,NA,1.18765824605986,96
"11159","Bear-Sockeye","Sockeye",2002,1042167,95520,NA,NA,NA,NA,NA,NA,NA,NA,11,7476,2354,104,NA,6420,137064,150956,1123,0,15417,584702,136306,234,NA,0,0,0,0,NA,NA,NA,NA,2.38972182854137,96
"11160","Bear-Sockeye","Sockeye",2003,903431,139799,NA,NA,NA,NA,NA,NA,NA,NA,221,2665,2046,0,NA,4320,62296,230760,1841,0,17103,436775,145171,0,NA,0,233,0,0,NA,NA,NA,NA,1.86599406074418,96
"11161","Bear-Sockeye","Sockeye",2004,293118,80435,NA,NA,NA,NA,NA,NA,NA,NA,0,0,5012,0,NA,1171,51056,24643,174,0,9458,115873,85731,0,NA,0,0,0,0,NA,NA,NA,NA,1.29312585347611,96
"11162","Bear-Sockeye","Sockeye",2005,457637,221752,NA,NA,NA,NA,NA,NA,NA,NA,0,0,0,0,NA,419,6422,63392,0,0,9871,260270,117166,0,NA,0,27,70,0,NA,NA,NA,NA,0.724516653125479,96
"11163","Bear-Sockeye","Sockeye",2006,150733,182005,NA,NA,NA,NA,NA,NA,NA,NA,0,0,346,0,NA,0,27840,50692,0,0,3337,33869,21657,543,NA,135,10994,1320,0,NA,NA,NA,NA,-0.18852409946447,96
"11164","Bear-Sockeye","Sockeye",2007,118759,224767,NA,NA,NA,NA,NA,NA,NA,NA,0,0,0,0,NA,1753,4504,16311,35,0,2348,56893,33983,625,NA,0,1456,851,0,NA,NA,NA,NA,-0.637968080574197,96
"11165","Bear-Sockeye","Sockeye",2008,320020,195474,NA,NA,NA,NA,NA,NA,NA,NA,0,0,0,0,NA,1366,1394,10494,17,0,8315,224569,71361,0,NA,0,2015,489,0,NA,NA,NA,NA,0.492956115586938,96
"11166","Bear-Sockeye","Sockeye",2009,515207,133263,NA,NA,NA,NA,NA,NA,NA,NA,0,0,0,0,NA,807,12396,9667,0,0,14650,367576,110111,0,NA,0,0,0,0,NA,NA,NA,NA,1.35224414239156,96
"11167","Bear-Sockeye","Sockeye",2010,516947,142966,NA,NA,NA,NA,NA,NA,NA,NA,0,0,159,0,NA,0,7333,2538,0,0,10439,417546,78302,0,NA,0,630,0,0,NA,NA,NA,NA,1.28533351499447,96
"11168","Bear-Sockeye","Sockeye",2011,311446,132549,NA,NA,NA,NA,NA,NA,NA,NA,0,0,0,0,NA,238,8809,9597,0,0,32542,184773,75191,296,NA,0,0,0,0,NA,NA,NA,NA,0.854273580081008,96
"11169","Bear-Sockeye","Sockeye",2012,218617,116442,NA,NA,NA,NA,NA,NA,NA,NA,0,0,0,0,NA,666,7204,8584,0,0,9401,77008,114961,0,NA,0,0,793,0,NA,NA,NA,NA,0.629928045372758,96
"11170","Bear-Sockeye","Sockeye",2013,863517,196926,NA,NA,NA,NA,NA,NA,NA,NA,0,0,0,0,NA,43356,142870,199652,108,0,16982,352759,107790,0,NA,0,0,0,0,NA,NA,NA,NA,1.47818556106009,96
"11171","Bear-Sockeye","Sockeye",2014,421293,208459,NA,NA,NA,NA,NA,NA,NA,NA,0,0,0,0,NA,7319,93514,54500,0,0,8763,186611,70586,0,NA,0,0,0,0,NA,NA,NA,NA,0.703586174392092,96
"11172","Bear-Sockeye","Sockeye",2015,405858,201664,NA,NA,NA,NA,NA,NA,NA,NA,0,0,0,0,NA,12744,87604,69092,0,0,8045,185934,42439,0,NA,0,0,0,0,NA,NA,NA,NA,0.699400398594253,96
"11173","Nelson-Sockeye","Sockeye",1982,337539,179600,NA,NA,NA,NA,NA,NA,NA,NA,NA,314,5608,67,NA,65,11464,45490,123,0,2635,143389,125841,963,NA,0,1572,8,NA,NA,NA,NA,NA,0.630948903324012,97
"11174","Nelson-Sockeye","Sockeye",1983,273580,128800,NA,NA,NA,NA,NA,NA,NA,NA,0,852,5740,244,NA,0,43856,72682,936,0,23711,53532,66102,2964,NA,0,210,2751,NA,NA,NA,NA,NA,0.753333269991045,97
"11175","Nelson-Sockeye","Sockeye",1984,704171,251000,NA,NA,NA,NA,NA,NA,NA,NA,0,624,1912,206,NA,6638,59603,59696,449,0,12678,276557,275013,17,NA,154,10624,0,NA,NA,NA,NA,NA,1.03156828525865,97
"11176","Nelson-Sockeye","Sockeye",1985,547610,314000,NA,NA,NA,NA,NA,NA,NA,NA,0,168,976,171,NA,671,77339,110618,0,0,8037,238924,109028,1632,NA,0,0,46,NA,NA,NA,NA,NA,0.556170368844049,97
"11177","Nelson-Sockeye","Sockeye",1986,554509,117500,NA,NA,NA,NA,NA,NA,NA,NA,40,187,4370,0,NA,353,33650,188884,7801,0,13,175014,140116,1817,NA,0,285,1979,NA,NA,NA,NA,NA,1.55164470391308,97
"11178","Nelson-Sockeye","Sockeye",1987,530288,155700,NA,NA,NA,NA,NA,NA,NA,NA,0,57,1588,143,NA,0,71043,112,2986,0,4221,151270,287652,3054,NA,0,7874,288,NA,NA,NA,NA,NA,1.22548917634636,97
"11179","Nelson-Sockeye","Sockeye",1988,671751,142900,NA,NA,NA,NA,NA,NA,NA,NA,0,574,3441,0,NA,3357,132457,126716,4422,0,9261,257895,129241,1025,NA,0,2311,1051,NA,NA,NA,NA,NA,1.54774265120772,97
"11180","Nelson-Sockeye","Sockeye",1989,632332,206800,NA,NA,NA,NA,NA,NA,NA,NA,0,520,3029,0,NA,394,21813,42705,510,0,8550,422926,129324,104,NA,333,2124,0,NA,NA,NA,NA,NA,1.11766243003789,97
"11181","Nelson-Sockeye","Sockeye",1990,719453,269200,NA,NA,NA,NA,NA,NA,NA,NA,0,274,1836,47,NA,0,39391,104895,770,0,15830,490010,66012,0,NA,0,0,388,NA,NA,NA,NA,NA,0.98303660328213,97
"11182","Nelson-Sockeye","Sockeye",1991,667405,279200,NA,NA,NA,NA,NA,NA,NA,NA,0,43,850,13,NA,57,27591,93773,1059,0,29153,397612,117254,0,NA,0,0,0,NA,NA,NA,NA,NA,0.871468687160058,97
"11183","Nelson-Sockeye","Sockeye",1992,420384,179700,NA,NA,NA,NA,NA,NA,NA,NA,177,372,7022,35,NA,367,101543,88011,270,0,16002,138846,65466,0,NA,0,1950,323,NA,NA,NA,NA,NA,0.849879785497584,97
"11184","Nelson-Sockeye","Sockeye",1993,255474,262200,NA,NA,NA,NA,NA,NA,NA,NA,0,588,6168,0,NA,696,32200,101468,757,0,0,68567,43961,247,NA,0,0,822,NA,NA,NA,NA,NA,-0.0259869281163141,97
"11185","Nelson-Sockeye","Sockeye",1994,486611,333400,NA,NA,NA,NA,NA,NA,NA,NA,0,0,1784,0,NA,66,56338,55711,187,0,25719,278510,64812,396,NA,0,2238,850,NA,NA,NA,NA,NA,0.378122065613636,97
"11186","Nelson-Sockeye","Sockeye",1995,320842,338700,NA,NA,NA,NA,NA,NA,NA,NA,0,408,9053,45,NA,1225,40189,40011,443,0,8048,159412,59776,427,NA,0,0,1805,NA,NA,NA,NA,NA,-0.0541659697077276,97
"11187","Nelson-Sockeye","Sockeye",1996,510952,250500,NA,NA,NA,NA,NA,NA,NA,NA,0,487,4798,1351,NA,369,103080,127901,258,0,373,121449,116142,284,NA,179,29140,5141,NA,NA,NA,NA,NA,0.712816731802964,97
"11188","Nelson-Sockeye","Sockeye",1997,654502,183000,NA,NA,NA,NA,NA,NA,NA,NA,0,28,11403,0,NA,336,40783,36770,781,0,5776,364391,188100,1428,NA,234,3880,592,NA,NA,NA,NA,NA,1.27438848827163,97
"11189","Nelson-Sockeye","Sockeye",1998,535911,159810,NA,NA,NA,NA,NA,NA,NA,NA,0,5419,8105,0,NA,603,49739,88210,989,0,8673,248385,122876,77,NA,1082,1015,738,NA,NA,NA,NA,NA,1.20998249291071,97
"11190","Nelson-Sockeye","Sockeye",1999,1103081,202067,NA,NA,NA,NA,NA,NA,NA,NA,0,23892,13776,591,NA,284,47362,106577,1501,0,104402,677132,117938,446,0,532,6593,2055,NA,NA,NA,NA,NA,1.69726312706579,97
"11191","Nelson-Sockeye","Sockeye",2000,569781,182694,NA,NA,NA,NA,NA,NA,NA,NA,234,10599,15861,0,NA,2296,42510,53774,927,0,2498,363805,75988,258,0,0,433,598,NA,NA,NA,NA,NA,1.13743945435231,97
"11192","Nelson-Sockeye","Sockeye",2001,539933,201962,NA,NA,NA,NA,NA,NA,NA,NA,2152,34953,15722,705,NA,20,38048,60178,672,0,8544,252169,124101,469,0,0,1063,1137,NA,NA,NA,NA,NA,0.983365496893661,97
"11193","Nelson-Sockeye","Sockeye",2002,488245,315689,NA,NA,NA,NA,NA,NA,NA,NA,159,16950,12230,271,NA,191,52044,67350,392,0,4310,238834,94440,238,0,0,836,0,NA,NA,NA,NA,NA,0.436059777297618,97
"11194","Nelson-Sockeye","Sockeye",2003,279660,343511,NA,NA,NA,NA,NA,NA,NA,NA,820,7994,10424,327,NA,784,71839,79730,2072,0,884,73596,30449,0,0,0,497,244,NA,NA,NA,NA,NA,-0.20564455482663,97
"11195","Nelson-Sockeye","Sockeye",2004,429920,480097,NA,NA,NA,NA,NA,NA,NA,NA,0,1166,7016,236,NA,96,65083,144813,0,0,1158,163350,45616,1142,0,0,244,0,NA,NA,NA,NA,NA,-0.110389021952003,97
"11196","Nelson-Sockeye","Sockeye",2005,164387,290000,NA,NA,NA,NA,NA,NA,NA,NA,0,564,1962,0,NA,181,26112,80858,1604,0,572,35531,17003,0,0,0,0,0,NA,NA,NA,NA,NA,-0.567657518910857,97
"11197","Nelson-Sockeye","Sockeye",2006,204881,215000,NA,NA,NA,NA,NA,NA,NA,NA,0,488,2386,273,NA,430,30824,26912,0,0,3136,98009,39325,0,145,147,1618,1188,NA,NA,NA,NA,NA,-0.0482087053424084,97
"11198","Nelson-Sockeye","Sockeye",2007,148625,180000,NA,NA,NA,NA,NA,NA,NA,NA,0,0,0,85,NA,1296,11964,11822,317,145,2859,66603,49128,1292,0,0,2560,554,NA,NA,NA,NA,NA,-0.191530495879265,97
"11199","Nelson-Sockeye","Sockeye",2008,390320,141600,NA,NA,NA,NA,NA,NA,NA,NA,0,0,2034,0,NA,2989,62468,73143,893,0,1716,189559,57108,0,0,0,410,0,NA,NA,NA,NA,NA,1.01396073424796,97
"11200","Nelson-Sockeye","Sockeye",2009,494678,157000,NA,NA,NA,NA,NA,NA,NA,NA,0,0,551,82,NA,34315,144145,98081,0,0,2426,157232,50372,0,0,0,7474,0,NA,NA,NA,NA,NA,1.14766124049967,97
"11201","Nelson-Sockeye","Sockeye",2010,615564,108000,NA,NA,NA,NA,NA,NA,NA,NA,0,1372,4285,0,NA,808,132747,24898,0,0,6293,378437,61935,0,0,662,4127,0,NA,NA,NA,NA,NA,1.74040769359835,97
"11202","Nelson-Sockeye","Sockeye",2011,526115,89000,NA,NA,NA,NA,NA,NA,NA,NA,0,221,254,0,NA,1369,60056,45176,0,0,35843,325695,57501,0,0,0,0,0,NA,NA,NA,NA,NA,1.77688345028796,97
"11203","Nelson-Sockeye","Sockeye",2012,649550,103300,NA,NA,NA,NA,NA,NA,NA,NA,0,0,0,0,NA,8532,116014,45460,0,0,38668,375078,65640,158,0,0,0,0,NA,NA,NA,NA,NA,1.83864243931615,97
"11204","Nelson-Sockeye","Sockeye",2013,573600,248000,NA,NA,NA,NA,NA,NA,NA,NA,0,0,0,0,NA,10170,218766,42944,0,0,31392,241768,28244,0,0,0,316,0,NA,NA,NA,NA,NA,0.838503543120428,97
"11205","Nelson-Sockeye","Sockeye",2014,154668,250000,NA,NA,NA,NA,NA,NA,NA,NA,0,0,0,0,NA,456,31427,21250,0,0,3780,85210,12203,0,0,0,342,0,NA,NA,NA,NA,NA,-0.480180033651604,97
"11206","Nelson-Sockeye","Sockeye",2015,317728,257000,NA,NA,NA,NA,NA,NA,NA,NA,0,171,237,0,NA,575,44140,15651,648,0,16481,189644,50181,0,0,0,0,0,NA,NA,NA,NA,NA,0.212119585955964,97
"11207","Great Central Lake-Sockeye","Sockeye",1977,633742,209810.3604,NA,NA,NA,NA,NA,NA,NA,NA,NA,NA,NA,NA,NA,18325,370181,178731,NA,NA,3174,30889,32442,NA,NA,NA,NA,NA,NA,NA,NA,NA,NA,1.1054378545398,98
"11208","Great Central Lake-Sockeye","Sockeye",1978,526832,84373.10195,NA,NA,NA,NA,NA,NA,NA,NA,NA,NA,NA,NA,NA,29774,111509,312772,NA,NA,2519,53398,16860,NA,NA,NA,NA,NA,NA,NA,NA,NA,NA,1.83163305860743,98
"11209","Great Central Lake-Sockeye","Sockeye",1979,913810,247475.4573,NA,NA,NA,NA,NA,NA,NA,NA,NA,NA,NA,NA,NA,26260,435023,353392,NA,NA,2707,53053,43375,NA,NA,NA,NA,NA,NA,NA,NA,NA,NA,1.30631125771534,98
"11210","Great Central Lake-Sockeye","Sockeye",1980,480599,246041.4109,NA,NA,NA,NA,NA,NA,NA,NA,NA,NA,NA,NA,NA,19788,222607,215218,NA,NA,0,21831,1155,NA,NA,NA,NA,NA,NA,NA,NA,NA,NA,0.669533383810635,98
"11211","Great Central Lake-Sockeye","Sockeye",1981,224123,195123.9818,NA,NA,NA,NA,NA,NA,NA,NA,NA,NA,NA,NA,NA,6232,133929,57187,NA,NA,9372,7276,10127,NA,NA,NA,NA,NA,NA,NA,NA,NA,NA,0.13855984766522,98
"11212","Great Central Lake-Sockeye","Sockeye",1982,137076,155579.2603,NA,NA,NA,NA,NA,NA,NA,NA,NA,NA,NA,NA,NA,14150,64499,11042,NA,NA,2196,38531,6658,NA,NA,NA,NA,NA,NA,NA,NA,NA,NA,-0.12661979776036,98
"11213","Great Central Lake-Sockeye","Sockeye",1983,503092,339203.6871,NA,NA,NA,NA,NA,NA,NA,NA,NA,NA,NA,NA,NA,15809,295809,113319,NA,NA,3425,67411,7319,NA,NA,NA,NA,NA,NA,NA,NA,NA,NA,0.394172282112716,98
"11214","Great Central Lake-Sockeye","Sockeye",1984,206726,131000.4259,NA,NA,NA,NA,NA,NA,NA,NA,NA,NA,NA,NA,NA,14798,150930,29405,NA,NA,1056,7314,3223,NA,NA,NA,NA,NA,NA,NA,NA,NA,NA,0.456193670599924,98
"11215","Great Central Lake-Sockeye","Sockeye",1985,292062,112339.1475,NA,NA,NA,NA,NA,NA,NA,NA,NA,NA,NA,NA,NA,14135,140227,66649,NA,NA,15070,43805,12176,NA,NA,NA,NA,NA,NA,NA,NA,NA,NA,0.955443709991761,98
"11216","Great Central Lake-Sockeye","Sockeye",1986,274312,119819.7732,NA,NA,NA,NA,NA,NA,NA,NA,NA,NA,NA,NA,NA,56852,68115,124947,NA,NA,2054,18868,3476,NA,NA,NA,NA,NA,NA,NA,NA,NA,NA,0.828277420893398,98
"11217","Great Central Lake-Sockeye","Sockeye",1987,1258257,277561.6341,NA,NA,NA,NA,NA,NA,NA,NA,NA,NA,NA,NA,NA,14598,1030482,104832,NA,NA,17155,69930,21260,NA,NA,NA,NA,NA,NA,NA,NA,NA,NA,1.51143969553361,98
"11218","Great Central Lake-Sockeye","Sockeye",1988,599789,195326.5653,NA,NA,NA,NA,NA,NA,NA,NA,NA,NA,NA,NA,NA,37277,144332,318602,NA,NA,6737,66531,26310,NA,NA,NA,NA,NA,NA,NA,NA,NA,NA,1.12190507502644,98
"11219","Great Central Lake-Sockeye","Sockeye",1989,400875,171651.586,NA,NA,NA,NA,NA,NA,NA,NA,NA,NA,NA,NA,NA,37401,239536,95175,NA,NA,8767,14101,5895,NA,NA,NA,NA,NA,NA,NA,NA,NA,NA,0.848182898420291,98
"11220","Great Central Lake-Sockeye","Sockeye",1990,138603,163320.2965,NA,NA,NA,NA,NA,NA,NA,NA,NA,NA,NA,NA,NA,19488,74815,40581,NA,NA,294,2114,1311,NA,NA,NA,NA,NA,NA,NA,NA,NA,NA,-0.164099550360852,98
"11221","Great Central Lake-Sockeye","Sockeye",1991,74102,402976.0583,NA,NA,NA,NA,NA,NA,NA,NA,NA,NA,NA,NA,NA,151,9164,4011,NA,NA,4854,37061,18861,NA,NA,NA,NA,NA,NA,NA,NA,NA,NA,-1.69343462900594,98
"11222","Great Central Lake-Sockeye","Sockeye",1992,290005,149897.5377,NA,NA,NA,NA,NA,NA,NA,NA,NA,NA,NA,NA,NA,19328,141239,81717,NA,NA,2945,23315,21461,NA,NA,NA,NA,NA,NA,NA,NA,NA,NA,0.65994618552175,98
"11223","Great Central Lake-Sockeye","Sockeye",1993,421980,227693.7006,NA,NA,NA,NA,NA,NA,NA,NA,NA,NA,NA,NA,NA,26689,146761,137422,NA,NA,4442,78074,28592,NA,NA,NA,NA,NA,NA,NA,NA,NA,NA,0.616956612210124,98
"11224","Great Central Lake-Sockeye","Sockeye",1994,240203,113120.7706,NA,NA,NA,NA,NA,NA,NA,NA,NA,NA,NA,NA,NA,300,75237,122140,NA,NA,5963,22982,13581,NA,NA,NA,NA,NA,NA,NA,NA,NA,NA,0.753028384800041,98
"11225","Great Central Lake-Sockeye","Sockeye",1995,241683,40940.28609,NA,NA,NA,NA,NA,NA,NA,NA,NA,NA,NA,NA,NA,88466,87799,56656,NA,NA,2805,3056,2901,NA,NA,NA,NA,NA,NA,NA,NA,NA,NA,1.77551238186962,98
"11226","Great Central Lake-Sockeye","Sockeye",1996,261944,157087.4705,NA,NA,NA,NA,NA,NA,NA,NA,NA,NA,NA,NA,NA,5428,14426,6543,NA,NA,13228,146034,76285,NA,NA,NA,NA,NA,NA,NA,NA,NA,NA,0.511327953309516,98
"11227","Great Central Lake-Sockeye","Sockeye",1997,717176,174088.0733,NA,NA,NA,NA,NA,NA,NA,NA,NA,NA,NA,NA,NA,7825,263591,259931,NA,NA,36500,107709,41620,NA,NA,NA,NA,NA,NA,NA,NA,NA,NA,1.41575993815669,98
"11228","Great Central Lake-Sockeye","Sockeye",1998,518419,184541.7669,NA,NA,NA,NA,NA,NA,NA,NA,NA,NA,NA,NA,NA,67123,198279,141187,NA,NA,10703,63351,37776,NA,NA,NA,NA,NA,NA,NA,NA,NA,NA,1.03290797887845,98
"11229","Great Central Lake-Sockeye","Sockeye",1999,569644,203969.221,NA,NA,NA,NA,NA,NA,NA,NA,NA,NA,NA,NA,NA,16541,252463,210359,NA,NA,13790,36028,40463,NA,NA,NA,NA,NA,NA,NA,NA,NA,NA,1.02704249929528,98
"11230","Great Central Lake-Sockeye","Sockeye",2000,213510,52042.75861,NA,NA,NA,NA,NA,NA,NA,NA,NA,NA,NA,NA,NA,15173,130923,50637,NA,NA,2287,10654,3836,NA,NA,NA,NA,NA,NA,NA,NA,NA,NA,1.4116180083241,98
"11231","Great Central Lake-Sockeye","Sockeye",2001,329841,307105.9177,NA,NA,NA,NA,NA,NA,NA,NA,NA,NA,NA,NA,NA,9653,133028,43031,NA,NA,15391,111922,16816,NA,NA,NA,NA,NA,NA,NA,NA,NA,NA,0.0714180232868931,98
"11232","Great Central Lake-Sockeye","Sockeye",2002,97064,259481.6302,NA,NA,NA,NA,NA,NA,NA,NA,NA,NA,NA,NA,NA,7812,37991,49737,NA,NA,0,444,1080,NA,NA,NA,NA,NA,NA,NA,NA,NA,NA,-0.983315356140678,98
"11233","Great Central Lake-Sockeye","Sockeye",2003,17687,223545.6125,NA,NA,NA,NA,NA,NA,NA,NA,NA,NA,NA,NA,NA,754,5617,3143,NA,NA,236,6462,1475,NA,NA,NA,NA,NA,NA,NA,NA,NA,NA,-2.53678556955296,98
"11234","Great Central Lake-Sockeye","Sockeye",2004,189218,213021.382,NA,NA,NA,NA,NA,NA,NA,NA,NA,NA,NA,NA,NA,9774,48903,106084,NA,NA,1588,6364,16505,NA,NA,NA,NA,NA,NA,NA,NA,NA,NA,-0.118492756134497,98
"11235","Great Central Lake-Sockeye","Sockeye",2005,454549,172961.8927,NA,NA,NA,NA,NA,NA,NA,NA,NA,NA,NA,NA,NA,12847,175845,181711,NA,NA,13605,34280,36261,NA,NA,NA,NA,NA,NA,NA,NA,NA,NA,0.966234421763824,98
"11236","Great Central Lake-Sockeye","Sockeye",2006,966913,135492.6206,NA,NA,NA,NA,NA,NA,NA,NA,NA,NA,NA,NA,NA,5509,512912,293168,NA,NA,3109,138726,13489,NA,NA,NA,NA,NA,NA,NA,NA,NA,NA,1.96519134410951,98
"11237","Great Central Lake-Sockeye","Sockeye",2007,645291,67716.87403,NA,NA,NA,NA,NA,NA,NA,NA,NA,NA,NA,NA,NA,92046,283237,231300,NA,NA,3369,22007,13332,NA,NA,NA,NA,NA,NA,NA,NA,NA,NA,2.25436598186217,98
"11238","Great Central Lake-Sockeye","Sockeye",2008,100033,59588.56228,NA,NA,NA,NA,NA,NA,NA,NA,NA,NA,NA,NA,NA,12405,61964,22509,NA,NA,160,2176,819,NA,NA,NA,NA,NA,NA,NA,NA,NA,NA,0.518036483949161,98
"11239","Great Central Lake-Sockeye","Sockeye",2009,147482,203858.4043,NA,NA,NA,NA,NA,NA,NA,NA,NA,NA,NA,NA,NA,1941,52715,58927,NA,NA,21805,8126,3968,NA,NA,NA,NA,NA,NA,NA,NA,NA,NA,-0.323719521844215,98
"11240","Great Central Lake-Sockeye","Sockeye",2010,530210,255339.0849,NA,NA,NA,NA,NA,NA,NA,NA,NA,NA,NA,NA,NA,98776,177027,160962,NA,NA,13073,68315,12057,NA,NA,NA,NA,NA,NA,NA,NA,NA,NA,0.730680747947508,98
"11241","Great Central Lake-Sockeye","Sockeye",2011,1383228,431213.3766,NA,NA,NA,NA,NA,NA,NA,NA,NA,NA,NA,NA,NA,96479,760690,494697,NA,NA,1359,15618,14385,NA,NA,NA,NA,NA,NA,NA,NA,NA,NA,1.16557213616593,98
"11242","Great Central Lake-Sockeye","Sockeye",2012,189975,147440.4759,NA,NA,NA,NA,NA,NA,NA,NA,NA,NA,NA,NA,NA,8568,44238,131445,NA,NA,0,4084,1640,NA,NA,NA,NA,NA,NA,NA,NA,NA,NA,0.253467943445827,98
"11243","Great Central Lake-Sockeye","Sockeye",2013,31703,66687.66638,NA,NA,NA,NA,NA,NA,NA,NA,NA,NA,NA,NA,NA,4353,11561,6723,NA,NA,507,6135,2424,NA,NA,NA,NA,NA,NA,NA,NA,NA,NA,-0.743608710349807,98
"11244","Great Central Lake-Sockeye","Sockeye",2014,86151,66297.57875,NA,NA,NA,NA,NA,NA,NA,NA,NA,NA,NA,NA,NA,12787,37074,31770,NA,NA,1777,2592,151,NA,NA,NA,NA,NA,NA,NA,NA,NA,NA,0.26194819365051,98
"11245","Great Central Lake-Sockeye","Sockeye",2015,140757,417774.43,NA,NA,NA,NA,NA,NA,NA,NA,NA,NA,NA,NA,NA,542,13516,3022,NA,NA,7953,61788,53936,NA,NA,NA,NA,NA,NA,NA,NA,NA,NA,-1.08790664636446,98
"11246","Great Central Lake-Sockeye","Sockeye",2016,292270,220952.45,NA,NA,NA,NA,NA,NA,NA,NA,NA,NA,NA,NA,NA,5427,59482,127906,NA,NA,9145,34408,55902,NA,NA,NA,NA,NA,NA,NA,NA,NA,NA,0.279730512573264,98
"11247","Sproat Lake-Sockeye","Sockeye",1977,495063,209810.3604,NA,NA,NA,NA,NA,NA,NA,NA,NA,NA,NA,NA,NA,17508,241395,171065,NA,NA,3573,42809,18713,NA,NA,NA,NA,NA,NA,NA,NA,NA,NA,0.858480950185716,99
"11248","Sproat Lake-Sockeye","Sockeye",1978,552802,84373.10195,NA,NA,NA,NA,NA,NA,NA,NA,NA,NA,NA,NA,NA,26815,237154,225918,NA,NA,633,40408,21874,NA,NA,NA,NA,NA,NA,NA,NA,NA,NA,1.87975123685966,99
"11249","Sproat Lake-Sockeye","Sockeye",1979,570766,247475.4573,NA,NA,NA,NA,NA,NA,NA,NA,NA,NA,NA,NA,NA,41539,319830,162898,NA,NA,3391,37810,5298,NA,NA,NA,NA,NA,NA,NA,NA,NA,NA,0.835667903638927,99
"11250","Sproat Lake-Sockeye","Sockeye",1980,391378,246041.4109,NA,NA,NA,NA,NA,NA,NA,NA,NA,NA,NA,NA,NA,24821,267489,84027,NA,NA,947,12046,2048,NA,NA,NA,NA,NA,NA,NA,NA,NA,NA,0.464173986142698,99
"11251","Sproat Lake-Sockeye","Sockeye",1981,288013,195123.9818,NA,NA,NA,NA,NA,NA,NA,NA,NA,NA,NA,NA,NA,19031,139898,105467,NA,NA,5989,14905,2723,NA,NA,NA,NA,NA,NA,NA,NA,NA,NA,0.38937045737759,99
"11252","Sproat Lake-Sockeye","Sockeye",1982,203184,155579.2603,NA,NA,NA,NA,NA,NA,NA,NA,NA,NA,NA,NA,NA,39662,98071,33298,NA,NA,2243,23757,6153,NA,NA,NA,NA,NA,NA,NA,NA,NA,NA,0.266956658146507,99
"11253","Sproat Lake-Sockeye","Sockeye",1983,371601,339203.6871,NA,NA,NA,NA,NA,NA,NA,NA,NA,NA,NA,NA,NA,16808,175293,81957,NA,NA,7021,78721,11801,NA,NA,NA,NA,NA,NA,NA,NA,NA,NA,0.0912199241548469,99
"11254","Sproat Lake-Sockeye","Sockeye",1984,340157,131000.4259,NA,NA,NA,NA,NA,NA,NA,NA,NA,NA,NA,NA,NA,81108,218698,31834,NA,NA,2694,4330,1493,NA,NA,NA,NA,NA,NA,NA,NA,NA,NA,0.954206701394672,99
"11255","Sproat Lake-Sockeye","Sockeye",1985,172160,112339.1475,NA,NA,NA,NA,NA,NA,NA,NA,NA,NA,NA,NA,NA,25465,97150,35884,NA,NA,2271,5721,5669,NA,NA,NA,NA,NA,NA,NA,NA,NA,NA,0.426901878468337,99
"11256","Sproat Lake-Sockeye","Sockeye",1986,265697,119819.7732,NA,NA,NA,NA,NA,NA,NA,NA,NA,NA,NA,NA,NA,34004,66339,117814,NA,NA,1048,36815,9677,NA,NA,NA,NA,NA,NA,NA,NA,NA,NA,0.796367837957677,99
"11257","Sproat Lake-Sockeye","Sockeye",1987,652446,277561.6341,NA,NA,NA,NA,NA,NA,NA,NA,NA,NA,NA,NA,NA,19540,323384,169339,NA,NA,19654,83202,37327,NA,NA,NA,NA,NA,NA,NA,NA,NA,NA,0.854685363761755,99
"11258","Sproat Lake-Sockeye","Sockeye",1988,625357,195326.5653,NA,NA,NA,NA,NA,NA,NA,NA,NA,NA,NA,NA,NA,68736,310770,189338,NA,NA,3683,47543,5287,NA,NA,NA,NA,NA,NA,NA,NA,NA,NA,1.16364983498996,99
"11259","Sproat Lake-Sockeye","Sockeye",1989,407469,171651.586,NA,NA,NA,NA,NA,NA,NA,NA,NA,NA,NA,NA,NA,37611,249836,81973,NA,NA,3673,27054,7322,NA,NA,NA,NA,NA,NA,NA,NA,NA,NA,0.864498096574513,99
"11260","Sproat Lake-Sockeye","Sockeye",1990,181985,163320.2965,NA,NA,NA,NA,NA,NA,NA,NA,NA,NA,NA,NA,NA,25780,109484,44556,NA,NA,90,883,1192,NA,NA,NA,NA,NA,NA,NA,NA,NA,NA,0.108210984193812,99
"11261","Sproat Lake-Sockeye","Sockeye",1991,59697,402976.0583,NA,NA,NA,NA,NA,NA,NA,NA,NA,NA,NA,NA,NA,1902,2506,6750,NA,NA,4287,42405,1847,NA,NA,NA,NA,NA,NA,NA,NA,NA,NA,-1.90959538361742,99
"11262","Sproat Lake-Sockeye","Sockeye",1992,320116,149897.5377,NA,NA,NA,NA,NA,NA,NA,NA,NA,NA,NA,NA,NA,55368,190506,54705,NA,NA,7004,8628,3905,NA,NA,NA,NA,NA,NA,NA,NA,NA,NA,0.758731451417072,99
"11263","Sproat Lake-Sockeye","Sockeye",1993,263928,227693.7006,NA,NA,NA,NA,NA,NA,NA,NA,NA,NA,NA,NA,NA,41452,103817,105277,NA,NA,1874,9119,2389,NA,NA,NA,NA,NA,NA,NA,NA,NA,NA,0.147675031338885,99
"11264","Sproat Lake-Sockeye","Sockeye",1994,189097,113120.7706,NA,NA,NA,NA,NA,NA,NA,NA,NA,NA,NA,NA,NA,6707,95109,62630,NA,NA,2191,14608,7852,NA,NA,NA,NA,NA,NA,NA,NA,NA,NA,0.51380409655682,99
"11265","Sproat Lake-Sockeye","Sockeye",1995,386549,40940.28609,NA,NA,NA,NA,NA,NA,NA,NA,NA,NA,NA,NA,NA,133733,138053,106097,NA,NA,990,3585,4091,NA,NA,NA,NA,NA,NA,NA,NA,NA,NA,2.24514407053569,99
"11266","Sproat Lake-Sockeye","Sockeye",1996,145416,157087.4705,NA,NA,NA,NA,NA,NA,NA,NA,NA,NA,NA,NA,NA,6878,56826,28961,NA,NA,4761,46612,1378,NA,NA,NA,NA,NA,NA,NA,NA,NA,NA,-0.0772041868370205,99
"11267","Sproat Lake-Sockeye","Sockeye",1997,326803,174088.0733,NA,NA,NA,NA,NA,NA,NA,NA,NA,NA,NA,NA,NA,15013,192079,80951,NA,NA,1828,31824,5108,NA,NA,NA,NA,NA,NA,NA,NA,NA,NA,0.629796203324948,99
"11268","Sproat Lake-Sockeye","Sockeye",1998,732605,184541.7669,NA,NA,NA,NA,NA,NA,NA,NA,NA,NA,NA,NA,NA,215820,286793,201179,NA,NA,3306,20824,4683,NA,NA,NA,NA,NA,NA,NA,NA,NA,NA,1.37873085860571,99
"11269","Sproat Lake-Sockeye","Sockeye",1999,353960,203969.221,NA,NA,NA,NA,NA,NA,NA,NA,NA,NA,NA,NA,NA,27890,189920,123593,NA,NA,915,10600,1042,NA,NA,NA,NA,NA,NA,NA,NA,NA,NA,0.551214807389061,99
"11270","Sproat Lake-Sockeye","Sockeye",2000,219481,52042.75861,NA,NA,NA,NA,NA,NA,NA,NA,NA,NA,NA,NA,NA,25450,105741,83275,NA,NA,433,2743,1839,NA,NA,NA,NA,NA,NA,NA,NA,NA,NA,1.43920000674901,99
"11271","Sproat Lake-Sockeye","Sockeye",2001,150480,307105.9177,NA,NA,NA,NA,NA,NA,NA,NA,NA,NA,NA,NA,NA,37432,85140,20477,NA,NA,2203,4357,871,NA,NA,NA,NA,NA,NA,NA,NA,NA,NA,-0.713362511887362,99
"11272","Sproat Lake-Sockeye","Sockeye",2002,131771,259481.6302,NA,NA,NA,NA,NA,NA,NA,NA,NA,NA,NA,NA,NA,18473,64183,47148,NA,NA,107,1171,689,NA,NA,NA,NA,NA,NA,NA,NA,NA,NA,-0.677620343381085,99
"11273","Sproat Lake-Sockeye","Sockeye",2003,21883,223545.6125,NA,NA,NA,NA,NA,NA,NA,NA,NA,NA,NA,NA,NA,1742,8340,8280,NA,NA,608,2505,408,NA,NA,NA,NA,NA,NA,NA,NA,NA,NA,-2.32390539633339,99
"11274","Sproat Lake-Sockeye","Sockeye",2004,114009,213021.382,NA,NA,NA,NA,NA,NA,NA,NA,NA,NA,NA,NA,NA,19310,53859,33515,NA,NA,2416,4804,105,NA,NA,NA,NA,NA,NA,NA,NA,NA,NA,-0.625115153000979,99
"11275","Sproat Lake-Sockeye","Sockeye",2005,333893,172961.8927,NA,NA,NA,NA,NA,NA,NA,NA,NA,NA,NA,NA,NA,49096,153053,63251,NA,NA,8662,34719,25112,NA,NA,NA,NA,NA,NA,NA,NA,NA,NA,0.657749285545643,99
"11276","Sproat Lake-Sockeye","Sockeye",2006,885639,135492.6206,NA,NA,NA,NA,NA,NA,NA,NA,NA,NA,NA,NA,NA,40271,628450,172893,NA,NA,960,33777,9288,NA,NA,NA,NA,NA,NA,NA,NA,NA,NA,1.87739224004504,99
"11277","Sproat Lake-Sockeye","Sockeye",2007,811356,67716.87403,NA,NA,NA,NA,NA,NA,NA,NA,NA,NA,NA,NA,NA,170510,407685,198277,NA,NA,9981,19383,5520,NA,NA,NA,NA,NA,NA,NA,NA,NA,NA,2.4833715260595,99
"11278","Sproat Lake-Sockeye","Sockeye",2008,271242,59588.56228,NA,NA,NA,NA,NA,NA,NA,NA,NA,NA,NA,NA,NA,52371,162363,43514,NA,NA,3346,8513,1135,NA,NA,NA,NA,NA,NA,NA,NA,NA,NA,1.51554776373128,99
"11279","Sproat Lake-Sockeye","Sockeye",2009,304274,203858.4043,NA,NA,NA,NA,NA,NA,NA,NA,NA,NA,NA,NA,NA,34858,116478,134280,NA,NA,2810,13472,2376,NA,NA,NA,NA,NA,NA,NA,NA,NA,NA,0.400502954975479,99
"11280","Sproat Lake-Sockeye","Sockeye",2010,1046784,255339.0849,NA,NA,NA,NA,NA,NA,NA,NA,NA,NA,NA,NA,NA,352592,440583,181213,NA,NA,13387,49533,9476,NA,NA,NA,NA,NA,NA,NA,NA,NA,NA,1.41088547932527,99
"11281","Sproat Lake-Sockeye","Sockeye",2011,1456289,431213.3766,NA,NA,NA,NA,NA,NA,NA,NA,NA,NA,NA,NA,NA,225654,807022,399031,NA,NA,1498,14074,9010,NA,NA,NA,NA,NA,NA,NA,NA,NA,NA,1.21704365715803,99
"11282","Sproat Lake-Sockeye","Sockeye",2012,265560,147440.4759,NA,NA,NA,NA,NA,NA,NA,NA,NA,NA,NA,NA,NA,16689,80986,150377,NA,NA,2338,10028,5142,NA,NA,NA,NA,NA,NA,NA,NA,NA,NA,0.588416262740938,99
"11283","Sproat Lake-Sockeye","Sockeye",2013,74647,66687.66638,NA,NA,NA,NA,NA,NA,NA,NA,NA,NA,NA,NA,NA,19663,27503,10064,NA,NA,7142,8207,2068,NA,NA,NA,NA,NA,NA,NA,NA,NA,NA,0.112750311656599,99
"11284","Sproat Lake-Sockeye","Sockeye",2014,420194,66297.57875,NA,NA,NA,NA,NA,NA,NA,NA,NA,NA,NA,NA,NA,150529,188547,72769,NA,NA,3610,4036,703,NA,NA,NA,NA,NA,NA,NA,NA,NA,NA,1.84656313247704,99
"11285","Sproat Lake-Sockeye","Sockeye",2015,103508,417774.43,NA,NA,NA,NA,NA,NA,NA,NA,NA,NA,NA,NA,NA,8505,50543,11837,NA,NA,2413,16148,14062,NA,NA,NA,NA,NA,NA,NA,NA,NA,NA,-1.39529274131341,99
"11286","Sproat Lake-Sockeye","Sockeye",2016,294799,220952.45,NA,NA,NA,NA,NA,NA,NA,NA,NA,NA,NA,NA,NA,37308,135794,103021,NA,NA,2932,9885,5859,NA,NA,NA,NA,NA,NA,NA,NA,NA,NA,0.288346248182341,99
